# freqs 	 pli 	 dpli 	 meanpower(thalamus)	 meanpower(scalp)	pli
8.000000000000000000e+00 -1.368037016257071456e-02 -4.322197128603299382e-02 8.529517456103018387e-05 1.362356966435949014e-04
9.000000000000000000e+00 -8.628286481416908710e-03 -4.398184875546717887e-02 8.287669197748037241e-05 1.242874099520455068e-04
1.000000000000000000e+01 -2.946149043431966694e-02 -1.185248377298121769e-01 8.594366872389590619e-05 1.230945062281135164e-04
1.100000000000000000e+01 -4.095095297422425562e-02 -1.572858443845850385e-01 9.294107050509456392e-05 1.343012828510273770e-04
1.200000000000000000e+01 -1.841977434221157492e-02 -7.465936211489092311e-02 9.619465467172730517e-05 1.443669486219047084e-04
1.300000000000000000e+01 1.416652595350423316e-02 -2.835724037538546027e-03 9.474372220601140872e-05 1.487684581163074447e-04
1.400000000000000000e+01 3.359800778350115202e-02 3.789479210671464759e-02 8.957164106255983440e-05 1.446026967361190171e-04
1.500000000000000000e+01 5.123177516546497529e-02 9.723233387127906691e-02 8.152499197788039970e-05 1.315133411011919554e-04
1.600000000000000000e+01 7.290576999891063004e-02 1.582025873492662327e-01 7.265948814185497768e-05 1.157022003069769491e-04
1.700000000000000000e+01 8.167694354585337824e-02 1.790179203213005110e-01 6.462144237421472363e-05 1.025937985430831919e-04
1.800000000000000000e+01 6.909902521695279742e-02 1.533958633538714811e-01 5.810056976616844571e-05 9.316495807155660989e-05
1.900000000000000000e+01 4.572504850898347073e-02 1.037672784036013096e-01 5.308983558990371273e-05 8.621198856121814664e-05
2.000000000000000000e+01 2.434788964909637837e-02 5.356043861231754577e-02 4.937945583410011010e-05 8.082979528370414760e-05
2.100000000000000000e+01 7.553175396770546619e-03 1.483258114166442765e-02 4.663001403376926973e-05 7.654127982045281727e-05
2.200000000000000000e+01 -4.780754217320609331e-03 -1.006127797149994861e-02 4.439097579165045081e-05 7.295621016029893739e-05
2.300000000000000000e+01 -9.009029898223438332e-03 -2.261720683085558653e-02 4.237143699236031182e-05 6.983775995676399736e-05
2.400000000000000000e+01 -1.021202365670538861e-02 -2.519477294689429631e-02 4.052929708330399309e-05 6.713017781330599283e-05
2.500000000000000000e+01 -8.534030720965537012e-03 -2.183790543465872688e-02 3.894542942253377397e-05 6.482191783728193449e-05
2.600000000000000000e+01 -5.620292024236839788e-03 -1.781611761042244460e-02 3.767273856583168320e-05 6.286599905801738765e-05
2.700000000000000000e+01 -4.881822256109421068e-03 -1.676479634978133779e-02 3.666039888986929405e-05 6.119281257412686071e-05
2.800000000000000000e+01 -5.878342089224680538e-03 -1.894852372438739566e-02 3.582500462999843480e-05 5.975153160884391829e-05
2.900000000000000000e+01 -8.781516570208227485e-03 -2.266933218313589224e-02 3.510647514604857004e-05 5.855861666987454518e-05
3.000000000000000000e+01 -1.238478781912472765e-02 -2.624374481807114495e-02 3.446808877195968197e-05 5.767008246674958354e-05
3.100000000000000000e+01 -1.451567687314164745e-02 -2.885286659502646692e-02 3.388608591951617862e-05 5.709277312441502779e-05
3.200000000000000000e+01 -1.581783615180500785e-02 -3.038942526752276552e-02 3.335253843941533646e-05 5.671609493666526991e-05
3.300000000000000000e+01 -1.659791215432027123e-02 -3.112446651305221870e-02 3.286742284135062668e-05 5.638577139382163855e-05
3.400000000000000000e+01 -1.692539248576099137e-02 -3.162611382081664813e-02 3.243252892721741083e-05 5.599561313377245401e-05
3.500000000000000000e+01 -1.765702668787208149e-02 -3.247063605066713432e-02 3.204554587811907657e-05 5.550695285435606650e-05
3.600000000000000000e+01 -1.805368924346729617e-02 -3.387277742590524138e-02 3.169770773933885976e-05 5.494028142382400876e-05
3.700000000000000000e+01 -1.815962866741537354e-02 -3.545429671816050649e-02 3.138034240306172227e-05 5.432729300276848815e-05
3.800000000000000000e+01 -1.800890513077754371e-02 -3.644923224316298088e-02 3.108250930647841163e-05 5.369276837435491288e-05
3.900000000000000000e+01 -1.783278627130171351e-02 -3.617668169727868838e-02 3.079364873375087003e-05 5.304408838569053998e-05
4.000000000000000000e+01 -1.667242763131458055e-02 -3.439280849539413237e-02 3.050621951794721471e-05 5.238695776999018538e-05
4.100000000000000000e+01 -1.511886541639028900e-02 -3.130415689002293694e-02 3.020734685223638291e-05 5.171488227043739215e-05
4.200000000000000000e+01 -1.340864495917537189e-02 -2.742686207280634406e-02 2.986848887968733885e-05 5.098654204194827541e-05
4.300000000000000000e+01 -1.095009149965594890e-02 -2.336045337620375195e-02 2.943922327609176191e-05 5.011967021622931566e-05
4.400000000000000000e+01 -9.368648701347433508e-03 -1.956437228627328634e-02 2.886149734399442169e-05 4.902356522693994742e-05
4.500000000000000000e+01 -7.490814206538558978e-03 -1.628077428093988380e-02 2.810224427539480952e-05 4.763209472724620291e-05
4.600000000000000000e+01 -5.819936422222402386e-03 -1.355296604245186110e-02 2.718691143895485420e-05 4.597623737083505948e-05
4.700000000000000000e+01 -4.703827232463987131e-03 -1.133631582123860101e-02 2.621786320239208930e-05 4.421179029762570218e-05
