# freqs 	 pli 	 dpli 	 meanpower(thalamus)	 meanpower(scalp)	pli
8.000000000000000000e+00 1.808865359063816652e-02 6.622649971596961116e-02 1.171702420890239488e-04 1.500650394936153625e-04
9.000000000000000000e+00 3.520787275299910868e-02 9.843734743187530778e-02 1.026724417712490537e-04 1.377001453036018732e-04
1.000000000000000000e+01 2.946735817373096269e-02 7.308906795021070935e-02 9.595656738674624331e-05 1.329809109497656161e-04
1.100000000000000000e+01 3.901851227576907423e-03 3.125639092055081808e-02 9.315455060764982935e-05 1.311009397992884821e-04
1.200000000000000000e+01 -2.020674337435914361e-03 -4.545880866911070246e-03 9.257053667208147948e-05 1.325339973273175734e-04
1.300000000000000000e+01 7.129895552031091654e-03 -3.512508564609432421e-02 9.372317797805468137e-05 1.405441865477308097e-04
1.400000000000000000e+01 -3.004031131605569647e-03 -6.545525437706037342e-02 9.516379341533520535e-05 1.496564044597060614e-04
1.500000000000000000e+01 -3.066511528506636955e-02 -1.094821113221237652e-01 9.480426552866449475e-05 1.511152476614494868e-04
1.600000000000000000e+01 -6.165461321646289322e-02 -1.570596444446973605e-01 9.229979192547249655e-05 1.460762261271356002e-04
1.700000000000000000e+01 -8.128922828001426681e-02 -1.848358001031462361e-01 8.883830050099059236e-05 1.411652885431265202e-04
1.800000000000000000e+01 -8.792803112781527597e-02 -1.910935792765018071e-01 8.602807127589157143e-05 1.407872170766052186e-04
1.900000000000000000e+01 -8.390192111930708241e-02 -1.803133904202811888e-01 8.449271803535136818e-05 1.457464536969935588e-04
2.000000000000000000e+01 -7.405276470664680366e-02 -1.565203901313773349e-01 8.387867310121751652e-05 1.540847526766248000e-04
2.100000000000000000e+01 -6.108586067267168102e-02 -1.242570151043186077e-01 8.366860644195731967e-05 1.622131646676652729e-04
2.200000000000000000e+01 -4.979800458737245611e-02 -9.493384447835410966e-02 8.343784645245055172e-05 1.664657398658262377e-04
2.300000000000000000e+01 -4.877726652028612636e-02 -8.634765156998946978e-02 8.368657648904929893e-05 1.647128817123148044e-04
2.400000000000000000e+01 -6.409960258906388653e-02 -1.176031182900280636e-01 8.618116633309942784e-05 1.573986602873409977e-04
2.500000000000000000e+01 -9.139824209685665224e-02 -1.864745037136089079e-01 9.174155780198736752e-05 1.472751408454720196e-04
2.600000000000000000e+01 -1.253398454931983763e-01 -2.589740271611722933e-01 9.787975315749226706e-05 1.370317265807500975e-04
2.700000000000000000e+01 -1.449414190292834248e-01 -2.987544907317841170e-01 1.008745497778719603e-04 1.281098237125979705e-04
2.800000000000000000e+01 -1.444697490142197172e-01 -2.937528121158737848e-01 9.893752847717021974e-05 1.204885933914393812e-04
2.900000000000000000e+01 -1.236553576384152586e-01 -2.525964715934164162e-01 9.289762208580934011e-05 1.131581466414283057e-04
3.000000000000000000e+01 -9.296780762167665413e-02 -1.941444086595455754e-01 8.495291322030309837e-05 1.054214112319560594e-04
3.100000000000000000e+01 -6.454357631584514698e-02 -1.355292588821429556e-01 7.720776145902501935e-05 9.745698542864990441e-05
3.200000000000000000e+01 -4.101510415014631566e-02 -8.790609042850543176e-02 7.086932621138864624e-05 8.992920917414801304e-05
3.300000000000000000e+01 -2.405363470751912397e-02 -5.491406969600537424e-02 6.620286652900427265e-05 8.350963400562236467e-05
3.400000000000000000e+01 -1.336470510883258633e-02 -3.454195181009705323e-02 6.296867303919484894e-05 7.846696940213494418e-05
3.500000000000000000e+01 -4.761178086372653412e-03 -2.225461896461917652e-02 6.074968942040795964e-05 7.466496715354453608e-05
3.600000000000000000e+01 -1.319155927986292000e-03 -1.412503955872658826e-02 5.914322884355306800e-05 7.178583460133196510e-05
3.700000000000000000e+01 -1.154617884843293397e-03 -8.020484176443406360e-03 5.789219100644430442e-05 6.951148750228022214e-05
3.800000000000000000e+01 -1.186996523460775218e-03 -3.296590798472914374e-03 5.684738773864137835e-05 6.760240093416405025e-05
3.900000000000000000e+01 -3.940221215276800662e-04 2.674383102626895939e-05 5.591192598912568285e-05 6.592546899560235347e-05
4.000000000000000000e+01 -1.946264344906180614e-04 1.746287518830327672e-03 5.503910204147461428e-05 6.445775088352156262e-05
4.100000000000000000e+01 -4.074608950073146420e-03 1.800578072762057825e-03 5.419221280275122906e-05 6.314567282791169105e-05
4.200000000000000000e+01 -5.100426363766345957e-03 3.653509531109313418e-04 5.330093152455483399e-05 6.190174275233529275e-05
4.300000000000000000e+01 -5.916119550618684393e-03 -2.205790961802317485e-03 5.227840010335059370e-05 6.058421080494119919e-05
4.400000000000000000e+01 -7.278811767959167227e-03 -5.395176633942889294e-03 5.102376017098469470e-05 5.904484444545345594e-05
4.500000000000000000e+01 -8.005998055318002196e-03 -8.736223484194640537e-03 4.947007946051908264e-05 5.716913151089339669e-05
4.600000000000000000e+01 -8.934344049548832364e-03 -1.188165867708660013e-02 4.764326339775080591e-05 5.495285446110558116e-05
4.700000000000000000e+01 -9.965361294115166954e-03 -1.461775392284043323e-02 4.569548843051502270e-05 5.254041508154025380e-05
