# freqs 	 pli 	 dpli 	 meanpower(thalamus)	 meanpower(scalp)	pli
8.000000000000000000e+00 -1.173719046444466896e-01 -2.267591660139922083e-01 7.019159046150983272e+01 1.170348525318556057e+02
9.000000000000000000e+00 -9.209828149763639449e-02 -1.704363651813219360e-01 6.624149831165237856e+01 1.186328788013954494e+02
1.000000000000000000e+01 -4.264653144719942474e-02 -8.777969998157936216e-02 6.209257690942387597e+01 9.951708817572929888e+01
1.100000000000000000e+01 -1.728534845261399042e-02 -4.571249678916016607e-02 5.952447439387820793e+01 7.270770335117215666e+01
1.200000000000000000e+01 -4.196263265052515082e-03 -6.674611467178400565e-03 5.806689799704987109e+01 5.706948305971992852e+01
1.300000000000000000e+01 6.011099089181837045e-03 1.467419945953508421e-02 5.704597556658234936e+01 5.182166721574013479e+01
1.400000000000000000e+01 7.402076482648239572e-03 1.573360982710908171e-02 5.639242438991311701e+01 4.995984616061862482e+01
1.500000000000000000e+01 -2.419179793679856680e-03 4.205104385583415764e-04 5.597067061030764989e+01 4.864092465188283398e+01
1.600000000000000000e+01 -1.203671714514049050e-02 -2.182353016661300188e-02 5.578724206619421011e+01 4.752826103297672944e+01
1.700000000000000000e+01 -2.095392788430540040e-02 -3.934064936015237851e-02 5.595357666827592880e+01 4.673430188973561172e+01
1.800000000000000000e+01 -2.258553960449204492e-02 -4.507298042215047290e-02 5.673558255896222136e+01 4.593670998016124685e+01
1.900000000000000000e+01 -1.962027351851012083e-02 -4.134339346447152980e-02 5.838100889607803623e+01 4.479513670804918490e+01
2.000000000000000000e+01 -1.975688926935208201e-02 -3.694945382511648224e-02 6.092379910844921653e+01 4.328485872482543328e+01
2.100000000000000000e+01 -2.273854322349899010e-02 -3.984448230681978537e-02 6.494170300761064141e+01 4.171778532876148660e+01
2.200000000000000000e+01 -3.508225371623439198e-02 -6.758753668691440397e-02 7.552232694572920479e+01 4.043181771789045342e+01
2.300000000000000000e+01 -7.089418478622372399e-02 -1.329416839142448514e-01 1.047258004160291307e+02 3.968812422587842548e+01
2.400000000000000000e+01 -1.176443948994594785e-01 -2.056086378078962329e-01 1.564646612642686421e+02 3.958594139733905592e+01
2.500000000000000000e+01 -1.502959772545166828e-01 -2.527926534991691843e-01 2.149402857666502200e+02 3.982431430014575824e+01
2.600000000000000000e+01 -1.594927699378163588e-01 -2.635644539436044487e-01 2.589707450048666715e+02 3.978162739406884896e+01
2.700000000000000000e+01 -1.476662100182367376e-01 -2.426039872612265613e-01 2.776313883304690080e+02 3.908853897123696441e+01
2.800000000000000000e+01 -1.205388585234285215e-01 -2.004283269111552801e-01 2.725452285302988003e+02 3.787851086989974903e+01
2.900000000000000000e+01 -8.825018996160226281e-02 -1.495460156641994776e-01 2.511918373597743823e+02 3.652001873114391373e+01
3.000000000000000000e+01 -5.923350898199047920e-02 -1.013755553880925919e-01 2.209282382466682009e+02 3.531915171638816986e+01
3.100000000000000000e+01 -3.760676969778945639e-02 -6.291541952283147277e-02 1.873628749847150345e+02 3.441350137900553818e+01
3.200000000000000000e+01 -2.201167124627612104e-02 -3.593759666228355659e-02 1.549240047387337427e+02 3.378202889861595537e+01
3.300000000000000000e+01 -1.108308643056265565e-02 -1.898141861446936418e-02 1.268481811124222958e+02 3.334854606801471988e+01
3.400000000000000000e+01 -5.048396565119466980e-03 -9.438779013450571825e-03 1.048325337164423843e+02 3.303868707033998220e+01
3.500000000000000000e+01 -2.579124784194486170e-03 -4.760364541695538687e-03 8.905921422564058787e+01 3.280377528477490756e+01
3.600000000000000000e+01 -7.393610436247962780e-04 -2.894018740011994762e-03 7.860782037098942965e+01 3.261165276803577484e+01
3.700000000000000000e+01 -3.608312256306607361e-04 -2.386969465050117409e-03 7.209080708334889209e+01 3.244578311641407709e+01
3.800000000000000000e+01 -6.120867347849124609e-04 -2.383696061052183960e-03 6.813893694945386414e+01 3.229783914407713752e+01
3.900000000000000000e+01 -9.504549048181991974e-04 -2.522852552668701075e-03 6.564938257810622702e+01 3.216407362568526906e+01
4.000000000000000000e+01 -1.590624624032071143e-03 -2.649245056621011857e-03 6.384773493434302338e+01 3.203458476177883085e+01
4.100000000000000000e+01 -1.210339759661104801e-03 -2.742230443830808058e-03 6.224950250682354636e+01 3.189135342302372678e+01
4.200000000000000000e+01 -7.528691867826069369e-04 -2.773297735105029020e-03 6.057885099520500205e+01 3.169705945815216097e+01
4.300000000000000000e+01 -7.405397016357065853e-04 -2.738846060613024658e-03 5.869544612680494566e+01 3.139587967907674226e+01
4.400000000000000000e+01 -1.237305388263415301e-03 -2.572108690222540614e-03 5.654061545770904473e+01 3.091812446086887789e+01
4.500000000000000000e+01 -1.081129234032455425e-03 -2.300962829845794658e-03 5.414442727180851733e+01 3.022112030694080076e+01
4.600000000000000000e+01 -7.687738593582347938e-04 -1.924489710191949017e-03 5.165424951252288821e+01 2.932734287918840366e+01
4.700000000000000000e+01 -1.917813209279032292e-04 -1.438681512389689736e-03 4.934563615119928670e+01 2.834153964860065145e+01
