# freqs 	 pli 	 dpli 	 meanpower(thalamus)	 meanpower(scalp)	pli
8.000000000000000000e+00 5.520258354137559664e-02 1.236507018835800997e-01 8.970055766957493227e-05 4.366272632690731330e-04
9.000000000000000000e+00 3.991537376586742208e-02 8.816109088568530039e-02 7.929459502771445492e-05 2.886721420968764375e-04
1.000000000000000000e+01 2.351424253606761855e-02 3.952209016676651310e-02 7.197437945521815462e-05 2.165282378061944525e-04
1.100000000000000000e+01 7.888895360501161844e-03 9.803385193718162569e-03 6.602623105745576910e-05 1.950917956615547285e-04
1.200000000000000000e+01 1.816090562382710952e-04 -4.839312919827775707e-03 6.220595718040755802e-05 1.904428256971413605e-04
1.300000000000000000e+01 2.504503390510761577e-04 -8.239270479169037709e-03 6.018914789927126279e-05 1.916706752714581483e-04
1.400000000000000000e+01 2.597276274657309733e-04 4.448177529181109350e-05 5.935358459383994231e-05 1.921600312557126210e-04
1.500000000000000000e+01 7.579280296124529500e-04 8.760890349832009191e-03 5.978205472691694542e-05 1.886502874235609494e-04
1.600000000000000000e+01 3.390758005674908687e-03 1.655919621144413736e-03 6.198265240083721461e-05 1.823718349041967147e-04
1.700000000000000000e+01 -7.528616270443957233e-05 -2.162019533486443310e-02 6.570375619687118449e-05 1.750981018205385149e-04
1.800000000000000000e+01 -1.066489565607877180e-02 -5.014233110291881068e-02 6.912816601677398347e-05 1.683807805123224276e-04
1.900000000000000000e+01 -1.994780254233020217e-02 -7.026225967203585110e-02 7.026320262011278737e-05 1.628493085228676393e-04
2.000000000000000000e+01 -2.292422667268197850e-02 -7.323027376095941898e-02 6.875722030924502832e-05 1.581666949705328666e-04
2.100000000000000000e+01 -1.936734256608036928e-02 -5.975471367756805818e-02 6.579498499457898410e-05 1.527625250387409711e-04
2.200000000000000000e+01 -1.080947560627121967e-02 -3.940758959180697824e-02 6.274944530626323661e-05 1.458373529042047262e-04
2.300000000000000000e+01 -3.295656303797663347e-03 -2.094362440685103299e-02 6.032365728020684274e-05 1.375107125541946067e-04
2.400000000000000000e+01 -6.571623995815619379e-04 -7.652421319999878555e-03 5.860829711035634251e-05 1.284155230887634356e-04
2.500000000000000000e+01 -1.696415049230326575e-03 3.565603147028700067e-04 5.746256957490515057e-05 1.191534212966862061e-04
2.600000000000000000e+01 -1.859691936337811227e-04 4.622193167616150261e-03 5.670886111838249202e-05 1.100653600589640189e-04
2.700000000000000000e+01 4.267256259868737293e-03 6.882200635158878393e-03 5.623778006430431964e-05 1.014927428302542814e-04
2.800000000000000000e+01 4.598675168187502105e-03 8.505742961055242496e-03 5.596602917218081733e-05 9.367340965873511205e-05
2.900000000000000000e+01 6.506350100392775844e-03 9.920307112311291947e-03 5.578779674882488834e-05 8.687410462346925296e-05
3.000000000000000000e+01 7.386464963543859855e-03 1.133630184003338835e-02 5.564045789146670259e-05 8.112814203743256951e-05
3.100000000000000000e+01 9.919291851080447656e-03 1.270357013375168938e-02 5.550551149803937000e-05 7.641662334723582964e-05
3.200000000000000000e+01 8.824106755950947636e-03 1.362939309437772445e-02 5.537378113315917955e-05 7.258337742853721475e-05
3.300000000000000000e+01 7.296653259747735640e-03 1.388521384553259401e-02 5.524073746533384892e-05 6.946989914291135245e-05
3.400000000000000000e+01 5.829337317695203885e-03 1.369040969674974011e-02 5.510803093498580288e-05 6.694716243005041569e-05
3.500000000000000000e+01 5.779073236785935500e-03 1.351051651209134001e-02 5.497145569274459217e-05 6.485667746808494412e-05
3.600000000000000000e+01 7.222015605562894132e-03 1.357420074621127140e-02 5.482158064604368645e-05 6.306664231639519001e-05
3.700000000000000000e+01 8.301068664334105077e-03 1.375958876606971602e-02 5.464665072391535616e-05 6.149454739572883348e-05
3.800000000000000000e+01 9.638946695068786180e-03 1.388838684575412208e-02 5.443789818217187456e-05 6.011696794902419489e-05
3.900000000000000000e+01 7.742479045917403588e-03 1.368895538705278310e-02 5.418841581887150612e-05 5.886536927656628183e-05
4.000000000000000000e+01 4.591614438448905593e-03 1.325090295439196840e-02 5.388585955333878049e-05 5.772493653494748509e-05
4.100000000000000000e+01 3.389885651231285078e-03 1.268716202946263728e-02 5.351355503096856027e-05 5.663029336926639156e-05
4.200000000000000000e+01 5.339358519621827115e-03 1.210515820352034422e-02 5.302894122295308022e-05 5.549844385545709790e-05
4.300000000000000000e+01 6.237366132851029921e-03 1.153440296610991518e-02 5.235120635972715850e-05 5.420707677400146750e-05
4.400000000000000000e+01 6.421355707486964097e-03 1.087821070174909387e-02 5.138665666769661779e-05 5.267923919913407343e-05
4.500000000000000000e+01 5.751829638164152568e-03 1.003741370658288792e-02 5.008328881663345238e-05 5.083628742822267430e-05
4.600000000000000000e+01 4.353084083538395939e-03 8.799261143487439873e-03 4.849369721574275910e-05 4.871434614835017162e-05
4.700000000000000000e+01 2.904783293165231432e-03 6.971357587188733475e-03 4.680588966678488001e-05 4.646933949247179188e-05
