# freqs 	 pli 	 dpli 	 meanpower(thalamus)	 meanpower(scalp)	pli
8.000000000000000000e+00 -5.326472551316991516e-02 -1.229582309161903475e-01 1.839578634758381475e-05 2.366034944380017153e-04
9.000000000000000000e+00 -6.438247420040460467e-02 -1.402080569406685129e-01 1.833733267248179711e-05 2.359195914068209924e-04
1.000000000000000000e+01 -4.796071458450656272e-02 -6.162489464018473806e-02 1.804596440090504552e-05 2.252278284628960402e-04
1.100000000000000000e+01 -2.347513081219707379e-02 3.618428178323793154e-02 1.812468305779603916e-05 2.231247075846841236e-04
1.200000000000000000e+01 -1.406352378531632898e-02 2.092024509217490016e-02 1.865473170044904487e-05 2.408563462022969592e-04
1.300000000000000000e+01 -3.362700270021579813e-02 -5.343478142157147281e-02 1.959497735596338872e-05 2.698790332448648644e-04
1.400000000000000000e+01 -7.332413672073419264e-02 -1.395401689042941873e-01 2.091376507698647610e-05 2.996137396633452815e-04
1.500000000000000000e+01 -1.057848220860763133e-01 -2.038372893525995100e-01 2.241840384562935291e-05 3.228523276824760342e-04
1.600000000000000000e+01 -1.189721991442890120e-01 -2.241563037082162924e-01 2.383494179035423557e-05 3.373716490687628136e-04
1.700000000000000000e+01 -1.064319906931843474e-01 -2.016810005452423227e-01 2.505247679375337762e-05 3.435925779563754525e-04
1.800000000000000000e+01 -8.007132971798500143e-02 -1.468461022452114406e-01 2.617245744739416936e-05 3.428746479960997689e-04
1.900000000000000000e+01 -4.718548809475282824e-02 -7.700923718463778544e-02 2.732324138938821688e-05 3.365133885869042263e-04
2.000000000000000000e+01 -1.734957292514774721e-02 -1.859341890990267449e-02 2.854830688914688887e-05 3.249900983644646215e-04
2.100000000000000000e+01 -6.759721136880599522e-03 3.282905612280242590e-03 2.967209047892987661e-05 3.086652787026782454e-04
2.200000000000000000e+01 -1.460784838398273416e-02 -1.344313632368884445e-02 3.026970402162975897e-05 2.873459750669871073e-04
2.300000000000000000e+01 -2.842180688315328399e-02 -4.641697083966837833e-02 3.003923946486439914e-05 2.608344695380123562e-04
2.400000000000000000e+01 -3.706206735351916942e-02 -7.161043337252724628e-02 2.915856663217042546e-05 2.310454412642078798e-04
2.500000000000000000e+01 -3.876582894391739781e-02 -7.985596992476420852e-02 2.819445783785177236e-05 2.018881526171676310e-04
2.600000000000000000e+01 -3.696807106751614364e-02 -7.686355901486408015e-02 2.768508435946344558e-05 1.769231744970802510e-04
2.700000000000000000e+01 -3.642064544562722411e-02 -7.354469614082970175e-02 2.782244747937614337e-05 1.578907479645772589e-04
2.800000000000000000e+01 -3.748970527755840498e-02 -7.638308656541718811e-02 2.842865860739450190e-05 1.444822737386071432e-04
2.900000000000000000e+01 -4.179263799048237721e-02 -8.510822715311969211e-02 2.915277848785396866e-05 1.355000488676030661e-04
3.000000000000000000e+01 -4.665362219141146183e-02 -9.616429646770470463e-02 2.967780387365440730e-05 1.294905977316525400e-04
3.100000000000000000e+01 -5.111684707514831810e-02 -1.061893954186246963e-01 2.983000941798828799e-05 1.253320134548765617e-04
3.200000000000000000e+01 -5.514434720271166324e-02 -1.132780116500095025e-01 2.957278458547212631e-05 1.222317695742742227e-04
3.300000000000000000e+01 -5.800731438151175701e-02 -1.165940199525955928e-01 2.895980951646426671e-05 1.196993025762820300e-04
3.400000000000000000e+01 -5.784592630056179657e-02 -1.162079102039479811e-01 2.809358629568908480e-05 1.175862692124072042e-04
3.500000000000000000e+01 -5.570483375316484520e-02 -1.124234407779436118e-01 2.709435621853355065e-05 1.157323896109485476e-04
3.600000000000000000e+01 -5.194409544589673883e-02 -1.061122489588681161e-01 2.607541842359050124e-05 1.141156339203018588e-04
3.700000000000000000e+01 -4.761722783542013393e-02 -9.829872779167313224e-02 2.512328647606409599e-05 1.126525653505594765e-04
3.800000000000000000e+01 -4.414217234393640055e-02 -8.983188598313945894e-02 2.428858679130706119e-05 1.112807167226846248e-04
3.900000000000000000e+01 -4.051765879637098111e-02 -8.131942094039640301e-02 2.358776988718845494e-05 1.097826969272246167e-04
4.000000000000000000e+01 -3.710962307383566111e-02 -7.321449618985001462e-02 2.301049302166165825e-05 1.081082445355009138e-04
4.100000000000000000e+01 -3.410245942455045892e-02 -6.581775161996589185e-02 2.252516657114532703e-05 1.062195241975991128e-04
4.200000000000000000e+01 -3.143116831606580092e-02 -5.929678279085692783e-02 2.208207474479900338e-05 1.040929620225899320e-04
4.300000000000000000e+01 -2.954509345626062100e-02 -5.372965636606590045e-02 2.161980597559025772e-05 1.015792769613322569e-04
4.400000000000000000e+01 -2.819599092844264979e-02 -4.905886198572988188e-02 2.107696682924414605e-05 9.867507013775859710e-05
4.500000000000000000e+01 -2.676203297875337506e-02 -4.513516976129711145e-02 2.041713140243037736e-05 9.524858531689010994e-05
4.600000000000000000e+01 -2.529915482129248966e-02 -4.173958393315404386e-02 1.964973858967875397e-05 9.137524671049359910e-05
4.700000000000000000e+01 -2.418004562112192543e-02 -3.861731566014734579e-02 1.884244511873500583e-05 8.734791792553017135e-05
