# freqs 	 pli 	 dpli 	 meanpower(thalamus)	 meanpower(scalp)	pli
8.000000000000000000e+00 1.112418269269245183e-02 2.021068424006181724e-03 1.029161254808142855e-04 6.930862000633454317e-04
9.000000000000000000e+00 5.234404370535678669e-02 1.140103561046658109e-01 8.675116890400640557e-05 5.115942011583783471e-04
1.000000000000000000e+01 6.175741584712560878e-02 1.306236274046241597e-01 8.395281595916305494e-05 3.844534174916642731e-04
1.100000000000000000e+01 5.359069655916556818e-02 1.076556899625746022e-01 7.984951934274743730e-05 3.163113472868745520e-04
1.200000000000000000e+01 6.631189523056148227e-02 1.200634045646133130e-01 7.392933508249574341e-05 2.832039628963066804e-04
1.300000000000000000e+01 4.503878384099823523e-02 1.294509387966568670e-01 6.919363751024640199e-05 2.682095710723548707e-04
1.400000000000000000e+01 3.532521883585713202e-02 1.188179869382401388e-01 6.621106529220035066e-05 2.557936551097063187e-04
1.500000000000000000e+01 3.111899001030112716e-02 9.748769477553270724e-02 6.391584988009633918e-05 2.414022698606723186e-04
1.600000000000000000e+01 2.049500998003991881e-02 6.911199783479467229e-02 6.174870618831327653e-05 2.237698868393182274e-04
1.700000000000000000e+01 8.158508158508158067e-03 3.660832006628909896e-02 5.990757612272010852e-05 2.048713999394378743e-04
1.800000000000000000e+01 9.674097842484614615e-03 1.571607228935377465e-02 5.871164475082435907e-05 1.873514019413636449e-04
1.900000000000000000e+01 1.699149228239876103e-02 1.413779478117876097e-02 5.809551475234902738e-05 1.737764893723796941e-04
2.000000000000000000e+01 1.977495810390232298e-02 2.372426331480225609e-02 5.763936593211194516e-05 1.633447719098639090e-04
2.100000000000000000e+01 2.021193405786693431e-02 3.614116366154725146e-02 5.701216411496539424e-05 1.546076444415279115e-04
2.200000000000000000e+01 1.838332096608181684e-02 4.659176520596765986e-02 5.619117606594866321e-05 1.460949611020089195e-04
2.300000000000000000e+01 1.953885431625977318e-02 5.251948787734783686e-02 5.534346251437060888e-05 1.374292092060715219e-04
2.400000000000000000e+01 2.244932149438767094e-02 5.379281257835724639e-02 5.445399571312723358e-05 1.290724869878637584e-04
2.500000000000000000e+01 2.444199811739179024e-02 5.350238046622420723e-02 5.374568261452587287e-05 1.213089928070042894e-04
2.600000000000000000e+01 2.554162279442264219e-02 5.698281232092745202e-02 5.326286590457284285e-05 1.143206494069562326e-04
2.700000000000000000e+01 3.393872683911208776e-02 6.601085388810470911e-02 5.299451516775842929e-05 1.083391295210335271e-04
2.800000000000000000e+01 3.885818199219964741e-02 7.687420981442288914e-02 5.279730713408283812e-05 1.033046617147679534e-04
2.900000000000000000e+01 4.718267735375045180e-02 8.486009846333968099e-02 5.254753032588448813e-05 9.880272067589043142e-05
3.000000000000000000e+01 4.957412192554311314e-02 8.761996007319029778e-02 5.220061127355170912e-05 9.448345087232666649e-05
3.100000000000000000e+01 4.532114774231622151e-02 8.539507468910047250e-02 5.172680941392259775e-05 9.014462080740244293e-05
3.200000000000000000e+01 4.328548644338117701e-02 8.036466613223593181e-02 5.107631067210279994e-05 8.584091844201111542e-05
3.300000000000000000e+01 3.722398985670199306e-02 7.440228131972620451e-02 5.032582369243939342e-05 8.180205946913060241e-05
3.400000000000000000e+01 3.102648135301294338e-02 6.846336210414136203e-02 4.955597841931997191e-05 7.821342926967436357e-05
3.500000000000000000e+01 2.689535291678627274e-02 6.259773600833853924e-02 4.885067530415213125e-05 7.513689588761049616e-05
3.600000000000000000e+01 2.463820117210860014e-02 5.655114057740996680e-02 4.821621669124340654e-05 7.255694555158680452e-05
3.700000000000000000e+01 2.473329187198010023e-02 5.092219260307213891e-02 4.764762089977168751e-05 7.041512748205019413e-05
3.800000000000000000e+01 2.336076030105880760e-02 4.661045736360765884e-02 4.715053457928186339e-05 6.863525549294733762e-05
3.900000000000000000e+01 2.351965685219290988e-02 4.439589458777854630e-02 4.673413017095190186e-05 6.714442324484342164e-05
4.000000000000000000e+01 2.388583273539025831e-02 4.490911911284697217e-02 4.638079996262383926e-05 6.584260033674765053e-05
4.100000000000000000e+01 2.465858266963239301e-02 4.797775133274159720e-02 4.602838663530980099e-05 6.461927107684467260e-05
4.200000000000000000e+01 2.708951178290124051e-02 5.273224453236111803e-02 4.559786841720238348e-05 6.337060466634201919e-05
4.300000000000000000e+01 2.736853853758091856e-02 5.787496606999568971e-02 4.498595128190322921e-05 6.198645169870293581e-05
4.400000000000000000e+01 2.842816030102280830e-02 6.217163564934422709e-02 4.410914100735550508e-05 6.032980884459877938e-05
4.500000000000000000e+01 3.289169496659810621e-02 6.474053900983214871e-02 4.290931103767599438e-05 5.832248285750085839e-05
4.600000000000000000e+01 3.515484873849097219e-02 6.510112231044870579e-02 4.143264300211728216e-05 5.599088876278250350e-05
4.700000000000000000e+01 3.224443594158536014e-02 6.310242224283175994e-02 3.983330363871917854e-05 5.351594720417469892e-05
