# freqs 	 pli 	 dpli 	 meanpower(thalamus)	 meanpower(scalp)	pli
8.000000000000000000e+00 -1.415128427614591004e-02 -3.183717315080349802e-02 1.732804378203484582e-05 2.455860021979779139e-04
9.000000000000000000e+00 -2.486119932108651204e-02 -4.770097337485893624e-02 1.742802963874559989e-05 2.183411378497112081e-04
1.000000000000000000e+01 -2.302966667385669686e-02 -4.801100166179581713e-02 1.688869304582958560e-05 1.866381489621395096e-04
1.100000000000000000e+01 -1.523224070920696678e-02 -2.600714974311843855e-02 1.670975771300809584e-05 1.689387946164534076e-04
1.200000000000000000e+01 6.100085447876017405e-03 3.506468583530444189e-02 1.737993805452537431e-05 1.704006692164313430e-04
1.300000000000000000e+01 3.243055839387265493e-02 9.904318922506978595e-02 1.878600892833038138e-05 1.847678441369210228e-04
1.400000000000000000e+01 5.285242590264532803e-02 1.370295612497743620e-01 2.056357867903979550e-05 2.032272490667539266e-04
1.500000000000000000e+01 6.450936643129119574e-02 1.483381158611376816e-01 2.219383134868088131e-05 2.177213499226462903e-04
1.600000000000000000e+01 7.713929905295802136e-02 1.632519018772543851e-01 2.326419575343316345e-05 2.250092334989696984e-04
1.700000000000000000e+01 9.544648255184058627e-02 1.920557243352925825e-01 2.370295196414685574e-05 2.263750731099540582e-04
1.800000000000000000e+01 1.115741647915571427e-01 2.173044142132638246e-01 2.374438129121345150e-05 2.234185663714946199e-04
1.900000000000000000e+01 1.145573699351549041e-01 2.265142725223791009e-01 2.364143296414768789e-05 2.162391781196081075e-04
2.000000000000000000e+01 1.101201610573037393e-01 2.223464416998294779e-01 2.353147049401934691e-05 2.044694146208846737e-04
2.100000000000000000e+01 1.031531019976092006e-01 2.107637234793525716e-01 2.338513481791792826e-05 1.889379217559115313e-04
2.200000000000000000e+01 9.132186208908139868e-02 1.900437789827995327e-01 2.307393945406035918e-05 1.716536825047782432e-04
2.300000000000000000e+01 7.288296998136668814e-02 1.550091805764977071e-01 2.254550597342177236e-05 1.543094622842560576e-04
2.400000000000000000e+01 4.854665672255766701e-02 1.069647259053130156e-01 2.196215540388733359e-05 1.381576843929337899e-04
2.500000000000000000e+01 2.409324281194220527e-02 5.635801376991004391e-02 2.160464088368905619e-05 1.242642456108426600e-04
2.600000000000000000e+01 6.125277367341633826e-03 1.338417362652426050e-02 2.165318342458242881e-05 1.132204565416473587e-04
2.700000000000000000e+01 -8.472701659613357875e-03 -1.878830207623449072e-02 2.207161992395958764e-05 1.050227615126898053e-04
2.800000000000000000e+01 -1.869132261906131243e-02 -4.214359450816258096e-02 2.264282081092361168e-05 9.900067428441037827e-05
2.900000000000000000e+01 -2.565516196316830824e-02 -5.879437147267742997e-02 2.310408069963714578e-05 9.443797481477426157e-05
3.000000000000000000e+01 -2.945372405831694559e-02 -6.971933153487767931e-02 2.326450012165019827e-05 9.071513851643143989e-05
3.100000000000000000e+01 -3.148110668422716280e-02 -7.511652018312106605e-02 2.305390208743974149e-05 8.755917244213504071e-05
3.200000000000000000e+01 -3.202517413869786223e-02 -7.526906954411832773e-02 2.251399042690130291e-05 8.477732376435156948e-05
3.300000000000000000e+01 -2.984366896183435203e-02 -7.078073604166949806e-02 2.175181720156364355e-05 8.227260938690781158e-05
3.400000000000000000e+01 -2.651861225746197578e-02 -6.282704265698312029e-02 2.088957299916100726e-05 8.013238962695405708e-05
3.500000000000000000e+01 -2.232991254935730308e-02 -5.284106841487349465e-02 2.003290333551066939e-05 7.835528353602150243e-05
3.600000000000000000e+01 -1.802412107814590006e-02 -4.241567055606497438e-02 1.925513958130618038e-05 7.700139783018547838e-05
3.700000000000000000e+01 -1.445636817530650264e-02 -3.277491482772544595e-02 1.859562676455510599e-05 7.595273716391289973e-05
3.800000000000000000e+01 -1.106543747565268306e-02 -2.455024324906308550e-02 1.806402796611234133e-05 7.501508457632664070e-05
3.900000000000000000e+01 -7.852264375694957207e-03 -1.761875626454551674e-02 1.764952198442945871e-05 7.384055850698421583e-05
4.000000000000000000e+01 -5.331075904866180472e-03 -1.180581756892236725e-02 1.732949720068553326e-05 7.230857897223491398e-05
4.100000000000000000e+01 -3.465124204976582998e-03 -6.913118430655224370e-03 1.707357977622983033e-05 7.039998660819280917e-05
4.200000000000000000e+01 -1.303698813414961525e-03 -2.879012654870189564e-03 1.684286360420441005e-05 6.818060728893647886e-05
4.300000000000000000e+01 4.608023149347807387e-04 2.724430734947089422e-04 1.659133157847433746e-05 6.567375461853759905e-05
4.400000000000000000e+01 1.525254329709452641e-03 2.601416356729148883e-03 1.627285191787712003e-05 6.300227616395203528e-05
4.500000000000000000e+01 2.393400098945031810e-03 4.174305669854498808e-03 1.585831836858738600e-05 6.012809767396564027e-05
4.600000000000000000e+01 3.425987287558339683e-03 5.129540117289426576e-03 1.535547287653574077e-05 5.710361921760344030e-05
4.700000000000000000e+01 4.085810031837537430e-03 5.639630680918520864e-03 1.481814225996105516e-05 5.408327771327646493e-05
