# freqs 	 pli 	 dpli 	 meanpower(thalamus)	 meanpower(scalp)	pli
8.000000000000000000e+00 -7.875640556581126397e-03 -7.760432433588244916e-02 2.138505196096534753e-04 1.624646367457519588e-04
9.000000000000000000e+00 -1.043315042780712000e-02 -8.394055610113411448e-02 1.900935525717370488e-04 1.504750738694066701e-04
1.000000000000000000e+01 -3.528207039896235492e-02 -1.268451591905208342e-01 1.764313285503712407e-04 1.460390609344384733e-04
1.100000000000000000e+01 -6.632102255283185699e-02 -2.089606751006329588e-01 1.713613817296028442e-04 1.487014405556085666e-04
1.200000000000000000e+01 -8.539119911314074773e-02 -2.447724547790233462e-01 1.663506658219921365e-04 1.664027889599455892e-04
1.300000000000000000e+01 -7.703685659901657323e-02 -1.959167383443624899e-01 1.574338648042770267e-04 2.072559479206597115e-04
1.400000000000000000e+01 -6.624088555945811807e-02 -1.565021898809898782e-01 1.463635394931288758e-04 2.266289228007667758e-04
1.500000000000000000e+01 -5.650913060518340802e-02 -1.387883701047553653e-01 1.334775353331853968e-04 2.031016235765694419e-04
1.600000000000000000e+01 -4.179354218568649693e-02 -1.168794639427501725e-01 1.213557044656083175e-04 1.645426842818077011e-04
1.700000000000000000e+01 -2.568224555907984777e-02 -7.999020976264575866e-02 1.117353057184160774e-04 1.361030474401684872e-04
1.800000000000000000e+01 -9.928953811392800949e-03 -3.574286693483740007e-02 1.044893516917057145e-04 1.210507023035966407e-04
1.900000000000000000e+01 -8.475074662135791918e-04 1.979670740930407086e-03 9.881310641406736779e-05 1.133204429091433000e-04
2.000000000000000000e+01 6.474462222565316276e-03 2.758820590629958158e-02 9.419975389796308377e-05 1.086920342169504219e-04
2.100000000000000000e+01 1.274101922625053493e-02 4.373617886103479263e-02 9.040589590228099060e-05 1.055077146145443832e-04
2.200000000000000000e+01 1.686834011849597248e-02 5.277584152988647886e-02 8.717604528913984983e-05 1.027577747633154934e-04
2.300000000000000000e+01 1.686647394205260941e-02 5.574236856707821125e-02 8.413717814555111052e-05 9.984777706426282453e-05
2.400000000000000000e+01 1.626027597549401307e-02 5.465214494921469268e-02 8.101189355319935597e-05 9.673688965969183984e-05
2.500000000000000000e+01 1.439599442207925573e-02 5.197612530138887021e-02 7.780092357375612238e-05 9.389860146373171269e-05
2.600000000000000000e+01 1.281397264732763060e-02 4.986932150378370343e-02 7.462270837541016047e-05 9.198451576981176662e-05
2.700000000000000000e+01 1.185449555262084280e-02 4.935231336628570498e-02 7.160025779015641474e-05 9.109983545032039132e-05
2.800000000000000000e+01 1.344693342071801544e-02 4.957216097462927018e-02 6.877656974114067950e-05 9.036736060046829237e-05
2.900000000000000000e+01 1.549903005367176019e-02 4.829569853407904984e-02 6.618275456978577552e-05 8.854417991319919116e-05
3.000000000000000000e+01 1.530208940426187533e-02 4.410295432890882356e-02 6.382745994156107153e-05 8.508930699734273343e-05
3.100000000000000000e+01 1.520377617231921837e-02 3.727921820969259947e-02 6.172157648395702094e-05 8.041297358630731921e-05
3.200000000000000000e+01 1.300676525470059915e-02 2.944260483411113502e-02 5.986647953805868865e-05 7.537274559741466938e-05
3.300000000000000000e+01 9.344125612416225371e-03 2.210322189247533251e-02 5.823581404876023153e-05 7.071506614482432141e-05
3.400000000000000000e+01 6.394412211081842469e-03 1.592591145947410552e-02 5.679446750268741281e-05 6.679666055923623165e-05
3.500000000000000000e+01 3.723634662086763424e-03 1.107166107458492504e-02 5.551285945234352853e-05 6.361052599992256902e-05
3.600000000000000000e+01 2.418460925330148757e-03 7.517304734931675239e-03 5.436163910705283308e-05 6.099808953594099972e-05
3.700000000000000000e+01 1.110157515159438833e-03 5.312602775571964760e-03 5.330924191304392562e-05 5.878745583265259386e-05
3.800000000000000000e+01 2.571663588211693620e-04 4.418428164018332188e-03 5.234124369445925098e-05 5.685769678804671647e-05
3.900000000000000000e+01 9.932945874467392910e-04 4.532427236485779207e-03 5.144657545700559627e-05 5.512236098361014214e-05
4.000000000000000000e+01 8.108158523618742191e-04 5.159233796204889394e-03 5.060857845761030369e-05 5.353077556747331861e-05
4.100000000000000000e+01 1.013832234065798745e-03 5.785454997927408013e-03 4.979657449977580442e-05 5.203058070431767530e-05
4.200000000000000000e+01 1.396205202840923717e-03 6.084281418224873547e-03 4.895607590991803056e-05 5.055229057844646341e-05
4.300000000000000000e+01 1.603587001424766839e-03 5.992937407380953888e-03 4.800389641163949826e-05 4.901036640565667674e-05
4.400000000000000000e+01 2.023732581887748364e-03 5.575915848811428127e-03 4.684496111324464203e-05 4.732321829037293377e-05
4.500000000000000000e+01 2.396776080931132223e-03 5.009343201304565334e-03 4.541139841861318097e-05 4.542811276268286439e-05
4.600000000000000000e+01 2.571435239216173733e-03 4.413213957890885566e-03 4.372252912300780467e-05 4.334069861885565215e-05
4.700000000000000000e+01 2.434832426238900133e-03 3.847754475922901454e-03 4.191782971759463035e-05 4.118754520961273764e-05
