# freqs 	 pli 	 dpli 	 meanpower(thalamus)	 meanpower(scalp)	pli
8.000000000000000000e+00 8.978504168577301423e-03 2.025315655888741684e-02 8.529517456103018387e-05 1.913203926721691991e-04
9.000000000000000000e+00 4.969252258965573335e-03 -3.447572976023733932e-03 8.287669197748037241e-05 1.763228631951715335e-04
1.000000000000000000e+01 -3.381368977955506727e-02 -1.140579074032877227e-01 8.594366872389590619e-05 1.724565138593554066e-04
1.100000000000000000e+01 -7.823616844812190940e-02 -2.230332197821668638e-01 9.294107050509456392e-05 1.785596861246809518e-04
1.200000000000000000e+01 -7.575457446896270708e-02 -1.962627898022183404e-01 9.619465467172730517e-05 1.835083067584257412e-04
1.300000000000000000e+01 -5.275662177068141806e-02 -1.391543920759743258e-01 9.474372220601140872e-05 1.845091728749195846e-04
1.400000000000000000e+01 -2.979455848922806654e-02 -9.160724521151145106e-02 8.957164106255983440e-05 1.787066979510624977e-04
1.500000000000000000e+01 -6.125282443579342651e-03 -2.082890500746626544e-02 8.152499197788039970e-05 1.651178325784858616e-04
1.600000000000000000e+01 2.191423072733214572e-02 5.124484270483692372e-02 7.265948814185497768e-05 1.490786226964428555e-04
1.700000000000000000e+01 3.676717830703184198e-02 8.678992845084131103e-02 6.462144237421472363e-05 1.353315735225563870e-04
1.800000000000000000e+01 3.473179823806038513e-02 8.201645530692887320e-02 5.810056976616844571e-05 1.249117877562624945e-04
1.900000000000000000e+01 2.413659232201105509e-02 5.495484691076396588e-02 5.308983558990371273e-05 1.170336010598041986e-04
2.000000000000000000e+01 1.100565840090082619e-02 2.235314298082838325e-02 4.937945583410011010e-05 1.109160887873128222e-04
2.100000000000000000e+01 -1.404349530216132983e-03 -6.648772149051867912e-03 4.663001403376926973e-05 1.060595751206405869e-04
2.200000000000000000e+01 -1.162003904462997200e-02 -2.803646789679198337e-02 4.439097579165045081e-05 1.020125788859796776e-04
2.300000000000000000e+01 -1.805042502305418545e-02 -4.058436365948176611e-02 4.237143699236031182e-05 9.840592330322293013e-05
2.400000000000000000e+01 -2.122999027343527509e-02 -4.506650863629199644e-02 4.052929708330399309e-05 9.505931937522804523e-05
2.500000000000000000e+01 -2.074636146108013723e-02 -4.418636159006461561e-02 3.894542942253377397e-05 9.193914292785631973e-05
2.600000000000000000e+01 -2.034537795645598862e-02 -4.143136944720675341e-02 3.767273856583168320e-05 8.903754724179367729e-05
2.700000000000000000e+01 -1.952294533681484673e-02 -3.926808085192949604e-02 3.666039888986929405e-05 8.635977693866450438e-05
2.800000000000000000e+01 -1.811004965934298605e-02 -3.834017129412600061e-02 3.582500462999843480e-05 8.388481748716397949e-05
2.900000000000000000e+01 -1.723707701692829553e-02 -3.794762430759940353e-02 3.510647514604857004e-05 8.163316226352917418e-05
3.000000000000000000e+01 -1.718899597819310843e-02 -3.706809392176393936e-02 3.446808877195968197e-05 7.964424828212132831e-05
3.100000000000000000e+01 -1.801537598661165709e-02 -3.532771610058230149e-02 3.388608591951617862e-05 7.796857374397956838e-05
3.200000000000000000e+01 -1.765138838291785070e-02 -3.307763178873520532e-02 3.335253843941533646e-05 7.661640290678142415e-05
3.300000000000000000e+01 -1.686814661019711559e-02 -3.084812522873750865e-02 3.286742284135062668e-05 7.553601939728991628e-05
3.400000000000000000e+01 -1.477142519100332549e-02 -2.900972504350351686e-02 3.243252892721741083e-05 7.466573423832902209e-05
3.500000000000000000e+01 -1.395170352786681729e-02 -2.757643563616227894e-02 3.204554587811907657e-05 7.392006013236448461e-05
3.600000000000000000e+01 -1.323730253807517757e-02 -2.639764767249594066e-02 3.169770773933885976e-05 7.321582135155471811e-05
3.700000000000000000e+01 -1.279728537757448062e-02 -2.524602938631058391e-02 3.138034240306172227e-05 7.247761142623019323e-05
3.800000000000000000e+01 -1.200718972157804182e-02 -2.395689645104556731e-02 3.108250930647841163e-05 7.166280929104884090e-05
3.900000000000000000e+01 -1.110902623922102768e-02 -2.242280804087879234e-02 3.079364873375087003e-05 7.076117097659621207e-05
4.000000000000000000e+01 -1.027963597127695694e-02 -2.065405391565628204e-02 3.050621951794721471e-05 6.979865494496166590e-05
4.100000000000000000e+01 -9.415807533648118746e-03 -1.871116964338434205e-02 3.020734685223638291e-05 6.879228016453280993e-05
4.200000000000000000e+01 -8.257803002406527426e-03 -1.670317694338632752e-02 2.986848887968733885e-05 6.771117984566174899e-05
4.300000000000000000e+01 -7.363135417756579149e-03 -1.473676813843741856e-02 2.943922327609176191e-05 6.646006464770611737e-05
4.400000000000000000e+01 -6.528064473150429516e-03 -1.291148703668478642e-02 2.886149734399442169e-05 6.492120676830896058e-05
4.500000000000000000e+01 -5.855172711411961092e-03 -1.127364425140188302e-02 2.810224427539480952e-05 6.300661702922181063e-05
4.600000000000000000e+01 -5.418674421444920689e-03 -9.816115963569693043e-03 2.718691143895485420e-05 6.075247462213386200e-05
4.700000000000000000e+01 -4.648160637996958354e-03 -8.482311391658709995e-03 2.621786320239208930e-05 5.835459816286633618e-05
