# freqs 	 pli 	 dpli 	 meanpower(thalamus)	 meanpower(scalp)	pli
8.000000000000000000e+00 5.858327254561916664e-03 3.988645262511668343e-02 2.329236337393533187e-05 1.750564073031609920e-04
9.000000000000000000e+00 -2.263598367479884715e-02 -3.450706491671445136e-02 2.159582517686842374e-05 1.428987191842639266e-04
1.000000000000000000e+01 -2.815439127784473416e-02 -5.472416812856377433e-02 2.058439710640312426e-05 1.270826418895583117e-04
1.100000000000000000e+01 -2.249821902905329782e-02 -4.317240302016333436e-02 1.973208220976323818e-05 1.135060716515209054e-04
1.200000000000000000e+01 -1.641484618538942980e-02 -1.214595133709420660e-03 1.899439073046223841e-05 1.023123506402489653e-04
1.300000000000000000e+01 2.753160543759434770e-03 6.191948282603815246e-02 1.864675661151568909e-05 9.414003774168303246e-05
1.400000000000000000e+01 1.896757270676824314e-02 1.152624430094325442e-01 1.852014816706348666e-05 8.690214289380083894e-05
1.500000000000000000e+01 2.241657089532586231e-02 1.107272610849165950e-01 1.816761814459310950e-05 8.015416612403848098e-05
1.600000000000000000e+01 1.132119106459532863e-02 6.111159720962271169e-02 1.761903306221350828e-05 7.356378382677675957e-05
1.700000000000000000e+01 4.106429656297463406e-03 1.204378920261782795e-02 1.709959631148790326e-05 6.741240356385217413e-05
1.800000000000000000e+01 -7.171119025624869518e-03 -1.816202853601162417e-02 1.675132906965541495e-05 6.220250217868733122e-05
1.900000000000000000e+01 -1.438589535668053331e-02 -3.125192766320845916e-02 1.656717903360165346e-05 5.831171325939547308e-05
2.000000000000000000e+01 -1.705457623610517892e-02 -3.182675865888631023e-02 1.646531679760156151e-05 5.550396162478125547e-05
2.100000000000000000e+01 -1.972432516822833146e-02 -2.952143469266116024e-02 1.638735398017588421e-05 5.331812471192813537e-05
2.200000000000000000e+01 -1.890952394154589780e-02 -3.103971585914940684e-02 1.633371415220377122e-05 5.164831785678517434e-05
2.300000000000000000e+01 -1.749657498155759300e-02 -3.319878329642461656e-02 1.631105637586751614e-05 5.051008232308738902e-05
2.400000000000000000e+01 -1.361922937400438481e-02 -3.146830022524587517e-02 1.631160219878854316e-05 4.965892113326451077e-05
2.500000000000000000e+01 -7.551945029078725551e-03 -2.805290003196626858e-02 1.631706788924785952e-05 4.895591152196161760e-05
2.600000000000000000e+01 -4.395342534267828762e-03 -2.759885634963541931e-02 1.631022726283791731e-05 4.831367982030412514e-05
2.700000000000000000e+01 -1.314087910652472074e-03 -3.026945974469272618e-02 1.627761494629353632e-05 4.769363314310893083e-05
2.800000000000000000e+01 -3.156137513693985184e-03 -3.183576237168730949e-02 1.621618082163666771e-05 4.702020438632541021e-05
2.900000000000000000e+01 -2.924555326961639744e-03 -2.876306717253598183e-02 1.613243179705284294e-05 4.629788816937398531e-05
3.000000000000000000e+01 -5.061189652794582938e-03 -2.115262829179885909e-02 1.604101334314992657e-05 4.553175985090314026e-05
3.100000000000000000e+01 -3.337104733648641429e-03 -1.244684596270224236e-02 1.595898355796061029e-05 4.475045514396365921e-05
3.200000000000000000e+01 -4.522234427341426978e-03 -6.223116619560750684e-03 1.589311934229464761e-05 4.403040999105385330e-05
3.300000000000000000e+01 -4.477006586577273253e-03 -4.181635142363271732e-03 1.583819036243057460e-05 4.339695741516488506e-05
3.400000000000000000e+01 -4.543220097798245788e-03 -5.237495295941178679e-03 1.578806052030639259e-05 4.287846963026564360e-05
3.500000000000000000e+01 -4.799172779267780499e-03 -7.439551105064175218e-03 1.574016931879131296e-05 4.244787404124593003e-05
3.600000000000000000e+01 -6.604334013482449431e-03 -9.002377223694816785e-03 1.569388650695009035e-05 4.210501519006377681e-05
3.700000000000000000e+01 -1.007205012541676631e-02 -9.253076061829490148e-03 1.565065775944491391e-05 4.184116670848381090e-05
3.800000000000000000e+01 -1.017157857180578037e-02 -8.431597537863513153e-03 1.561161011699146097e-05 4.166856271847381579e-05
3.900000000000000000e+01 -7.799842227246813788e-03 -6.757189963776636873e-03 1.557704819875658066e-05 4.156488893906534662e-05
4.000000000000000000e+01 -4.988672627359012381e-03 -4.691465926741984933e-03 1.554414214676907559e-05 4.152133007725435191e-05
4.100000000000000000e+01 -2.113143754150818236e-03 -2.639030363660117319e-03 1.550365027798078903e-05 4.150649485774809364e-05
4.200000000000000000e+01 -5.377551609736064102e-04 -1.036291321137630325e-03 1.543768961629687916e-05 4.146312771508210053e-05
4.300000000000000000e+01 -7.071672880583702078e-04 -1.226812235430992061e-04 1.531766862246408575e-05 4.127777877104752525e-05
4.400000000000000000e+01 -1.089915461027828682e-04 -1.022306856849530192e-04 1.511108619961443564e-05 4.087765348956531923e-05
4.500000000000000000e+01 6.059464743010798586e-04 -7.022551552345110545e-04 1.479775046827067140e-05 4.019339335714682888e-05
4.600000000000000000e+01 8.204012414808178801e-04 -1.623173720985001626e-03 1.438914033108527916e-05 3.924252614317961716e-05
4.700000000000000000e+01 3.273406132521801230e-03 -2.627979106327291061e-03 1.393901192775477035e-05 3.816392807125915278e-05
