# freqs 	 pli 	 dpli 	 meanpower(thalamus)	 meanpower(scalp)	pli
8.000000000000000000e+00 -1.901127327308146653e-01 -3.742525621091750132e-01 1.431059368570008919e-04 5.932032951183220789e-04
9.000000000000000000e+00 -7.590026816498531004e-02 -1.523199055095288135e-01 1.100662879125380891e-04 4.045695615706549090e-04
1.000000000000000000e+01 -3.121359610627942247e-02 -4.902384246748527075e-02 9.778678227397499660e-05 2.957061593061582352e-04
1.100000000000000000e+01 -1.210912571793235429e-02 -1.244465468442238452e-02 9.053727941853468718e-05 2.515572794124596042e-04
1.200000000000000000e+01 4.785299559752440734e-05 2.806026043476039095e-02 8.749453237216005437e-05 2.321192431893670592e-04
1.300000000000000000e+01 1.617173295907626401e-02 4.284013634050622826e-02 8.742207722110669702e-05 2.245284765475144919e-04
1.400000000000000000e+01 1.693482802060244582e-02 2.276765736227721881e-02 8.618805124280815564e-05 2.182203584672221409e-04
1.500000000000000000e+01 1.887018080933703171e-02 2.484123814054540677e-02 8.206476480846953167e-05 2.042406745748651879e-04
1.600000000000000000e+01 2.529294539657233817e-02 4.667251346002746631e-02 7.789473232744056116e-05 1.848897440116632166e-04
1.700000000000000000e+01 2.653393059253000841e-02 5.719774446874224122e-02 7.544155787185852940e-05 1.649734710384641550e-04
1.800000000000000000e+01 2.159047436878347437e-02 4.820498778670561507e-02 7.415222145288134618e-05 1.481392473673314922e-04
1.900000000000000000e+01 1.179452032960902688e-02 3.734839102160641272e-02 7.309162853031113969e-05 1.357999469840708365e-04
2.000000000000000000e+01 7.426886604510319137e-03 3.088637275947086688e-02 7.233310754775396003e-05 1.268079589358422660e-04
2.100000000000000000e+01 8.573841814212179030e-03 2.327884397345768644e-02 7.178739092690453140e-05 1.189886947890700473e-04
2.200000000000000000e+01 9.657062723100458962e-03 1.478592759787734738e-02 7.125183472594251379e-05 1.112321590430808376e-04
2.300000000000000000e+01 5.704724723129631254e-03 7.256640333975352547e-03 7.080434854997908931e-05 1.036582207802156996e-04
2.400000000000000000e+01 3.585200293189712718e-04 -1.547692162005435577e-03 7.066599763259811596e-05 9.645706717168103371e-05
2.500000000000000000e+01 -7.480760344800115036e-03 -1.501747741351230556e-02 7.102683265961823734e-05 8.971513531674448090e-05
2.600000000000000000e+01 -1.894428245941080086e-02 -3.388000380380544463e-02 7.230877102281871045e-05 8.351921099225095802e-05
2.700000000000000000e+01 -3.783099130102284685e-02 -5.518435421224848064e-02 7.466493876554040334e-05 7.811817543371403732e-05
2.800000000000000000e+01 -4.788267907213866748e-02 -7.324781945715962139e-02 7.740269381168952609e-05 7.351844996507179086e-05
2.900000000000000000e+01 -4.275927991078540963e-02 -8.290231452652588318e-02 7.938055748469747294e-05 6.955766673646494598e-05
3.000000000000000000e+01 -3.749342849404980332e-02 -8.237700464084127261e-02 7.972445791265927225e-05 6.597803370883780188e-05
3.100000000000000000e+01 -3.049878132318034965e-02 -7.328130407890150189e-02 7.831081953629595040e-05 6.263237262307034495e-05
3.200000000000000000e+01 -2.446833930704898560e-02 -5.917030842780943850e-02 7.566981473801108937e-05 5.950655349050499774e-05
3.300000000000000000e+01 -1.506148846693003765e-02 -4.397232066639972237e-02 7.251003985113880937e-05 5.665009048887190368e-05
3.400000000000000000e+01 -9.445984262002611598e-03 -3.065317634546491782e-02 6.942275804889290393e-05 5.410963736044796806e-05
3.500000000000000000e+01 -7.438793227034517890e-03 -2.062324373248573470e-02 6.678555641537164132e-05 5.188550305704373679e-05
3.600000000000000000e+01 -8.338642879898057469e-03 -1.436066472527594041e-02 6.468466034163535526e-05 4.994997420022720126e-05
3.700000000000000000e+01 -5.073190933562701961e-03 -1.195315372333162832e-02 6.310013833902109479e-05 4.829259500445552754e-05
3.800000000000000000e+01 -8.728477454087890663e-03 -1.309644594069548848e-02 6.197782419568309011e-05 4.687998807348581947e-05
3.900000000000000000e+01 -9.938837920489296610e-03 -1.681774786560848514e-02 6.116881682607434347e-05 4.565050975971002767e-05
4.000000000000000000e+01 -1.374532133471370599e-02 -2.143671030880141617e-02 6.053016971540273346e-05 4.454716805987895298e-05
4.100000000000000000e+01 -1.944701048004332175e-02 -2.521751175920674409e-02 5.993427035840922959e-05 4.353096339352782024e-05
4.200000000000000000e+01 -1.919187092869542935e-02 -2.687667887381933740e-02 5.926500153241287788e-05 4.254303028948815102e-05
4.300000000000000000e+01 -1.865035755809323417e-02 -2.590832460345177113e-02 5.839639678966875003e-05 4.150185476273655769e-05
4.400000000000000000e+01 -1.790947314773523591e-02 -2.250962086951355939e-02 5.721179657374022225e-05 4.029815040875445430e-05
4.500000000000000000e+01 -1.462039529216901078e-02 -1.721668473101185814e-02 5.565482807128255683e-05 3.886061612912918587e-05
4.600000000000000000e+01 -8.807134894091416671e-03 -1.070882255974913051e-02 5.378362380344106825e-05 3.720487109745653534e-05
4.700000000000000000e+01 -8.440700100332850083e-04 -3.800202804907711583e-03 5.181191273441668860e-05 3.545570185938031876e-05
