# freqs 	 pli 	 dpli 	 meanpower(thalamus)	 meanpower(scalp)	pli
8.000000000000000000e+00 3.003532646980552195e-02 3.952201057960744168e-02 3.061015841553356643e-05 2.117577472949766580e-04
9.000000000000000000e+00 3.055892627006525850e-02 4.021931621546828012e-02 3.096680865867686020e-05 1.990415854712083868e-04
1.000000000000000000e+01 2.282924655383711601e-02 2.270738154705295719e-02 3.203991399928555442e-05 1.949656535417688670e-04
1.100000000000000000e+01 7.525104529239000188e-03 2.390910454449140382e-02 3.336030367934586987e-05 2.104636965481508171e-04
1.200000000000000000e+01 -8.244233454757466176e-03 -2.142199624898374205e-02 3.508983151191355927e-05 2.379186919225973916e-04
1.300000000000000000e+01 -4.019588407516207912e-02 -6.786570014738448064e-02 3.689837085082897308e-05 2.662489436452443177e-04
1.400000000000000000e+01 -6.153346925929028405e-02 -1.137283125553899404e-01 3.807062865855043480e-05 2.906472506633862580e-04
1.500000000000000000e+01 -6.897856854023452777e-02 -1.353322586523533766e-01 3.880815468260866629e-05 3.106315355850713705e-04
1.600000000000000000e+01 -6.725203811723566572e-02 -1.325965668283307641e-01 3.964670893591449587e-05 3.263084167097642769e-04
1.700000000000000000e+01 -6.390379574604318491e-02 -1.311426492453082737e-01 4.057501582012502597e-05 3.354606323211495322e-04
1.800000000000000000e+01 -6.541957732567733885e-02 -1.343685457941703465e-01 4.109845413206765643e-05 3.363003342173977238e-04
1.900000000000000000e+01 -5.919092613197170227e-02 -1.245646193515251160e-01 4.099762967624152123e-05 3.281283353277506063e-04
2.000000000000000000e+01 -4.372142445461869170e-02 -8.870963680113166938e-02 4.060919425427099086e-05 3.119896241852076818e-04
2.100000000000000000e+01 -1.744940224672375875e-02 -3.902656589674435850e-02 4.026792155944733024e-05 2.889168244326977388e-04
2.200000000000000000e+01 3.219992224896822816e-05 -2.907737304169775820e-03 3.970634319057405860e-05 2.599225940091678044e-04
2.300000000000000000e+01 4.401194744252994936e-03 6.812992883039849061e-03 3.874120270161557751e-05 2.279670248230386792e-04
2.400000000000000000e+01 -3.646827767430782389e-04 -9.778211404252641105e-04 3.747655882210193995e-05 1.975163681496408020e-04
2.500000000000000000e+01 -5.911031615570362663e-03 -1.036506106948326643e-02 3.599897125543057735e-05 1.720307092003487749e-04
2.600000000000000000e+01 -7.650152606671169371e-03 -1.174905118576613679e-02 3.441265930658541624e-05 1.527055210258289493e-04
2.700000000000000000e+01 -2.496339967247647625e-03 -4.634034477543658680e-03 3.288448243324109364e-05 1.390289057567396010e-04
2.800000000000000000e+01 3.107399044341354211e-03 5.990473055711627651e-03 3.155094643880558325e-05 1.297233595652411793e-04
2.900000000000000000e+01 7.688637216463165003e-03 1.413963687187985881e-02 3.045833468323271888e-05 1.234126346974615701e-04
3.000000000000000000e+01 8.337061664018265497e-03 1.606933655251485335e-02 2.953945985558578639e-05 1.189013279155916178e-04
3.100000000000000000e+01 6.244110056481863222e-03 1.113387565649754871e-02 2.873633667447971488e-05 1.154632707977747770e-04
3.200000000000000000e+01 7.300560221937031245e-04 1.441169789041835299e-03 2.804014788865041152e-05 1.126530939615626045e-04
3.300000000000000000e+01 -8.639559246585597208e-03 -1.002005001629267637e-02 2.746058018792300201e-05 1.102136767176631988e-04
3.400000000000000000e+01 -1.502492404010835614e-02 -2.117123171442193003e-02 2.699010169884638683e-05 1.080320601256644825e-04
3.500000000000000000e+01 -1.727682033622696817e-02 -3.090306811433174775e-02 2.660899585391512910e-05 1.060650387587991030e-04
3.600000000000000000e+01 -1.938906472046858162e-02 -3.905204093836621426e-02 2.628739841015860780e-05 1.042736909360598676e-04
3.700000000000000000e+01 -2.264578856798779918e-02 -4.536745137977325759e-02 2.600434795605292441e-05 1.025341201769019224e-04
3.800000000000000000e+01 -2.354258379628358655e-02 -4.944558439962126739e-02 2.575150985780804691e-05 1.007448483801362261e-04
3.900000000000000000e+01 -2.554017325470911079e-02 -5.098375175955880551e-02 2.552261034308992880e-05 9.880439312712243336e-05
4.000000000000000000e+01 -2.601676393994456840e-02 -5.001280545174525277e-02 2.529589899382636659e-05 9.670201177318133064e-05
4.100000000000000000e+01 -2.660652534825762652e-02 -4.715440075348382304e-02 2.505146498437545055e-05 9.445296030154242382e-05
4.200000000000000000e+01 -2.708189606703156893e-02 -4.342325173516226045e-02 2.476083727180784449e-05 9.203602372325682293e-05
4.300000000000000000e+01 -2.510036804147836725e-02 -3.988026090725308587e-02 2.438600253385137372e-05 8.934535460170853042e-05
4.400000000000000000e+01 -2.562907523094556592e-02 -3.732862816265443417e-02 2.387943328003071599e-05 8.630600444629726311e-05
4.500000000000000000e+01 -2.488198291453856681e-02 -3.605994292671727691e-02 2.321572903401316500e-05 8.284996719999905221e-05
4.600000000000000000e+01 -2.426203972658990543e-02 -3.595765815246865227e-02 2.241821618977872323e-05 7.904039932571418057e-05
4.700000000000000000e+01 -2.326859322726653606e-02 -3.658462989151374523e-02 2.157391680463042100e-05 7.512547958308529055e-05
