# freqs 	 pli 	 dpli 	 meanpower(thalamus)	 meanpower(scalp)	pli
8.000000000000000000e+00 -6.594967191106012282e-03 -1.635589950682582146e-03 5.487349819223079708e-05 2.599232920495393490e-04
9.000000000000000000e+00 -1.445560814814178703e-02 -1.709130052122746421e-02 5.283517263741641155e-05 2.367498343020326985e-04
1.000000000000000000e+01 -3.449718433947022989e-02 -8.038996251773876389e-02 5.359480805531955148e-05 2.338387246246905393e-04
1.100000000000000000e+01 -7.023893618828415397e-02 -1.966134200478900362e-01 5.591905665047766194e-05 2.762753970786207235e-04
1.200000000000000000e+01 -1.080131830204959231e-01 -2.792340227756966442e-01 5.631171593084407839e-05 3.353559523139396374e-04
1.300000000000000000e+01 -1.361330585767757118e-01 -3.231561589073640439e-01 5.447598292561754257e-05 3.587198591292702402e-04
1.400000000000000000e+01 -1.449571047969052118e-01 -3.395245850862479431e-01 5.133498100614174473e-05 3.268600415637677248e-04
1.500000000000000000e+01 -1.315479703066540218e-01 -3.239147950977168677e-01 4.749997887876661893e-05 2.647505198336112808e-04
1.600000000000000000e+01 -1.034391551236555351e-01 -2.753854513586381225e-01 4.377744162619004914e-05 2.060502176175764324e-04
1.700000000000000000e+01 -7.362442259354082252e-02 -2.018153254511615424e-01 4.088896397376921501e-05 1.654782494429749462e-04
1.800000000000000000e+01 -4.852277774658098064e-02 -1.294900688691746349e-01 3.907961747856126633e-05 1.413319784057709720e-04
1.900000000000000000e+01 -3.167458520988263027e-02 -8.029209639405125720e-02 3.813721474142062017e-05 1.273473052330946714e-04
2.000000000000000000e+01 -2.171507133818405613e-02 -5.301626043010895101e-02 3.764044385501208971e-05 1.186632647293423009e-04
2.100000000000000000e+01 -1.728257567860005950e-02 -3.904238980033448991e-02 3.727716323963138222e-05 1.125208353876713785e-04
2.200000000000000000e+01 -1.424287881324614626e-02 -3.305009909865162104e-02 3.690843539588016325e-05 1.075925516923526725e-04
2.300000000000000000e+01 -1.439713481679014140e-02 -3.114808664439483107e-02 3.651613832737203200e-05 1.033842261218979511e-04
2.400000000000000000e+01 -1.413195079061665277e-02 -2.959948779806784516e-02 3.611897873584233334e-05 9.968770921630389905e-05
2.500000000000000000e+01 -1.227681562952002980e-02 -2.629542415450594056e-02 3.573665750236334386e-05 9.637572156233498589e-05
2.600000000000000000e+01 -9.544858119867792590e-03 -2.136807308200915426e-02 3.538358269613190869e-05 9.331933928564727164e-05
2.700000000000000000e+01 -7.298795604303976066e-03 -1.602179020561656647e-02 3.506829634978514231e-05 9.045280681831641492e-05
2.800000000000000000e+01 -4.759629255120990769e-03 -1.130440003663461292e-02 3.479159527692138310e-05 8.774014626384422694e-05
2.900000000000000000e+01 -3.110570501625627322e-03 -7.670973491220458608e-03 3.454770190937471176e-05 8.521223840240409718e-05
3.000000000000000000e+01 -1.535887568639805485e-03 -5.076771011826210905e-03 3.432791838497411266e-05 8.288552493400807599e-05
3.100000000000000000e+01 -1.154333879934497372e-04 -3.321855140747544122e-03 3.412643113278002139e-05 8.080299152469241864e-05
3.200000000000000000e+01 3.745206421204539619e-04 -2.203491142886218612e-03 3.393809443003793254e-05 7.897762701841868542e-05
3.300000000000000000e+01 3.573445439318912267e-04 -1.553684373941072823e-03 3.375576489071724964e-05 7.741046226284610369e-05
3.400000000000000000e+01 6.121129442923517201e-04 -1.184871906407057368e-03 3.357402772372129578e-05 7.609344270688188697e-05
3.500000000000000000e+01 7.528108471434886290e-04 -9.334452939860804661e-04 3.339153446308926345e-05 7.496179823631527947e-05
3.600000000000000000e+01 8.218278827884969431e-04 -6.284215987654794651e-04 3.321409883292055052e-05 7.398670499889824182e-05
3.700000000000000000e+01 9.968448437589554848e-04 -1.919525570883037725e-04 3.305020754899414204e-05 7.313393570678305836e-05
3.800000000000000000e+01 1.288422211620776680e-03 3.183967409547594951e-04 3.290587691872501683e-05 7.238776756542626765e-05
3.900000000000000000e+01 1.351341003471163938e-03 7.965517626657963451e-04 3.278000665088434619e-05 7.171498529613343090e-05
4.000000000000000000e+01 1.239430914664024774e-03 1.119963668360997484e-03 3.266304743734770586e-05 7.110064462582310542e-05
4.100000000000000000e+01 1.425212231233280707e-03 1.244983851252922172e-03 3.253461754732675607e-05 7.049711113224437051e-05
4.200000000000000000e+01 1.389360830326906481e-03 1.210774463934567811e-03 3.235366565296327154e-05 6.981659235074652104e-05
4.300000000000000000e+01 1.467578023605725429e-03 1.139809527742410844e-03 3.205632265011325066e-05 6.891609108137612672e-05
4.400000000000000000e+01 1.304919748552689756e-03 1.050749684094313442e-03 3.157476556075487838e-05 6.767222952336374674e-05
4.500000000000000000e+01 1.212516043119302471e-03 1.042516056339518613e-03 3.086983765401399472e-05 6.598545583252114234e-05
4.600000000000000000e+01 1.108020463168301814e-03 1.149708601930508845e-03 2.996826469887952632e-05 6.390103620481521148e-05
4.700000000000000000e+01 1.147278907595274382e-03 1.396738725928274322e-03 2.898231476133325747e-05 6.164011004619196629e-05
