# freqs 	 pli 	 dpli 	 meanpower(thalamus)	 meanpower(scalp)	pli
8.000000000000000000e+00 -1.510499207606972975e-02 -2.901837212583852077e-02 8.818793243737279397e+01 2.999362871747314898e+02
9.000000000000000000e+00 -7.478920262411477109e-03 2.693103729651857674e-03 8.530258790618917430e+01 3.136292432478367118e+02
1.000000000000000000e+01 -1.380563143877437497e-02 -1.053068999072414615e-02 8.536882955143734364e+01 2.959139215699345300e+02
1.100000000000000000e+01 -1.034723056590171851e-02 -2.548844791257235190e-02 9.025557182015656110e+01 2.714150429484268443e+02
1.200000000000000000e+01 -4.674832388790848767e-03 -3.013211581565827107e-02 9.439277824060810929e+01 2.406670037051789848e+02
1.300000000000000000e+01 -4.405567649861936823e-03 -1.446435957694782067e-02 9.252557481103217185e+01 2.075877900518769650e+02
1.400000000000000000e+01 -4.627115491909986923e-03 2.918410038502923694e-03 8.939202201466800091e+01 1.821362222340453627e+02
1.500000000000000000e+01 -1.147122904509037533e-02 1.972995397557321222e-03 8.780268223030711283e+01 1.660997539034342196e+02
1.600000000000000000e+01 -1.711405375430873066e-02 -2.329293205453989227e-02 8.691366296657403723e+01 1.562933027880895906e+02
1.700000000000000000e+01 -1.566177514241347615e-02 -4.325190003322888083e-02 8.563680431441311214e+01 1.493800310729976388e+02
1.800000000000000000e+01 -1.493494569856312730e-02 -4.479713480000137998e-02 8.393436364677636163e+01 1.443885956451369736e+02
1.900000000000000000e+01 -9.557477578842845170e-03 -3.465777844379003964e-02 8.235829118091842815e+01 1.407404786290626078e+02
2.000000000000000000e+01 -2.670476701755201878e-03 -1.587418079452839609e-02 8.150117741673591354e+01 1.377578515839769864e+02
2.100000000000000000e+01 8.106967831395346311e-03 1.639575462567828892e-02 8.159244246387342514e+01 1.356037022813904684e+02
2.200000000000000000e+01 3.493220235217621428e-02 8.440795723513008775e-02 8.347992719318575894e+01 1.359401264479193117e+02
2.300000000000000000e+01 8.379485713290989179e-02 2.138081481944105466e-01 8.906605328695401624e+01 1.413786344493173317e+02
2.400000000000000000e+01 1.439771473883784125e-01 3.617755053422138656e-01 9.886617362615520221e+01 1.514068714238990481e+02
2.500000000000000000e+01 1.909178146221983119e-01 4.587451392968034392e-01 1.093274674385468614e+02 1.603225254786391929e+02
2.600000000000000000e+01 2.101130112252654614e-01 4.901829757571363189e-01 1.152699841618254197e+02 1.617848146885295932e+02
2.700000000000000000e+01 2.048024160556501383e-01 4.681417397627444243e-01 1.143184582211308964e+02 1.538931247162745706e+02
2.800000000000000000e+01 1.787182552026177484e-01 4.058505354891315808e-01 1.079013853972505075e+02 1.393730577464155544e+02
2.900000000000000000e+01 1.426306014321566951e-01 3.180992297340235475e-01 9.939919360502948109e+01 1.228610641888593733e+02
3.000000000000000000e+01 9.989705239491269984e-02 2.243970399509520597e-01 9.193503193801750228e+01 1.081265076289857774e+02
3.100000000000000000e+01 6.508529729291985533e-02 1.433920413168218166e-01 8.719784541533944378e+01 9.697601041187360238e+01
3.200000000000000000e+01 3.902279527567333733e-02 8.395962413695834403e-02 8.536970936222107298e+01 8.935210339538950564e+01
3.300000000000000000e+01 2.173320053714132560e-02 4.389849824590883604e-02 8.563948762734987952e+01 8.432245108958370849e+01
3.400000000000000000e+01 1.027346520608400995e-02 1.701988379695713871e-02 8.689182392057594484e+01 8.089215085107686320e+01
3.500000000000000000e+01 4.512807474734634172e-03 -8.200425269800497600e-04 8.810321586769090629e+01 7.834228346502411000e+01
3.600000000000000000e+01 2.665915980580199109e-03 -1.179214881589617236e-02 8.859363744479252034e+01 7.629420834299018850e+01
3.700000000000000000e+01 6.296015656547357571e-04 -1.727290380891162783e-02 8.803922628539208972e+01 7.451964900771068301e+01
3.800000000000000000e+01 -1.712802450310094366e-03 -1.864811262835470648e-02 8.648124300004619158e+01 7.293243249904239178e+01
3.900000000000000000e+01 -1.561870213623538922e-03 -1.727804559736258877e-02 8.417992148726406754e+01 7.146712145344839939e+01
4.000000000000000000e+01 -1.101403068921385890e-03 -1.442649736245273616e-02 8.150814838230192549e+01 7.009488728179840678e+01
4.100000000000000000e+01 4.301986888383376242e-04 -1.101754130170700882e-02 7.876915109561804229e+01 6.878687446134212280e+01
4.200000000000000000e+01 1.247874967019697986e-03 -7.641347207574337649e-03 7.613087001972250789e+01 6.745956244896127885e+01
4.300000000000000000e+01 1.228991613168202001e-03 -4.585689226590825528e-03 7.360193805449866034e+01 6.599654406119489636e+01
4.400000000000000000e+01 1.368270289235242300e-03 -1.951159738248583846e-03 7.105596963196171600e+01 6.428027098031182618e+01
4.500000000000000000e+01 1.584576647472070617e-03 3.111371035314900346e-04 6.834498314917050266e+01 6.221351202785548651e+01
4.600000000000000000e+01 1.127140387170101751e-03 2.278485689877540743e-03 6.544440381738093038e+01 5.981448928867568071e+01
4.700000000000000000e+01 1.834019889602381010e-03 4.013063169036213719e-03 6.250286782204205593e+01 5.725530049111780784e+01
