# freqs 	 pli 	 dpli 	 meanpower(thalamus)	 meanpower(scalp)	pli
8.000000000000000000e+00 1.268829688877421563e-02 1.103510922763102121e-02 2.851551473197051103e-05 8.194850587838183671e-05
9.000000000000000000e+00 -1.815718692971364512e-02 -2.944106975885171784e-02 2.847996027649099743e-05 7.655288702669631141e-05
1.000000000000000000e+01 -2.422116191806787666e-02 -3.389415235092105294e-02 3.129769861197441097e-05 7.431828214166634212e-05
1.100000000000000000e+01 -3.086570861431134696e-02 8.385757581368660438e-03 3.444726172560743830e-05 7.500480221774366574e-05
1.200000000000000000e+01 -3.242475997640336532e-02 -2.011341664601140958e-02 3.366858419747024896e-05 7.591466508489066285e-05
1.300000000000000000e+01 -3.495290822103733208e-02 -9.754128905007571071e-02 3.149783380752036339e-05 7.567785766542849211e-05
1.400000000000000000e+01 -4.698718141283403371e-02 -1.499053554781436537e-01 3.049439103694064437e-05 7.507762653521627241e-05
1.500000000000000000e+01 -4.847931993536434142e-02 -1.463865308534037235e-01 2.983900520778210198e-05 7.338245113176830451e-05
1.600000000000000000e+01 -4.228839713873137202e-02 -1.180289247639192268e-01 2.895656285530786547e-05 7.029811680046193145e-05
1.700000000000000000e+01 -4.360686818253958069e-02 -9.664251544858820653e-02 2.826284902719423728e-05 6.662821190695441295e-05
1.800000000000000000e+01 -4.060702963095123852e-02 -7.749742688736757645e-02 2.792191248362199994e-05 6.363289123354622199e-05
1.900000000000000000e+01 -3.142994859163023014e-02 -5.689849965265959819e-02 2.787816710249666841e-05 6.163420713746901500e-05
2.000000000000000000e+01 -2.041029845344822721e-02 -4.075363199107049500e-02 2.808518053189511715e-05 6.006323399211374126e-05
2.100000000000000000e+01 -1.127252833566855759e-02 -2.980658492762138304e-02 2.854982875310637064e-05 5.846788377447528832e-05
2.200000000000000000e+01 -8.711398899757178890e-03 -1.897448138314811530e-02 2.922415407389909945e-05 5.669830816386610032e-05
2.300000000000000000e+01 -4.326213285915886213e-03 -3.716854400991022843e-03 3.024474373767896724e-05 5.495008676254806097e-05
2.400000000000000000e+01 1.113789662468237483e-02 2.376021064564654700e-02 3.233172266217118558e-05 5.342825476836371082e-05
2.500000000000000000e+01 2.853522928135591996e-02 6.925673133342703791e-02 3.591295386608974995e-05 5.216743071083917023e-05
2.600000000000000000e+01 4.924319700193208194e-02 1.234133443143077546e-01 4.020325304546823383e-05 5.100300095320837751e-05
2.700000000000000000e+01 6.507026608200167095e-02 1.687425347450859370e-01 4.356205877493075094e-05 4.965976512598523372e-05
2.800000000000000000e+01 7.186690070348175641e-02 1.926874829265854128e-01 4.478728305698417958e-05 4.796795855722169901e-05
2.900000000000000000e+01 7.302704426016516648e-02 1.913136802259309543e-01 4.376096066415279500e-05 4.603115186304367919e-05
3.000000000000000000e+01 6.223893567169269669e-02 1.674718519619551038e-01 4.120381817284955072e-05 4.408009351140892111e-05
3.100000000000000000e+01 4.855182626371347399e-02 1.296645818929008376e-01 3.810856026771058404e-05 4.230245409770274099e-05
3.200000000000000000e+01 3.471187974409115085e-02 8.898525811463063595e-02 3.528038968038998079e-05 4.076962342594221982e-05
3.300000000000000000e+01 2.142573144314349060e-02 5.440694115333768316e-02 3.313555524194176656e-05 3.947895697714768297e-05
3.400000000000000000e+01 1.461097382500419796e-02 3.024835258757760728e-02 3.173025260632324505e-05 3.840143884506328251e-05
3.500000000000000000e+01 9.906623094204600535e-03 1.601726086379213002e-02 3.091098454874908758e-05 3.749369870358031234e-05
3.600000000000000000e+01 7.135464147891234198e-03 8.808944840752902170e-03 3.049564153929747363e-05 3.672916657851670058e-05
3.700000000000000000e+01 7.291215071138611691e-03 5.592160703943101392e-03 3.032939547311478364e-05 3.608737758113609803e-05
3.800000000000000000e+01 6.343288057586500550e-03 4.283370746591695470e-03 3.030645756624259011e-05 3.553643075271208421e-05
3.900000000000000000e+01 4.881567584609268831e-03 3.747364460222185438e-03 3.037205374922255109e-05 3.505059096412290463e-05
4.000000000000000000e+01 4.108704181865844782e-03 3.610297450780240117e-03 3.048636147284974942e-05 3.460787359891763444e-05
4.100000000000000000e+01 2.568302453165745552e-03 3.812032139416137843e-03 3.061739023230937228e-05 3.418711016890328659e-05
4.200000000000000000e+01 2.482571457452768630e-03 4.310632127624172520e-03 3.071629005034692210e-05 3.375376727641896850e-05
4.300000000000000000e+01 2.485998057117989705e-03 4.926054342802421021e-03 3.070973312293921444e-05 3.325427022980024426e-05
4.400000000000000000e+01 1.149594643677058145e-03 5.409816885928307728e-03 3.050880691526927581e-05 3.262304162561078418e-05
4.500000000000000000e+01 7.846509930632054701e-04 5.534960476314576550e-03 3.006469765661772702e-05 3.180646910796221943e-05
4.600000000000000000e+01 4.385709439896935940e-04 5.227410356396136604e-03 2.940693226715025336e-05 3.080582102385561892e-05
4.700000000000000000e+01 -7.897500381170029140e-04 4.600212497464482159e-03 2.865280201049953917e-05 2.970816749364280668e-05
