# freqs 	 pli 	 dpli 	 meanpower(thalamus)	 meanpower(scalp)	pli
8.000000000000000000e+00 2.712124405319218728e-04 1.176260684191856795e-02 3.300514472835831250e-05 8.171350652306873632e-05
9.000000000000000000e+00 -1.041202691830935348e-02 -1.248716301378272921e-02 3.361898241635040744e-05 7.822725166814939565e-05
1.000000000000000000e+01 -4.954219628442156111e-03 -5.617879468241444851e-03 3.866229338991024323e-05 7.702477243257712909e-05
1.100000000000000000e+01 1.761116074970762958e-03 -1.925312884646207881e-02 4.277113833238381101e-05 7.625959295395383039e-05
1.200000000000000000e+01 -2.112294762543582335e-03 -4.150157614237474923e-02 4.068077552137632809e-05 7.488175272878952687e-05
1.300000000000000000e+01 -1.603177394164434152e-02 -6.132543368275231860e-02 3.674160642268761170e-05 7.318298033385035775e-05
1.400000000000000000e+01 -3.251574343118905641e-02 -1.065170438336483782e-01 3.477144650806433069e-05 7.181872570561878999e-05
1.500000000000000000e+01 -4.149708626114406024e-02 -1.265708441772725179e-01 3.386938554371997996e-05 6.976603193002914598e-05
1.600000000000000000e+01 -3.887393921435536304e-02 -1.040882444295841425e-01 3.285085927659960709e-05 6.699996636904728394e-05
1.700000000000000000e+01 -3.276308129019811499e-02 -8.033533994752764529e-02 3.195851678244155487e-05 6.435296132214718087e-05
1.800000000000000000e+01 -3.033961458278616741e-02 -6.573519123211675474e-02 3.150276938585026137e-05 6.226195189627551307e-05
1.900000000000000000e+01 -2.850299236217957236e-02 -5.129723221588940174e-02 3.148856891179019612e-05 6.065893883885289278e-05
2.000000000000000000e+01 -2.062254163033007404e-02 -3.990968106158807038e-02 3.186892386269824429e-05 5.929939628848609887e-05
2.100000000000000000e+01 -1.961817256864552619e-02 -3.323807720622067724e-02 3.264740751749488178e-05 5.804893397630910392e-05
2.200000000000000000e+01 -1.816701396330447360e-02 -3.116521938124781205e-02 3.390817872150802604e-05 5.681552108843596142e-05
2.300000000000000000e+01 -1.763871066576127786e-02 -3.895889704569548140e-02 3.623335797545698607e-05 5.559220882304094367e-05
2.400000000000000000e+01 -2.200880352140856255e-02 -6.170479914749180811e-02 4.037003536633337132e-05 5.443639263956193472e-05
2.500000000000000000e+01 -2.894409178952223397e-02 -8.927347164144330827e-02 4.605359843746233936e-05 5.343420890915788013e-05
2.600000000000000000e+01 -3.505663802857499067e-02 -1.043451115528755274e-01 5.171180221127010250e-05 5.249716952228419950e-05
2.700000000000000000e+01 -3.652821500687856299e-02 -9.983505588965017885e-02 5.548050052093448351e-05 5.143396210839900609e-05
2.800000000000000000e+01 -3.298333154102591619e-02 -7.983722304577654805e-02 5.638354278602824665e-05 5.012376336744901306e-05
2.900000000000000000e+01 -2.517886898540401541e-02 -5.329828321845751088e-02 5.456237155918770447e-05 4.860408258646067110e-05
3.000000000000000000e+01 -1.851477491597683378e-02 -2.875960974156568581e-02 5.091819716835949573e-05 4.700140704860968885e-05
3.100000000000000000e+01 -1.404762826385215144e-02 -1.137660645890353067e-02 4.654893098973991933e-05 4.542585566625178119e-05
3.200000000000000000e+01 -8.469714341745706102e-03 -2.369128242242035318e-03 4.236567801347405779e-05 4.397082362768696097e-05
3.300000000000000000e+01 -5.159777645321409097e-03 3.006285552936236328e-04 3.890359399350450575e-05 4.269624619528362091e-05
3.400000000000000000e+01 -2.142399470205510505e-03 -1.302794851954779424e-04 3.633394079060070253e-05 4.159645867201408593e-05
3.500000000000000000e+01 -9.073325369447748359e-04 -1.121765480074199189e-03 3.459681688031642009e-05 4.065257440543571503e-05
3.600000000000000000e+01 1.791391859014106625e-03 -1.631712997319462481e-03 3.352985671754674812e-05 3.983603392714728144e-05
3.700000000000000000e+01 6.561651575441363772e-04 -1.619462729687171044e-03 3.293706258869787590e-05 3.911943071819665315e-05
3.800000000000000000e+01 1.524656350369985080e-03 -1.417965661407809145e-03 3.265505758955921148e-05 3.848515923811402265e-05
3.900000000000000000e+01 8.796829357848655155e-04 -1.424653338846016250e-03 3.255888203853941128e-05 3.792475315955883323e-05
4.000000000000000000e+01 3.551304308944557464e-04 -2.034262491146104478e-03 3.256190782896563611e-05 3.741658137636840890e-05
4.100000000000000000e+01 -3.353433873293510786e-05 -3.495704709844969782e-03 3.260033967732679978e-05 3.692179020957252124e-05
4.200000000000000000e+01 -4.387710969965289039e-03 -5.781575191342687957e-03 3.260600309531378583e-05 3.639274359771292497e-05
4.300000000000000000e+01 -6.889815403161249699e-03 -8.578621613459553805e-03 3.249581732602513758e-05 3.576583104092775157e-05
4.400000000000000000e+01 -8.691764361960526916e-03 -1.145608449797255041e-02 3.219298189274544817e-05 3.496539157910112970e-05
4.500000000000000000e+01 -1.054003605914938593e-02 -1.398396730015538138e-02 3.165259307078745481e-05 3.394556080348454360e-05
4.600000000000000000e+01 -1.037121611385898208e-02 -1.585194080910111783e-02 3.091222296723141388e-05 3.272377469736316284e-05
4.700000000000000000e+01 -1.020240603804989377e-02 -1.683430534644525176e-02 3.009593635234856493e-05 3.140736423311809200e-05
