# freqs 	 pli 	 dpli 	 meanpower(thalamus)	 meanpower(scalp)	pli
8.000000000000000000e+00 3.033597626714816878e-02 3.803589087838080834e-02 4.489448660940500649e-05 1.678544859100911850e-04
9.000000000000000000e+00 6.109922401576857974e-03 6.832465872866806851e-03 4.207226224693969241e-05 1.472159013821754082e-04
1.000000000000000000e+01 -1.092380687132707764e-02 -2.722366850972903971e-02 4.146160786209553974e-05 1.271059620165974023e-04
1.100000000000000000e+01 -2.588455023669138794e-02 -6.222942442542652580e-02 4.267697724636296345e-05 1.085325788167649413e-04
1.200000000000000000e+01 -2.980361498839700571e-02 -7.567778089472226855e-02 4.417186394191108820e-05 9.587267098651181528e-05
1.300000000000000000e+01 -6.340388511547437843e-03 3.108032027689603891e-02 4.544862389620848867e-05 9.041536769263650475e-05
1.400000000000000000e+01 2.325133132384975265e-02 1.889261334036063666e-01 4.789877443947699866e-05 8.815675528510877562e-05
1.500000000000000000e+01 3.685374473370760934e-02 2.520189574875425498e-01 4.876211937886884914e-05 8.408994261553922656e-05
1.600000000000000000e+01 4.049725920125293865e-02 2.149043468424803593e-01 4.620026983736066515e-05 7.791998657139034823e-05
1.700000000000000000e+01 2.823945904653239053e-02 1.255486215867039901e-01 4.210306034372116295e-05 7.205494404742263093e-05
1.800000000000000000e+01 1.254991832654752879e-02 4.866374134191302908e-02 3.888651558590397429e-05 6.759538769640376814e-05
1.900000000000000000e+01 -2.966359516542784250e-03 7.621139692467826868e-03 3.720321690380057388e-05 6.450474432237241808e-05
2.000000000000000000e+01 -7.066880160528718133e-03 -1.089382038959984395e-02 3.651443663222639715e-05 6.224431551781678450e-05
2.100000000000000000e+01 -1.057630883520802208e-02 -1.757154598226763273e-02 3.619619056178941517e-05 6.036798258426428516e-05
2.200000000000000000e+01 -9.557559200132671046e-03 -1.675756086125841995e-02 3.600641787437326789e-05 5.876935520690573789e-05
2.300000000000000000e+01 -6.178012398651823445e-03 -1.204877335364053052e-02 3.585880327271097622e-05 5.738694207941824886e-05
2.400000000000000000e+01 -4.761453133558760098e-03 -7.108256218302879542e-03 3.573526177556024942e-05 5.607322005342551060e-05
2.500000000000000000e+01 -4.382305655426837337e-03 -4.491058104380878102e-03 3.571023809649614110e-05 5.467275109188497067e-05
2.600000000000000000e+01 -1.730245876537151069e-03 -5.158457130523812217e-03 3.582557010234813208e-05 5.318678284523808563e-05
2.700000000000000000e+01 -2.879747385162352308e-03 -8.516501436685657359e-03 3.610867937918674475e-05 5.162372193744631048e-05
2.800000000000000000e+01 1.051180939099976902e-04 -1.257140235123425064e-02 3.655329666389355177e-05 5.004245998457833332e-05
2.900000000000000000e+01 -1.071637832670305603e-03 -1.523799076548501726e-02 3.708367700036304759e-05 4.851795319882292910e-05
3.000000000000000000e+01 -9.720307543209127281e-04 -1.566728379969417953e-02 3.753345720028481445e-05 4.710538593790448866e-05
3.100000000000000000e+01 -1.896471888414289668e-04 -1.457107060034724955e-02 3.772132718183110049e-05 4.581467332198218000e-05
3.200000000000000000e+01 -8.792604207751729319e-04 -1.308889064944398530e-02 3.755645367088652012e-05 4.464948260033654355e-05
3.300000000000000000e+01 8.654819821076024944e-06 -1.197475314677752707e-02 3.702750704071689744e-05 4.358388753153144898e-05
3.400000000000000000e+01 7.793363436921323106e-04 -1.123368495342182138e-02 3.621736541877531256e-05 4.259839627826757995e-05
3.500000000000000000e+01 1.083569323460812760e-03 -1.063938810978099295e-02 3.524196030738592175e-05 4.169384893840719748e-05
3.600000000000000000e+01 -1.562351458978911535e-03 -9.871096049506429548e-03 3.420723557247434176e-05 4.086508896821622642e-05
3.700000000000000000e+01 -1.407239315156332254e-03 -8.795394131462829987e-03 3.321000308076712285e-05 4.010789335442740814e-05
3.800000000000000000e+01 2.417243000067145580e-04 -7.465432645062873920e-03 3.230475760970938430e-05 3.941029311090012502e-05
3.900000000000000000e+01 -2.521845607433979191e-04 -6.121981092081950869e-03 3.150451311734304380e-05 3.876067704632408297e-05
4.000000000000000000e+01 -1.380283418195202803e-03 -4.902859774265792836e-03 3.079755314121364275e-05 3.815784136669230067e-05
4.100000000000000000e+01 -1.777431128136974228e-03 -3.853678958994309883e-03 3.015457907141439148e-05 3.758720072604288800e-05
4.200000000000000000e+01 3.946292113737502822e-04 -2.908947448333568456e-03 2.953904785205592191e-05 3.701052044625069784e-05
4.300000000000000000e+01 2.385016350292811036e-03 -1.908065970154394992e-03 2.888638019098214193e-05 3.635745901306218990e-05
4.400000000000000000e+01 4.392016430565063960e-03 -8.351592437239634603e-04 2.813415053227786116e-05 3.554155083788100214e-05
4.500000000000000000e+01 5.520821767811541318e-03 4.397131162546642573e-04 2.723992846168433028e-05 3.450603254159848282e-05
4.600000000000000000e+01 5.789605118504634676e-03 2.014286622654137132e-03 2.621338887519449488e-05 3.326113962669146717e-05
4.700000000000000000e+01 5.899422874227900661e-03 3.992354966916181712e-03 2.513690541611828815e-05 3.190949228424025706e-05
