# freqs 	 pli 	 dpli 	 meanpower(thalamus)	 meanpower(scalp)	pli
8.000000000000000000e+00 2.390829213396297379e-02 6.891471374937901961e-02 1.995056878246905907e-04 1.507228548831301041e-04
9.000000000000000000e+00 -1.706937738301419344e-02 -1.396948216383671858e-02 1.860722116497714291e-04 1.490392406126150719e-04
1.000000000000000000e+01 -4.028978961121954666e-02 -4.870402816254292000e-02 1.673746622413201861e-04 1.361178635633887102e-04
1.100000000000000000e+01 -2.649666563529697039e-02 -9.316312790795568122e-03 1.446654164216164393e-04 1.151746930573731748e-04
1.200000000000000000e+01 -2.587121962721648447e-03 3.481006364245294721e-02 1.244036672187099235e-04 9.538695965499332694e-05
1.300000000000000000e+01 7.235619519747116431e-03 4.585040008387087501e-02 1.115077136148930227e-04 8.193024986923276370e-05
1.400000000000000000e+01 3.599261056712630118e-03 1.767451047204133749e-02 1.070858443900518935e-04 7.537178603400526656e-05
1.500000000000000000e+01 -5.174763695586562066e-03 -2.310010435963208431e-02 1.050595678555755889e-04 7.245146343985020424e-05
1.600000000000000000e+01 -1.033536568930290729e-02 -3.945292727758736850e-02 9.962756566524386668e-05 6.892184066966825027e-05
1.700000000000000000e+01 -1.070550588123690521e-02 -3.285120350540032819e-02 9.098821882544621089e-05 6.387645353262784485e-05
1.800000000000000000e+01 -8.175646108046467561e-03 -1.819375366032556854e-02 8.237024748269187731e-05 5.866626687434586145e-05
1.900000000000000000e+01 -4.836631665388716438e-03 -5.511354763805338848e-03 7.575267938463183361e-05 5.444524641140036959e-05
2.000000000000000000e+01 -2.750735567864856946e-03 1.891486692243708268e-03 7.107742743621809050e-05 5.134876550388675740e-05
2.100000000000000000e+01 1.591101682360400752e-03 6.688331012646026204e-03 6.755112424123973700e-05 4.909542684745906110e-05
2.200000000000000000e+01 5.448791713839656360e-03 1.246462819680226042e-02 6.463391925095897915e-05 4.735977126360059101e-05
2.300000000000000000e+01 8.642632796167686385e-03 1.985602366027602525e-02 6.211173132031709142e-05 4.591104693490274984e-05
2.400000000000000000e+01 1.072078759408442647e-02 2.675860178909824152e-02 5.993073103950807319e-05 4.462756785666439202e-05
2.500000000000000000e+01 1.150717449866558995e-02 3.133228099731062005e-02 5.808223420339211001e-05 4.346080132582622421e-05
2.600000000000000000e+01 1.153692422910252563e-02 3.361892088533801476e-02 5.658898868940314168e-05 4.239476450019972592e-05
2.700000000000000000e+01 1.084346058680119365e-02 3.436252934016878480e-02 5.547664745854043080e-05 4.144452037073329779e-05
2.800000000000000000e+01 9.698413803027074870e-03 3.383373341542879331e-02 5.468413519314853962e-05 4.063502698632689628e-05
2.900000000000000000e+01 7.943777239898464765e-03 3.218279754919999014e-02 5.406965504794096565e-05 3.995415514622553519e-05
3.000000000000000000e+01 7.986745286891588566e-03 2.995234154743182942e-02 5.346477692277255085e-05 3.936904631522795424e-05
3.100000000000000000e+01 7.932164903110983795e-03 2.784494344237453678e-02 5.276835035912358330e-05 3.883660647304424161e-05
3.200000000000000000e+01 7.382079045602445155e-03 2.644150638410591378e-02 5.196076851143516446e-05 3.832844713874001814e-05
3.300000000000000000e+01 7.325740645069433489e-03 2.591660002433521584e-02 5.107008719057330102e-05 3.782391266962137637e-05
3.400000000000000000e+01 8.343146464668892842e-03 2.614863737927522122e-02 5.014501401581518267e-05 3.732681444038193783e-05
3.500000000000000000e+01 8.507597227135555579e-03 2.692412326575572418e-02 4.922907433659459790e-05 3.684769599140140127e-05
3.600000000000000000e+01 8.963487663918526943e-03 2.810831722536553945e-02 4.833975988329461279e-05 3.639914651580121571e-05
3.700000000000000000e+01 1.029178929448855244e-02 2.965892905196467963e-02 4.748712085118875800e-05 3.598921526615564675e-05
3.800000000000000000e+01 1.214586228841209314e-02 3.151310207870534896e-02 4.667328024810839601e-05 3.562150245607529172e-05
3.900000000000000000e+01 1.328451134148001846e-02 3.346137178945905732e-02 4.589275123411532730e-05 3.528557495158659663e-05
4.000000000000000000e+01 1.416531973476989337e-02 3.515794274029281075e-02 4.513949878462864690e-05 3.497038191256712862e-05
4.100000000000000000e+01 1.449301098898733535e-02 3.627693470848044471e-02 4.439748191446823977e-05 3.465620859978959042e-05
4.200000000000000000e+01 1.498440080625318416e-02 3.666141265810336086e-02 4.362402532253589191e-05 3.430149171552250906e-05
4.300000000000000000e+01 1.539713269720425180e-02 3.637185150742695133e-02 4.274914683781148205e-05 3.384187699929709387e-05
4.400000000000000000e+01 1.541253426154803353e-02 3.557831860733295243e-02 4.168903486379581719e-05 3.320592863963581535e-05
4.500000000000000000e+01 1.500527384655036926e-02 3.446894740419488568e-02 4.039062257286570170e-05 3.234785605502208327e-05
4.600000000000000000e+01 1.419341543359562557e-02 3.312977915173983406e-02 3.888046873608033932e-05 3.128702904881912317e-05
4.700000000000000000e+01 1.318199176278521574e-02 3.152368049224846952e-02 3.728660844575758520e-05 3.013098538238910971e-05
