# freqs 	 pli 	 dpli 	 meanpower(thalamus)	 meanpower(scalp)	pli
8.000000000000000000e+00 3.569001833677908422e-04 -1.243192237797569565e-02 1.726825603571909712e-04 2.685281933699283337e-04
9.000000000000000000e+00 2.471906294455173195e-03 -2.304536884182098889e-03 1.822948743841650888e-04 2.865382774555511286e-04
1.000000000000000000e+01 -1.963970570297875976e-03 -2.887312586592376967e-02 1.906227927448291915e-04 3.368740358974843399e-04
1.100000000000000000e+01 -5.004919345778736928e-02 -1.868239779642738019e-01 2.167341338028319620e-04 4.018666181531513511e-04
1.200000000000000000e+01 -6.547246827273085767e-02 -2.059521733737188498e-01 2.173711732685168875e-04 4.381840646428197881e-04
1.300000000000000000e+01 -6.210505243805140851e-02 -1.557425711280063518e-01 1.956933652816688295e-04 4.653659879065290164e-04
1.400000000000000000e+01 -6.425829190005664937e-02 -1.494619658438661181e-01 1.801622155850896706e-04 4.638044195527573428e-04
1.500000000000000000e+01 -6.975042303241084374e-02 -1.578281405329087228e-01 1.701381330827524629e-04 4.228652314290044030e-04
1.600000000000000000e+01 -6.602911352050563898e-02 -1.396546005895462073e-01 1.578730566713405239e-04 3.736195070721060941e-04
1.700000000000000000e+01 -5.346149246097778307e-02 -9.033482634746295425e-02 1.435363608799358683e-04 3.344864948078379819e-04
1.800000000000000000e+01 -3.700216849383679979e-02 -4.033353382018189243e-02 1.305489082714712150e-04 3.053678315493407432e-04
1.900000000000000000e+01 -2.204907280638247410e-02 -1.363675758186142992e-02 1.203583898480068516e-04 2.822175882071796039e-04
2.000000000000000000e+01 -1.640991520559036479e-02 -1.041720729952927242e-02 1.124872585033303229e-04 2.626001763849804467e-04
2.100000000000000000e+01 -1.400370102157354885e-02 -1.906854282912072429e-02 1.062591259562220558e-04 2.452203824256938007e-04
2.200000000000000000e+01 -1.492458328930814510e-02 -2.812605512669410016e-02 1.010713040238241908e-04 2.291772550690230909e-04
2.300000000000000000e+01 -1.376152116238337636e-02 -3.098442679769249433e-02 9.609879581105209407e-05 2.143443465265026352e-04
2.400000000000000000e+01 -1.289723564345121413e-02 -2.558108993660325459e-02 9.089176513959859236e-05 2.011103232591111064e-04
2.500000000000000000e+01 -6.682693997709208619e-03 -1.280244632916973865e-02 8.561412992173416195e-05 1.897405772349915860e-04
2.600000000000000000e+01 3.686734906637496195e-04 4.533996805927026710e-03 8.063215248690297021e-05 1.801892008167513357e-04
2.700000000000000000e+01 8.397537634914591445e-03 2.297298557334138264e-02 7.624106004937279983e-05 1.719792841656230811e-04
2.800000000000000000e+01 1.632779452371594178e-02 3.955047984293340313e-02 7.245667355221516767e-05 1.644243979935957993e-04
2.900000000000000000e+01 2.297533919470909000e-02 5.250512869712740255e-02 6.912960439239029700e-05 1.570498168602659590e-04
3.000000000000000000e+01 2.762272756651599007e-02 6.136867817856453411e-02 6.612370554073503776e-05 1.497014439549241693e-04
3.100000000000000000e+01 2.921680190805057281e-02 6.662044145153557528e-02 6.337796792052019599e-05 1.423916240303306502e-04
3.200000000000000000e+01 3.007777754057881434e-02 6.929964901896142060e-02 6.086772877148764733e-05 1.352499899381517890e-04
3.300000000000000000e+01 3.008067222765586218e-02 7.047560860277647665e-02 5.856105106927656493e-05 1.284292832284125924e-04
3.400000000000000000e+01 3.110135122161783797e-02 7.093627188438531017e-02 5.643185018476955207e-05 1.220406747717091880e-04
3.500000000000000000e+01 3.163398813629907796e-02 7.086691237148785849e-02 5.445893244638608759e-05 1.161539608062859430e-04
3.600000000000000000e+01 3.198015674296492139e-02 7.043620625180327388e-02 5.262297980596436172e-05 1.107934933181725206e-04
3.700000000000000000e+01 3.131254950216236926e-02 6.957705664348363961e-02 5.092500374801589959e-05 1.059590345820713033e-04
3.800000000000000000e+01 3.111796362437808938e-02 6.818970950927029373e-02 4.937580290775594094e-05 1.016476238789345275e-04
3.900000000000000000e+01 2.954653436235633521e-02 6.620078677569893322e-02 4.798342088232381616e-05 9.783075310079695120e-05
4.000000000000000000e+01 2.872044495148941626e-02 6.370984622389769259e-02 4.673532712962210256e-05 9.444152100360087032e-05
4.100000000000000000e+01 2.755823763859956491e-02 6.084244098813399587e-02 4.559793660380241973e-05 9.136937795045555844e-05
4.200000000000000000e+01 2.640823547593180651e-02 5.779493757992798519e-02 4.451080044407828732e-05 8.845520221000086557e-05
4.300000000000000000e+01 2.537133115696981953e-02 5.472729773351062837e-02 4.338330522238073014e-05 8.550209691011832628e-05
4.400000000000000000e+01 2.464991857746494028e-02 5.174655566120611033e-02 4.211490267101059449e-05 8.231271664321775778e-05
4.500000000000000000e+01 2.412903532453031241e-02 4.890724793517468860e-02 4.063799532393235419e-05 7.874188670414870167e-05
4.600000000000000000e+01 2.319435679814999679e-02 4.620107456276555807e-02 3.896448806699682641e-05 7.478169168389532792e-05
4.700000000000000000e+01 2.219165260306609974e-02 4.357949227346284704e-02 3.720842028662001404e-05 7.059613954282517058e-05
