# freqs 	 pli 	 dpli 	 meanpower(thalamus)	 meanpower(scalp)	pli
8.000000000000000000e+00 -3.654620878986750837e-02 -8.375084602559779157e-02 4.423857461099089499e-05 2.966543367439637507e-04
9.000000000000000000e+00 1.592136017245962196e-02 1.650238296242711317e-02 5.092919079439895639e-05 3.345506185260045846e-04
1.000000000000000000e+01 1.019603899791566987e-01 2.570729246498548171e-01 7.335208199870717975e-05 4.142936064284414113e-04
1.100000000000000000e+01 9.333075752883424059e-02 2.922828224804714936e-01 9.433787950751888524e-05 4.832710622028576260e-04
1.200000000000000000e+01 -9.583211555423911190e-03 1.009818751867835873e-02 9.779058650196026283e-05 5.142403727609786692e-04
1.300000000000000000e+01 -1.071189441678864762e-01 -3.016314503798785407e-01 9.128747140790081514e-05 5.236272658569376265e-04
1.400000000000000000e+01 -1.329464271380179363e-01 -3.617683194595039953e-01 7.567117002888508329e-05 4.806450553886541972e-04
1.500000000000000000e+01 -1.037980049418287254e-01 -2.630967622649497129e-01 5.747258967671063981e-05 4.033087399400681560e-04
1.600000000000000000e+01 -6.725717196581629254e-02 -1.431417744892728716e-01 4.459960369568968157e-05 3.333050998482505931e-04
1.700000000000000000e+01 -4.266897206931740544e-02 -8.420417129345805773e-02 3.805335371551505161e-05 2.829578060576866025e-04
1.800000000000000000e+01 -3.146672739184774165e-02 -6.663319483468270465e-02 3.529750447273775102e-05 2.470035257021346354e-04
1.900000000000000000e+01 -2.767149986141943449e-02 -5.806769967283486461e-02 3.454946220728726610e-05 2.202664119276787568e-04
2.000000000000000000e+01 -2.499188585175516827e-02 -4.900512123131993414e-02 3.494920011367174095e-05 1.996039657404109736e-04
2.100000000000000000e+01 -1.775749365617019376e-02 -3.470607056959773562e-02 3.554734797404660788e-05 1.825934361419791045e-04
2.200000000000000000e+01 -4.866408938919994723e-03 -1.057494895081577402e-02 3.559622663000893116e-05 1.676718655089514700e-04
2.300000000000000000e+01 9.341783584582661129e-03 1.903828659484323865e-02 3.508454662379596907e-05 1.542676297212206493e-04
2.400000000000000000e+01 1.972162693046693172e-02 4.071449700366619462e-02 3.434073605629355881e-05 1.422974314378129893e-04
2.500000000000000000e+01 2.207814666894016356e-02 4.368823180270019202e-02 3.352498903982961519e-05 1.316880459053330053e-04
2.600000000000000000e+01 1.523139507362704370e-02 2.945161996062795745e-02 3.258493296383511241e-05 1.223163338646163180e-04
2.700000000000000000e+01 5.688799069089193160e-03 8.610932653148278479e-03 3.149271490664748777e-05 1.140883365288382394e-04
2.800000000000000000e+01 -2.100697200961296543e-03 -8.094745170510472473e-03 3.036493462701463244e-05 1.069493650650130454e-04
2.900000000000000000e+01 -6.741445211256747762e-03 -1.551752304769232586e-02 2.935412558611163656e-05 1.008404415451019171e-04
3.000000000000000000e+01 -6.175650386729363353e-03 -1.441444402247667178e-02 2.853586348486787411e-05 9.556694979703350256e-05
3.100000000000000000e+01 -3.306744380726523574e-03 -8.779246197759670717e-03 2.785848290610006318e-05 9.087157337009543919e-05
3.200000000000000000e+01 -2.345532133120921674e-04 -2.659920232060347146e-03 2.723586768150447880e-05 8.654307412223311935e-05
3.300000000000000000e+01 1.776146693050152138e-03 1.187145083759419233e-03 2.660426336812397223e-05 8.244856495259437091e-05
3.400000000000000000e+01 1.412478976910643306e-03 1.481504009057157392e-03 2.594494577992188580e-05 7.856505284847573544e-05
3.500000000000000000e+01 -6.545125331825127867e-04 -2.079946179602754595e-03 2.529993649460293779e-05 7.496806602919620761e-05
3.600000000000000000e+01 -4.265419303826699371e-03 -8.721556260622931323e-03 2.471808734614163765e-05 7.175444484933569001e-05
3.700000000000000000e+01 -9.396666995825295188e-03 -1.695498539501189353e-02 2.423110899646288232e-05 6.895089198714892005e-05
3.800000000000000000e+01 -1.362113386314143040e-02 -2.501546707982549647e-02 2.383663052167806496e-05 6.647466152607842366e-05
3.900000000000000000e+01 -1.659587395593863091e-02 -3.159848012137793372e-02 2.351827099758523997e-05 6.418215355594470979e-05
4.000000000000000000e+01 -1.862878064147083582e-02 -3.605136406381660719e-02 2.324305856521786175e-05 6.194940817323038964e-05
4.100000000000000000e+01 -1.973573239171778210e-02 -3.846210098468513805e-02 2.297638804224834283e-05 5.971571329113451804e-05
4.200000000000000000e+01 -1.981313668445061626e-02 -3.926973661880116956e-02 2.267849188813370501e-05 5.746174007531995370e-05
4.300000000000000000e+01 -1.860107406853998835e-02 -3.899050503154744690e-02 2.230732045930671620e-05 5.516387302936676947e-05
4.400000000000000000e+01 -1.781497792458469967e-02 -3.810840422228635449e-02 2.181687470953311652e-05 5.278670480413605960e-05
4.500000000000000000e+01 -1.709821217868247659e-02 -3.690423519879967168e-02 2.118809492820794815e-05 5.029442745579260104e-05
4.600000000000000000e+01 -1.672926471326514203e-02 -3.553777930250900247e-02 2.044503315098687056e-05 4.770795897718289663e-05
4.700000000000000000e+01 -1.617393915277978364e-02 -3.409115515490111770e-02 1.967043144800301914e-05 4.514461621805856121e-05
