# freqs 	 pli 	 dpli 	 meanpower(thalamus)	 meanpower(scalp)	pli
8.000000000000000000e+00 -4.846092713952022263e-02 -1.115775898957671874e-01 1.100238003075798912e-04 1.500650394936153625e-04
9.000000000000000000e+00 -3.625938126370043674e-02 -8.274803595440055615e-02 1.017520115454175600e-04 1.377001453036018732e-04
1.000000000000000000e+01 5.427761591119822059e-03 -1.477992525807731578e-02 9.724563266318446333e-05 1.329809109497656161e-04
1.100000000000000000e+01 3.060036726661522627e-02 3.906752586106208847e-02 9.782269672198664907e-05 1.311009397992884821e-04
1.200000000000000000e+01 3.651675669223193588e-02 1.206296318669922846e-01 1.020578963966128233e-04 1.325339973273175734e-04
1.300000000000000000e+01 4.364756417970914321e-02 1.614404296664761207e-01 1.058804257478515609e-04 1.405441865477308097e-04
1.400000000000000000e+01 4.107359748183765646e-02 1.401044871569443462e-01 1.057045435847780231e-04 1.496564044597060614e-04
1.500000000000000000e+01 2.334505992203660119e-02 8.681192409700083656e-02 1.008634451567408147e-04 1.511152476614494868e-04
1.600000000000000000e+01 -2.144168324926342458e-03 2.483925482799131945e-02 9.454419309350737828e-05 1.460762261271356002e-04
1.700000000000000000e+01 -1.616617773431712479e-02 -2.253640696050125333e-02 8.982800507241307862e-05 1.411652885431265202e-04
1.800000000000000000e+01 -1.460485881259288715e-02 -3.653636598550723952e-02 8.740864919053043512e-05 1.407872170766052186e-04
1.900000000000000000e+01 -1.097114705454338944e-02 -2.388991658928330680e-02 8.650992151273465794e-05 1.457464536969935588e-04
2.000000000000000000e+01 -6.323883566769641397e-03 -5.799750264023548901e-03 8.613045451460893680e-05 1.540847526766248000e-04
2.100000000000000000e+01 -5.703673600544377498e-03 -2.037022154567695326e-03 8.578454136554171405e-05 1.622131646676652729e-04
2.200000000000000000e+01 -1.403395257785029944e-02 -2.058212597762391211e-02 8.605786171716326197e-05 1.664657398658262377e-04
2.300000000000000000e+01 -3.364565386703169403e-02 -6.560059088266800842e-02 8.877192566449697915e-05 1.647128817123148044e-04
2.400000000000000000e+01 -6.344896885695618105e-02 -1.399900934914209139e-01 9.632826489645952080e-05 1.573986602873409977e-04
2.500000000000000000e+01 -9.909378948758086614e-02 -2.276547587669132955e-01 1.080375942115383004e-04 1.472751408454720196e-04
2.600000000000000000e+01 -1.322386986926833985e-01 -2.956155101611814273e-01 1.191167522057469115e-04 1.370317265807500975e-04
2.700000000000000000e+01 -1.505547796308377984e-01 -3.213317989130782260e-01 1.244148367187713274e-04 1.281098237125979705e-04
2.800000000000000000e+01 -1.470529376449399017e-01 -3.033779568917047698e-01 1.220937003038113987e-04 1.204885933914393812e-04
2.900000000000000000e+01 -1.244389948859397493e-01 -2.544077387548118740e-01 1.138468882949756559e-04 1.131581466414283057e-04
3.000000000000000000e+01 -9.195789057573390546e-02 -1.916716188332264204e-01 1.030153585489153729e-04 1.054214112319560594e-04
3.100000000000000000e+01 -6.011995766200164959e-02 -1.296159295370964137e-01 9.263550500281764969e-05 9.745698542864990441e-05
3.200000000000000000e+01 -3.448170462894930427e-02 -7.748995494465717171e-02 8.429387118102926735e-05 8.992920917414801304e-05
3.300000000000000000e+01 -1.603331487991762824e-02 -3.845971864340597124e-02 7.814282284890421940e-05 8.350963400562236467e-05
3.400000000000000000e+01 -2.853876584230481250e-03 -1.131510832720882681e-02 7.365095902230287006e-05 7.846696940213494418e-05
3.500000000000000000e+01 4.224167500693064292e-03 6.528905839952255097e-03 7.022126806056448592e-05 7.466496715354453608e-05
3.600000000000000000e+01 8.094313075627567258e-03 1.771072006618197928e-02 6.745610078936716729e-05 7.178583460133196510e-05
3.700000000000000000e+01 1.035423751103763113e-02 2.424042947876561480e-02 6.514489057090578294e-05 6.951148750228022214e-05
3.800000000000000000e+01 1.387601030078382605e-02 2.763821886841380526e-02 6.319288607465615353e-05 6.760240093416405025e-05
3.900000000000000000e+01 1.516406812917035427e-02 2.902996583195641481e-02 6.154931694998650956e-05 6.592546899560235347e-05
4.000000000000000000e+01 1.574764348517806653e-02 2.910751309148054342e-02 6.013589972527917638e-05 6.445775088352156262e-05
4.100000000000000000e+01 1.735736799567385441e-02 2.836663245542868014e-02 5.885854312915902271e-05 6.314567282791169105e-05
4.200000000000000000e+01 1.551250370895085676e-02 2.700630950163439639e-02 5.762496879814039339e-05 6.190174275233529275e-05
4.300000000000000000e+01 1.623963399545191866e-02 2.514195077670570294e-02 5.631774630239040679e-05 6.058421080494119919e-05
4.400000000000000000e+01 1.274677754287717631e-02 2.285700486178960170e-02 5.480780061579567736e-05 5.904484444545345594e-05
4.500000000000000000e+01 8.472261461936955729e-03 2.031172591496115468e-02 5.303460250555008402e-05 5.716913151089339669e-05
4.600000000000000000e+01 5.362197387467108715e-03 1.765471547799932553e-02 5.103563867535139029e-05 5.495285446110558116e-05
4.700000000000000000e+01 4.327543354531616406e-03 1.498743929838144626e-02 4.898515075414648390e-05 5.254041508154025380e-05
