# freqs 	 pli 	 dpli 	 meanpower(thalamus)	 meanpower(scalp)	pli
8.000000000000000000e+00 -1.806026775919364336e-02 -5.045674870186753896e-02 3.411449407745205267e-05 2.062000992964142961e-04
9.000000000000000000e+00 -7.146858096199736401e-03 -4.602940878240247696e-02 3.252694018289462486e-05 2.005757033765398565e-04
1.000000000000000000e+01 -5.183716465519954829e-05 -1.769973570530320242e-02 3.177610889726369928e-05 1.825621192794510536e-04
1.100000000000000000e+01 5.492190448631736888e-03 3.923482425365296643e-03 3.138355070131464256e-05 1.626940156828729533e-04
1.200000000000000000e+01 2.184670456938302835e-03 1.345830818198146287e-03 3.132901245778425256e-05 1.471371999949477784e-04
1.300000000000000000e+01 -5.124149666141302427e-03 -2.490349730569963935e-02 3.144145166438115424e-05 1.359258318616435172e-04
1.400000000000000000e+01 -1.369407664220115804e-02 -4.284393830941344433e-02 3.126677753153897906e-05 1.279641441669604842e-04
1.500000000000000000e+01 -1.899245968940278806e-02 -4.786427334185514720e-02 3.093200221029397445e-05 1.223431299994935824e-04
1.600000000000000000e+01 -2.097248082835416472e-02 -5.071624900164926203e-02 3.074665436283054306e-05 1.184289945968193986e-04
1.700000000000000000e+01 -2.321617929703896285e-02 -5.464620568729028349e-02 3.068241518695353820e-05 1.159472589158426161e-04
1.800000000000000000e+01 -2.663032902161166851e-02 -5.824209709440914678e-02 3.064142999413290412e-05 1.145267197724420140e-04
1.900000000000000000e+01 -2.856726364398042353e-02 -6.044151265277450391e-02 3.055550083278472392e-05 1.136048686539258267e-04
2.000000000000000000e+01 -2.966989523621268998e-02 -6.128901995028750160e-02 3.044359924464241563e-05 1.125656789767171255e-04
2.100000000000000000e+01 -2.885321476133187457e-02 -6.021972649890436347e-02 3.033304761145470165e-05 1.111082104891532009e-04
2.200000000000000000e+01 -2.792970392051377301e-02 -5.619560080417521086e-02 3.026114626538448546e-05 1.089887388640323695e-04
2.300000000000000000e+01 -2.751970384523525284e-02 -5.023509360648047151e-02 3.022688764207113476e-05 1.060851566590830972e-04
2.400000000000000000e+01 -2.492881581007631159e-02 -4.416853076841582154e-02 3.023710131269540752e-05 1.024398093612904984e-04
2.500000000000000000e+01 -2.274782611889116651e-02 -3.784070158968996095e-02 3.027401486030642462e-05 9.820095291007691074e-05
2.600000000000000000e+01 -1.899220465444184311e-02 -2.957252079092951777e-02 3.034275327824708922e-05 9.363873137987422583e-05
2.700000000000000000e+01 -1.282156585357571710e-02 -1.816033693974410113e-02 3.045912062226928103e-05 8.902180710519901313e-05
2.800000000000000000e+01 -6.104591013964951948e-03 -3.619546551451711513e-03 3.062465540412784401e-05 8.455920256130262578e-05
2.900000000000000000e+01 -1.189883695061340384e-03 1.280422572386474833e-02 3.083007438087076050e-05 8.037839847727965101e-05
3.000000000000000000e+01 3.838582316010406316e-03 2.822999335532707862e-02 3.103215347430603508e-05 7.653885472921668923e-05
3.100000000000000000e+01 8.418988020076066323e-03 3.894540657705362896e-02 3.116658892442609140e-05 7.304193515413068077e-05
3.200000000000000000e+01 9.215110800955349235e-03 4.225394954051956559e-02 3.119703558769464248e-05 6.986028739303601711e-05
3.300000000000000000e+01 6.887123069615784694e-03 3.781230236578823206e-02 3.112127790941860442e-05 6.695065643134630610e-05
3.400000000000000000e+01 3.224312988471499542e-03 2.761712496636652137e-02 3.096863587717013151e-05 6.428383480431941596e-05
3.500000000000000000e+01 -6.513153039845738079e-04 1.476585552404052412e-02 3.077607373852360635e-05 6.183393386369122704e-05
3.600000000000000000e+01 -5.078764038326645178e-03 2.127645837566317141e-03 3.056974749971786315e-05 5.958169655210786725e-05
3.700000000000000000e+01 -8.404905599764632765e-03 -8.433833355996366021e-03 3.037028554530416357e-05 5.750013059388362283e-05
3.800000000000000000e+01 -1.062154223702788287e-02 -1.621159991190598837e-02 3.018795631955626359e-05 5.557736601196208508e-05
3.900000000000000000e+01 -1.190756262288457552e-02 -2.141016917178424628e-02 3.002524955017182536e-05 5.379895358932198298e-05
4.000000000000000000e+01 -1.164265441251081945e-02 -2.467435723268888645e-02 2.987307581843069980e-05 5.214844396745031008e-05
4.100000000000000000e+01 -1.230492767405145550e-02 -2.665045893935097734e-02 2.970986921922781393e-05 5.059556652409251615e-05
4.200000000000000000e+01 -1.367199532258777349e-02 -2.777931377682091307e-02 2.949982791652665636e-05 4.907946390487523012e-05
4.300000000000000000e+01 -1.388085744312915829e-02 -2.830673310044597504e-02 2.919028109918584242e-05 4.751451312716332444e-05
4.400000000000000000e+01 -1.427764382810036564e-02 -2.839707028027011956e-02 2.872318115503729323e-05 4.580831269130448909e-05
4.500000000000000000e+01 -1.401124774086919683e-02 -2.816543056462216671e-02 2.806481988743624064e-05 4.390016715304497576e-05
4.600000000000000000e+01 -1.337856887571528541e-02 -2.769179859505277105e-02 2.724466022880149259e-05 4.180630563047044819e-05
4.700000000000000000e+01 -1.193236229455016048e-02 -2.700290034520723761e-02 2.637101443227029865e-05 3.964635686065758746e-05
