# freqs 	 pli 	 dpli 	 meanpower(thalamus)	 meanpower(scalp)	pli
8.000000000000000000e+00 3.434474003625336003e-02 7.142818053207408702e-02 5.242992262112275951e-05 1.839042706377246126e-04
9.000000000000000000e+00 4.921582707526881567e-02 1.064023689719520993e-01 4.468660855854436940e-05 1.690455445560269990e-04
1.000000000000000000e+01 5.039892314414613772e-02 1.069374679893441982e-01 4.385585844736585834e-05 1.516804146069720299e-04
1.100000000000000000e+01 4.267497045815835804e-02 9.248806013333676912e-02 4.533766827443148911e-05 1.387114843402700057e-04
1.200000000000000000e+01 3.182680753787989897e-02 5.856784259111277174e-02 4.997664201683021273e-05 1.346149826547321840e-04
1.300000000000000000e+01 2.015712322399734746e-02 1.985833726817412548e-02 5.655966988648414556e-05 1.353550180749574184e-04
1.400000000000000000e+01 1.688693904467880591e-02 1.568026960214454965e-02 6.138592384940788616e-05 1.353462882482984412e-04
1.500000000000000000e+01 1.385777141252765403e-02 2.472649519661122841e-02 6.312336964762263610e-05 1.332319831719401136e-04
1.600000000000000000e+01 1.108009993865821489e-02 2.812515634420930527e-02 6.227572519096257419e-05 1.305470188119099110e-04
1.700000000000000000e+01 1.383214521166221782e-02 2.882675163653089859e-02 5.966662173416914744e-05 1.288948124987401660e-04
1.800000000000000000e+01 1.636332673591519432e-02 3.075774984359146147e-02 5.602910644808397820e-05 1.283461135940719411e-04
1.900000000000000000e+01 1.842312973458469158e-02 3.245944843578890682e-02 5.206311958054045608e-05 1.281733142700266495e-04
2.000000000000000000e+01 1.838090270777268526e-02 3.294726056593147434e-02 4.835506750815356117e-05 1.273302726341361758e-04
2.100000000000000000e+01 2.030205229708765408e-02 3.376047146318725267e-02 4.520697646460976581e-05 1.250083973138990591e-04
2.200000000000000000e+01 2.263799219296490708e-02 3.634895656109361772e-02 4.268615793712542513e-05 1.211499656026602639e-04
2.300000000000000000e+01 2.365003597275925837e-02 4.109942904323453383e-02 4.068041942665463886e-05 1.162236893866331895e-04
2.400000000000000000e+01 2.653625448732090802e-02 4.760874012649921744e-02 3.904936118555117890e-05 1.108067671530999388e-04
2.500000000000000000e+01 3.083675686247465408e-02 5.481763340589316386e-02 3.768707462572732362e-05 1.053854621901570318e-04
2.600000000000000000e+01 3.417920009806869192e-02 6.132113269908046060e-02 3.652671458047244659e-05 1.002913311059755019e-04
2.700000000000000000e+01 3.529074889064384019e-02 6.626615206197861152e-02 3.551546111796989949e-05 9.572816273354696351e-05
2.800000000000000000e+01 3.703074217950742819e-02 6.940242624876293009e-02 3.460740824350946193e-05 9.177095098255017805e-05
2.900000000000000000e+01 3.846265353124834335e-02 7.119535551813381546e-02 3.378273659156079975e-05 8.841644131790240353e-05
3.000000000000000000e+01 3.882463495471553255e-02 7.221628214124288514e-02 3.304116517752620218e-05 8.558697406168621236e-05
3.100000000000000000e+01 3.897892832831453130e-02 7.275997478293984300e-02 3.238424975386753734e-05 8.320152366204908558e-05
3.200000000000000000e+01 3.738929499685476887e-02 7.263680266444565159e-02 3.181637574755145594e-05 8.117008800785399897e-05
3.300000000000000000e+01 3.682965736666054396e-02 7.124818943337890564e-02 3.132977098914773269e-05 7.941069292632576139e-05
3.400000000000000000e+01 3.565884465678639814e-02 6.830864348042418877e-02 3.090253394433175872e-05 7.785554927716072126e-05
3.500000000000000000e+01 3.446670968543753821e-02 6.391242237882889532e-02 3.051822383157699295e-05 7.645751880969316704e-05
3.600000000000000000e+01 3.196165810964072401e-02 5.870814529835115952e-02 3.016767795009341743e-05 7.520884110912618478e-05
3.700000000000000000e+01 2.994887444146616257e-02 5.365909264520807992e-02 2.984772446108433083e-05 7.412075306536928827e-05
3.800000000000000000e+01 2.773460550399882082e-02 4.965552729234500723e-02 2.955894509557246109e-05 7.319400788514883699e-05
3.900000000000000000e+01 2.610066525035149854e-02 4.726430208778437808e-02 2.929888608969247126e-05 7.239881517208030296e-05
4.000000000000000000e+01 2.567283326894040374e-02 4.657931079346941394e-02 2.906350363252458964e-05 7.172033844798930430e-05
4.100000000000000000e+01 2.659165899377152059e-02 4.726085113849459729e-02 2.883656043304680885e-05 7.110908652813827829e-05
4.200000000000000000e+01 2.793381559856901453e-02 4.879343145060173470e-02 2.858480534432028032e-05 7.046167453585662943e-05
4.300000000000000000e+01 2.871261846418472069e-02 5.067645969897922875e-02 2.825023824937366551e-05 6.962177993410760286e-05
4.400000000000000000e+01 2.953201815236755623e-02 5.249668054535330808e-02 2.777107043574250354e-05 6.844051108843040893e-05
4.500000000000000000e+01 2.992881376303669835e-02 5.406171455344894322e-02 2.711022484536233305e-05 6.681167054624985425e-05
4.600000000000000000e+01 3.040203539729543700e-02 5.534353628992395163e-02 2.628768271431139184e-05 6.476284966900811273e-05
4.700000000000000000e+01 3.121241111132556575e-02 5.639371567880602926e-02 2.539880896296924703e-05 6.250688565380252122e-05
