# freqs 	 pli 	 dpli 	 meanpower(thalamus)	 meanpower(scalp)	pli
8.000000000000000000e+00 -2.402307520409388553e-02 -6.672315017182743613e-02 4.700148407629253886e-05 4.669829528666134756e-04
9.000000000000000000e+00 -4.935736724101173062e-02 -1.254802300390565617e-01 5.165677883444898835e-05 4.077964063218552141e-04
1.000000000000000000e+01 -7.131046391759653102e-02 -1.402591281348012919e-01 5.582106014413571772e-05 3.025863757935709909e-04
1.100000000000000000e+01 -5.448750423064734755e-02 -1.003765717611022346e-01 5.586226614456598873e-05 2.659812054910642553e-04
1.200000000000000000e+01 -1.857047534526969426e-02 -5.320723343265158084e-02 5.286885358778317505e-05 2.516644771105568676e-04
1.300000000000000000e+01 4.798962929765298105e-03 -1.766547878768095006e-02 4.944276455102870698e-05 2.366265115501542404e-04
1.400000000000000000e+01 1.263674553385828701e-02 -2.103077147405649390e-03 4.662560755478790719e-05 2.163556942324052575e-04
1.500000000000000000e+01 9.493739742975050577e-03 3.546235341833363711e-03 4.445622228619298824e-05 1.942577822316322856e-04
1.600000000000000000e+01 1.371176434667617343e-02 1.619144312961344825e-02 4.277562523355538890e-05 1.750071233372530355e-04
1.700000000000000000e+01 1.979909362865694272e-02 2.977227121827042550e-02 4.142990939648849168e-05 1.597354486979468138e-04
1.800000000000000000e+01 2.264566381313726576e-02 3.541858025028671308e-02 4.034398171197044707e-05 1.481690334403110100e-04
1.900000000000000000e+01 2.478923255953665791e-02 3.527483985345921530e-02 3.950047059316789993e-05 1.402725095801614212e-04
2.000000000000000000e+01 2.391771427897687249e-02 3.610734646487033517e-02 3.883022982835189208e-05 1.352693459777530474e-04
2.100000000000000000e+01 2.633167045599020192e-02 3.934469344756647002e-02 3.829699490320799581e-05 1.319923544319331497e-04
2.200000000000000000e+01 2.698031647768701566e-02 4.080034491571495753e-02 3.788066936899843115e-05 1.292996243497799755e-04
2.300000000000000000e+01 2.455533792578320010e-02 3.778775210670505535e-02 3.756320072797205117e-05 1.267917886201722164e-04
2.400000000000000000e+01 2.136166013747001213e-02 3.213351510034923725e-02 3.731640260127837175e-05 1.244077016930034965e-04
2.500000000000000000e+01 1.801222680866332998e-02 2.627495224973627405e-02 3.711721888825189494e-05 1.222351073982454867e-04
2.600000000000000000e+01 1.358484633378274735e-02 2.070454247598322792e-02 3.692783052807312741e-05 1.203021064313473791e-04
2.700000000000000000e+01 1.127826941287373916e-02 1.505586583830406319e-02 3.671410012234623313e-05 1.186867196741656338e-04
2.800000000000000000e+01 8.666066803823134837e-03 9.523318262674695597e-03 3.645851451711413772e-05 1.172664288471168874e-04
2.900000000000000000e+01 5.484967135819017806e-03 5.235278855644866051e-03 3.617563152115099126e-05 1.161035982047429392e-04
3.000000000000000000e+01 4.319601196803922287e-03 3.091550824285659027e-03 3.586245560703033025e-05 1.151830185888016929e-04
3.100000000000000000e+01 4.042060248818434703e-03 3.260920543634678991e-03 3.552518046957408183e-05 1.146698234964243541e-04
3.200000000000000000e+01 4.143035107482247702e-03 4.922314064146629531e-03 3.516121971135725285e-05 1.146039079256345908e-04
3.300000000000000000e+01 6.110186076810446981e-03 7.205582591866894343e-03 3.477255662622286852e-05 1.149912430174418742e-04
3.400000000000000000e+01 9.061661490636483199e-03 9.787788755663872145e-03 3.437410394188228889e-05 1.159349543915065849e-04
3.500000000000000000e+01 1.044623930762695642e-02 1.235583285520107898e-02 3.397000040841559906e-05 1.172669620509145304e-04
3.600000000000000000e+01 1.103372623405762809e-02 1.496294121761789636e-02 3.357100869484071291e-05 1.189265243801685795e-04
3.700000000000000000e+01 1.164906232966514930e-02 1.753346522282460060e-02 3.318603247304787509e-05 1.208074919941089839e-04
3.800000000000000000e+01 1.283769440510353424e-02 1.992033181634647598e-02 3.282705990170326312e-05 1.228573065221016795e-04
3.900000000000000000e+01 1.510395838919173159e-02 2.178791627118375693e-02 3.249225422091097813e-05 1.248644155182790480e-04
4.000000000000000000e+01 1.543148292820572913e-02 2.310553958438339023e-02 3.217923779241900690e-05 1.268190643804037248e-04
4.100000000000000000e+01 1.541610357230405008e-02 2.391994219437393321e-02 3.187466786556608709e-05 1.286307945172911714e-04
4.200000000000000000e+01 1.451819599803304967e-02 2.436355915787037640e-02 3.154471860136399605e-05 1.301053725010043415e-04
4.300000000000000000e+01 1.358973711928127687e-02 2.450144182185562750e-02 3.112867205103404242e-05 1.308637663816529333e-04
4.400000000000000000e+01 1.296717915305899312e-02 2.452279676420337368e-02 3.056494825974177983e-05 1.307284363718764445e-04
4.500000000000000000e+01 1.216367549315823006e-02 2.438661845313678037e-02 2.981255796211890267e-05 1.294455873163128843e-04
4.600000000000000000e+01 1.168798459462054053e-02 2.410338582034366947e-02 2.889718194131713644e-05 1.271417954494591439e-04
4.700000000000000000e+01 1.179001387537765080e-02 2.367483335121088953e-02 2.792995175557610760e-05 1.243344461732102816e-04
