# freqs 	 pli 	 dpli 	 meanpower(thalamus)	 meanpower(scalp)	pli
8.000000000000000000e+00 -4.338717821932893542e-02 -5.248355593489444776e-02 1.885588781526814780e-04 1.601587523269575204e-04
9.000000000000000000e+00 -1.257551618757251494e-02 8.106241100232190744e-03 1.677642481329684790e-04 1.449629367082207263e-04
1.000000000000000000e+01 8.411596611176345994e-03 4.816761927514131431e-02 1.560602886416334828e-04 1.396109991975839394e-04
1.100000000000000000e+01 3.199879783193154692e-02 7.749057678603947508e-02 1.503731918529327969e-04 1.433124254609533194e-04
1.200000000000000000e+01 2.635548068635900493e-02 4.044072969417199931e-02 1.480170526368789212e-04 1.638518490529783020e-04
1.300000000000000000e+01 -1.449524662803625824e-02 -6.194076814474357845e-02 1.462437320318750065e-04 2.086511318541785817e-04
1.400000000000000000e+01 -3.892947308803624412e-02 -1.237289976960898596e-01 1.401327083446839128e-04 2.300652115869071209e-04
1.500000000000000000e+01 -4.506081834819639087e-02 -1.192986767926397518e-01 1.295367656795736464e-04 2.050185718888828832e-04
1.600000000000000000e+01 -3.429647445142948448e-02 -8.306824251314484653e-02 1.193155987034681144e-04 1.633966501356418880e-04
1.700000000000000000e+01 -1.950345778996522006e-02 -5.313340407862367915e-02 1.118156642602653359e-04 1.327109561531531216e-04
1.800000000000000000e+01 -1.462425616798685400e-02 -3.743739797333017066e-02 1.060153014537637328e-04 1.167733679380898823e-04
1.900000000000000000e+01 -1.253885049263505497e-02 -3.099071466930264016e-02 1.006637568320211887e-04 1.089252968272237210e-04
2.000000000000000000e+01 -1.477078857082546499e-02 -3.090991776505531627e-02 9.545843785442281021e-05 1.041632212660037682e-04
2.100000000000000000e+01 -1.874319554337475213e-02 -3.249304411018250072e-02 9.045983409023970246e-05 1.006219430246315934e-04
2.200000000000000000e+01 -1.840450772145780373e-02 -3.213980089456352357e-02 8.577346640027558528e-05 9.762008567974425491e-05
2.300000000000000000e+01 -1.514807689973801837e-02 -2.881682436005820677e-02 8.146557468499102160e-05 9.479585618342072702e-05
2.400000000000000000e+01 -1.126388355989757159e-02 -2.251778288359972818e-02 7.761814723891101973e-05 9.213371465631446688e-05
2.500000000000000000e+01 -7.174858509496858869e-03 -1.448202602611649119e-02 7.416384653456332867e-05 9.017795688384352450e-05
2.600000000000000000e+01 -2.600559704923310379e-03 -6.989439819720010688e-03 7.102313314491996265e-05 9.012392531562029999e-05
2.700000000000000000e+01 1.483342773473079112e-03 -1.759935619380042929e-03 6.810101005083608980e-05 9.238376439403072433e-05
2.800000000000000000e+01 3.086522201440677904e-03 7.587360769063487831e-04 6.533254821911897649e-05 9.500466659322686562e-05
2.900000000000000000e+01 4.664746811927313573e-03 1.196519664585004921e-03 6.273122536466800082e-05 9.531964840460741776e-05
3.000000000000000000e+01 5.526689826771865807e-03 2.158958548094675866e-04 6.032819327985247280e-05 9.218695116084145609e-05
3.100000000000000000e+01 6.159549997551990938e-03 -1.782200891012831936e-03 5.815299565448813840e-05 8.630082714217559084e-05
3.200000000000000000e+01 6.360057227068833911e-03 -4.461753924169029224e-03 5.621832042792668092e-05 7.922514907393594962e-05
3.300000000000000000e+01 5.894723269023869304e-03 -7.217642164864178540e-03 5.451643513905674954e-05 7.245060595501604894e-05
3.400000000000000000e+01 5.269048028574556050e-03 -9.215637593318637757e-03 5.301748083812379760e-05 6.686684823240847267e-05
3.500000000000000000e+01 5.761396944629896232e-03 -9.670168913411894551e-03 5.167661457033036079e-05 6.265885888428893505e-05
3.600000000000000000e+01 6.965271272006225145e-03 -8.333059372470554699e-03 5.046233611960579364e-05 5.957290393299858705e-05
3.700000000000000000e+01 7.016966519618004355e-03 -5.481002777485840909e-03 4.935891723323397031e-05 5.723654420065917139e-05
3.800000000000000000e+01 6.704982758203156465e-03 -1.735501939025051697e-03 4.835100720312545747e-05 5.536646817604580143e-05
3.900000000000000000e+01 6.328217761354682988e-03 2.236813674861168506e-03 4.742617470428409630e-05 5.377247772624119479e-05
4.000000000000000000e+01 6.707570669364829562e-03 5.839010479706321921e-03 4.657352047870750596e-05 5.234983010719752199e-05
4.100000000000000000e+01 6.542206332621873684e-03 8.725104964654130033e-03 4.576392861494184104e-05 5.102616720429489316e-05
4.200000000000000000e+01 6.352417130555046768e-03 1.079408039224931566e-02 4.494703234829698261e-05 4.973096328371761000e-05
4.300000000000000000e+01 6.662560911619198195e-03 1.210503813496271314e-02 4.404245327236417805e-05 4.836953487791838209e-05
4.400000000000000000e+01 6.916558461934179010e-03 1.283635204608708433e-02 4.295950074015654675e-05 4.685369356079263262e-05
4.500000000000000000e+01 6.707999072018556129e-03 1.310010148681626727e-02 4.164185398661331448e-05 4.511826281724721057e-05
4.600000000000000000e+01 6.204852750509353733e-03 1.295749158464226496e-02 4.010918508528514987e-05 4.318396685853547059e-05
4.700000000000000000e+01 5.946390635376365419e-03 1.237519780928803166e-02 3.848933769330688801e-05 4.119536565129140509e-05
