# freqs 	 pli 	 dpli 	 meanpower(thalamus)	 meanpower(scalp)	pli
8.000000000000000000e+00 -1.058318718281732462e-01 -2.217256958750689899e-01 8.890884742768124670e-05 3.664107213941613771e-04
9.000000000000000000e+00 -5.940512838065205997e-02 -1.112629799458185603e-01 8.629615947764823856e-05 2.602225832673616041e-04
1.000000000000000000e+01 -9.555418344725008506e-03 -1.939900290673047048e-02 9.444174319978080982e-05 1.995808561916123289e-04
1.100000000000000000e+01 2.422751527179769354e-02 1.867396914196432431e-02 1.157072868824715226e-04 1.683921266860230915e-04
1.200000000000000000e+01 5.517484224220989969e-02 9.658924328331805476e-02 1.211730840978308179e-04 1.601548378796685047e-04
1.300000000000000000e+01 6.490037879914922758e-02 1.486346266604821609e-01 1.051305646561619882e-04 1.673891572466477972e-04
1.400000000000000000e+01 5.679083814966479765e-02 1.311023366151650993e-01 8.551697224329989186e-05 1.703872805819237502e-04
1.500000000000000000e+01 3.642311798090592384e-02 9.449875613792854678e-02 7.071011336460555040e-05 1.559197891074484612e-04
1.600000000000000000e+01 1.826129450248466582e-02 5.605825340781445121e-02 6.042791151416560219e-05 1.314690862108957063e-04
1.700000000000000000e+01 6.571942172506254828e-03 2.310509562563289876e-02 5.351699502615240217e-05 1.093788921504455693e-04
1.800000000000000000e+01 -6.307641409481850019e-04 3.972555029710683576e-03 4.915384939223692680e-05 9.444894024453995588e-05
1.900000000000000000e+01 -3.066410703384158092e-03 -2.577981818633315672e-03 4.661759335536114646e-05 8.534860291210108669e-05
2.000000000000000000e+01 -3.024886996330769257e-03 -3.039144342233491679e-03 4.551247058167041975e-05 7.964999438237723025e-05
2.100000000000000000e+01 -1.395263231948368600e-03 -2.999586157940905412e-03 4.566286082250175848e-05 7.577435181597105991e-05
2.200000000000000000e+01 -3.788226532715133297e-03 -3.881119985061126133e-03 4.647798698147991833e-05 7.291583121921356556e-05
2.300000000000000000e+01 -2.918923522148139747e-03 -3.698472935872204343e-03 4.700306112907341207e-05 7.072441813300991498e-05
2.400000000000000000e+01 -1.702860556231090101e-03 -1.943684634489957963e-03 4.662066963570445522e-05 6.900366515606914323e-05
2.500000000000000000e+01 -3.994068679643049662e-04 6.533823219859167192e-06 4.532035890887711217e-05 6.758476350536747222e-05
2.600000000000000000e+01 6.271767166189730520e-04 1.897431202802664840e-03 4.346635308364803316e-05 6.627354944240800092e-05
2.700000000000000000e+01 2.656272477297071111e-03 4.568285313058287680e-03 4.147233974095619846e-05 6.489375791549051699e-05
2.800000000000000000e+01 5.565150291301551068e-03 8.105939830697055787e-03 3.963363061041880799e-05 6.332317876041818744e-05
2.900000000000000000e+01 8.358457056336664193e-03 1.136221683910679063e-02 3.809181659379080144e-05 6.156585217523891432e-05
3.000000000000000000e+01 8.705575952620453126e-03 1.324378355036331771e-02 3.685589259901053173e-05 5.973719357469508558e-05
3.100000000000000000e+01 6.746603630995271980e-03 1.346674043884458875e-02 3.588923626780324278e-05 5.800165040654742948e-05
3.200000000000000000e+01 5.783459233384176910e-03 1.231806652763716044e-02 3.514704964917877132e-05 5.643972078038016427e-05
3.300000000000000000e+01 3.973183209275054674e-03 1.026159365497762536e-02 3.456995287672451973e-05 5.509530800781539960e-05
3.400000000000000000e+01 2.849146701235484060e-03 7.785714084718060694e-03 3.409743917361300576e-05 5.397224353514642635e-05
3.500000000000000000e+01 1.451623583176238829e-03 5.255165360031318136e-03 3.367330428253992086e-05 5.301007799798759443e-05
3.600000000000000000e+01 5.053251171822061493e-04 2.937819621877820007e-03 3.326106542843808403e-05 5.218578652449568198e-05
3.700000000000000000e+01 -2.313226186159300255e-04 9.423366374971882831e-04 3.284149986074647623e-05 5.148914965348420653e-05
3.800000000000000000e+01 -5.721979439264295703e-05 -7.234996828314550679e-04 3.241733119780558172e-05 5.090235603466562503e-05
3.900000000000000000e+01 -1.037849140822492749e-03 -2.168488139243152698e-03 3.199938477410416284e-05 5.038409872097715048e-05
4.000000000000000000e+01 -1.604429460753433118e-03 -3.520779706798823818e-03 3.159492959043625973e-05 4.991823152299752260e-05
4.100000000000000000e+01 -2.292723421758597648e-03 -4.942642869916552550e-03 3.119757408039769393e-05 4.947097659136333883e-05
4.200000000000000000e+01 -2.568086446730111043e-03 -6.582202402954527923e-03 3.077853175082166128e-05 4.898590033557985224e-05
4.300000000000000000e+01 -3.644943412938654072e-03 -8.523850815558790123e-03 3.028126655717141300e-05 4.836339219433877039e-05
4.400000000000000000e+01 -4.949813176338373547e-03 -1.077683498571899504e-02 2.963871464689328821e-05 4.752157339517383165e-05
4.500000000000000000e+01 -5.841508132668098326e-03 -1.326415822581675404e-02 2.880851687396828072e-05 4.638691851972925602e-05
4.600000000000000000e+01 -6.766176640857188111e-03 -1.585989893563931677e-02 2.780705224515467457e-05 4.498688081082754018e-05
4.700000000000000000e+01 -7.626295106177616995e-03 -1.838692400526652226e-02 2.672822227142157694e-05 4.346879374685804734e-05
