# freqs 	 pli 	 dpli 	 meanpower(thalamus)	 meanpower(scalp)	pli
8.000000000000000000e+00 2.509659408471118930e-02 8.337075075194100293e-02 6.582264536939420440e-05 2.140107773153708895e-04
9.000000000000000000e+00 9.249862184968973486e-03 2.863910179168685510e-02 6.558905206032061169e-05 1.705578247946030589e-04
1.000000000000000000e+01 -7.576574520021903559e-04 1.156287185420676843e-02 6.299673413636770931e-05 1.459600030206224808e-04
1.100000000000000000e+01 -3.723037142884916360e-03 1.819717575363053201e-03 5.950042578270267748e-05 1.293211017438827728e-04
1.200000000000000000e+01 -6.274399484809747851e-04 1.422972021561430805e-03 5.697401961528645979e-05 1.195256170571755433e-04
1.300000000000000000e+01 1.018823493935443886e-02 2.899421369638226914e-02 5.618217320754180001e-05 1.124287382601525025e-04
1.400000000000000000e+01 1.025448122465000625e-02 3.936499634602132897e-02 5.627415273276369583e-05 1.042435911700134119e-04
1.500000000000000000e+01 -2.827510976278214180e-03 2.512318686902633227e-02 5.584784397582947223e-05 9.584017612196923973e-05
1.600000000000000000e+01 -2.755029278938611343e-03 5.255561034509710801e-03 5.475103697865547377e-05 8.752623102662639306e-05
1.700000000000000000e+01 -5.525278012406320549e-03 -6.991480288075396440e-03 5.358423133493158520e-05 7.953168043082677605e-05
1.800000000000000000e+01 -9.856772543647782797e-03 -1.445571144500578178e-02 5.276085040270448942e-05 7.257556685466631720e-05
1.900000000000000000e+01 -1.336813045179713159e-02 -2.258825419946215371e-02 5.235218859904448597e-05 6.720330537015648908e-05
2.000000000000000000e+01 -1.312749128673919644e-02 -2.886314318169697773e-02 5.230126627575901681e-05 6.322277686110776328e-05
2.100000000000000000e+01 -1.250335290633905125e-02 -3.195207407543593225e-02 5.250094118375460547e-05 6.033822233118960244e-05
2.200000000000000000e+01 -1.418172857040650610e-02 -3.574330227987772279e-02 5.282289322334976706e-05 5.822243970949351956e-05
2.300000000000000000e+01 -2.234195269353904736e-02 -4.149670438137659234e-02 5.321063570848663866e-05 5.674211695591968704e-05
2.400000000000000000e+01 -2.336812176743180078e-02 -4.514628884190757807e-02 5.359849872195695847e-05 5.571725168198150504e-05
2.500000000000000000e+01 -2.340322243257217036e-02 -4.419868745480286937e-02 5.394893469632891384e-05 5.493262848006810636e-05
2.600000000000000000e+01 -2.799206118822103115e-02 -4.038912219132621134e-02 5.415867038639819389e-05 5.415682435560221413e-05
2.700000000000000000e+01 -2.242116035499624668e-02 -3.575141263302261674e-02 5.414492287493450810e-05 5.325699510589789018e-05
2.800000000000000000e+01 -1.762019447754926277e-02 -3.049279923661568636e-02 5.393503961636136374e-05 5.222558852072666793e-05
2.900000000000000000e+01 -1.426603018291289215e-02 -2.458881300459706681e-02 5.358263314993444838e-05 5.114964817261439839e-05
3.000000000000000000e+01 -1.185439607045822921e-02 -1.849312738587088542e-02 5.311781634295166532e-05 5.005932552071191055e-05
3.100000000000000000e+01 -8.237674430117865321e-03 -1.332804137164883204e-02 5.254369093363094869e-05 4.903479819387594291e-05
3.200000000000000000e+01 -6.187090220703666404e-03 -9.453918569035112823e-03 5.186575615592984835e-05 4.812952323791606110e-05
3.300000000000000000e+01 -2.674394427695186635e-03 -6.635838480274796301e-03 5.108188561197055919e-05 4.735360065314732255e-05
3.400000000000000000e+01 -2.621757342801583294e-03 -4.460713942141023014e-03 5.018088642717968205e-05 4.674148545614914834e-05
3.500000000000000000e+01 -2.777594160182805371e-03 -2.424565696273847659e-03 4.915691533156419431e-05 4.625329860698191366e-05
3.600000000000000000e+01 -4.489682277604035293e-03 -2.146738242523836277e-04 4.802515223094187721e-05 4.587738632142382688e-05
3.700000000000000000e+01 -2.127026432573003202e-03 2.140291760691576464e-03 4.682259360497944759e-05 4.558707870250560854e-05
3.800000000000000000e+01 1.204942200227040539e-03 4.184370263317028528e-03 4.559756780675950033e-05 4.539367863344905484e-05
3.900000000000000000e+01 3.183155982384902605e-03 5.427682735610637153e-03 4.438907748835858251e-05 4.527301063944791886e-05
4.000000000000000000e+01 4.557003799007127397e-03 5.454624256652762342e-03 4.321556132838938144e-05 4.522925951485998349e-05
4.100000000000000000e+01 4.694472886038289494e-03 4.275343187115985058e-03 4.207182181349085256e-05 4.522954599125168486e-05
4.200000000000000000e+01 2.205454704541126316e-03 2.201312783087563084e-03 4.092642564105660147e-05 4.519913731039712783e-05
4.300000000000000000e+01 -1.008796084224179235e-03 -3.121108437044254886e-04 3.972389620507603793e-05 4.501132796654617329e-05
4.400000000000000000e+01 -4.793743066170108938e-03 -2.946170627958926737e-03 3.839787498993249711e-05 4.459497636876241750e-05
4.500000000000000000e+01 -8.232492788541809214e-03 -5.338079721612792872e-03 3.690155233806351534e-05 4.385971331189244415e-05
4.600000000000000000e+01 -8.082241522884715118e-03 -7.158550150743622949e-03 3.525347137954400959e-05 4.282956990819875075e-05
4.700000000000000000e+01 -9.194845348931113271e-03 -8.214557776539760381e-03 3.355985836712535895e-05 4.165542115818369269e-05
