# freqs 	 pli 	 dpli 	 meanpower(thalamus)	 meanpower(scalp)	pli
8.000000000000000000e+00 -3.090372319287795766e-02 -6.077639580405393843e-02 7.639667308549098052e-05 2.088301396198722140e-04
9.000000000000000000e+00 -2.566787066213411031e-02 -5.964787482778715483e-02 7.904974421895360223e-05 1.888200517784456784e-04
1.000000000000000000e+01 -1.620881268453679136e-02 -3.308686891705638067e-02 9.046512167044347744e-05 1.819860076455391518e-04
1.100000000000000000e+01 -1.137930116321708013e-02 1.745181225549775894e-02 9.693699135063409199e-05 2.010553240366044119e-04
1.200000000000000000e+01 -2.550981222779639956e-02 -5.114651893065395513e-03 8.552385509015321288e-05 2.381198247621440123e-04
1.300000000000000000e+01 -5.269032664051818277e-02 -8.986112746812952023e-02 6.849299745663278672e-05 2.604559746960924860e-04
1.400000000000000000e+01 -6.419827123343328779e-02 -1.541035958763540825e-01 5.651697159975668279e-05 2.449368189897818768e-04
1.500000000000000000e+01 -5.680015112603763183e-02 -1.593572138335205834e-01 5.027325741548862838e-05 2.060689653804831335e-04
1.600000000000000000e+01 -4.379150940839578871e-02 -1.309870493137972880e-01 4.741576382151250834e-05 1.682562465590165673e-04
1.700000000000000000e+01 -3.365898759826058129e-02 -9.561683718237815044e-02 4.619810680442423264e-05 1.421112206024196275e-04
1.800000000000000000e+01 -2.920263088127227416e-02 -6.965273513318950838e-02 4.594003439585777514e-05 1.263819437047692589e-04
1.900000000000000000e+01 -2.700850752118098136e-02 -5.771996246026333405e-02 4.652548581214966322e-05 1.168550108080499626e-04
2.000000000000000000e+01 -2.708139733111189149e-02 -5.495863690370368648e-02 4.767065394040464392e-05 1.105335298375176442e-04
2.100000000000000000e+01 -2.609398175122736377e-02 -5.421185550509997897e-02 4.863704890284638083e-05 1.058775178697725399e-04
2.200000000000000000e+01 -2.450539289916570107e-02 -5.135512795279233156e-02 4.872787970948015056e-05 1.021784341283608471e-04
2.300000000000000000e+01 -2.165134020459429098e-02 -4.590454490630645201e-02 4.778035744997490621e-05 9.917175062195484085e-05
2.400000000000000000e+01 -1.819957932394742836e-02 -3.877778726938471698e-02 4.607902188706684946e-05 9.668539732412957080e-05
2.500000000000000000e+01 -1.511090757403406835e-02 -3.108390092852909153e-02 4.408496955405863420e-05 9.457350822696989853e-05
2.600000000000000000e+01 -1.269588791507169322e-02 -2.400823309599767544e-02 4.219920764620356990e-05 9.271129352793129098e-05
2.700000000000000000e+01 -1.038726288267126027e-02 -1.847187912340440483e-02 4.065010332250311280e-05 9.103521109110523295e-05
2.800000000000000000e+01 -8.176892390414428058e-03 -1.477330939109246233e-02 3.951453259616405177e-05 8.948073650950631361e-05
2.900000000000000000e+01 -6.470221961354797810e-03 -1.272487319575491688e-02 3.876416690881955311e-05 8.808014272173386933e-05
3.000000000000000000e+01 -5.556734218665210744e-03 -1.185792395035930626e-02 3.830134328242756068e-05 8.685518122566101835e-05
3.100000000000000000e+01 -4.764654731355706142e-03 -1.164157350982808481e-02 3.801056000661549216e-05 8.585078954253627615e-05
3.200000000000000000e+01 -4.377164066433202050e-03 -1.159416431605880642e-02 3.779418830454191273e-05 8.504746384667411082e-05
3.300000000000000000e+01 -4.883093110457588197e-03 -1.141783836678701355e-02 3.758806976609671503e-05 8.439906959564844741e-05
3.400000000000000000e+01 -5.137603798267735902e-03 -1.116975364605629281e-02 3.736291496275004771e-05 8.390838980563842110e-05
3.500000000000000000e+01 -5.906508852393026372e-03 -1.093712083432363084e-02 3.711228298138454065e-05 8.352164620376512831e-05
3.600000000000000000e+01 -6.034016256868585983e-03 -1.091971380561571579e-02 3.684518939293950659e-05 8.322994683590277166e-05
3.700000000000000000e+01 -6.449112833516792813e-03 -1.119168727008779986e-02 3.657239297499313089e-05 8.300841889251915748e-05
3.800000000000000000e+01 -7.280807154169969576e-03 -1.174644335730574106e-02 3.630154231828246181e-05 8.284511464766844467e-05
3.900000000000000000e+01 -7.694910697059745980e-03 -1.249716828924086684e-02 3.604087547752086920e-05 8.268505825172441982e-05
4.000000000000000000e+01 -8.034444776215132061e-03 -1.339386797629281770e-02 3.579106525072544664e-05 8.251464639255251022e-05
4.100000000000000000e+01 -8.100493437594566762e-03 -1.434448818787837504e-02 3.553850149857947096e-05 8.228697591358746842e-05
4.200000000000000000e+01 -8.245882375092342120e-03 -1.529180110990139944e-02 3.524650908493421627e-05 8.190057417836625533e-05
4.300000000000000000e+01 -8.659223136450075811e-03 -1.623584111209822392e-02 3.484860440285266576e-05 8.117793322914584225e-05
4.400000000000000000e+01 -9.379762433838818858e-03 -1.715461371983097519e-02 3.426701096757141728e-05 7.998851914148561229e-05
4.500000000000000000e+01 -9.870506834773683583e-03 -1.810295525046620030e-02 3.345390365471153130e-05 7.821398044316516353e-05
4.600000000000000000e+01 -1.058333549712212399e-02 -1.911281170844263480e-02 3.243339914678836094e-05 7.592693095261247535e-05
4.700000000000000000e+01 -1.127665918329002689e-02 -2.019652443017475735e-02 3.132322478934191018e-05 7.341854919818468551e-05
