# freqs 	 pli 	 dpli 	 meanpower(thalamus)	 meanpower(scalp)	pli
8.000000000000000000e+00 -3.863340688783083871e-02 -8.693742037939101996e-02 4.873043310665611236e-05 2.075341936632952753e-04
9.000000000000000000e+00 -2.424668159022116271e-02 -5.682412024590934724e-02 4.446528798741153506e-05 1.881542674168142797e-04
1.000000000000000000e+01 -1.209825842718396764e-02 -2.768207742861860873e-02 4.502000495369375870e-05 1.670360819071585641e-04
1.100000000000000000e+01 -9.572530911700946610e-03 -9.340470045505725946e-03 4.618510054982376956e-05 1.511807937888590516e-04
1.200000000000000000e+01 -1.093802778820436063e-02 -3.495672368658061992e-03 4.641410055787414756e-05 1.427682984563138208e-04
1.300000000000000000e+01 -1.408208058972129119e-02 -1.719097037801483110e-02 4.560758143839917613e-05 1.393462756443801954e-04
1.400000000000000000e+01 -1.364801673779013347e-02 -2.537412513132859121e-02 4.455527702293420365e-05 1.367583125743140145e-04
1.500000000000000000e+01 -1.421270798227203605e-02 -3.113474507453629220e-02 4.402306958691006147e-05 1.333504557473882491e-04
1.600000000000000000e+01 -1.775722523806627304e-02 -4.002776468615878297e-02 4.406069161957701326e-05 1.297742071504149664e-04
1.700000000000000000e+01 -2.157196032762354054e-02 -4.784991616368269862e-02 4.432140127694152339e-05 1.265384691992734421e-04
1.800000000000000000e+01 -2.550294110733719588e-02 -5.291897301051675523e-02 4.443617486428923989e-05 1.240055120212563155e-04
1.900000000000000000e+01 -2.879558517747789897e-02 -5.633442431893288110e-02 4.425395961322540740e-05 1.219313834136579144e-04
2.000000000000000000e+01 -2.980713698319158514e-02 -5.770623609287871963e-02 4.380788219999961217e-05 1.195915034600081539e-04
2.100000000000000000e+01 -2.791501178597952798e-02 -5.666219931460331205e-02 4.323384417313880603e-05 1.164294442612061304e-04
2.200000000000000000e+01 -2.665569762120290759e-02 -5.421106268293863356e-02 4.261811927192795041e-05 1.123849800187214890e-04
2.300000000000000000e+01 -2.537654017489135438e-02 -5.062441556959751399e-02 4.201751239967832540e-05 1.077195724880875650e-04
2.400000000000000000e+01 -2.238082421043907991e-02 -4.459810004923042692e-02 4.150790247281102130e-05 1.027992855785178270e-04
2.500000000000000000e+01 -1.633168799882241465e-02 -3.471361573223467889e-02 4.116356391463770847e-05 9.797164211506546568e-05
2.600000000000000000e+01 -1.010097307390805249e-02 -2.021360308061170841e-02 4.103318398251976919e-05 9.346696272737752996e-05
2.700000000000000000e+01 -1.691161231672596741e-03 -1.130088878810261771e-03 4.113225934696139907e-05 8.947565575064100928e-05
2.800000000000000000e+01 6.793889255629312861e-03 2.079124015270888970e-02 4.142572533622667963e-05 8.602358871258866050e-05
2.900000000000000000e+01 1.413169282445902834e-02 4.144131817953018021e-02 4.184216414490692597e-05 8.305990668276408407e-05
3.000000000000000000e+01 1.907404364632980104e-02 5.556972285496532271e-02 4.229272197929342172e-05 8.047889602286625269e-05
3.100000000000000000e+01 1.908512638527651295e-02 5.985210594781033983e-02 4.268466896186329359e-05 7.817211091338349498e-05
3.200000000000000000e+01 1.564561844673315050e-02 5.442192134407554394e-02 4.291287364814833717e-05 7.605828946277243220e-05
3.300000000000000000e+01 9.727653177349079167e-03 4.225901900474222234e-02 4.288246238621134442e-05 7.412004119854726110e-05
3.400000000000000000e+01 4.299299182926273437e-03 2.745911488085377508e-02 4.255186250659042697e-05 7.239824810921156840e-05
3.500000000000000000e+01 -2.885145928703943484e-04 1.333698188504237221e-02 4.195789642164012213e-05 7.093385089089953525e-05
3.600000000000000000e+01 -4.196145213752988483e-03 1.801841212573882748e-03 4.120767052650231024e-05 6.973918381080453988e-05
3.700000000000000000e+01 -7.054915515084977419e-03 -6.608710568901326500e-03 4.042801320451088951e-05 6.878282183447987047e-05
3.800000000000000000e+01 -9.204238638549385246e-03 -1.221395551358271485e-02 3.971154282393144744e-05 6.803309799810987519e-05
3.900000000000000000e+01 -9.907896928006617102e-03 -1.571066243247560071e-02 3.910285443670527344e-05 6.742126304770952702e-05
4.000000000000000000e+01 -9.267976432342344903e-03 -1.768664532963109062e-02 3.859959491114932893e-05 6.690481194548980083e-05
4.100000000000000000e+01 -9.250434325978228872e-03 -1.857665473630310329e-02 3.816551079118390418e-05 6.642834059996730587e-05
4.200000000000000000e+01 -9.757063213621321868e-03 -1.868953247299857956e-02 3.773900201819349300e-05 6.590769424860230938e-05
4.300000000000000000e+01 -9.187702990092546859e-03 -1.829927830475925471e-02 3.723333684515376052e-05 6.521327390506123037e-05
4.400000000000000000e+01 -8.223619819670170000e-03 -1.762590609603539513e-02 3.655563341783623314e-05 6.421602946427345182e-05
4.500000000000000000e+01 -7.436028206053164891e-03 -1.689941807504524371e-02 3.564755489965381355e-05 6.281230801971721621e-05
4.600000000000000000e+01 -6.724650405611801510e-03 -1.624358535894042041e-02 3.453139208441475893e-05 6.103696174046255361e-05
4.700000000000000000e+01 -5.929614271458546332e-03 -1.572559311389221115e-02 3.332994968597847014e-05 5.910794088866865503e-05
