# freqs 	 pli 	 dpli 	 meanpower(thalamus)	 meanpower(scalp)	pli
8.000000000000000000e+00 7.152787459076637676e-03 -6.625479624520569377e-02 1.103370826643870653e-04 2.605114024770021925e-04
9.000000000000000000e+00 1.350702606179653327e-02 -1.988060825581872484e-02 9.307770996853501533e-05 2.155249766605543292e-04
1.000000000000000000e+01 8.158241530507815082e-04 -7.255007227278872754e-03 8.572349830197047930e-05 1.892764463994921816e-04
1.100000000000000000e+01 1.182808086638913528e-02 3.654585597763131133e-02 8.158683241140980843e-05 1.715790943434784691e-04
1.200000000000000000e+01 2.879438918873038558e-02 9.092551794287399847e-02 7.736658867019824415e-05 1.614645930172102864e-04
1.300000000000000000e+01 2.365329602646614252e-02 8.704256594683977555e-02 7.228142920330472756e-05 1.644962036948139240e-04
1.400000000000000000e+01 1.106570948340666709e-02 4.649904174506901133e-02 6.676533456127773151e-05 1.697971085077653686e-04
1.500000000000000000e+01 6.009515050974483311e-03 1.330391353217891606e-02 6.155048880186446826e-05 1.620976397070211230e-04
1.600000000000000000e+01 7.555292205428426784e-03 5.869168944299127735e-03 5.755406364179802003e-05 1.437106517560448769e-04
1.700000000000000000e+01 6.536944442413436009e-03 1.388780010167805015e-02 5.502142640229396069e-05 1.245640780890539087e-04
1.800000000000000000e+01 8.299932848101850349e-03 2.077152738723815617e-02 5.356335286394849153e-05 1.107429437858790022e-04
1.900000000000000000e+01 1.020454843129441243e-02 2.196499385379746538e-02 5.267067483937452860e-05 1.023931718248398724e-04
2.000000000000000000e+01 8.679104734540834393e-03 1.919013490604142003e-02 5.204248675575372604e-05 9.720421367271184796e-05
2.100000000000000000e+01 7.984000016686929393e-03 1.508227688819565974e-02 5.150190704254528737e-05 9.321982610682165188e-05
2.200000000000000000e+01 8.281021944108618929e-03 1.218595784234730202e-02 5.096317319300302292e-05 8.945841676268895812e-05
2.300000000000000000e+01 9.200021195403376706e-03 1.089503742076041587e-02 5.045238377506631598e-05 8.568976086977931705e-05
2.400000000000000000e+01 9.336603532781109771e-03 1.006343302512718689e-02 5.000013555341250481e-05 8.204414215846406655e-05
2.500000000000000000e+01 9.494647355437096578e-03 9.075264266349776857e-03 4.959123194355317011e-05 7.874287654090134428e-05
2.600000000000000000e+01 9.031553753291931760e-03 8.166990153361464860e-03 4.921731066169581062e-05 7.587214403793897356e-05
2.700000000000000000e+01 7.521947329879662830e-03 7.674720336900367305e-03 4.887544940174679551e-05 7.334046501391647808e-05
2.800000000000000000e+01 7.122896472183566641e-03 7.642021035289560046e-03 4.855471015268366389e-05 7.097516162425049975e-05
2.900000000000000000e+01 7.410556268869070672e-03 7.976272106683199997e-03 4.825393019294740127e-05 6.862670556787187233e-05
3.000000000000000000e+01 6.714897898992001554e-03 8.829465248261779073e-03 4.799140639498072550e-05 6.623292658747829314e-05
3.100000000000000000e+01 7.125188641606966522e-03 1.046443557421122827e-02 4.777181646859193434e-05 6.382224351403391555e-05
3.200000000000000000e+01 8.646342829730488747e-03 1.287378550978406436e-02 4.759977327268898674e-05 6.147224906419042486e-05
3.300000000000000000e+01 1.000726621936352118e-02 1.563507328837391783e-02 4.746609126033884740e-05 5.926678946655191684e-05
3.400000000000000000e+01 1.038558328874376706e-02 1.821310806899595694e-02 4.735974470158740905e-05 5.724388727615273113e-05
3.500000000000000000e+01 1.111700192894425447e-02 2.031362690027726375e-02 4.726991735966529305e-05 5.540149161211093781e-05
3.600000000000000000e+01 1.204765390073479249e-02 2.193574460586607960e-02 4.717530582266818933e-05 5.372376849737327563e-05
3.700000000000000000e+01 1.248567542236161260e-02 2.318782846575684342e-02 4.706342506724843505e-05 5.220586196327337350e-05
3.800000000000000000e+01 1.193581981659090976e-02 2.411116539194450847e-02 4.692880661037850132e-05 5.083467075865570568e-05
3.900000000000000000e+01 1.236264069526640114e-02 2.465224344862083222e-02 4.677102509142344236e-05 4.959862886659471208e-05
4.000000000000000000e+01 1.313958162939961490e-02 2.474283782628991860e-02 4.657983886924953193e-05 4.846637962089841653e-05
4.100000000000000000e+01 1.349569520416808895e-02 2.440268788595500657e-02 4.633385838599635517e-05 4.739068153198119888e-05
4.200000000000000000e+01 1.303434869836693835e-02 2.373552944280755625e-02 4.598675457477284691e-05 4.630947262677946916e-05
4.300000000000000000e+01 1.244564256979407459e-02 2.288162779029393606e-02 4.546333803442667110e-05 4.514053978453525743e-05
4.400000000000000000e+01 1.232050640191667719e-02 2.195954716619045663e-02 4.467802273230935645e-05 4.379732058703212136e-05
4.500000000000000000e+01 1.174813788324961111e-02 2.106751894026718044e-02 4.358042519582026371e-05 4.222486586765294162e-05
4.600000000000000000e+01 1.108441831745333485e-02 2.025616348591396249e-02 4.221860155981143253e-05 4.044135325599454623e-05
4.700000000000000000e+01 1.004568740669412215e-02 1.954898432415689419e-02 4.075984502769346309e-05 3.856860160576233232e-05
