# freqs 	 pli 	 dpli 	 meanpower(thalamus)	 meanpower(scalp)	pli
8.000000000000000000e+00 -3.254204005266002168e-03 -4.379146277068637905e-02 1.103370826643870653e-04 3.101166177304908746e-04
9.000000000000000000e+00 2.660549188391841263e-02 2.620042589898035137e-02 9.307770996853501533e-05 2.519920985966778420e-04
1.000000000000000000e+01 2.039175312226457898e-02 3.545795546810188992e-02 8.572349830197047930e-05 2.237805551378183933e-04
1.100000000000000000e+01 2.495034702451889505e-02 6.101379377047171093e-02 8.158683241140980843e-05 2.072575748186413055e-04
1.200000000000000000e+01 3.428322630031106766e-02 1.006718311724440484e-01 7.736658867019824415e-05 1.999490183469574095e-04
1.300000000000000000e+01 2.626110048859687726e-02 1.020044132607195730e-01 7.228142920330472756e-05 2.106347897620831401e-04
1.400000000000000000e+01 1.828381847277201280e-02 7.080961254806636407e-02 6.676533456127773151e-05 2.222821210823844860e-04
1.500000000000000000e+01 1.449634519778176221e-02 3.784401259823094027e-02 6.155048880186446826e-05 2.127228710123735690e-04
1.600000000000000000e+01 1.507609808468518033e-02 2.470222185774832713e-02 5.755406364179802003e-05 1.869512198568460597e-04
1.700000000000000000e+01 1.235734924900866449e-02 2.651659660624928680e-02 5.502142640229396069e-05 1.606937088844839648e-04
1.800000000000000000e+01 1.424528592456887621e-02 2.987482782262803130e-02 5.356335286394849153e-05 1.424211393930658535e-04
1.900000000000000000e+01 1.217424700862030154e-02 3.028720857278204698e-02 5.267067483937452860e-05 1.317700599316360365e-04
2.000000000000000000e+01 1.330086624121421847e-02 2.853145033558513594e-02 5.204248675575372604e-05 1.252407848986506454e-04
2.100000000000000000e+01 1.274429402646199208e-02 2.629305854934985143e-02 5.150190704254528737e-05 1.201053422575682909e-04
2.200000000000000000e+01 1.207284824718397875e-02 2.517245338394256612e-02 5.096317319300302292e-05 1.150063689063103421e-04
2.300000000000000000e+01 1.298461682793415096e-02 2.481530730478179528e-02 5.045238377506631598e-05 1.096405215985282586e-04
2.400000000000000000e+01 1.338388351642663850e-02 2.370354394002273726e-02 5.000013555341250481e-05 1.043090962290116233e-04
2.500000000000000000e+01 1.296161143851573723e-02 2.118550490743203313e-02 4.959123194355317011e-05 9.935806735409855560e-05
2.600000000000000000e+01 1.195520699343410702e-02 1.786670234117213041e-02 4.921731066169581062e-05 9.500466300662730173e-05
2.700000000000000000e+01 8.815728519092645710e-03 1.490031003555857339e-02 4.887544940174679551e-05 9.123913382623564114e-05
2.800000000000000000e+01 7.294699797983584567e-03 1.307490864978461641e-02 4.855471015268366389e-05 8.784310360041591736e-05
2.900000000000000000e+01 7.312697366138043442e-03 1.260635687388639639e-02 4.825393019294740127e-05 8.464597259992586299e-05
3.000000000000000000e+01 8.456774059230729931e-03 1.345283234196971954e-02 4.799140639498072550e-05 8.155267921149445573e-05
3.100000000000000000e+01 9.079775885097746829e-03 1.550103111707316732e-02 4.777181646859193434e-05 7.853973545826724572e-05
3.200000000000000000e+01 1.041987156918617805e-02 1.841549634238457203e-02 4.759977327268898674e-05 7.567709573047935756e-05
3.300000000000000000e+01 1.225372458774176727e-02 2.167673630052270942e-02 4.746609126033884740e-05 7.303406723722741538e-05
3.400000000000000000e+01 1.362099989978184274e-02 2.476133471446426496e-02 4.735974470158740905e-05 7.064110219582900546e-05
3.500000000000000000e+01 1.460803388117939104e-02 2.732593941863716361e-02 4.726991735966529305e-05 6.848886900220339292e-05
3.600000000000000000e+01 1.554011440902596311e-02 2.929955945595461020e-02 4.717530582266818933e-05 6.654681234782241518e-05
3.700000000000000000e+01 1.676445774789124543e-02 3.073218381078291622e-02 4.706342506724843505e-05 6.478241143023511363e-05
3.800000000000000000e+01 1.738024101797885912e-02 3.165752015418320936e-02 4.692880661037850132e-05 6.317395433730202750e-05
3.900000000000000000e+01 1.752203034425391451e-02 3.208131262715498838e-02 4.677102509142344236e-05 6.170062551574530220e-05
4.000000000000000000e+01 1.713059872187643051e-02 3.201061687565819741e-02 4.657983886924953193e-05 6.034520816848485639e-05
4.100000000000000000e+01 1.707086756060414295e-02 3.149359365728431753e-02 4.633385838599635517e-05 5.907041900364614625e-05
4.200000000000000000e+01 1.666395240454748503e-02 3.062280052203459821e-02 4.598675457477284691e-05 5.780647318251458936e-05
4.300000000000000000e+01 1.625681308667043315e-02 2.951077324328618343e-02 4.546333803442667110e-05 5.644463258236969577e-05
4.400000000000000000e+01 1.560054673113335857e-02 2.824576578017890666e-02 4.467802273230935645e-05 5.486987209736392127e-05
4.500000000000000000e+01 1.492153126623938994e-02 2.691643521126063990e-02 4.358042519582026371e-05 5.300383760884418252e-05
4.600000000000000000e+01 1.444147494331870889e-02 2.560234149365408010e-02 4.221860155981143253e-05 5.086951849103248796e-05
4.700000000000000000e+01 1.381463867461491316e-02 2.441310455292634504e-02 4.075984502769346309e-05 4.862055145347157623e-05
