# freqs 	 pli 	 dpli 	 meanpower(thalamus)	 meanpower(scalp)	pli
8.000000000000000000e+00 -6.741294126637262241e-02 -1.555850297585742448e-01 4.244997452223723937e-05 3.192112613869893816e-04
9.000000000000000000e+00 -1.170551813669893325e-02 -2.705215103736087479e-02 3.910534363637858826e-05 2.806215004579443954e-04
1.000000000000000000e+01 1.781306554796370858e-02 2.494439946708463390e-02 3.885086376584023457e-05 2.625961495184941886e-04
1.100000000000000000e+01 2.163261667804785085e-02 2.925228731242004998e-02 4.000518024568854681e-05 2.422036964246188453e-04
1.200000000000000000e+01 1.345128574062222880e-02 1.437129786955244383e-02 4.241683359491716206e-05 2.262005314516432142e-04
1.300000000000000000e+01 5.168772138600776986e-03 5.570109334078537575e-03 4.590200470358704984e-05 2.193897690334795667e-04
1.400000000000000000e+01 7.027645428277289399e-03 1.486591928675151490e-02 4.964625264095215684e-05 2.177798343033518307e-04
1.500000000000000000e+01 1.211358637216316571e-02 2.712206302607813452e-02 5.244072677664608686e-05 2.179091810977911586e-04
1.600000000000000000e+01 1.488960406239900683e-02 3.242830770339611562e-02 5.325951647033587183e-05 2.197406864123634790e-04
1.700000000000000000e+01 1.724908626789089724e-02 3.151104632799326538e-02 5.189056479443086194e-05 2.227512566088745121e-04
1.800000000000000000e+01 1.666156053355741587e-02 2.747497839895855776e-02 4.899170539920393199e-05 2.253476352579867129e-04
1.900000000000000000e+01 1.513998450726962430e-02 2.246495527717796287e-02 4.553832539479893193e-05 2.268760383380490043e-04
2.000000000000000000e+01 1.215422593031472744e-02 1.836103342665936985e-02 4.229683628751057842e-05 2.276507175774464145e-04
2.100000000000000000e+01 1.074851061134471028e-02 1.718886952287104058e-02 3.966188578611882983e-05 2.282930749882868655e-04
2.200000000000000000e+01 1.164058924984234626e-02 1.896563243975827109e-02 3.771964607346565068e-05 2.286529661010959654e-04
2.300000000000000000e+01 1.387666420796110876e-02 2.197203199305970689e-02 3.636400508850233895e-05 2.283982209726945602e-04
2.400000000000000000e+01 1.635153314755195472e-02 2.487769436818132798e-02 3.541698584471591457e-05 2.274257319668276022e-04
2.500000000000000000e+01 1.800118012697095315e-02 2.739400365297399789e-02 3.472575075492507552e-05 2.257274504095805386e-04
2.600000000000000000e+01 2.030958311307853523e-02 2.932690763510463136e-02 3.418069842992994020e-05 2.235057114742219670e-04
2.700000000000000000e+01 2.088741006567600839e-02 3.071548993665379826e-02 3.370489231833829997e-05 2.213044728324511652e-04
2.800000000000000000e+01 2.090181596305179870e-02 3.193063842116413559e-02 3.325395861705704654e-05 2.193938854923597396e-04
2.900000000000000000e+01 2.208770360733934915e-02 3.364650578361629701e-02 3.280775802971187577e-05 2.181135904466459526e-04
3.000000000000000000e+01 2.294610748644089829e-02 3.632268123435602319e-02 3.236237068411333418e-05 2.174666809379266041e-04
3.100000000000000000e+01 2.446101543549370969e-02 4.002005659120366071e-02 3.192407101176270132e-05 2.175649557144673698e-04
3.200000000000000000e+01 2.688499936276537300e-02 4.392934841014565356e-02 3.150183621178557461e-05 2.182131453062434434e-04
3.300000000000000000e+01 2.819302647108819573e-02 4.677337294399029621e-02 3.110138575985075881e-05 2.191164533072965058e-04
3.400000000000000000e+01 2.767197740715085161e-02 4.749387267356165038e-02 3.072346747149658843e-05 2.201656032570861070e-04
3.500000000000000000e+01 2.690394338843807298e-02 4.576793215588043778e-02 3.037145022943858462e-05 2.210401538804829659e-04
3.600000000000000000e+01 2.521291040640974077e-02 4.224143695033336782e-02 3.005464302110528904e-05 2.217938281416617684e-04
3.700000000000000000e+01 2.289766219811470091e-02 3.798169481045260421e-02 2.978193376755891599e-05 2.224844627960009368e-04
3.800000000000000000e+01 2.044688203310491420e-02 3.401586918591145009e-02 2.955690761625041552e-05 2.232656005165048203e-04
3.900000000000000000e+01 1.874117142589583687e-02 3.089298459255404236e-02 2.937747018096942855e-05 2.239841464317841131e-04
4.000000000000000000e+01 1.757726804114248184e-02 2.875090940816300150e-02 2.923467619664128807e-05 2.247176371132836900e-04
4.100000000000000000e+01 1.671539980140429940e-02 2.749156903814465799e-02 2.910506428631445130e-05 2.253847776684342829e-04
4.200000000000000000e+01 1.648112369310407790e-02 2.691713451767790977e-02 2.894620731055070481e-05 2.257345254455678111e-04
4.300000000000000000e+01 1.673250975899372509e-02 2.680695863690981881e-02 2.869547741002650870e-05 2.252192983094605209e-04
4.400000000000000000e+01 1.711369026858136980e-02 2.706484246925713877e-02 2.828805674152779802e-05 2.234642268040936406e-04
4.500000000000000000e+01 1.730116707092847761e-02 2.754124346895948927e-02 2.768529580936846210e-05 2.200065033108265225e-04
4.600000000000000000e+01 1.761107986729467181e-02 2.811894250926038827e-02 2.691111917870821996e-05 2.149744827343747910e-04
4.700000000000000000e+01 1.763200766613525969e-02 2.869307566180836003e-02 2.606835337335152407e-05 2.091353752656344264e-04
