# freqs 	 pli 	 dpli 	 meanpower(thalamus)	 meanpower(scalp)	pli
8.000000000000000000e+00 2.825320777366396169e-02 9.431238856418322491e-02 1.031065289899815127e+02 2.827628171504430838e+02
9.000000000000000000e+00 3.134160630091244876e-02 9.322877119209525831e-02 1.090647098484697182e+02 2.870716916195327713e+02
1.000000000000000000e+01 1.199570733326768210e-02 3.867884939027608354e-02 1.280625158180080518e+02 2.692999650672769576e+02
1.100000000000000000e+01 -1.087841995399201414e-02 -1.868772324708352361e-02 1.573800075738551811e+02 2.593517667197229457e+02
1.200000000000000000e+01 -3.324548411736204939e-02 -7.047081407655864105e-02 1.720191006092453279e+02 2.718730508712932874e+02
1.300000000000000000e+01 -5.549071143083105645e-02 -1.285436738045935834e-01 1.710252307538210630e+02 3.081359584353392620e+02
1.400000000000000000e+01 -7.862179572873179145e-02 -2.074265589069285709e-01 1.605848041807554978e+02 3.151587123952160141e+02
1.500000000000000000e+01 -8.928572105619755894e-02 -2.550377944123253249e-01 1.396592897878031749e+02 2.679319149932904338e+02
1.600000000000000000e+01 -8.267825811730847296e-02 -2.427100355291150757e-01 1.147827872735700367e+02 2.040281300936820514e+02
1.700000000000000000e+01 -6.128865601874094321e-02 -1.796295644198103447e-01 9.471642987978428607e+01 1.573341224284163218e+02
1.800000000000000000e+01 -3.986279093625236941e-02 -1.129131642787592760e-01 8.254009242737744501e+01 1.324794348651586802e+02
1.900000000000000000e+01 -2.489293815657864922e-02 -7.229768252102111714e-02 7.681134326991066530e+01 1.201724835437145060e+02
2.000000000000000000e+01 -1.807053157818930278e-02 -5.028931716179632638e-02 7.495588452295007187e+01 1.127693784681042786e+02
2.100000000000000000e+01 -1.374608547453635282e-02 -3.533971093318066109e-02 7.479237629191013070e+01 1.071796652941527839e+02
2.200000000000000000e+01 -1.083552744251427627e-02 -2.244131626774706345e-02 7.479782594858743039e+01 1.027035948070134026e+02
2.300000000000000000e+01 -8.276879980885817889e-03 -1.106304688907371915e-02 7.426497122683454677e+01 9.918563086681712093e+01
2.400000000000000000e+01 -6.763927926273649235e-03 -1.595942237946042144e-03 7.335846226200402498e+01 9.632236743560525838e+01
2.500000000000000000e+01 -4.491419625337410293e-03 6.035705690478580278e-03 7.257650115340830155e+01 9.371196641729152077e+01
2.600000000000000000e+01 -2.857316174483948059e-03 1.155295199941471299e-02 7.202295714331245335e+01 9.095825204872983250e+01
2.700000000000000000e+01 -2.072472769816045661e-03 1.441748852011717069e-02 7.133848979747324393e+01 8.777376458963836114e+01
2.800000000000000000e+01 -2.475017537445545028e-03 1.469709402298232000e-02 7.012234231380899985e+01 8.409554824932224903e+01
2.900000000000000000e+01 -2.020894688680037986e-03 1.336974481024110623e-02 6.828337985999233695e+01 8.013361026377425844e+01
3.000000000000000000e+01 -1.463298289671377192e-03 1.166827656320988324e-02 6.601538092745838071e+01 7.625683432139022955e+01
3.100000000000000000e+01 -9.933099158155656217e-06 1.055027016820975910e-02 6.365163897539112270e+01 7.277622414176107668e+01
3.200000000000000000e+01 2.089489637260852958e-03 1.028612161563060776e-02 6.148105044310097611e+01 6.985914003054783450e+01
3.300000000000000000e+01 3.306702263045053092e-03 1.052342886231426300e-02 5.966201430358950120e+01 6.749270430189703518e+01
3.400000000000000000e+01 3.769357540758093775e-03 1.068842586599080130e-02 5.820739836338736239e+01 6.555749059439548887e+01
3.500000000000000000e+01 3.697907671668775997e-03 1.034813192523630423e-02 5.705533732785260526e+01 6.393194712184469353e+01
3.600000000000000000e+01 2.784253941664304680e-03 9.334945347892597417e-03 5.613295449503534229e+01 6.252224521919876565e+01
3.700000000000000000e+01 1.639528448315322054e-03 7.613037628127020465e-03 5.538441628216251900e+01 6.126100674374019661e+01
3.800000000000000000e+01 6.313278178205043462e-04 5.224766472442332263e-03 5.477294354506614837e+01 6.011545329432190243e+01
3.900000000000000000e+01 -5.218951517462872784e-04 2.289581474782058888e-03 5.426465610735437650e+01 5.906865653965573415e+01
4.000000000000000000e+01 -2.711222296777473367e-03 -9.460775754033196386e-04 5.382024703821798539e+01 5.810106527723110759e+01
4.100000000000000000e+01 -4.024418645442391466e-03 -4.168135456038852410e-03 5.338100431092269105e+01 5.717975578733274489e+01
4.200000000000000000e+01 -4.921864200269400642e-03 -7.073871950207453324e-03 5.285961817561707932e+01 5.623607233103968639e+01
4.300000000000000000e+01 -5.731994689144572809e-03 -9.449827244132891907e-03 5.213917207018096178e+01 5.516399580125597879e+01
4.400000000000000000e+01 -6.959701730040271719e-03 -1.121760243860466487e-02 5.110687331111539322e+01 5.384868653858635668e+01
4.500000000000000000e+01 -7.470470397407771510e-03 -1.239914184154899436e-02 4.970395537772162697e+01 5.221895374853558280e+01
4.600000000000000000e+01 -7.913131123472886760e-03 -1.308397829325569188e-02 4.797636132023656330e+01 5.030479906815923385e+01
4.700000000000000000e+01 -8.074977967621053271e-03 -1.338208274800336932e-02 4.609880478332383547e+01 4.826642455712976698e+01
