# freqs 	 pli 	 dpli 	 meanpower(thalamus)	 meanpower(scalp)	pli
8.000000000000000000e+00 8.156407789562110204e-04 -4.148801384246722512e-02 1.726825603571909712e-04 1.552158783913574775e-04
9.000000000000000000e+00 8.374448041099666687e-03 1.648570434149668282e-03 1.822948743841650888e-04 1.589599095818189020e-04
1.000000000000000000e+01 3.274777105360794638e-02 6.894459138274064425e-02 1.906227927448291915e-04 1.697391841773389571e-04
1.100000000000000000e+01 6.132965896347269963e-02 1.176172238862013414e-01 2.167341338028319620e-04 1.846562228488056272e-04
1.200000000000000000e+01 6.398065568060147534e-02 1.020981128105904606e-01 2.173711732685168875e-04 2.066808854930763176e-04
1.300000000000000000e+01 4.443178139056230824e-02 4.335457437244904372e-02 1.956933652816688295e-04 2.399581690610726723e-04
1.400000000000000000e+01 2.494508373907017296e-02 7.587123087187844055e-03 1.801622155850896706e-04 2.514591009485017204e-04
1.500000000000000000e+01 1.266711288325241859e-02 1.005818231044150121e-02 1.701381330827524629e-04 2.302736648839544210e-04
1.600000000000000000e+01 1.006388417740558278e-03 1.282141225334618682e-02 1.578730566713405239e-04 2.003220558927754178e-04
1.700000000000000000e+01 -1.080363918862083800e-02 -3.375159351843834855e-03 1.435363608799358683e-04 1.784898313989148741e-04
1.800000000000000000e+01 -2.279214749776477256e-02 -2.786155236189100104e-02 1.305489082714712150e-04 1.651431872417446253e-04
1.900000000000000000e+01 -3.409649694997383962e-02 -4.905355597924219296e-02 1.203583898480068516e-04 1.558323044782015032e-04
2.000000000000000000e+01 -4.029695053104383196e-02 -6.142428335093644276e-02 1.124872585033303229e-04 1.480148892966015237e-04
2.100000000000000000e+01 -4.220073390713956207e-02 -6.316956613152513444e-02 1.062591259562220558e-04 1.408684820765576217e-04
2.200000000000000000e+01 -3.743615900842941352e-02 -5.733490392696257570e-02 1.010713040238241908e-04 1.342492272069254963e-04
2.300000000000000000e+01 -3.143139795136058040e-02 -4.830303725270811838e-02 9.609879581105209407e-05 1.280639529010894797e-04
2.400000000000000000e+01 -2.601623403290373449e-02 -3.833218652053611147e-02 9.089176513959859236e-05 1.223020317141107981e-04
2.500000000000000000e+01 -1.755779662205530015e-02 -2.770026259946017921e-02 8.561412992173416195e-05 1.169765720884176943e-04
2.600000000000000000e+01 -1.034765000525274953e-02 -1.601110247616579010e-02 8.063215248690297021e-05 1.120763701741833549e-04
2.700000000000000000e+01 -4.276484185279140655e-03 -3.229897795965466518e-03 7.624106004937279983e-05 1.074494557247071108e-04
2.800000000000000000e+01 1.737151050896209485e-03 9.590596222180050243e-03 7.245667355221516767e-05 1.028736445558303832e-04
2.900000000000000000e+01 8.355024982796277477e-03 2.076919303336078812e-02 6.912960439239029700e-05 9.822669792793609750e-05
3.000000000000000000e+01 1.348988770326840780e-02 2.900675851568828775e-02 6.612370554073503776e-05 9.354780988283754189e-05
3.100000000000000000e+01 1.665344004567589214e-02 3.393608012413108777e-02 6.337796792052019599e-05 8.898063123852452329e-05
3.200000000000000000e+01 1.924905179713795600e-02 3.601064873442940545e-02 6.086772877148764733e-05 8.464703516836724639e-05
3.300000000000000000e+01 2.042462081456236991e-02 3.609002026567874333e-02 5.856105106927656493e-05 8.062074190071560941e-05
3.400000000000000000e+01 1.913015775037707825e-02 3.494692019649598552e-02 5.643185018476955207e-05 7.689657482959291886e-05
3.500000000000000000e+01 1.779661785164739218e-02 3.315647352642867723e-02 5.445893244638608759e-05 7.344723941270151337e-05
3.600000000000000000e+01 1.671458187244970889e-02 3.112333722879502551e-02 5.262297980596436172e-05 7.025653712125036270e-05
3.700000000000000000e+01 1.541997909938310797e-02 2.911605245403926095e-02 5.092500374801589959e-05 6.732841082905177070e-05
3.800000000000000000e+01 1.429260468433450094e-02 2.727688937894325039e-02 4.937580290775594094e-05 6.467800394093397079e-05
3.900000000000000000e+01 1.281189034328622176e-02 2.565427127021993256e-02 4.798342088232381616e-05 6.230020025104255114e-05
4.000000000000000000e+01 1.183719643497760550e-02 2.430148408471214869e-02 4.673532712962210256e-05 6.017848714356058965e-05
4.100000000000000000e+01 1.082956890074072455e-02 2.329487325147504284e-02 4.559793660380241973e-05 5.825424806506625887e-05
4.200000000000000000e+01 1.091002903296606902e-02 2.271316244535502918e-02 4.451080044407828732e-05 5.643612101981527606e-05
4.300000000000000000e+01 1.036851089787503739e-02 2.256202095469569957e-02 4.338330522238073014e-05 5.459943965349279443e-05
4.400000000000000000e+01 9.522001823580959062e-03 2.272746990030130587e-02 4.211490267101059449e-05 5.262740800823517841e-05
4.500000000000000000e+01 8.662205210659964377e-03 2.306232598960666208e-02 4.063799532393235419e-05 5.042461978960217911e-05
4.600000000000000000e+01 8.767545241593772617e-03 2.340984119491228491e-02 3.896448806699682641e-05 4.798985846793702050e-05
4.700000000000000000e+01 8.539914625671862422e-03 2.365993993783377033e-02 3.720842028662001404e-05 4.543813033539047117e-05
