# freqs 	 pli 	 dpli 	 meanpower(thalamus)	 meanpower(scalp)	pli
8.000000000000000000e+00 -1.334672780780559453e-01 -2.490186271806767715e-01 7.365190026504042464e+01 6.143824962452763430e+02
9.000000000000000000e+00 -2.827160513212666551e-02 -5.705755273121245613e-02 7.008250216427830992e+01 5.477450698293778260e+02
1.000000000000000000e+01 1.241852433769425820e-02 1.962350032065300273e-02 6.699943936299793279e+01 4.443473699171432827e+02
1.100000000000000000e+01 2.115717924836701958e-02 3.797840624692345318e-02 6.582151700490310020e+01 3.126794549757096888e+02
1.200000000000000000e+01 1.495464019328539632e-02 2.591867249573326024e-02 6.630553486222129322e+01 2.271141081150163075e+02
1.300000000000000000e+01 1.312341744677078970e-03 2.463075030334738961e-03 6.857091687870493502e+01 1.995542043129458989e+02
1.400000000000000000e+01 -1.562305210509781252e-02 -2.284316781606393273e-02 7.236617423535302862e+01 1.968814464338854862e+02
1.500000000000000000e+01 -2.395854194368618115e-02 -3.638824575225867164e-02 7.631381427169111475e+01 1.967088913525149394e+02
1.600000000000000000e+01 -2.598752769773923776e-02 -3.748751050426901016e-02 7.849564704791617942e+01 1.925213548110991155e+02
1.700000000000000000e+01 -2.566612760429576659e-02 -3.569981039399811040e-02 7.813194671315862649e+01 1.863183446431092705e+02
1.800000000000000000e+01 -2.352498788579372724e-02 -3.608491102230244191e-02 7.597553140361350188e+01 1.799318111365534207e+02
1.900000000000000000e+01 -2.271945979853490574e-02 -3.804298425835300063e-02 7.339219164638441839e+01 1.729916919406499289e+02
2.000000000000000000e+01 -2.087699324674346241e-02 -3.894826419023587200e-02 7.133600217821147282e+01 1.654115170542902149e+02
2.100000000000000000e+01 -1.917565128886522877e-02 -3.647736083992545592e-02 7.016670302789786717e+01 1.577808553040735546e+02
2.200000000000000000e+01 -1.386688399827757344e-02 -2.743129999653673434e-02 7.054435256906694462e+01 1.509568804762294008e+02
2.300000000000000000e+01 -3.136589631589657267e-03 -1.653174138274367527e-03 7.513448096141112842e+01 1.462272186274431363e+02
2.400000000000000000e+01 1.514861468871589630e-02 4.472923089114412554e-02 8.772258496767317126e+01 1.442458384853179609e+02
2.500000000000000000e+01 3.038925393346633003e-02 9.005577189577902708e-02 1.074004837799552092e+02 1.435658959232346206e+02
2.600000000000000000e+01 3.890790437966919896e-02 1.146462261485392126e-01 1.265971343121394881e+02 1.414700865483250141e+02
2.700000000000000000e+01 4.065237343101459067e-02 1.158885768653243331e-01 1.370986980554701518e+02 1.363036862728300775e+02
2.800000000000000000e+01 3.726671656057607696e-02 9.809352261546651353e-02 1.356530632567428256e+02 1.284230095598935861e+02
2.900000000000000000e+01 2.843473046333441431e-02 6.753857412223454593e-02 1.246063837401577672e+02 1.194754819815028668e+02
3.000000000000000000e+01 1.584909671021119196e-02 3.164430158862042985e-02 1.092135324577837707e+02 1.110514320157720789e+02
3.100000000000000000e+01 1.586481895774918697e-03 -1.131641247754499712e-03 9.460729215842820850e+01 1.040787380632445149e+02
3.200000000000000000e+01 -8.782665395280012111e-03 -2.442439398117831825e-02 8.393181128864533491e+01 9.868932287811055915e+01
3.300000000000000000e+01 -1.539186881058156146e-02 -3.652930158363901225e-02 7.801263665751420717e+01 9.462397480408930051e+01
3.400000000000000000e+01 -1.803943931029321213e-02 -4.002844741450883176e-02 7.605460400007071087e+01 9.156570180569353568e+01
3.500000000000000000e+01 -1.706716860954503312e-02 -3.836037628577405184e-02 7.655738508230135153e+01 8.915815984413512751e+01
3.600000000000000000e+01 -1.426914479866244444e-02 -3.414547759230679436e-02 7.801592286200776982e+01 8.721589842851214769e+01
3.700000000000000000e+01 -1.181663877538667758e-02 -2.878738657364683651e-02 7.925211190863140587e+01 8.560524344734467661e+01
3.800000000000000000e+01 -8.714349871394159661e-03 -2.296778143479411699e-02 7.955086627898685947e+01 8.426547477495574867e+01
3.900000000000000000e+01 -5.894705243498195649e-03 -1.696775123451337366e-02 7.865136695082544804e+01 8.308057175645554082e+01
4.000000000000000000e+01 -3.130467250594369966e-03 -1.109605946085089924e-02 7.667417993247974550e+01 8.203819441257419953e+01
4.100000000000000000e+01 -5.448641293637690930e-04 -5.581195629911912294e-03 7.394697200069705900e+01 8.107486143549851931e+01
4.200000000000000000e+01 1.952238174186038226e-03 -6.106887836769982593e-04 7.083267989133723574e+01 8.008200455342374369e+01
4.300000000000000000e+01 3.033334509153762064e-03 3.676514707212954515e-03 6.759325796084876004e+01 7.886935965088932221e+01
4.400000000000000000e+01 3.906972811285588931e-03 7.234418679968144562e-03 6.434946013192596581e+01 7.731759765385312733e+01
4.500000000000000000e+01 4.252730394234427794e-03 1.007323487263352135e-02 6.112188086562972700e+01 7.528274649716824740e+01
4.600000000000000000e+01 4.270716588510313320e-03 1.224569288652676072e-02 5.794470523489036395e+01 7.279946196898771404e+01
4.700000000000000000e+01 5.035863237383979459e-03 1.379061812989730053e-02 5.494828326009215402e+01 7.010700979373461905e+01
