# freqs 	 pli 	 dpli 	 meanpower(thalamus)	 meanpower(scalp)	pli
8.000000000000000000e+00 3.784831737719109718e-02 4.608620452442380860e-02 8.069626025212035196e-05 2.345362178053672262e-04
9.000000000000000000e+00 1.625791050903314938e-02 1.641946978860328588e-02 7.255817988149563657e-05 2.193737021706911950e-04
1.000000000000000000e+01 5.759559197628592343e-03 1.137978399295686005e-02 7.026590438206960503e-05 1.981897452392191675e-04
1.100000000000000000e+01 8.847619961857348253e-03 2.288521031685591609e-02 7.430167178262021951e-05 1.775491797051940209e-04
1.200000000000000000e+01 1.438738043657069622e-02 6.912244664365682634e-02 7.723283064587040038e-05 1.628473332374673322e-04
1.300000000000000000e+01 2.003479352714078801e-02 8.109924882440502913e-02 7.420202767724022521e-05 1.525088900424359495e-04
1.400000000000000000e+01 2.673492980074595668e-02 7.211187655110944117e-02 6.825770973079200706e-05 1.448502688398338554e-04
1.500000000000000000e+01 2.534272726075859766e-02 6.087813297754022385e-02 6.335030687937657373e-05 1.393647840324021008e-04
1.600000000000000000e+01 2.351592023408123275e-02 4.849110640421576413e-02 6.038735922046826142e-05 1.355972751777183359e-04
1.700000000000000000e+01 1.776800951131110584e-02 3.861033410973398194e-02 5.861403929632160668e-05 1.332254333327531702e-04
1.800000000000000000e+01 1.324822085104197973e-02 3.177954289774587160e-02 5.739626003484264125e-05 1.316790790112329921e-04
1.900000000000000000e+01 9.700458373307749640e-03 2.645246454300573605e-02 5.660471742853402253e-05 1.303381118590514790e-04
2.000000000000000000e+01 7.522638273462148653e-03 2.360651167942114104e-02 5.638450057240474903e-05 1.286962246047178564e-04
2.100000000000000000e+01 7.989708029931512009e-03 2.364626056407309607e-02 5.670950471989063949e-05 1.264268893340229948e-04
2.200000000000000000e+01 9.253596249445989255e-03 2.576086660649401505e-02 5.727949540863897589e-05 1.233844882853396617e-04
2.300000000000000000e+01 1.163067963452847457e-02 2.855730182613067797e-02 5.775183857527859652e-05 1.195180926121791457e-04
2.400000000000000000e+01 1.285144616155342590e-02 3.040315784781919342e-02 5.789999525778562526e-05 1.148485972823316619e-04
2.500000000000000000e+01 1.130578975640516605e-02 3.060870066654459987e-02 5.771713866676532256e-05 1.095646818117745024e-04
2.600000000000000000e+01 1.205168650765855824e-02 3.020375307490816980e-02 5.733684137063248839e-05 1.039403773450784670e-04
2.700000000000000000e+01 1.476726143483201095e-02 3.059663571098523299e-02 5.692898926571092179e-05 9.829351427782648991e-05
2.800000000000000000e+01 1.557115665150493947e-02 3.237195005498091915e-02 5.660696699819993811e-05 9.286505225179295261e-05
2.900000000000000000e+01 1.708282258380490123e-02 3.509282650704860507e-02 5.639157395626809500e-05 8.778093977604210470e-05
3.000000000000000000e+01 1.847941740015917114e-02 3.768625316881430570e-02 5.625436451541421836e-05 8.312832772150655623e-05
3.100000000000000000e+01 1.862548442553687428e-02 3.909603595016004213e-02 5.616234678766716774e-05 7.891779260337578505e-05
3.200000000000000000e+01 1.771115229568254179e-02 3.894646393062418943e-02 5.607943681752992465e-05 7.510763035268485559e-05
3.300000000000000000e+01 1.752145126014139492e-02 3.764125828427223458e-02 5.599163473676361039e-05 7.164922758974604465e-05
3.400000000000000000e+01 1.670993160296880067e-02 3.592643970218687560e-02 5.589854814930391401e-05 6.849409963613049422e-05
3.500000000000000000e+01 1.622378176085030252e-02 3.428601468500954569e-02 5.579062437158796659e-05 6.560080308936784284e-05
3.600000000000000000e+01 1.583627805087950424e-02 3.289875897447294001e-02 5.565863250190560891e-05 6.293701016611265926e-05
3.700000000000000000e+01 1.533970854320960107e-02 3.173157179670243327e-02 5.550256525495665666e-05 6.047854053816427005e-05
3.800000000000000000e+01 1.513647919880319395e-02 3.076279087378382474e-02 5.532953037208692494e-05 5.821269828324344048e-05
3.900000000000000000e+01 1.445921852552178345e-02 3.005784460424277063e-02 5.513325643177512868e-05 5.612216556508568480e-05
4.000000000000000000e+01 1.344389227018072917e-02 2.964064957481674437e-02 5.490131208685903610e-05 5.418188681334455513e-05
4.100000000000000000e+01 1.289180790973594275e-02 2.944392509523270293e-02 5.460837479706685929e-05 5.235279327796155824e-05
4.200000000000000000e+01 1.256411139031358634e-02 2.928635762101593210e-02 5.419968106402700043e-05 5.057742916499587945e-05
4.300000000000000000e+01 1.344606456306569886e-02 2.897122678134914087e-02 5.357729245202224016e-05 4.877664329758796421e-05
4.400000000000000000e+01 1.331739004456028268e-02 2.835171329885305402e-02 5.263914796502539316e-05 4.686467961071720729e-05
4.500000000000000000e+01 1.314644068174927564e-02 2.740776403183341897e-02 5.132665590422087266e-05 4.477802521239055599e-05
4.600000000000000000e+01 1.276004380663985430e-02 2.625132339085060190e-02 4.968807801741802232e-05 4.252847804582370078e-05
4.700000000000000000e+01 1.257807693371517342e-02 2.507811336703344787e-02 4.790736989409407405e-05 4.022813251574219629e-05
