# freqs 	 pli 	 dpli 	 meanpower(thalamus)	 meanpower(scalp)	pli
8.000000000000000000e+00 8.186077055042008388e-02 2.032170612037265123e-01 6.876805521311542756e-05 2.975385015222044858e-04
9.000000000000000000e+00 1.012527570472418204e-01 2.356468553561291424e-01 6.570721312938474575e-05 2.794997943174190786e-04
1.000000000000000000e+01 5.942790063927700511e-02 1.294608637153936148e-01 6.252049102599612645e-05 2.120886294115943563e-04
1.100000000000000000e+01 1.954386552507289890e-02 4.582802914708358072e-02 6.115353588627521692e-05 1.656380275122626932e-04
1.200000000000000000e+01 4.171088198888549606e-03 1.657831081590267763e-02 6.058018832397495769e-05 1.476127456994742650e-04
1.300000000000000000e+01 -2.117921438123430370e-04 1.098145243061233838e-02 6.054799668428795283e-05 1.444378688043059227e-04
1.400000000000000000e+01 -2.150753879235398937e-03 3.457307273625463175e-04 6.149653307481433423e-05 1.454199634750396979e-04
1.500000000000000000e+01 -6.556601620966539916e-03 -1.299287579950097159e-02 6.374208206402215003e-05 1.451998185254979405e-04
1.600000000000000000e+01 -1.084342644671002810e-02 -2.336437251854336580e-02 6.646389910669223242e-05 1.421546011435597030e-04
1.700000000000000000e+01 -1.342089602169871387e-02 -2.779414226838404847e-02 6.810966801488244537e-05 1.366606238121182901e-04
1.800000000000000000e+01 -1.481133904002421113e-02 -2.891749835858623344e-02 6.797239555778077699e-05 1.296379210522633949e-04
1.900000000000000000e+01 -1.606741168899862571e-02 -3.155252187112576184e-02 6.669223652735627216e-05 1.224280393765748911e-04
2.000000000000000000e+01 -1.786983232842753039e-02 -3.560405910986275124e-02 6.524341074684816724e-05 1.162083785835333607e-04
2.100000000000000000e+01 -1.936806025018851518e-02 -3.785805576724433213e-02 6.419333888284688746e-05 1.113826319821642990e-04
2.200000000000000000e+01 -1.750764836298745325e-02 -3.650885412503307448e-02 6.367680666167883788e-05 1.077167263157653406e-04
2.300000000000000000e+01 -1.582031014503553282e-02 -3.269007289381054004e-02 6.365768017491783034e-05 1.048912692067023632e-04
2.400000000000000000e+01 -1.396656181295670429e-02 -2.942165085601488109e-02 6.416291513375240070e-05 1.026715994437887354e-04
2.500000000000000000e+01 -1.420995154290160406e-02 -2.953530467488748451e-02 6.529643975086372716e-05 1.009233403513226825e-04
2.600000000000000000e+01 -1.725161395256404051e-02 -3.326155720982574421e-02 6.695694299962043458e-05 9.942694691238324089e-05
2.700000000000000000e+01 -2.011709661716350531e-02 -3.767212233194645876e-02 6.868342399844383722e-05 9.797775969389135907e-05
2.800000000000000000e+01 -2.089608937925052992e-02 -3.960158083875906648e-02 6.994449796462418609e-05 9.632969338886042670e-05
2.900000000000000000e+01 -1.966642302012959476e-02 -3.785405193247502742e-02 7.057117002597557056e-05 9.453676908620764670e-05
3.000000000000000000e+01 -1.692502687654099183e-02 -3.344774742960895247e-02 7.078140922114026267e-05 9.275170232784707750e-05
3.100000000000000000e+01 -1.382019234564538235e-02 -2.807900337852088299e-02 7.091926646187340260e-05 9.124468393339743371e-05
3.200000000000000000e+01 -1.098267078693754804e-02 -2.309369841085352065e-02 7.118252879891167890e-05 9.007047541183405557e-05
3.300000000000000000e+01 -8.820912917028401329e-03 -1.906278902922921292e-02 7.157185598304783962e-05 8.916544885851055856e-05
3.400000000000000000e+01 -7.864768521181371777e-03 -1.599374452466541599e-02 7.199622492307798563e-05 8.853722094031793053e-05
3.500000000000000000e+01 -6.354902873587540794e-03 -1.386853850460461474e-02 7.235172142801053698e-05 8.803524147662182683e-05
3.600000000000000000e+01 -5.655312484693183171e-03 -1.263389136495829575e-02 7.260103570168484539e-05 8.764352596342159349e-05
3.700000000000000000e+01 -5.471198218639883142e-03 -1.224764528596522691e-02 7.274758391698063129e-05 8.733670417406444171e-05
3.800000000000000000e+01 -6.086342474518001942e-03 -1.260190111025269975e-02 7.280143061462880346e-05 8.715148839361434830e-05
3.900000000000000000e+01 -6.724005002340409896e-03 -1.346326641238211087e-02 7.275135185333666339e-05 8.699667259960837916e-05
4.000000000000000000e+01 -6.917761224705358189e-03 -1.451515008952936926e-02 7.256972043481614944e-05 8.690199173116953078e-05
4.100000000000000000e+01 -7.338538282194807805e-03 -1.543102963605876184e-02 7.219893676525874940e-05 8.681454147688858120e-05
4.200000000000000000e+01 -7.440221543623028871e-03 -1.597929071263409079e-02 7.155309840980189780e-05 8.662051515777855794e-05
4.300000000000000000e+01 -7.258305449487318511e-03 -1.608824756011816362e-02 7.051982033312320121e-05 8.609054502707313972e-05
4.400000000000000000e+01 -6.998392256288257091e-03 -1.577419615063100494e-02 6.899493701133611325e-05 8.510524790799214141e-05
4.500000000000000000e+01 -6.869133158764838439e-03 -1.519866789785954270e-02 6.692707966817254940e-05 8.347956510487232527e-05
4.600000000000000000e+01 -6.689752659030262852e-03 -1.456594210913614990e-02 6.439475585126801618e-05 8.125851329460012944e-05
4.700000000000000000e+01 -6.480567317083292360e-03 -1.408684691702362726e-02 6.163871381665001652e-05 7.872376473802553446e-05
