# freqs 	 pli 	 dpli 	 meanpower(thalamus)	 meanpower(scalp)	pli
8.000000000000000000e+00 -8.220849022568094133e-02 -1.803989535859814863e-01 3.531386533532449929e-05 3.683041806299235240e-04
9.000000000000000000e+00 -6.012406580972037146e-02 -1.123604744315940263e-01 3.546381329428620837e-05 3.604786529277482859e-04
1.000000000000000000e+01 -3.279990946431846077e-02 -6.008420140160023598e-02 3.470909003209084144e-05 3.066891809824171130e-04
1.100000000000000000e+01 -1.345569995581186694e-02 -3.151451944254116122e-02 3.463210443053292282e-05 2.561454492052345276e-04
1.200000000000000000e+01 -6.916407863091614955e-03 -1.579835831379632419e-02 3.472463523366773870e-05 2.224039136261203196e-04
1.300000000000000000e+01 -5.231775703908246936e-03 -9.048334935602508552e-03 3.452252857526514696e-05 2.029408430654943199e-04
1.400000000000000000e+01 -4.140279814238819779e-03 -4.509172165055578239e-03 3.425506441390219388e-05 1.918323042330770064e-04
1.500000000000000000e+01 -2.634447390694638364e-03 -4.451511726449740487e-05 3.414135662481437980e-05 1.864087025242733417e-04
1.600000000000000000e+01 7.260444630772565702e-04 5.174529685559836091e-03 3.416122415968315246e-05 1.835590065891802602e-04
1.700000000000000000e+01 5.200003498899856240e-03 1.133984713596458520e-02 3.423901583699535917e-05 1.805561143470372479e-04
1.800000000000000000e+01 1.006687190689903658e-02 2.078156063220003638e-02 3.441483049009276519e-05 1.770404216666397279e-04
1.900000000000000000e+01 1.619926506672715247e-02 3.323774640332954194e-02 3.470767076667339776e-05 1.737212908147443011e-04
2.000000000000000000e+01 2.274351480935003084e-02 4.629708490509863023e-02 3.507393547533985226e-05 1.705553048896951381e-04
2.100000000000000000e+01 2.972790489655769558e-02 5.830468359231452680e-02 3.542787996653666105e-05 1.669650152961852556e-04
2.200000000000000000e+01 3.477047528026241952e-02 6.686946115114250633e-02 3.567072418480976450e-05 1.625758864413294729e-04
2.300000000000000000e+01 3.506924985211141294e-02 6.982790259084779849e-02 3.574152179152864753e-05 1.574289016944530018e-04
2.400000000000000000e+01 3.348884573984751284e-02 6.718218102489943722e-02 3.566038337329330347e-05 1.516990462342243065e-04
2.500000000000000000e+01 3.003674281577468561e-02 6.044517067871199578e-02 3.550276011581834419e-05 1.457495788164816727e-04
2.600000000000000000e+01 2.542853337684103029e-02 5.148262716482620432e-02 3.534575984071322509e-05 1.399721278422197553e-04
2.700000000000000000e+01 2.124267716403338210e-02 4.237394919340364829e-02 3.523559572620845246e-05 1.348201177580967715e-04
2.800000000000000000e+01 1.768722754370875838e-02 3.475728544900179295e-02 3.517452034072061727e-05 1.305150289386233277e-04
2.900000000000000000e+01 1.504110269455069364e-02 2.930921512443817462e-02 3.515583944278987462e-05 1.272040984364842349e-04
3.000000000000000000e+01 1.316490289474361863e-02 2.567378736698160829e-02 3.515895509343155951e-05 1.248273304301607614e-04
3.100000000000000000e+01 1.230350364761910280e-02 2.304368006687215753e-02 3.517294934797067979e-05 1.233630883883282366e-04
3.200000000000000000e+01 1.135714947386953083e-02 2.081251714877437736e-02 3.518504088964399557e-05 1.225990440487860315e-04
3.300000000000000000e+01 1.016608112317957634e-02 1.861708754993744025e-02 3.518659710309091429e-05 1.223184471722468260e-04
3.400000000000000000e+01 8.947609661860936314e-03 1.624298966224395346e-02 3.517945650145080672e-05 1.224985063881237264e-04
3.500000000000000000e+01 7.886666409719909551e-03 1.360287953806170978e-02 3.515839156616517783e-05 1.229199006997915044e-04
3.600000000000000000e+01 6.772220766239070260e-03 1.071017056892332141e-02 3.512542744554168300e-05 1.235608286535011123e-04
3.700000000000000000e+01 5.380972028265628045e-03 7.738986197837515249e-03 3.508145493643151532e-05 1.243599974645179034e-04
3.800000000000000000e+01 4.219776705080052238e-03 5.003871882932472807e-03 3.502800090852120754e-05 1.253320893994935034e-04
3.900000000000000000e+01 3.360981311413083553e-03 2.741268288367316400e-03 3.496196699675424910e-05 1.262826130296077029e-04
4.000000000000000000e+01 2.734384018068186997e-03 1.103891129534931683e-03 3.488099913135562401e-05 1.272353228076985514e-04
4.100000000000000000e+01 1.953998308768562561e-03 3.875842585882132145e-05 3.476893078789886722e-05 1.281047971161419514e-04
4.200000000000000000e+01 2.221183205764362418e-03 -6.322103721462134967e-04 3.458822334020221625e-05 1.287289744924094740e-04
4.300000000000000000e+01 2.415450398315727165e-03 -1.131449149419444132e-03 3.427641456526504631e-05 1.287617634570596930e-04
4.400000000000000000e+01 2.440971932677340420e-03 -1.527821659459787295e-03 3.376643012766260813e-05 1.280629946148053330e-04
4.500000000000000000e+01 1.891593407727878377e-03 -1.891064992522494340e-03 3.301508324993935337e-05 1.263507892117004215e-04
4.600000000000000000e+01 1.319591635236612827e-03 -2.196731963102373838e-03 3.205382406361485803e-05 1.237116730899875093e-04
4.700000000000000000e+01 1.275454210135522348e-03 -2.384862148912814117e-03 3.100644886661123268e-05 1.206075108678298567e-04
