# freqs 	 pli 	 dpli 	 meanpower(thalamus)	 meanpower(scalp)	pli
8.000000000000000000e+00 -6.015503796848207380e-02 -2.728186930793538578e-01 3.078520584180543764e-05 1.599770108121173181e-04
9.000000000000000000e+00 -6.371411763308444665e-02 -2.068977911913839618e-01 2.811630911555200606e-05 1.270971094649441684e-04
1.000000000000000000e+01 -4.193464258122930194e-02 -1.319498250196760314e-01 2.658102547202651826e-05 1.082539784073590868e-04
1.100000000000000000e+01 -4.456796325056307240e-02 -1.132321929635886487e-01 2.626094926702762650e-05 1.004591175120893553e-04
1.200000000000000000e+01 -5.432311127789758026e-02 -1.463348717171716051e-01 2.627367507876252121e-05 9.676564147655805572e-05
1.300000000000000000e+01 -6.510814840782662427e-02 -1.521170544730198748e-01 2.609466411476590102e-05 9.345823769858874305e-05
1.400000000000000000e+01 -6.447777016821307217e-02 -1.434135035061852581e-01 2.586528187671026363e-05 8.957556397610309134e-05
1.500000000000000000e+01 -5.868158551334534678e-02 -1.315626037815047222e-01 2.576460842876948651e-05 8.456676243121706788e-05
1.600000000000000000e+01 -5.013303450818778345e-02 -1.130201749682169521e-01 2.580750015285911963e-05 7.906977737700421078e-05
1.700000000000000000e+01 -4.478270359954007046e-02 -9.411363026740815485e-02 2.595291721118254917e-05 7.421841026907855703e-05
1.800000000000000000e+01 -3.740619410723325378e-02 -7.526170815985981644e-02 2.616045007818233828e-05 7.073804718145607485e-05
1.900000000000000000e+01 -3.253736191413423434e-02 -5.661333373914024386e-02 2.641823094341006969e-05 6.892090641412413439e-05
2.000000000000000000e+01 -2.346706784392373069e-02 -4.331674219899112055e-02 2.671238638609742128e-05 6.841745388585968892e-05
2.100000000000000000e+01 -1.776755372807201777e-02 -3.600046354279246713e-02 2.703509785952753011e-05 6.831943243823975214e-05
2.200000000000000000e+01 -1.431458159222243585e-02 -3.176786492125670269e-02 2.738201744102556918e-05 6.779114700918935615e-05
2.300000000000000000e+01 -1.272354272149788662e-02 -2.789239604171340689e-02 2.772424291688260057e-05 6.654303649439827250e-05
2.400000000000000000e+01 -1.171779018879953206e-02 -2.345084671716710784e-02 2.805545357254283110e-05 6.479343097908137636e-05
2.500000000000000000e+01 -9.631420166020199236e-03 -1.914777333719253419e-02 2.840393830469499487e-05 6.297455892434128204e-05
2.600000000000000000e+01 -7.760748452494337611e-03 -1.608952373057750268e-02 2.876902667301829152e-05 6.140000476570684667e-05
2.700000000000000000e+01 -8.036190219752915864e-03 -1.421796645118239555e-02 2.912599957847331381e-05 6.023510024578624929e-05
2.800000000000000000e+01 -9.779385361264247498e-03 -1.309841259341377497e-02 2.943322012381798813e-05 5.938063235326169700e-05
2.900000000000000000e+01 -9.831508823979151490e-03 -1.224033294671176934e-02 2.967662342058202557e-05 5.879659921274793999e-05
3.000000000000000000e+01 -9.069114367563760326e-03 -1.165606132345764143e-02 2.987072708870346441e-05 5.843899805057684743e-05
3.100000000000000000e+01 -7.917974680252308842e-03 -1.109902419321138686e-02 3.005515697016532665e-05 5.833382313922404422e-05
3.200000000000000000e+01 -6.331866288011590502e-03 -1.035046919043447304e-02 3.025444788551146340e-05 5.840947589206153248e-05
3.300000000000000000e+01 -5.292198282395498173e-03 -9.000095359272618223e-03 3.046810622307688428e-05 5.856060588821719690e-05
3.400000000000000000e+01 -4.141111883162561583e-03 -6.671991283039700564e-03 3.068649853534984696e-05 5.879307507763175159e-05
3.500000000000000000e+01 -3.074312441433676556e-03 -3.469252762302661892e-03 3.090390184635265452e-05 5.902695872152492545e-05
3.600000000000000000e+01 -7.908715726441008231e-04 1.481521318903769298e-04 3.112054138988217097e-05 5.929027668004979853e-05
3.700000000000000000e+01 1.583603334668171481e-03 3.482728490243864640e-03 3.134092976204328363e-05 5.958039460699347285e-05
3.800000000000000000e+01 3.979309299500665038e-03 5.889766166194894924e-03 3.156954924661573367e-05 5.991094949431738609e-05
3.900000000000000000e+01 4.511794236178866789e-03 7.007731812069024555e-03 3.180696343377348799e-05 6.018675997169000580e-05
4.000000000000000000e+01 4.675457889489370231e-03 6.892560252257306889e-03 3.204410041419429367e-05 6.042788979825042364e-05
4.100000000000000000e+01 4.424221724208816063e-03 5.910036808047114051e-03 3.225892285876066451e-05 6.062229055789353097e-05
4.200000000000000000e+01 3.981752246762572042e-03 4.561330331859712178e-03 3.240374909407972261e-05 6.070735077253050835e-05
4.300000000000000000e+01 2.432114518334197589e-03 3.313220498630911701e-03 3.240655122147117210e-05 6.051030830948163841e-05
4.400000000000000000e+01 2.464745665251004414e-03 2.191487638931635239e-03 3.219076090019150929e-05 5.997561620817276596e-05
4.500000000000000000e+01 2.116091653252770519e-03 1.270127558150531888e-03 3.171344719973367803e-05 5.897493980864690837e-05
4.600000000000000000e+01 2.678409800393818582e-03 4.455394211132247535e-04 3.101053516831149076e-05 5.755924794990853900e-05
4.700000000000000000e+01 3.324755359126269072e-03 -3.773778417920460376e-04 3.020659443439995933e-05 5.594606470153076370e-05
