# freqs 	 pli 	 dpli 	 meanpower(thalamus)	 meanpower(scalp)	pli
8.000000000000000000e+00 6.877489168800410280e-02 1.967393438824856233e-01 1.253345982451546442e-04 2.757060364791732716e-04
9.000000000000000000e+00 4.668918764693798240e-02 9.090034135380478664e-02 1.184377141004514238e-04 2.720837252585061412e-04
1.000000000000000000e+01 3.965700513298582586e-02 7.001776360153107170e-02 1.119171670189630376e-04 2.659888594975520575e-04
1.100000000000000000e+01 1.515368241563860071e-04 -1.339804199892401237e-02 1.082547339972417542e-04 2.861980951657844730e-04
1.200000000000000000e+01 -4.922242105218557068e-02 -1.173458981238835325e-01 1.136971405579307383e-04 3.190448884578969777e-04
1.300000000000000000e+01 -7.708263755899109892e-02 -1.606115331724681239e-01 1.242646088335746623e-04 3.401167859574097310e-04
1.400000000000000000e+01 -7.032865038180821649e-02 -1.514443578677743818e-01 1.332429856205192241e-04 3.476416996388229379e-04
1.500000000000000000e+01 -5.483019922298962290e-02 -1.616742415818724077e-01 1.416056940744362682e-04 3.477680377791964733e-04
1.600000000000000000e+01 -4.662827471738740376e-02 -1.835650386359521380e-01 1.444701735568297465e-04 3.410251842353435696e-04
1.700000000000000000e+01 -4.312973358905797250e-02 -1.651121527248282095e-01 1.383235554585466817e-04 3.257914010826802771e-04
1.800000000000000000e+01 -4.625237722340306418e-02 -1.312759228745129236e-01 1.296681830591785124e-04 3.065270507157488353e-04
1.900000000000000000e+01 -5.750103012144957421e-02 -1.318509504430637747e-01 1.289316232961374299e-04 2.892510257308621288e-04
2.000000000000000000e+01 -7.936649701990128314e-02 -1.676027436446184959e-01 1.379265361078350937e-04 2.745210315899582524e-04
2.100000000000000000e+01 -1.001827842601977908e-01 -2.056359327150322214e-01 1.480172183890959402e-04 2.609189949450918208e-04
2.200000000000000000e+01 -1.088155958803335016e-01 -2.227632308653003657e-01 1.523505891325820365e-04 2.468003166249377301e-04
2.300000000000000000e+01 -1.020095597848561103e-01 -2.151443248472693082e-01 1.522811854175679515e-04 2.310433012664872110e-04
2.400000000000000000e+01 -8.903071766380457608e-02 -1.896515565400017089e-01 1.499696681919393743e-04 2.146654419602356397e-04
2.500000000000000000e+01 -7.340913957413910951e-02 -1.552921473955400367e-01 1.439548918425871508e-04 1.992196677814620084e-04
2.600000000000000000e+01 -5.773752939410616708e-02 -1.182877043398552486e-01 1.328904539515411351e-04 1.859097626640635200e-04
2.700000000000000000e+01 -3.793607739709761034e-02 -8.225480247755304064e-02 1.187049634262318527e-04 1.754347328605743378e-04
2.800000000000000000e+01 -1.717620568690246541e-02 -4.998561342413548186e-02 1.046751498747611848e-04 1.676020148143179706e-04
2.900000000000000000e+01 -4.374992194947320730e-03 -2.191894305287725789e-02 9.302807440732680780e-05 1.617417854099473067e-04
3.000000000000000000e+01 3.817704605106179896e-03 3.148615831944115602e-03 8.430403865803000850e-05 1.569824200974476419e-04
3.100000000000000000e+01 1.057153395398110346e-02 2.621839315960779182e-02 7.798752482535283807e-05 1.526262467897224998e-04
3.200000000000000000e+01 1.795396334364501162e-02 4.683977880021797380e-02 7.327245007881503689e-05 1.482684856810002839e-04
3.300000000000000000e+01 2.548369977150442486e-02 6.390258260781864208e-02 6.954287613677605012e-05 1.438139710507902195e-04
3.400000000000000000e+01 2.817285704986239800e-02 7.639954396862960739e-02 6.643403460676277597e-05 1.393038578170079555e-04
3.500000000000000000e+01 3.173205275197598513e-02 8.368886046349059693e-02 6.377785751264239205e-05 1.348024892390383344e-04
3.600000000000000000e+01 3.448113553646012935e-02 8.601124119670595924e-02 6.147839573691288100e-05 1.304614165541867704e-04
3.700000000000000000e+01 3.718467215315666985e-02 8.446944315951261661e-02 5.949191378170017892e-05 1.264087798493965665e-04
3.800000000000000000e+01 3.709022290103371200e-02 8.034785805068153652e-02 5.777081853232277710e-05 1.227438121958651695e-04
3.900000000000000000e+01 3.470138880244316021e-02 7.466939692264285000e-02 5.628747743562932578e-05 1.194685145005697002e-04
4.000000000000000000e+01 3.088934429629875550e-02 6.794787673183276533e-02 5.500650481963179756e-05 1.165701602657956198e-04
4.100000000000000000e+01 2.633801862781286890e-02 6.062289768983402521e-02 5.387819864034697730e-05 1.139601805535084235e-04
4.200000000000000000e+01 2.467200743062811924e-02 5.323442451826207455e-02 5.283951726202053598e-05 1.114554284741198822e-04
4.300000000000000000e+01 2.249091904264318223e-02 4.623867917577798720e-02 5.177071096835106009e-05 1.087651228668908758e-04
4.400000000000000000e+01 1.944429474184592929e-02 4.004702577953053733e-02 5.052138552167229085e-05 1.055728482843933428e-04
4.500000000000000000e+01 1.541815529232325004e-02 3.497900438233185472e-02 4.897320685822464150e-05 1.016447541150268443e-04
4.600000000000000000e+01 1.334000011049906939e-02 3.123316377609025585e-02 4.710569718728939003e-05 9.694409683782386422e-05
4.700000000000000000e+01 1.353715710034453928e-02 2.890150266793729827e-02 4.503133207165873443e-05 9.170993455120316060e-05
