# freqs 	 pli 	 dpli 	 meanpower(thalamus)	 meanpower(scalp)	pli
8.000000000000000000e+00 -3.454207559630773083e-02 -5.933881255254557646e-02 8.171713922956783449e+01 2.886384082732053002e+02
9.000000000000000000e+00 1.004091917992707729e-02 4.909474570457859899e-02 7.352950090494398694e+01 2.855517223352135829e+02
1.000000000000000000e+01 2.234586694195113757e-02 6.431547220916081220e-02 6.802690996688714620e+01 2.375613047700057052e+02
1.100000000000000000e+01 2.705672664316497583e-02 5.996738013875725637e-02 6.486814736617968435e+01 1.897386338118986657e+02
1.200000000000000000e+01 2.781083548047926651e-02 5.920188450326347579e-02 6.296985421561049634e+01 1.615527068399857740e+02
1.300000000000000000e+01 2.433262842348466598e-02 4.357012690302415614e-02 6.164418276169997313e+01 1.490919653158053961e+02
1.400000000000000000e+01 8.810681352091669083e-03 2.880236641211709678e-02 6.051469595736063667e+01 1.444287199335459775e+02
1.500000000000000000e+01 4.398431027933012195e-03 1.995060970890918939e-02 5.950964734261150113e+01 1.419211611925759655e+02
1.600000000000000000e+01 3.116967589356779526e-03 1.106675885882322727e-02 5.837204841128009036e+01 1.389276016486888636e+02
1.700000000000000000e+01 -4.436915822685019543e-03 1.974352481568491646e-03 5.740929768689550627e+01 1.353144123092956761e+02
1.800000000000000000e+01 -5.206712034628100359e-03 -2.018997975317801045e-04 5.668327842278554130e+01 1.318664951242371615e+02
1.900000000000000000e+01 -4.400092060673879528e-03 3.989893773336707604e-03 5.612792759497402528e+01 1.291356517291125670e+02
2.000000000000000000e+01 6.338469757576169607e-05 1.120677438044205380e-02 5.566702115491677461e+01 1.270295406759808259e+02
2.100000000000000000e+01 4.375254950128647062e-03 2.065996405600078675e-02 5.593049080956850361e+01 1.252750022049378629e+02
2.200000000000000000e+01 6.107033047270117067e-03 2.262082623932368947e-02 5.931910949542810130e+01 1.239804830818663248e+02
2.300000000000000000e+01 -7.003591961310057581e-03 -1.031282880473403593e-02 6.920551406166605091e+01 1.234823749103515951e+02
2.400000000000000000e+01 -3.823882480264331751e-02 -9.034646876865200238e-02 8.509020393480092537e+01 1.236997078231513427e+02
2.500000000000000000e+01 -7.692446041143732871e-02 -2.017483746065573125e-01 1.024674478965908833e+02 1.236777674440749024e+02
2.600000000000000000e+01 -1.220567615237708042e-01 -3.257455240027782861e-01 1.184559334052761415e+02 1.225581119733759152e+02
2.700000000000000000e+01 -1.784618352459825530e-01 -4.416917338311863728e-01 1.318238446330639135e+02 1.200739419183198464e+02
2.800000000000000000e+01 -2.353243726293260396e-01 -5.303720861470901937e-01 1.396961068098432008e+02 1.161315968921300055e+02
2.900000000000000000e+01 -2.736691085631695608e-01 -5.774950347745384516e-01 1.390680578741428519e+02 1.106228791086362122e+02
3.000000000000000000e+01 -2.817171235651284578e-01 -5.789135057628708170e-01 1.298166544762865726e+02 1.038631248192673127e+02
3.100000000000000000e+01 -2.591810404582917671e-01 -5.375350538143915946e-01 1.147273203014794092e+02 9.667130102592987839e+01
3.200000000000000000e+01 -2.151021837436450923e-01 -4.605155098211844988e-01 9.769934104014362219e+01 8.997487904259148195e+01
3.300000000000000000e+01 -1.601300676854371663e-01 -3.600191590209896875e-01 8.203441834237320052e+01 8.441967331384010720e+01
3.400000000000000000e+01 -1.091268967078834196e-01 -2.543303484677541526e-01 6.961953925687107869e+01 8.015304196799236536e+01
3.500000000000000000e+01 -6.498309253339963620e-02 -1.615612513840019859e-01 6.087252869404623112e+01 7.698844289855671263e+01
3.600000000000000000e+01 -3.574415496061517789e-02 -9.268535475780925736e-02 5.518631357741692511e+01 7.461730061867527297e+01
3.700000000000000000e+01 -1.664761981140271824e-02 -4.809329904662002636e-02 5.163186968786262554e+01 7.274340624097179386e+01
3.800000000000000000e+01 -4.728851894406222757e-03 -2.186810492904549263e-02 4.939273790065981018e+01 7.118510749979147079e+01
3.900000000000000000e+01 2.680586436677540908e-03 -7.079867882647794368e-03 4.790620006932708463e+01 6.983366889958422519e+01
4.000000000000000000e+01 6.928984165895389451e-03 1.182187173102820614e-03 4.682393227700958249e+01 6.862941381381354233e+01
4.100000000000000000e+01 8.098587636541431517e-03 5.962996507952167229e-03 4.594674284863061331e+01 6.751584300260869043e+01
4.200000000000000000e+01 8.891665625390478972e-03 8.905148805108684465e-03 4.513622543286232514e+01 6.640399956466045239e+01
4.300000000000000000e+01 9.092701348105572054e-03 1.084433892618068794e-02 4.427295271458140036e+01 6.516446468323724162e+01
4.400000000000000000e+01 9.239363630156795237e-03 1.196361769088266983e-02 4.326118900030139258e+01 6.366428864417544276e+01
4.500000000000000000e+01 1.029743840123391665e-02 1.230921266728101163e-02 4.205186166132587289e+01 6.180603430584384483e+01
4.600000000000000000e+01 1.014944112081949713e-02 1.167796130595880576e-02 4.070366130485721357e+01 5.960005809182601411e+01
4.700000000000000000e+01 7.402521457889324995e-03 9.765553458655342606e-03 3.941558126573053045e+01 5.721927212156901987e+01
