# freqs 	 pli 	 dpli 	 meanpower(thalamus)	 meanpower(scalp)	pli
8.000000000000000000e+00 1.489239102809105340e-02 2.578562418745513132e-02 6.514879389278986654e-05 1.289207362432841448e-04
9.000000000000000000e+00 4.325618546432805772e-02 6.143217798792527384e-02 6.050212934032857910e-05 1.274011826270175893e-04
1.000000000000000000e+01 3.550933433141337942e-02 5.244713042619872367e-02 5.792138699504003447e-05 1.214257154861309918e-04
1.100000000000000000e+01 2.609055557694528807e-02 2.302380514163028524e-02 5.534881057598298187e-05 1.117273628839528634e-04
1.200000000000000000e+01 5.151964702988562524e-03 4.220504549248244031e-03 5.160105638299208229e-05 1.012098593953457393e-04
1.300000000000000000e+01 1.618521954621901862e-03 -5.263558000931590521e-03 4.840386194940278020e-05 8.996296473964428123e-05
1.400000000000000000e+01 -2.685604184292041986e-03 -1.240143399576040979e-02 4.681467899244851164e-05 8.078390821716454934e-05
1.500000000000000000e+01 -1.852020233440689967e-03 -3.266782342035506014e-03 4.593093756969405747e-05 7.421354892134464679e-05
1.600000000000000000e+01 3.182913805087881666e-03 6.752804202153273559e-03 4.494728652745489468e-05 6.943647880585128093e-05
1.700000000000000000e+01 4.769624190295873763e-03 9.547027905070004433e-04 4.383185679629605577e-05 6.581705884444767618e-05
1.800000000000000000e+01 1.418453255951585522e-03 -5.876997173382552363e-03 4.276753475970496821e-05 6.291410321934482917e-05
1.900000000000000000e+01 -2.890090708787592527e-03 -4.794853856124008454e-03 4.196682720510850636e-05 6.044710921448891920e-05
2.000000000000000000e+01 -6.545928741174149301e-03 -1.445373004386139902e-03 4.139538464821337894e-05 5.846291839644463808e-05
2.100000000000000000e+01 -1.343248603878844727e-03 3.018563344529780939e-04 4.093354223314387249e-05 5.690560623332544649e-05
2.200000000000000000e+01 3.225158329849806861e-03 -3.559187882066439860e-04 4.052716980147906377e-05 5.553903511038942020e-05
2.300000000000000000e+01 -2.353729466732275375e-03 -2.950262813437973166e-03 4.019740898046566554e-05 5.410166678972577216e-05
2.400000000000000000e+01 -7.556377923541975072e-03 -6.118287025128827002e-03 3.992339271381084917e-05 5.261018331892132168e-05
2.500000000000000000e+01 -7.862829800971228578e-03 -8.826182947078731536e-03 3.967613413808438594e-05 5.120513790180743387e-05
2.600000000000000000e+01 -7.126527469498138839e-03 -1.063794841682854861e-02 3.948937086315731004e-05 4.991702567426192772e-05
2.700000000000000000e+01 -7.043384320987536654e-03 -1.143097917096882327e-02 3.938027724380865246e-05 4.877841353449300510e-05
2.800000000000000000e+01 -8.093616576668993465e-03 -1.140968619801774504e-02 3.931359517111053054e-05 4.779116398461818554e-05
2.900000000000000000e+01 -4.872129161274027336e-03 -1.061336663572832843e-02 3.927838463059301987e-05 4.690679750367093853e-05
3.000000000000000000e+01 -2.323181400877435531e-03 -9.328129024961518204e-03 3.927896286954100864e-05 4.613915297968244948e-05
3.100000000000000000e+01 -2.024439435282951883e-03 -8.504294488118825657e-03 3.933331768859436194e-05 4.546220128259755640e-05
3.200000000000000000e+01 -1.964983258266734829e-03 -9.228582963206511877e-03 3.941526921605941294e-05 4.485824670014833645e-05
3.300000000000000000e+01 -5.985104120320609150e-03 -1.157925466047871055e-02 3.948791865390499113e-05 4.431454130061769468e-05
3.400000000000000000e+01 -6.757109190142681840e-03 -1.471167957759275148e-02 3.953059535295821942e-05 4.383956384682977960e-05
3.500000000000000000e+01 -6.000322394060363974e-03 -1.743472061273372217e-02 3.953051691912302777e-05 4.342588634891623089e-05
3.600000000000000000e+01 -6.545465577525465262e-03 -1.918653354383972540e-02 3.946070062380709032e-05 4.303650819817762433e-05
3.700000000000000000e+01 -5.237249785059476873e-03 -1.993844433125455812e-02 3.930422442431209627e-05 4.264009541149984579e-05
3.800000000000000000e+01 -6.302598649267160402e-03 -2.006643295611251765e-02 3.905842232954911058e-05 4.222991480490122891e-05
3.900000000000000000e+01 -6.882385489384602699e-03 -1.983461512904276247e-02 3.872933834735465164e-05 4.180686705532778982e-05
4.000000000000000000e+01 -6.739180271651297807e-03 -1.946979583253888313e-02 3.834644199701178047e-05 4.137075621193172950e-05
4.100000000000000000e+01 -7.340488810253573485e-03 -1.894452589107464488e-02 3.792285076893274086e-05 4.091640707718675749e-05
4.200000000000000000e+01 -8.051456592023546743e-03 -1.809744414936956258e-02 3.744067614347385231e-05 4.042317021951419981e-05
4.300000000000000000e+01 -9.644322974966807252e-03 -1.683985737534159782e-02 3.686059627859960549e-05 3.982167259471746713e-05
4.400000000000000000e+01 -8.807644527936007300e-03 -1.519805372729573188e-02 3.611810031978186883e-05 3.902384026087355753e-05
4.500000000000000000e+01 -7.797042122582831594e-03 -1.340464481405980422e-02 3.516351995399935950e-05 3.797047654800446485e-05
4.600000000000000000e+01 -7.846901183944994529e-03 -1.169697161877420247e-02 3.402129866465207654e-05 3.667865368890743037e-05
4.700000000000000000e+01 -7.410295673636571774e-03 -1.026853767476764573e-02 3.281055450579532432e-05 3.526698310432262401e-05
