# freqs 	 pli 	 dpli 	 meanpower(thalamus)	 meanpower(scalp)	pli
8.000000000000000000e+00 1.775732023362859222e-02 2.768815680842883625e-02 1.321630584624997355e-04 1.038103466243680401e-04
9.000000000000000000e+00 1.040788819153465154e-02 2.166196796671547228e-02 1.164815375820818348e-04 1.061669631290673168e-04
1.000000000000000000e+01 2.590804275540494004e-03 6.062071462883252167e-03 1.060874530833208913e-04 1.061259185317679033e-04
1.100000000000000000e+01 5.792607850263077791e-03 1.321533272848671864e-02 9.933249538418886034e-05 1.067949706415858592e-04
1.200000000000000000e+01 1.271054765760599135e-02 2.450594786090735597e-02 9.721463264355282793e-05 1.049212027741593415e-04
1.300000000000000000e+01 9.100188198993804448e-03 1.363944256954456938e-02 9.820167996436083527e-05 1.004513673194609306e-04
1.400000000000000000e+01 3.823934293016624172e-03 -7.781781392358966048e-04 9.946660441166812084e-05 9.350710235503143061e-05
1.500000000000000000e+01 9.450498130444934903e-04 -5.720883052731352662e-03 9.964439395294557948e-05 8.486533286620714022e-05
1.600000000000000000e+01 2.882435093965984331e-03 -4.276384307842355167e-03 9.892440780927829358e-05 7.604217645271626363e-05
1.700000000000000000e+01 3.410188352469124395e-03 -2.950260033273731982e-03 9.794652649702285940e-05 6.812879451838864376e-05
1.800000000000000000e+01 4.776771014380128133e-03 1.234678723162862504e-04 9.706374437036753881e-05 6.179084605748703907e-05
1.900000000000000000e+01 4.742084796532981643e-03 5.459301343394513083e-03 9.609214581907705598e-05 5.722199093656088877e-05
2.000000000000000000e+01 4.906938528792596094e-03 9.280815819285059484e-03 9.479369644058033436e-05 5.393405581637687274e-05
2.100000000000000000e+01 4.589932999924356549e-03 1.038422356889755552e-02 9.313089276035905865e-05 5.140830014817530247e-05
2.200000000000000000e+01 4.087599198237906913e-03 1.063291414003209728e-02 9.115999799718939138e-05 4.929211447553482033e-05
2.300000000000000000e+01 4.189183268909428548e-03 1.066981123307106719e-02 8.900425602866604514e-05 4.743077354891681420e-05
2.400000000000000000e+01 4.017069206046522574e-03 9.479066193124253970e-03 8.684991265025266143e-05 4.581850345411149684e-05
2.500000000000000000e+01 2.748280163523410605e-03 7.064715019562548687e-03 8.491415559756131841e-05 4.444286910234132218e-05
2.600000000000000000e+01 1.997234825791803069e-03 4.672725664328283325e-03 8.340719350532420058e-05 4.329906318670205252e-05
2.700000000000000000e+01 1.458850358843651442e-03 2.973111136212091589e-03 8.260535146866212987e-05 4.241175273401968514e-05
2.800000000000000000e+01 3.765384973649697851e-03 1.641211250977140821e-03 8.286191427216072403e-05 4.173339193496605786e-05
2.900000000000000000e+01 3.775370968182815718e-03 2.799685825608977017e-04 8.429168362236242316e-05 4.117649904722400973e-05
3.000000000000000000e+01 3.250465020328945683e-03 -1.047283520670810484e-03 8.646122604398954071e-05 4.066850769488133152e-05
3.100000000000000000e+01 2.326945855888766946e-03 -2.083667515500800017e-03 8.838085360726321996e-05 4.019800114596222155e-05
3.200000000000000000e+01 2.308868148190395229e-03 -2.539344578364240417e-03 8.906933537878504339e-05 3.976691944719685753e-05
3.300000000000000000e+01 1.773076224583757139e-03 -2.323819306382974084e-03 8.805802971471312843e-05 3.938361740471139352e-05
3.400000000000000000e+01 1.225192552184877631e-03 -1.489064370404992281e-03 8.546089360536132293e-05 3.906040276241265675e-05
3.500000000000000000e+01 1.615595343569937959e-03 -2.366533037208484920e-04 8.178082470213296614e-05 3.878924781264918276e-05
3.600000000000000000e+01 2.063887755918400718e-03 1.256416151926138336e-03 7.766551588167905937e-05 3.857190003428551095e-05
3.700000000000000000e+01 2.097025452315240575e-03 2.841518219014294456e-03 7.366884434660299753e-05 3.840221717360505686e-05
3.800000000000000000e+01 2.243391971397549166e-03 4.387591560332668866e-03 7.013693990560284557e-05 3.826739174450702997e-05
3.900000000000000000e+01 2.783471502133553523e-03 5.695870302459666266e-03 6.720359482053324201e-05 3.814115025880172492e-05
4.000000000000000000e+01 3.322680731856994443e-03 6.607817002953080693e-03 6.484445752909028882e-05 3.801561945618148712e-05
4.100000000000000000e+01 3.642574183714651984e-03 7.078891169351784682e-03 6.295076600038634266e-05 3.786854626807761761e-05
4.200000000000000000e+01 2.979086659865859150e-03 7.204146557226703829e-03 6.134751180484490445e-05 3.765745040229846068e-05
4.300000000000000000e+01 2.025798513467826946e-03 7.100956943296497619e-03 5.982635568983305521e-05 3.730992321199855997e-05
4.400000000000000000e+01 2.222577886891782990e-03 6.965192220275664287e-03 5.819145898312881940e-05 3.675891605988802302e-05
4.500000000000000000e+01 1.553690387742505787e-03 6.775019759280610787e-03 5.631097387927449361e-05 3.595075205356316870e-05
4.600000000000000000e+01 1.507410374622291565e-03 6.472857997622199523e-03 5.418349962967633542e-05 3.491134133991118885e-05
4.700000000000000000e+01 1.968912981086798786e-03 5.963148573763898085e-03 5.197054480149332562e-05 3.376301998973878183e-05
