# freqs 	 pli 	 dpli 	 meanpower(thalamus)	 meanpower(scalp)	pli
8.000000000000000000e+00 -7.298392896987516976e-02 -1.485387103180966228e-01 1.111642871128249105e-04 4.366272632690731330e-04
9.000000000000000000e+00 -3.366331806406003269e-02 -5.751646068185520960e-02 8.851133330759202323e-05 2.886721420968764375e-04
1.000000000000000000e+01 -1.998479027883400677e-02 -2.942620524377597899e-02 7.554527748713923279e-05 2.165282378061944525e-04
1.100000000000000000e+01 -1.702486160083306610e-02 -1.688853025694803806e-02 6.983238902903135190e-05 1.950917956615547285e-04
1.200000000000000000e+01 -2.070358702784456939e-02 -2.811824438494340411e-02 6.715145877947127596e-05 1.904428256971413605e-04
1.300000000000000000e+01 -1.369276272358209597e-02 -3.455880010493638660e-02 6.558088019767969491e-05 1.916706752714581483e-04
1.400000000000000000e+01 -1.318962082407403556e-02 -3.114467530425450020e-02 6.454500031302042886e-05 1.921600312557126210e-04
1.500000000000000000e+01 -1.165846700360012415e-02 -3.281688384910066980e-02 6.414208413456686387e-05 1.886502874235609494e-04
1.600000000000000000e+01 -1.560572552034177572e-02 -5.104650992868919185e-02 6.537798278491586121e-05 1.823718349041967147e-04
1.700000000000000000e+01 -2.849828483929527437e-02 -8.881882841751034818e-02 6.860340945663865935e-05 1.750981018205385149e-04
1.800000000000000000e+01 -4.993151192978118741e-02 -1.415901595029918081e-01 7.249519775709817565e-05 1.683807805123224276e-04
1.900000000000000000e+01 -7.093947669947105183e-02 -1.906663324769944101e-01 7.494438888107993202e-05 1.628493085228676393e-04
2.000000000000000000e+01 -8.710790528431952562e-02 -2.156415972590192409e-01 7.480643500409807920e-05 1.581666949705328666e-04
2.100000000000000000e+01 -9.240167707417917820e-02 -2.146939786959734808e-01 7.256993306176405837e-05 1.527625250387409711e-04
2.200000000000000000e+01 -8.753911176578189901e-02 -1.986810563878230462e-01 6.935761032854819211e-05 1.458373529042047262e-04
2.300000000000000000e+01 -7.885077789768923928e-02 -1.783103740661867165e-01 6.609522769288831692e-05 1.375107125541946067e-04
2.400000000000000000e+01 -7.174536419331582759e-02 -1.591166960676899111e-01 6.322967608301043139e-05 1.284155230887634356e-04
2.500000000000000000e+01 -6.300649583722808811e-02 -1.413135037524756166e-01 6.082186164800562362e-05 1.191534212966862061e-04
2.600000000000000000e+01 -5.732729259166309543e-02 -1.245229051413128396e-01 5.883604652565204823e-05 1.100653600589640189e-04
2.700000000000000000e+01 -4.722372311525357275e-02 -1.086666616626307258e-01 5.724766435450332478e-05 1.014927428302542814e-04
2.800000000000000000e+01 -4.312815294670580002e-02 -9.427428935389538245e-02 5.601330667143554742e-05 9.367340965873511205e-05
2.900000000000000000e+01 -4.034731787216617321e-02 -8.168403530911699795e-02 5.508047361026277794e-05 8.687410462346925296e-05
3.000000000000000000e+01 -3.451580995546556924e-02 -7.156141623889761272e-02 5.437894711191661065e-05 8.112814203743256951e-05
3.100000000000000000e+01 -3.166141735925150080e-02 -6.409121560229785741e-02 5.386129383087065703e-05 7.641662334723582964e-05
3.200000000000000000e+01 -2.916415256852548585e-02 -5.830355679557541054e-02 5.347753819416051896e-05 7.258337742853721475e-05
3.300000000000000000e+01 -2.490639303617508266e-02 -5.288167167286583759e-02 5.320295248941630173e-05 6.946989914291135245e-05
3.400000000000000000e+01 -2.206769525964740603e-02 -4.740721284249958117e-02 5.301544182441452429e-05 6.694716243005041569e-05
3.500000000000000000e+01 -2.077751479181834393e-02 -4.210883923059131895e-02 5.288559409693234737e-05 6.485667746808494412e-05
3.600000000000000000e+01 -1.899278791812208933e-02 -3.792758132742537341e-02 5.278395373370837492e-05 6.306664231639519001e-05
3.700000000000000000e+01 -1.888155076298419360e-02 -3.553090997155634173e-02 5.267202717831219938e-05 6.149454739572883348e-05
3.800000000000000000e+01 -1.703461347247666249e-02 -3.493067172684927169e-02 5.252479114967300981e-05 6.011696794902419489e-05
3.900000000000000000e+01 -1.646646800405517433e-02 -3.514071503340528840e-02 5.232904073854878512e-05 5.886536927656628183e-05
4.000000000000000000e+01 -1.558386764080113736e-02 -3.503766239727944959e-02 5.208685928443513972e-05 5.772493653494748509e-05
4.100000000000000000e+01 -1.462910926498260482e-02 -3.374085409124066154e-02 5.178129418871207153e-05 5.663029336926639156e-05
4.200000000000000000e+01 -1.444104228213697293e-02 -3.098977297321359528e-02 5.136628362329255862e-05 5.549844385545709790e-05
4.300000000000000000e+01 -1.513204418104608685e-02 -2.705901244225109720e-02 5.075740732787671850e-05 5.420707677400146750e-05
4.400000000000000000e+01 -1.307238111438892986e-02 -2.262495672308138805e-02 4.985670587791999714e-05 5.267923919913407343e-05
4.500000000000000000e+01 -1.067007270583611792e-02 -1.818175076949125196e-02 4.861092400850166093e-05 5.083628742822267430e-05
4.600000000000000000e+01 -8.217288562090339227e-03 -1.407909755369035620e-02 4.707041214568445122e-05 4.871434614835017162e-05
4.700000000000000000e+01 -6.591198993764361101e-03 -1.046539761609290541e-02 4.541385193059483625e-05 4.646933949247179188e-05
