# freqs 	 pli 	 dpli 	 meanpower(thalamus)	 meanpower(scalp)	pli
8.000000000000000000e+00 2.324968572319478441e-02 5.596095371094400583e-02 2.600541527149509424e-05 2.510139534452208499e-04
9.000000000000000000e+00 3.264662893459508580e-02 7.566929851545947661e-02 2.430429299092537137e-05 2.129172025955361806e-04
1.000000000000000000e+01 1.371218609957472814e-02 2.279155134791059981e-02 2.355405301409687130e-05 1.980722298630504792e-04
1.100000000000000000e+01 -1.697515800148101731e-02 -5.415009371335046534e-02 2.397290125742046997e-05 2.009648280360367735e-04
1.200000000000000000e+01 -3.844053362080582237e-02 -9.723542957332284575e-02 2.521497337567255397e-05 2.111681714295205305e-04
1.300000000000000000e+01 -4.418743891121401646e-02 -1.076218580131623609e-01 2.644476487380442931e-05 2.243161772732422401e-04
1.400000000000000000e+01 -4.182638119233104967e-02 -9.759447764457258867e-02 2.706847292981784807e-05 2.359747805530376381e-04
1.500000000000000000e+01 -2.973847127003152388e-02 -6.716070869648839425e-02 2.693161784970923386e-05 2.416368845623559141e-04
1.600000000000000000e+01 -1.161481632531681518e-02 -2.493333741085865946e-02 2.631330793921793503e-05 2.412208939411491300e-04
1.700000000000000000e+01 4.704027295875279520e-03 9.465313530940008477e-03 2.562219761819749814e-05 2.375922231397107405e-04
1.800000000000000000e+01 1.258692948194861487e-02 2.592229789585099795e-02 2.513651278297408345e-05 2.332670591531743306e-04
1.900000000000000000e+01 1.092154536258150253e-02 2.349749720471527858e-02 2.493351411818404669e-05 2.291171701020132672e-04
2.000000000000000000e+01 3.924522572497471905e-03 5.795450958805443628e-03 2.490638416949505915e-05 2.248618471642500742e-04
2.100000000000000000e+01 -7.558436792009685240e-03 -1.872293561350877461e-02 2.489404802401610521e-05 2.202278279629246520e-04
2.200000000000000000e+01 -1.852894127713046804e-02 -3.994902980047414925e-02 2.480096896420653954e-05 2.150535212339142277e-04
2.300000000000000000e+01 -2.496589684092429332e-02 -5.013393576490415143e-02 2.463137299143605186e-05 2.091993752434534437e-04
2.400000000000000000e+01 -2.524074149089130734e-02 -4.799324184513302505e-02 2.445734980455562508e-05 2.026536222340046770e-04
2.500000000000000000e+01 -2.256651390393749415e-02 -3.890018182046350859e-02 2.434426302181853411e-05 1.960889836059495346e-04
2.600000000000000000e+01 -1.770944591226788004e-02 -2.945806975853315982e-02 2.431593608221245260e-05 1.903792091817846745e-04
2.700000000000000000e+01 -1.422567654758021514e-02 -2.284277632658031701e-02 2.435128756631627374e-05 1.862471282214953050e-04
2.800000000000000000e+01 -1.074336942479677676e-02 -1.893720346720925013e-02 2.442184121878126414e-05 1.836510175421865964e-04
2.900000000000000000e+01 -9.261300832274162870e-03 -1.701319314601855079e-02 2.449652192912643770e-05 1.823548606336454004e-04
3.000000000000000000e+01 -9.623018997402588148e-03 -1.647450675053025587e-02 2.455491304552369754e-05 1.819654726502576878e-04
3.100000000000000000e+01 -1.038232702234885910e-02 -1.649558974960272165e-02 2.458935874214923200e-05 1.822956749477943120e-04
3.200000000000000000e+01 -1.110258125378017942e-02 -1.620843610839450832e-02 2.459982972780137817e-05 1.830971430594410419e-04
3.300000000000000000e+01 -1.127749511636255003e-02 -1.525520346800597268e-02 2.458768955079050755e-05 1.842039034023656356e-04
3.400000000000000000e+01 -1.036574347956306826e-02 -1.389361333778310267e-02 2.455674125563007490e-05 1.856603520574124462e-04
3.500000000000000000e+01 -8.683137077140645060e-03 -1.248460328046286510e-02 2.451476574976241315e-05 1.872514406741871773e-04
3.600000000000000000e+01 -6.795784407424470923e-03 -1.128073040167905557e-02 2.446980828172140587e-05 1.889633112264245147e-04
3.700000000000000000e+01 -5.158963834758762031e-03 -1.033428560010020252e-02 2.442518008650504204e-05 1.907243751145141293e-04
3.800000000000000000e+01 -3.814247277978933051e-03 -9.599877736287136878e-03 2.438136804111553068e-05 1.925063204762154467e-04
3.900000000000000000e+01 -2.533486728572602580e-03 -8.911901218215698833e-03 2.433931898069073999e-05 1.940671751712261814e-04
4.000000000000000000e+01 -1.803441967898137535e-03 -8.221143315758759618e-03 2.429681078147712526e-05 1.953822293527015380e-04
4.100000000000000000e+01 -1.606058153522418788e-03 -7.483016629369334746e-03 2.424215277882632233e-05 1.963200821868540469e-04
4.200000000000000000e+01 -1.596935000060990774e-03 -6.692008046972224879e-03 2.415213754022119480e-05 1.966360375395883328e-04
4.300000000000000000e+01 -2.109258071522884109e-03 -5.898631236251923940e-03 2.399058904306624864e-05 1.958786221075535928e-04
4.400000000000000000e+01 -2.957654952684076691e-03 -5.129831791157663315e-03 2.371868075011518914e-05 1.938093666365459122e-04
4.500000000000000000e+01 -3.435213269831703317e-03 -4.443394837903226653e-03 2.331528927705120584e-05 1.901576564046287470e-04
4.600000000000000000e+01 -3.840056756983999467e-03 -3.866632896998639917e-03 2.280250556411149925e-05 1.851467192750951246e-04
4.700000000000000000e+01 -4.323299874615411410e-03 -3.393652994518926453e-03 2.226018124737044157e-05 1.795346939603213829e-04
