# freqs 	 pli 	 dpli 	 meanpower(thalamus)	 meanpower(scalp)	pli
8.000000000000000000e+00 5.041571529042265104e-02 1.761279545794274815e-01 1.760676681962775720e-04 6.930862000633454317e-04
9.000000000000000000e+00 3.866779297449671887e-02 1.185306075527168268e-01 1.230820315204197361e-04 5.115942011583783471e-04
1.000000000000000000e+01 3.549160446448259426e-02 9.454781311889405571e-02 1.019439528978306791e-04 3.844534174916642731e-04
1.100000000000000000e+01 3.478256830880269851e-02 5.719102234277911173e-02 8.717609047023436547e-05 3.163113472868745520e-04
1.200000000000000000e+01 2.811041435331302837e-02 7.776791903128989214e-02 8.035539136099517795e-05 2.832039628963066804e-04
1.300000000000000000e+01 2.792513628436860476e-02 4.984290578449815379e-02 7.972574246057645842e-05 2.682095710723548707e-04
1.400000000000000000e+01 1.753172591719637935e-02 3.084764547872531626e-02 7.914405263814605260e-05 2.557936551097063187e-04
1.500000000000000000e+01 2.993464111495101540e-02 4.754011802145229754e-02 7.614945554233435593e-05 2.414022698606723186e-04
1.600000000000000000e+01 3.336053636564482311e-02 6.655232850223682939e-02 7.239293937778451028e-05 2.237698868393182274e-04
1.700000000000000000e+01 2.794033765545490128e-02 6.784697288779746593e-02 6.905259083988168813e-05 2.048713999394378743e-04
1.800000000000000000e+01 2.007852336674530863e-02 4.552280945093926945e-02 6.655623177760405839e-05 1.873514019413636449e-04
1.900000000000000000e+01 8.572333807838710545e-03 7.365931881902218828e-03 6.522980404711099106e-05 1.737764893723796941e-04
2.000000000000000000e+01 3.084537697679697477e-03 -2.497451702966033485e-02 6.446943666198868108e-05 1.633447719098639090e-04
2.100000000000000000e+01 -6.504028946258518830e-03 -3.689428572614396329e-02 6.361865598237607098e-05 1.546076444415279115e-04
2.200000000000000000e+01 -1.772001577475772888e-02 -3.345724579253910036e-02 6.257440778054796336e-05 1.460949611020089195e-04
2.300000000000000000e+01 -1.262665351666674048e-02 -2.728519602291500784e-02 6.157103321434433086e-05 1.374292092060715219e-04
2.400000000000000000e+01 -3.456327993608221232e-03 -2.771671575623427253e-02 6.107112908822536423e-05 1.290724869878637584e-04
2.500000000000000000e+01 -8.459044128013534433e-03 -4.488500742357871137e-02 6.148512937867781341e-05 1.213089928070042894e-04
2.600000000000000000e+01 -3.059823644331802206e-02 -9.518477976920647343e-02 6.329882742898863682e-05 1.143206494069562326e-04
2.700000000000000000e+01 -5.996328599158563810e-02 -1.846619117500828966e-01 6.640341786419010279e-05 1.083391295210335271e-04
2.800000000000000000e+01 -9.150957464539162534e-02 -2.872431554295440392e-01 6.973545896681141061e-05 1.033046617147679534e-04
2.900000000000000000e+01 -1.053309387182969070e-01 -3.655999443329326914e-01 7.190996861984632390e-05 9.880272067589043142e-05
3.000000000000000000e+01 -1.159186818189777424e-01 -4.000658719308194389e-01 7.203328697129361777e-05 9.448345087232666649e-05
3.100000000000000000e+01 -1.181665559092021922e-01 -3.901684519656501426e-01 7.009648674173784503e-05 9.014462080740244293e-05
3.200000000000000000e+01 -1.075888568683957686e-01 -3.439734468581568949e-01 6.667654487048283558e-05 8.584091844201111542e-05
3.300000000000000000e+01 -9.066790012480036021e-02 -2.718671786495773790e-01 6.260152581612785441e-05 8.180205946913060241e-05
3.400000000000000000e+01 -7.384357921711162676e-02 -1.912415914994960997e-01 5.862847071445182070e-05 7.821342926967436357e-05
3.500000000000000000e+01 -5.346596749185554553e-02 -1.178620975069356314e-01 5.524684362448033801e-05 7.513689588761049616e-05
3.600000000000000000e+01 -3.147769314472252666e-02 -6.078764996037483437e-02 5.264778291477739393e-05 7.255694555158680452e-05
3.700000000000000000e+01 -1.429341963322545810e-02 -2.196610252156621160e-02 5.076106550919097141e-05 7.041512748205019413e-05
3.800000000000000000e+01 -7.567727249031226851e-03 1.870566046309897479e-03 4.941840784260863008e-05 6.863525549294733762e-05
3.900000000000000000e+01 5.114312259588250399e-03 1.574646445132839995e-02 4.844903049851299290e-05 6.714442324484342164e-05
4.000000000000000000e+01 1.118535230822630989e-02 2.384032784545212294e-02 4.772690795589391085e-05 6.584260033674765053e-05
4.100000000000000000e+01 1.551429587297182416e-02 2.884282036395046517e-02 4.715962498755984052e-05 6.461927107684467260e-05
4.200000000000000000e+01 1.773178721855337564e-02 3.202477292819053828e-02 4.662764545797842619e-05 6.337060466634201919e-05
4.300000000000000000e+01 1.917910318409512399e-02 3.383332171081191581e-02 4.599718879687541813e-05 6.198645169870293581e-05
4.400000000000000000e+01 2.029291783230410817e-02 3.426649091425560539e-02 4.515545615395366379e-05 6.032980884459877938e-05
4.500000000000000000e+01 1.837586123325139417e-02 3.342621165413541678e-02 4.401997030120578336e-05 5.832248285750085839e-05
4.600000000000000000e+01 1.720513818606461687e-02 3.125938780357989666e-02 4.260549601211967909e-05 5.599088876278250350e-05
4.700000000000000000e+01 1.307076540050830689e-02 2.769729415741694484e-02 4.105615472611703827e-05 5.351594720417469892e-05
