# freqs 	 pli 	 dpli 	 meanpower(thalamus)	 meanpower(scalp)	pli
8.000000000000000000e+00 -6.763119213473718638e-02 -1.678416429358333684e-01 4.060867622934167542e+01 1.937573988105930312e+02
9.000000000000000000e+00 -6.227562721251787142e-02 -1.677337456059523335e-01 4.090850946283290313e+01 1.799866545358643748e+02
1.000000000000000000e+01 -5.412835893916729396e-02 -1.449135982642076326e-01 4.432251393945950468e+01 1.695520530069118763e+02
1.100000000000000000e+01 -6.086960276711417955e-02 -1.322998330988574833e-01 4.779970001277437319e+01 1.610352811914848985e+02
1.200000000000000000e+01 -7.256715340655078839e-02 -1.519735241201825848e-01 4.935540004721567442e+01 1.524085132607320077e+02
1.300000000000000000e+01 -7.383694922836055163e-02 -1.605029076473150629e-01 4.861771605201809621e+01 1.416948364086765650e+02
1.400000000000000000e+01 -7.003987126112992678e-02 -1.342055354589807292e-01 4.653777599021564271e+01 1.302319787894239198e+02
1.500000000000000000e+01 -5.499100459098228699e-02 -1.033697974438629735e-01 4.400188196995586054e+01 1.201096077446865991e+02
1.600000000000000000e+01 -4.281411382761497048e-02 -8.963440137526361429e-02 4.153221677908341292e+01 1.115477856907860996e+02
1.700000000000000000e+01 -4.164211206311076857e-02 -8.878694395779150594e-02 3.952456146861822361e+01 1.047077897378942026e+02
1.800000000000000000e+01 -4.678541281560866932e-02 -9.392890155476192604e-02 3.794924581714744960e+01 9.914140356393544096e+01
1.900000000000000000e+01 -4.286423390389573068e-02 -9.523215914011755323e-02 3.666436454929051081e+01 9.413516602685930934e+01
2.000000000000000000e+01 -3.377723260713047515e-02 -8.647026659658284264e-02 3.571159851842335087e+01 8.933958881684961284e+01
2.100000000000000000e+01 -3.165709766773636136e-02 -7.302450064819190900e-02 3.507310198704782067e+01 8.491839054491686056e+01
2.200000000000000000e+01 -2.856272487713639938e-02 -6.441724686573802039e-02 3.462523019783137102e+01 8.095828189442160294e+01
2.300000000000000000e+01 -3.536422318356780004e-02 -6.592017415027937033e-02 3.431835334479703903e+01 7.766868252724268018e+01
2.400000000000000000e+01 -3.549654417467103945e-02 -7.429826859497687397e-02 3.408124514296408591e+01 7.492027768963319545e+01
2.500000000000000000e+01 -3.223152006004671721e-02 -8.182451150762376502e-02 3.387995065451492849e+01 7.244589776921392854e+01
2.600000000000000000e+01 -3.105104256221313808e-02 -8.394396725094084577e-02 3.366070937826372500e+01 7.006970072443736797e+01
2.700000000000000000e+01 -2.846971687462895514e-02 -8.061567472105399257e-02 3.338805717780573445e+01 6.770966254601924561e+01
2.800000000000000000e+01 -2.572393689185373256e-02 -7.389933171088544639e-02 3.305134331107729651e+01 6.546602592651768759e+01
2.900000000000000000e+01 -2.398955868464893240e-02 -6.618964585951250812e-02 3.268961612099608516e+01 6.336277703903102321e+01
3.000000000000000000e+01 -2.183502472910438252e-02 -5.947754434814471469e-02 3.237182225854740381e+01 6.139882164184896851e+01
3.100000000000000000e+01 -2.180012767464597698e-02 -5.499658112129019588e-02 3.213649518470477062e+01 5.961658390571219002e+01
3.200000000000000000e+01 -1.995480331385833875e-02 -5.278469166645351207e-02 3.200770322945319180e+01 5.802496908014970955e+01
3.300000000000000000e+01 -1.912597839425711835e-02 -5.217384111107101902e-02 3.197853771445503668e+01 5.660152980585819904e+01
3.400000000000000000e+01 -2.025740162067687228e-02 -5.204764201016057884e-02 3.201839951518857674e+01 5.536784234132871063e+01
3.500000000000000000e+01 -2.079309000948895148e-02 -5.144167452229125165e-02 3.206752852087868177e+01 5.430147272142580306e+01
3.600000000000000000e+01 -2.045609034561475179e-02 -4.966202120327414121e-02 3.207062534292569467e+01 5.337687816570388577e+01
3.700000000000000000e+01 -2.138740806293851215e-02 -4.665728217253838073e-02 3.199266940889334521e+01 5.259096751314750406e+01
3.800000000000000000e+01 -2.056122233038473052e-02 -4.293765314247236647e-02 3.182204059407459340e+01 5.190669161718231805e+01
3.900000000000000000e+01 -1.916029823715100638e-02 -3.904666809520651594e-02 3.155835056819585915e+01 5.128635359235523339e+01
4.000000000000000000e+01 -1.510738256453213017e-02 -3.522841551945082167e-02 3.120945138596787416e+01 5.071423529645333872e+01
4.100000000000000000e+01 -1.421050238498311816e-02 -3.152307478161572168e-02 3.079022214709553751e+01 5.015595296331619579e+01
4.200000000000000000e+01 -1.257927459058420273e-02 -2.790151927496948431e-02 3.030000207687747604e+01 4.953759616070460936e+01
4.300000000000000000e+01 -1.053259204521307842e-02 -2.439066188204124658e-02 2.971117363827137581e+01 4.875062250701353150e+01
4.400000000000000000e+01 -9.439476268135663442e-03 -2.106657430429972541e-02 2.897979186476000990e+01 4.769728302929320307e+01
4.500000000000000000e+01 -8.642725433113717173e-03 -1.810902830675594974e-02 2.807835707480257881e+01 4.630933887952059536e+01
4.600000000000000000e+01 -8.370318173510579024e-03 -1.560078024479055574e-02 2.703501586134440515e+01 4.462156164229224942e+01
4.700000000000000000e+01 -7.270991237631710402e-03 -1.348394958117335278e-02 2.594574218702025092e+01 4.278841497044039244e+01
