# freqs 	 pli 	 dpli 	 meanpower(thalamus)	 meanpower(scalp)	pli
8.000000000000000000e+00 -7.727329200620179118e-03 -3.883820970935382942e-03 6.569379352828847113e-05 3.032222246977997731e-04
9.000000000000000000e+00 2.558437528798763669e-02 6.250435349221014625e-02 6.354136422537917986e-05 2.855159136456917289e-04
1.000000000000000000e+01 8.767227596936814915e-03 1.882068480837371591e-02 6.063662964690861391e-05 2.172715784135120472e-04
1.100000000000000000e+01 -8.650974120887442928e-03 -1.567525840930170458e-02 5.857168975506520342e-05 1.760061264688419179e-04
1.200000000000000000e+01 -1.531481541174899499e-02 -1.858796495671305449e-02 5.740742455397467307e-05 1.662860851990838990e-04
1.300000000000000000e+01 -1.828660612194686272e-02 -1.430595130364987685e-02 5.699212083028459266e-05 1.703093857419246205e-04
1.400000000000000000e+01 -1.801825123927485936e-02 -2.079045892856595454e-02 5.739668212936972351e-05 1.783521697021648667e-04
1.500000000000000000e+01 -1.613068036049032303e-02 -2.561750003927648622e-02 5.864547061787476730e-05 1.851344925794554347e-04
1.600000000000000000e+01 -1.253745364553665066e-02 -2.109329898972444467e-02 6.010627145548348840e-05 1.882539320297735243e-04
1.700000000000000000e+01 -7.688334029241495303e-03 -1.372043545298454875e-02 6.083388016613670927e-05 1.882131077199166813e-04
1.800000000000000000e+01 -6.422604804643970537e-03 -8.199839577882688316e-03 6.058809809970043119e-05 1.864787726956624312e-04
1.900000000000000000e+01 -4.532681781337161847e-03 -4.368559068972147595e-03 5.986259527646820456e-05 1.845589639990252761e-04
2.000000000000000000e+01 -1.526863208404202797e-03 -7.925498021779719742e-04 5.925315941116511879e-05 1.831651869028007708e-04
2.100000000000000000e+01 2.048031085459755770e-04 2.932113599668304243e-03 5.903506989559176912e-05 1.824751617338257715e-04
2.200000000000000000e+01 2.366074302331304651e-03 7.528976932636271754e-03 5.921019838035548855e-05 1.821332867587211379e-04
2.300000000000000000e+01 6.904548133690830911e-03 1.476145456803833883e-02 5.972296512028331503e-05 1.819466420885633851e-04
2.400000000000000000e+01 1.459129889135466450e-02 2.678850429720034884e-02 6.063067369401585737e-05 1.819130134634107973e-04
2.500000000000000000e+01 2.583397158515834610e-02 4.402508473681766843e-02 6.203653460648610131e-05 1.822109324345475207e-04
2.600000000000000000e+01 3.649680895459418012e-02 6.259627225388199323e-02 6.386767646242164499e-05 1.827762711834530530e-04
2.700000000000000000e+01 4.343724670002429428e-02 7.545703068603250296e-02 6.575596151936385415e-05 1.837480053200151971e-04
2.800000000000000000e+01 4.410005442109062729e-02 7.792427432435192203e-02 6.728276752577034051e-05 1.847372515269862000e-04
2.900000000000000000e+01 3.949161352570933203e-02 7.052259616280298626e-02 6.830930586479156937e-05 1.858519625290059956e-04
3.000000000000000000e+01 3.209223776964080510e-02 5.784440828942827295e-02 6.897573093416941496e-05 1.870414782408178921e-04
3.100000000000000000e+01 2.517491372223371396e-02 4.484058510665678288e-02 6.948608180367152147e-05 1.886564080731447377e-04
3.200000000000000000e+01 2.047898528712483596e-02 3.450996504844085905e-02 6.991803194935532879e-05 1.905574349462594273e-04
3.300000000000000000e+01 1.632670121564776949e-02 2.746992293902891097e-02 7.020427110462658913e-05 1.925004923386025482e-04
3.400000000000000000e+01 1.388657878345594260e-02 2.308366333430619810e-02 7.023436251248078692e-05 1.946580365459636079e-04
3.500000000000000000e+01 1.256422790285986919e-02 2.035188182151205505e-02 6.993648760484497194e-05 1.966874863852789723e-04
3.600000000000000000e+01 1.079658195022529035e-02 1.858277839941855497e-02 6.932726010809263915e-05 1.987255409685098617e-04
3.700000000000000000e+01 9.668028775088216217e-03 1.735251852540039413e-02 6.848756719004529369e-05 2.007590069308789733e-04
3.800000000000000000e+01 9.106954421191465823e-03 1.648043627669233679e-02 6.752987003298131145e-05 2.029628440983967559e-04
3.900000000000000000e+01 8.975032269394703568e-03 1.588098893525572569e-02 6.654569034418854638e-05 2.049973318476001557e-04
4.000000000000000000e+01 8.853381896036844126e-03 1.560472881749021962e-02 6.559376850595928933e-05 2.069410712416237211e-04
4.100000000000000000e+01 8.925382105128467497e-03 1.568763150297972087e-02 6.467797655562919931e-05 2.086159388959936336e-04
4.200000000000000000e+01 9.080929921359273335e-03 1.611871883810500616e-02 6.374026462467117095e-05 2.097192045293803594e-04
4.300000000000000000e+01 9.523556913606644192e-03 1.684130046521669158e-02 6.266462937027222891e-05 2.096144696217230494e-04
4.400000000000000000e+01 1.032015397982606261e-02 1.779723999007018498e-02 6.132174873355253895e-05 2.081726096604658406e-04
4.500000000000000000e+01 1.152067491804000497e-02 1.887627919263222889e-02 5.962075557568170781e-05 2.049388568895807439e-04
4.600000000000000000e+01 1.266610756752130015e-02 2.001707208691846929e-02 5.759587894494262581e-05 2.001063411854302481e-04
4.700000000000000000e+01 1.349332672124318490e-02 2.114739601828489329e-02 5.544560944590583919e-05 1.944683095907573226e-04
