# freqs 	 pli 	 dpli 	 meanpower(thalamus)	 meanpower(scalp)	pli
8.000000000000000000e+00 -1.112949502942502979e-02 -2.838530212172774708e-02 8.771806046102904907e-05 2.014735618663196926e-04
9.000000000000000000e+00 8.658109016624823684e-03 -1.149146073807647515e-02 8.352304491688597237e-05 1.539351180969723962e-04
1.000000000000000000e+01 -5.237507100248432572e-03 -2.809954997605295865e-02 8.109908363989518467e-05 1.267444297300285576e-04
1.100000000000000000e+01 -9.361077163582956842e-03 -4.009384482256683063e-02 8.055600985143282651e-05 1.131981944791433296e-04
1.200000000000000000e+01 -5.226174965315042407e-03 -2.960135601960542720e-02 8.235592907574528572e-05 1.076171909704576243e-04
1.300000000000000000e+01 -1.830729817791002315e-02 -4.579632421204259812e-02 8.641158660501442406e-05 1.081079398488503569e-04
1.400000000000000000e+01 -3.484319878758836142e-02 -7.870055915529623747e-02 9.110212652944154276e-05 1.111292757177764632e-04
1.500000000000000000e+01 -4.356969196163921337e-02 -9.402755333318980890e-02 9.530278893665056336e-05 1.124173326680574667e-04
1.600000000000000000e+01 -4.903586421113599603e-02 -9.400321851766896275e-02 9.871643089897602749e-05 1.111681419215881868e-04
1.700000000000000000e+01 -5.124083574911223599e-02 -9.506284652068135166e-02 1.007928991840033176e-04 1.087512326536197338e-04
1.800000000000000000e+01 -5.221530816142156556e-02 -1.038441087295296911e-01 1.013694927472063304e-04 1.066224026471174132e-04
1.900000000000000000e+01 -5.773688936498684587e-02 -1.165289629184858844e-01 1.008038358254042128e-04 1.061584010103192255e-04
2.000000000000000000e+01 -6.222237556497219740e-02 -1.216175996760044953e-01 9.971564994715713262e-05 1.078988539163775113e-04
2.100000000000000000e+01 -5.753801005276138608e-02 -1.134153717249976601e-01 9.860456948467723605e-05 1.114200266358752686e-04
2.200000000000000000e+01 -4.856934878772607711e-02 -9.753117507888478532e-02 9.775974867855392306e-05 1.151486496594646006e-04
2.300000000000000000e+01 -4.420200467385308057e-02 -8.610558793295841618e-02 9.790041956717529504e-05 1.174255762875563120e-04
2.400000000000000000e+01 -4.487335850827654793e-02 -8.756229538803503298e-02 1.002430923995652759e-04 1.174510307373824176e-04
2.500000000000000000e+01 -4.893334317561083557e-02 -9.678802011688918128e-02 1.046771995566502715e-04 1.151812425562880233e-04
2.600000000000000000e+01 -5.484056804440400751e-02 -1.015738700695023589e-01 1.083401714710531321e-04 1.109624411776110307e-04
2.700000000000000000e+01 -5.346636531001179582e-02 -9.489726989365335208e-02 1.079201320932986847e-04 1.051632273106664742e-04
2.800000000000000000e+01 -4.486051465534470623e-02 -7.762125878190033468e-02 1.026485837177261293e-04 9.825836103083823443e-05
2.900000000000000000e+01 -3.178594929194770297e-02 -5.463756297006728407e-02 9.443740432426890737e-05 9.068038545283851708e-05
3.000000000000000000e+01 -1.815752783875183504e-02 -3.126782484898379261e-02 8.592941470717290928e-05 8.280415389622164184e-05
3.100000000000000000e+01 -8.585786177446839973e-03 -1.111327626985354061e-02 7.883098459615143854e-05 7.519646767430160491e-05
3.200000000000000000e+01 -7.882996310612974114e-04 4.342371173863484625e-03 7.355503510217352415e-05 6.844119518160093408e-05
3.300000000000000000e+01 4.664876837856686033e-03 1.472843401317858354e-02 6.974661593293365013e-05 6.291577314258836530e-05
3.400000000000000000e+01 7.883149273105191993e-03 2.018313587862232902e-02 6.687618389945633338e-05 5.871295273896775250e-05
3.500000000000000000e+01 8.463176370725250183e-03 2.096988437235328129e-02 6.455422072432451144e-05 5.562564121798230639e-05
3.600000000000000000e+01 7.069718001326320139e-03 1.791669408214486767e-02 6.257461236284954300e-05 5.338095985837012125e-05
3.700000000000000000e+01 5.568771852454735410e-03 1.239627980850137312e-02 6.084956715587373788e-05 5.171557684154378515e-05
3.800000000000000000e+01 1.753579231522492702e-03 6.001761892424446396e-03 5.934309649086722113e-05 5.044734739753911412e-05
3.900000000000000000e+01 -2.297201909359536907e-03 -4.015324610029354552e-05 5.802075414975596654e-05 4.939644106279916406e-05
4.000000000000000000e+01 -3.975889380391747427e-03 -5.027614921610667684e-03 5.683128614463343127e-05 4.849461883218426054e-05
4.100000000000000000e+01 -5.191364518662300136e-03 -8.914784169662922850e-03 5.571168269446219608e-05 4.767520313842522309e-05
4.200000000000000000e+01 -6.383175114847449740e-03 -1.196964771310865538e-02 5.459319471494188060e-05 4.686113739674707359e-05
4.300000000000000000e+01 -6.894397148517101420e-03 -1.446373080164497713e-02 5.337498798741758670e-05 4.593470974200499239e-05
4.400000000000000000e+01 -7.727431140094392567e-03 -1.642438856280073120e-02 5.195072723973781980e-05 4.484192759113451125e-05
4.500000000000000000e+01 -8.504309943237770703e-03 -1.779924756071101649e-02 5.025483741735797480e-05 4.348889715705194452e-05
4.600000000000000000e+01 -8.837357422338329785e-03 -1.831106226253653019e-02 4.831637858416408196e-05 4.189705823503817251e-05
4.700000000000000000e+01 -8.993858368765820371e-03 -1.761693440319404141e-02 4.629162006326008354e-05 4.020325878740768947e-05
