# freqs 	 pli 	 dpli 	 meanpower(thalamus)	 meanpower(scalp)	pli
8.000000000000000000e+00 -3.313521423841330610e-02 -6.916862698396430975e-02 2.304416881217042419e-04 6.599319788323764749e-04
9.000000000000000000e+00 -7.094267126577304648e-03 -1.598147861271832088e-02 2.070594643181044431e-04 5.124405987764699957e-04
1.000000000000000000e+01 -2.355075041518724370e-04 -1.277362502379850509e-02 2.059655055113941485e-04 4.061558662835998705e-04
1.100000000000000000e+01 7.908455044857051752e-02 3.158409521666678543e-01 2.316323839167766865e-04 3.669402725812151477e-04
1.200000000000000000e+01 1.116988976928299793e-01 5.097050453784969237e-01 2.411309794992506060e-04 3.603264235047323196e-04
1.300000000000000000e+01 7.156560910285081345e-02 3.800042228120005250e-01 2.062767185985549300e-04 3.509575771273100203e-04
1.400000000000000000e+01 2.246994553177639881e-02 1.641682402307670929e-01 1.580294776033696821e-04 3.123453515571767130e-04
1.500000000000000000e+01 -1.723703576021957441e-04 4.362619715882424393e-02 1.243543786338399074e-04 2.601738302720556337e-04
1.600000000000000000e+01 7.124135615437201174e-04 2.526470987177756658e-02 1.086678262358953972e-04 2.200510092072717157e-04
1.700000000000000000e+01 7.675115546798755295e-03 3.607885813068659187e-02 1.026750007770563049e-04 1.948088674684645013e-04
1.800000000000000000e+01 1.031913085955188727e-02 4.339840299282531066e-02 9.945251997915880685e-05 1.771373732330716003e-04
1.900000000000000000e+01 8.064798805249042551e-03 4.105006480023543763e-02 9.618578724351293380e-05 1.623421901933890584e-04
2.000000000000000000e+01 7.115516592821885013e-03 3.515659701878288967e-02 9.278005734100843620e-05 1.495230145758596281e-04
2.100000000000000000e+01 9.631218463929709303e-03 3.957048820601231920e-02 9.031631835942120301e-05 1.393139868440960365e-04
2.200000000000000000e+01 1.572326412565071274e-02 5.980485482610450876e-02 8.930372047171392721e-05 1.321193611064254555e-04
2.300000000000000000e+01 2.334188969405849232e-02 8.428488027294432638e-02 8.871256064414481126e-05 1.275158961704902756e-04
2.400000000000000000e+01 2.522445832634699972e-02 9.747916666196859703e-02 8.714201950882569385e-05 1.249430185550512397e-04
2.500000000000000000e+01 2.275869616662168707e-02 9.468513847638376779e-02 8.406144503769328224e-05 1.240730828063711514e-04
2.600000000000000000e+01 2.005072972672624840e-02 8.100950665343521762e-02 7.986403694386873351e-05 1.244876811979572296e-04
2.700000000000000000e+01 1.493154336131071250e-02 6.373522150633349759e-02 7.543877705734408027e-05 1.259362457656583618e-04
2.800000000000000000e+01 9.327867487096941010e-03 4.735617045887918070e-02 7.150768335050006511e-05 1.282924452094440562e-04
2.900000000000000000e+01 3.866450239303311984e-03 3.351189880169273827e-02 6.834962613501711763e-05 1.313572585805698213e-04
3.000000000000000000e+01 -4.125379494861298947e-04 2.252724362211347073e-02 6.592554282231739913e-05 1.347352059237160165e-04
3.100000000000000000e+01 -1.145738772703846315e-03 1.470750720535704201e-02 6.406991314745631694e-05 1.379909297250753002e-04
3.200000000000000000e+01 -1.852787988444092688e-03 1.018055879133493782e-02 6.264136559706588486e-05 1.407325052885833477e-04
3.300000000000000000e+01 -1.011169174006005264e-03 8.499336712601586810e-03 6.151257613369151187e-05 1.426625987014036091e-04
3.400000000000000000e+01 -2.010615248265969299e-03 8.673740596448114085e-03 6.056945205122118557e-05 1.436535050454842088e-04
3.500000000000000000e+01 -2.576421060813367109e-03 9.446622495847925224e-03 5.970155790406208332e-05 1.437390630518290172e-04
3.600000000000000000e+01 -3.019205829150150948e-03 9.935456771951936897e-03 5.883872989204188837e-05 1.431035613064337892e-04
3.700000000000000000e+01 -1.952333801657284065e-03 9.638126601702688007e-03 5.794304376960734097e-05 1.420403512895034969e-04
3.800000000000000000e+01 -1.739863552657433185e-03 8.294628481926710414e-03 5.701390722079457290e-05 1.409029216896416691e-04
3.900000000000000000e+01 -1.751608544331630319e-03 5.913814868265520990e-03 5.607487549317595400e-05 1.399688486468667005e-04
4.000000000000000000e+01 -2.791494464549562279e-03 2.766460697020998744e-03 5.515334900755243037e-05 1.394210676524041380e-04
4.100000000000000000e+01 -2.454519450310968694e-03 -5.339496371157642597e-04 5.425010555826030432e-05 1.392783630359785343e-04
4.200000000000000000e+01 -2.194137340381289644e-03 -3.256181423496819129e-03 5.332633824834207291e-05 1.393440233362175471e-04
4.300000000000000000e+01 -2.536659105498701491e-03 -4.850679396085352986e-03 5.229960040214162075e-05 1.392404733279467718e-04
4.400000000000000000e+01 -2.319682367902536988e-03 -5.245122579123339193e-03 5.106686751706010247e-05 1.385341291716778828e-04
4.500000000000000000e+01 -1.021279072853237919e-03 -4.617222126364606098e-03 4.955322123179775829e-05 1.368907682166254302e-04
4.600000000000000000e+01 1.004870282716059920e-03 -3.314869118051680646e-03 4.778378057347988265e-05 1.343480514160064166e-04
4.700000000000000000e+01 2.152374415585415774e-03 -1.667531971260680914e-03 4.590946837706039321e-05 1.313804009709764527e-04
