# freqs 	 pli 	 dpli 	 meanpower(thalamus)	 meanpower(scalp)	pli
8.000000000000000000e+00 2.552374098342180195e-02 6.345232495063633793e-02 6.667007728926945031e-05 1.905054666866578172e-04
9.000000000000000000e+00 4.564398686887946588e-02 1.251616244179745985e-01 6.611876964772716182e-05 1.631096194183486575e-04
1.000000000000000000e+01 6.992180167770581378e-02 2.074307321438276230e-01 6.977649431595269011e-05 1.477298091271266902e-04
1.100000000000000000e+01 1.259662819901996300e-01 4.185494346396023690e-01 7.566591369201619967e-05 1.455458078254216173e-04
1.200000000000000000e+01 1.527923676541095011e-01 5.747247090353716503e-01 7.942303570522060154e-05 1.639214650352265046e-04
1.300000000000000000e+01 1.351820737235867875e-01 5.393125237547835571e-01 7.431466294969592008e-05 1.856725575061219226e-04
1.400000000000000000e+01 1.028566035392983885e-01 4.086819200822052744e-01 6.258610475388071365e-05 1.737047140295944322e-04
1.500000000000000000e+01 6.583814743914931378e-02 2.302641828838267735e-01 5.235443888596941062e-05 1.380663343727559942e-04
1.600000000000000000e+01 3.185249367665544257e-02 7.766181714145095616e-02 4.698321557647312292e-05 1.067799525128393704e-04
1.700000000000000000e+01 9.367657629124897731e-03 4.714714402679759386e-03 4.484548782921774434e-05 8.938247161957364100e-05
1.800000000000000000e+01 1.673727479807024694e-03 -1.084895783536044857e-02 4.392201465022483068e-05 8.124959486232054252e-05
1.900000000000000000e+01 2.498107934338055988e-03 -3.435094647857292200e-03 4.342631882203514541e-05 7.698506348080376622e-05
2.000000000000000000e+01 4.430136274776181292e-03 7.961840788648656339e-03 4.327441256757535792e-05 7.422480201275170159e-05
2.100000000000000000e+01 7.910152631889036043e-03 1.897561602099371789e-02 4.360546276845835999e-05 7.207268653062055786e-05
2.200000000000000000e+01 1.098229313489080573e-02 3.197131265859634586e-02 4.442707147341011683e-05 7.011334495337995861e-05
2.300000000000000000e+01 1.613026837393201005e-02 4.648544784392041884e-02 4.539025449075937568e-05 6.818822352729395596e-05
2.400000000000000000e+01 1.898507255383465042e-02 5.756213550537516571e-02 4.599184907668518908e-05 6.639175327421379270e-05
2.500000000000000000e+01 1.970232826964772241e-02 6.090287921321412695e-02 4.594131024100733558e-05 6.484661019295955096e-05
2.600000000000000000e+01 1.890034718287368631e-02 5.667617186315279665e-02 4.528990239441007729e-05 6.354761315911985214e-05
2.700000000000000000e+01 1.743035800827265336e-02 4.854721040665696541e-02 4.433431850957269947e-05 6.240653366473181585e-05
2.800000000000000000e+01 1.611895704530752482e-02 4.045703224472470272e-02 4.340148389023877780e-05 6.139455504824255846e-05
2.900000000000000000e+01 1.488519913208318120e-02 3.453861262931934989e-02 4.268852774275358627e-05 6.055195410084157609e-05
3.000000000000000000e+01 1.387126654268385113e-02 3.099310937625270046e-02 4.224084756304310757e-05 5.990381220688771618e-05
3.100000000000000000e+01 1.366293630374417964e-02 2.916478727087600323e-02 4.200874569361336564e-05 5.940595897344773423e-05
3.200000000000000000e+01 1.313351780550871782e-02 2.836041252174865274e-02 4.193038673631883868e-05 5.896034452634353476e-05
3.300000000000000000e+01 1.312776843910624242e-02 2.807876957873416818e-02 4.194040692232855084e-05 5.845912126440264383e-05
3.400000000000000000e+01 1.284873115246878451e-02 2.797238714028188467e-02 4.198580081392563494e-05 5.785926653470492039e-05
3.500000000000000000e+01 1.250047494205706877e-02 2.780333930211982552e-02 4.201799138556823742e-05 5.719256978889148812e-05
3.600000000000000000e+01 1.229187237394712209e-02 2.742606307168297605e-02 4.200264038974373798e-05 5.653265362793735168e-05
3.700000000000000000e+01 1.219202406713885273e-02 2.675490199191713978e-02 4.192456521671936908e-05 5.594622987288779020e-05
3.800000000000000000e+01 1.145951928803669480e-02 2.575691370439554817e-02 4.178416477563998285e-05 5.547643129127256817e-05
3.900000000000000000e+01 1.109668595163700207e-02 2.447233860815588302e-02 4.159779284477036794e-05 5.512874034643572562e-05
4.000000000000000000e+01 1.067924807914494116e-02 2.302845952603174012e-02 4.138289702437639351e-05 5.487095279610908151e-05
4.100000000000000000e+01 1.021956427427235352e-02 2.159253643751818039e-02 4.113797054385305812e-05 5.463511434013074852e-05
4.200000000000000000e+01 9.762106840409812483e-03 2.032339405069653188e-02 4.082629067086734496e-05 5.431565726004329044e-05
4.300000000000000000e+01 9.695874864222889591e-03 1.932028392927425189e-02 4.037808659839163712e-05 5.377469308113881017e-05
4.400000000000000000e+01 9.670698114608931861e-03 1.862547891003007647e-02 3.971112156069821377e-05 5.288417069285383728e-05
4.500000000000000000e+01 9.393592960601561057e-03 1.822551944347194225e-02 3.877400702325361337e-05 5.157557250794082149e-05
4.600000000000000000e+01 8.833542506641384878e-03 1.811952248112361913e-02 3.760034096755317506e-05 4.990237200700012614e-05
4.700000000000000000e+01 8.903248350048279317e-03 1.834506152282089006e-02 3.632985856387067766e-05 4.806342416791988768e-05
