# freqs 	 pli 	 dpli 	 meanpower(thalamus)	 meanpower(scalp)	pli
8.000000000000000000e+00 -5.044232627128248519e-02 -1.223445724931062212e-01 6.315380074307099477e-05 1.048748564884209838e-04
9.000000000000000000e+00 -4.667535980660030698e-02 -1.199830321203856909e-01 6.548023713218972851e-05 9.532261443758496518e-05
1.000000000000000000e+01 -4.142980589145817821e-02 -1.077492058365491778e-01 7.049059617544195131e-05 9.451628324678507716e-05
1.100000000000000000e+01 -2.717090029416408328e-02 -7.422251578591879118e-02 7.789540887554526364e-05 1.026967414460651964e-04
1.200000000000000000e+01 -1.505813992927657226e-02 -5.268767129518132225e-02 8.114452512462839984e-05 1.112697179173796868e-04
1.300000000000000000e+01 -9.858608506577409836e-03 -5.955887162887935765e-02 7.961919002176398737e-05 1.172192805122337521e-04
1.400000000000000000e+01 -1.019676239026210372e-02 -5.600180298803579537e-02 7.494660608591390276e-05 1.170879237250708658e-04
1.500000000000000000e+01 7.690317807263961740e-03 -4.832553961205480510e-03 6.827602418102689946e-05 1.089162925475249948e-04
1.600000000000000000e+01 3.499865063649249680e-02 6.725678683747288167e-02 6.140125838487526719e-05 9.736310336527718968e-05
1.700000000000000000e+01 5.077438460973413004e-02 1.094246130726093946e-01 5.554159385428387909e-05 8.723151830457831198e-05
1.800000000000000000e+01 4.674827756155140734e-02 1.068442716649176949e-01 5.100145883354869903e-05 7.958667553870882750e-05
1.900000000000000000e+01 3.179603712876211824e-02 7.739993271815751030e-02 4.768599491763180246e-05 7.366764897886715808e-05
2.000000000000000000e+01 1.609747158079835941e-02 4.276052737150756039e-02 4.534535437404969740e-05 6.890985947528117462e-05
2.100000000000000000e+01 6.505665466575586212e-03 1.717109686366279087e-02 4.364884516044125157e-05 6.502890641610176387e-05
2.200000000000000000e+01 1.736561288261164251e-03 4.045620003510513700e-03 4.224388402669923754e-05 6.184032230571331835e-05
2.300000000000000000e+01 1.017575488191657402e-03 -2.840881227774010877e-04 4.093638452773086685e-05 5.923222596516499377e-05
2.400000000000000000e+01 5.146012187801761060e-04 -1.288176369229037516e-04 3.975870625251565205e-05 5.710390353657803376e-05
2.500000000000000000e+01 -1.426270357019868466e-04 1.724365664806789752e-03 3.880949233694474599e-05 5.536898480610947284e-05
2.600000000000000000e+01 -1.804006939496924085e-04 3.343366627436416584e-03 3.810980324514155401e-05 5.395587339604382296e-05
2.700000000000000000e+01 1.174104008263841440e-04 3.452544128169817740e-03 3.761172419711244428e-05 5.279149142311762244e-05
2.800000000000000000e+01 -4.123150943178006522e-04 1.850539332697995459e-03 3.722967994912186043e-05 5.183780476589182373e-05
2.900000000000000000e+01 -1.982889352230126408e-03 -6.536946209771967668e-04 3.690154004108511804e-05 5.111691409427828738e-05
3.000000000000000000e+01 -2.884233016889620714e-03 -2.937260822562292283e-03 3.658813862897097624e-05 5.065649662618005092e-05
3.100000000000000000e+01 -3.656492060516224746e-03 -4.445869276002838502e-03 3.628362283141179577e-05 5.043985073287400849e-05
3.200000000000000000e+01 -4.114270236458081147e-03 -5.527963659368160219e-03 3.599785613266979069e-05 5.037159675106320602e-05
3.300000000000000000e+01 -5.206513877920988798e-03 -7.017963404400843867e-03 3.573879970670775820e-05 5.030786341867416112e-05
3.400000000000000000e+01 -6.062756141768998325e-03 -9.481408069771648725e-03 3.550788807389058016e-05 5.015955560425723489e-05
3.500000000000000000e+01 -7.224924385903573609e-03 -1.271066433369967726e-02 3.530253458811271136e-05 4.989456911975039102e-05
3.600000000000000000e+01 -8.708751471541280667e-03 -1.587225496766361127e-02 3.511818643623501927e-05 4.952727355681383383e-05
3.700000000000000000e+01 -9.104525575947647678e-03 -1.799572793419206701e-02 3.494188329039194261e-05 4.909344768813680526e-05
3.800000000000000000e+01 -8.878895857038254097e-03 -1.844896262122555988e-02 3.476195272769108609e-05 4.862871245827940741e-05
3.900000000000000000e+01 -8.300315900937500768e-03 -1.716268541834241670e-02 3.457226964617313392e-05 4.814312097637774257e-05
4.000000000000000000e+01 -7.004287685374568397e-03 -1.456854757147579317e-02 3.436327427276507232e-05 4.765104774713513867e-05
4.100000000000000000e+01 -5.957055504591614314e-03 -1.135677460945836229e-02 3.411966442554579463e-05 4.714641672254903158e-05
4.200000000000000000e+01 -4.342027780664380401e-03 -8.166255765261675945e-03 3.381082270250696648e-05 4.658541403834242479e-05
4.300000000000000000e+01 -3.158713114028504146e-03 -5.413867056458409287e-03 3.338297771073238217e-05 4.588791842408234664e-05
4.400000000000000000e+01 -1.912870398556678654e-03 -3.220473510724926065e-03 3.277274789142381700e-05 4.496572412751007096e-05
4.500000000000000000e+01 -1.101130452885354296e-03 -1.519733338422431463e-03 3.194308904452818906e-05 4.375713691240814955e-05
4.600000000000000000e+01 -5.857202950398850702e-04 -1.509605701723516931e-04 3.092384283889298621e-05 4.229307074728497310e-05
4.700000000000000000e+01 -8.050608994425072836e-05 1.055444730045577593e-03 2.983074339935462484e-05 4.071894334914912726e-05
