# freqs 	 pli 	 dpli 	 meanpower(thalamus)	 meanpower(scalp)	pli
8.000000000000000000e+00 4.337066959252267734e-02 1.029992367676322018e-01 1.276642691387662757e-04 2.587767279949559343e-04
9.000000000000000000e+00 -1.627286827780307331e-03 -3.305796263461460022e-02 1.215491729121900979e-04 2.179896465065655163e-04
1.000000000000000000e+01 -3.141085341553634391e-02 -1.354087030632807054e-01 1.234660967773729536e-04 2.009958690240845548e-04
1.100000000000000000e+01 -7.508426278325706915e-02 -3.430437982056023793e-01 1.446688829412333692e-04 2.099074480219910151e-04
1.200000000000000000e+01 -1.196620040017266351e-01 -4.955982976956070929e-01 1.658139478668855735e-04 2.499049660913033760e-04
1.300000000000000000e+01 -1.418322439266971047e-01 -5.399152727661407081e-01 1.569725576575490861e-04 2.850579375829109048e-04
1.400000000000000000e+01 -1.398862875190390043e-01 -5.242193186584733766e-01 1.272165939674282031e-04 2.624155167479650026e-04
1.500000000000000000e+01 -1.084655349442638916e-01 -4.092242717308613997e-01 9.970964756363768513e-05 2.043817309303191531e-04
1.600000000000000000e+01 -6.452477809320307511e-02 -2.121835267031147720e-01 8.395223366094260319e-05 1.558236066157537517e-04
1.700000000000000000e+01 -2.827334846521497094e-02 -7.097315504140797038e-02 7.670623367487711705e-05 1.296618579973759101e-04
1.800000000000000000e+01 -1.310133353562771032e-02 -2.160084400164052551e-02 7.300430609139570007e-05 1.173271620421945598e-04
1.900000000000000000e+01 -8.484030738362836194e-03 -1.096819897906885916e-02 7.063791421132795936e-05 1.104298921764880519e-04
2.000000000000000000e+01 -4.795972983018930054e-03 -7.860903303340922507e-03 6.911487321175911508e-05 1.056644444799123182e-04
2.100000000000000000e+01 -2.257212470412954010e-03 -7.423736826047698349e-03 6.845118869058365119e-05 1.020581693117781437e-04
2.200000000000000000e+01 -5.558636048820259513e-04 -1.245360491381371400e-02 6.844615079500358790e-05 9.919533522868275929e-05
2.300000000000000000e+01 4.567484521319811991e-05 -2.110905683991353213e-02 6.851768899269576336e-05 9.684037030499166826e-05
2.400000000000000000e+01 -9.143022930151740568e-04 -2.784166378560349459e-02 6.803140464978615833e-05 9.482421823179408473e-05
2.500000000000000000e+01 -3.015168414677292866e-03 -2.880643181504171854e-02 6.669992824142943310e-05 9.300662831314434839e-05
2.600000000000000000e+01 -2.488412526968836799e-03 -2.377300026215711445e-02 6.469004619860499233e-05 9.119774612461462168e-05
2.700000000000000000e+01 -1.013866964792056779e-03 -1.523929324279510618e-02 6.241478909933840526e-05 8.929897549361272410e-05
2.800000000000000000e+01 3.436258099137950647e-04 -6.788940364102268553e-03 6.027343673337874717e-05 8.734247216163440767e-05
2.900000000000000000e+01 1.327228718090114239e-03 -1.216571033923769017e-03 5.849130284613870306e-05 8.546041865779615957e-05
3.000000000000000000e+01 1.546494994276033071e-03 5.905937957565050031e-04 5.711453883123251735e-05 8.378649705102605755e-05
3.100000000000000000e+01 6.392006215334884462e-04 -6.325577222828559837e-04 5.608293483254055676e-05 8.237043973482251506e-05
3.200000000000000000e+01 -1.217849947403364108e-03 -3.570219185486829365e-03 5.530322257651470964e-05 8.118504318976245177e-05
3.300000000000000000e+01 -3.629773581075741544e-03 -7.143982295285798527e-03 5.468895354819494192e-05 8.015948061233838212e-05
3.400000000000000000e+01 -5.789633657316649654e-03 -1.073321824949745318e-02 5.417547337082206888e-05 7.922362377390681869e-05
3.500000000000000000e+01 -7.411364624985099410e-03 -1.408848145499067180e-02 5.371851715856341974e-05 7.832613869337534240e-05
3.600000000000000000e+01 -8.708295140698671041e-03 -1.717149444808330205e-02 5.328897426315660238e-05 7.745960569702319530e-05
3.700000000000000000e+01 -1.009901193990452896e-02 -2.012615181272384146e-02 5.287200128085598020e-05 7.663438747654245436e-05
3.800000000000000000e+01 -1.145237956925085863e-02 -2.321513647975130198e-02 5.245815622566568257e-05 7.586653717996783399e-05
3.900000000000000000e+01 -1.307259929080846310e-02 -2.666403001207989787e-02 5.204327620496456292e-05 7.516713317324359885e-05
4.000000000000000000e+01 -1.521236385066933490e-02 -3.054445082708110576e-02 5.162631283826683745e-05 7.453549965968262424e-05
4.100000000000000000e+01 -1.762778481368029032e-02 -3.475245126268967227e-02 5.118661157255406766e-05 7.392785506368971951e-05
4.200000000000000000e+01 -2.000621096236104499e-02 -3.905759162408775631e-02 5.067543383321643344e-05 7.325844708945121768e-05
4.300000000000000000e+01 -2.200936485361380465e-02 -4.318078009074908380e-02 5.000424418854979675e-05 7.238457452991886901e-05
4.400000000000000000e+01 -2.358740766455538415e-02 -4.696237640992814710e-02 4.907173247324804867e-05 7.115935781994170038e-05
4.500000000000000000e+01 -2.494996060223931070e-02 -5.032343179295867969e-02 4.781535556151380055e-05 6.948469551190659987e-05
4.600000000000000000e+01 -2.656161886274697320e-02 -5.334114403375155022e-02 4.627259918415176478e-05 6.741431581711946068e-05
4.700000000000000000e+01 -2.776800454511972605e-02 -5.617320680376060998e-02 4.461215520252566217e-05 6.519377217441712396e-05
