# freqs 	 pli 	 dpli 	 meanpower(thalamus)	 meanpower(scalp)	pli
8.000000000000000000e+00 -7.171889914424721402e-02 -1.481638100839152428e-01 7.521872575086944622e-05 7.224293927189064308e-05
9.000000000000000000e+00 -3.899321684694973672e-02 -4.783025662254907634e-02 7.905796016697886925e-05 6.519651189932973217e-05
1.000000000000000000e+01 2.787074305485952026e-04 3.696257327136657361e-02 7.477516716895748409e-05 5.640275128380545060e-05
1.100000000000000000e+01 1.848795717412910627e-02 5.229276624954527081e-02 6.851705039595461602e-05 5.044991195997309121e-05
1.200000000000000000e+01 2.031043779749895639e-02 4.330021467924412282e-02 6.414693635368791012e-05 4.688242948150763865e-05
1.300000000000000000e+01 1.626360525498915868e-02 3.202896177786159621e-02 6.020744047996290339e-05 4.413419118018059486e-05
1.400000000000000000e+01 7.885158766056950264e-03 1.561277865570448627e-02 5.652131690332807916e-05 4.154252808529296589e-05
1.500000000000000000e+01 6.968600885866575332e-04 1.646921352866090272e-03 5.364906393779995416e-05 3.907515050013603633e-05
1.600000000000000000e+01 -3.630617585825743864e-03 -5.128772009072144270e-03 5.161652008381739746e-05 3.679505382636148178e-05
1.700000000000000000e+01 -3.631381413153008265e-03 -5.571663589831359238e-03 5.010139468746570735e-05 3.476616675570381483e-05
1.800000000000000000e+01 -1.854694739474433774e-03 -3.956021312327868099e-03 4.881166363794910281e-05 3.309928301501610204e-05
1.900000000000000000e+01 -2.346823841444203754e-04 -1.670935116129156333e-03 4.768649057122454981e-05 3.185394898486593098e-05
2.000000000000000000e+01 1.448250577270143247e-03 1.465888723519948641e-03 4.669007821301098015e-05 3.096272445731033691e-05
2.100000000000000000e+01 2.994313433723750240e-03 4.134833459258312020e-03 4.575306327870584346e-05 3.030952778459541341e-05
2.200000000000000000e+01 4.063560607408111570e-03 5.386729764447951811e-03 4.485256824599165337e-05 2.981212137567642835e-05
2.300000000000000000e+01 3.701300164682813643e-03 5.742736558330028065e-03 4.399218920838403562e-05 2.942881973671708433e-05
2.400000000000000000e+01 3.270179688828817998e-03 5.873446567006711597e-03 4.313865175065999843e-05 2.913914882295464139e-05
2.500000000000000000e+01 3.228064238803725599e-03 6.186511118906778094e-03 4.227398757009450861e-05 2.892137804780057009e-05
2.600000000000000000e+01 3.492763562180582326e-03 7.050507266813272125e-03 4.138142306986739694e-05 2.876326141196238132e-05
2.700000000000000000e+01 4.065391819908643380e-03 8.518778885211924015e-03 4.047600590989016155e-05 2.866063213817271593e-05
2.800000000000000000e+01 4.952008777144109412e-03 1.027857333563024153e-02 3.956494057118337365e-05 2.860117908544882170e-05
2.900000000000000000e+01 5.860565044735218873e-03 1.191176288331272960e-02 3.867188287123741070e-05 2.857010888210784094e-05
3.000000000000000000e+01 6.106354047378119258e-03 1.310322812444391673e-02 3.781120068707738348e-05 2.855070962548372670e-05
3.100000000000000000e+01 6.220439549284640691e-03 1.370616109183628653e-02 3.700193761382222221e-05 2.854184611992799421e-05
3.200000000000000000e+01 5.847258613346596745e-03 1.379173726593748740e-02 3.624065154929341184e-05 2.854068109644445280e-05
3.300000000000000000e+01 5.772073728444632700e-03 1.350694291139167488e-02 3.552906774695416286e-05 2.854738104197528198e-05
3.400000000000000000e+01 5.942461448491344334e-03 1.296201560282438103e-02 3.488127691566590119e-05 2.856286655716441277e-05
3.500000000000000000e+01 5.945481981059263198e-03 1.224633642984386192e-02 3.428883350792296769e-05 2.858423515260842746e-05
3.600000000000000000e+01 5.655411589681570879e-03 1.142886081656282506e-02 3.374970851562611771e-05 2.861138522345331643e-05
3.700000000000000000e+01 5.567094591056960182e-03 1.060174885432839040e-02 3.325668862908189342e-05 2.864072149522324634e-05
3.800000000000000000e+01 5.389741889427058022e-03 9.863267844349172392e-03 3.280510381370608722e-05 2.866885841418603405e-05
3.900000000000000000e+01 5.557947816492395977e-03 9.262477838608278169e-03 3.238375775202011187e-05 2.869057819854340055e-05
4.000000000000000000e+01 5.645724108539769588e-03 8.833186373254718615e-03 3.198970296818712765e-05 2.870181686585827549e-05
4.100000000000000000e+01 5.030307636266434859e-03 8.561376967053486650e-03 3.160896680646264618e-05 2.868896757627350123e-05
4.200000000000000000e+01 4.640853560817470060e-03 8.397984865422650907e-03 3.120972266329447280e-05 2.862045638820892620e-05
4.300000000000000000e+01 5.120083782539731898e-03 8.282537793444511021e-03 3.073440957309178526e-05 2.844131000054047031e-05
4.400000000000000000e+01 5.006385914904292432e-03 8.178146376608182860e-03 3.012462090016505492e-05 2.809198637254111582e-05
4.500000000000000000e+01 5.234532163241846330e-03 8.080898209395667026e-03 2.933959454710717262e-05 2.753430169590507235e-05
4.600000000000000000e+01 5.864734626331306183e-03 8.031628512967353348e-03 2.840261919695848082e-05 2.679189072480435424e-05
4.700000000000000000e+01 5.881429855973507870e-03 8.099364546507137677e-03 2.741796177294630662e-05 2.596589426689062722e-05
