# freqs 	 pli 	 dpli 	 meanpower(thalamus)	 meanpower(scalp)	pli
8.000000000000000000e+00 -1.064212056229021514e-01 -2.424989610420650032e-01 1.409440604424317105e-04 4.798825837786747039e-04
9.000000000000000000e+00 -3.754497748631553666e-02 -7.408314675033327024e-02 1.071867723319502657e-04 3.017567358546108898e-04
1.000000000000000000e+01 5.945629385473157752e-03 2.456254504878497419e-02 8.902826498870093316e-05 2.245458722067563762e-04
1.100000000000000000e+01 3.919670242322254028e-02 7.373956989362885628e-02 8.060856905491698256e-05 2.043756348293912246e-04
1.200000000000000000e+01 4.427765416653052510e-02 7.862108337119740054e-02 7.739869709235845316e-05 2.006627742807886520e-04
1.300000000000000000e+01 4.376524250672127192e-02 9.053182377907946499e-02 7.692317533738218176e-05 2.035751593935940826e-04
1.400000000000000000e+01 4.967099109692246772e-02 9.314701538252906365e-02 7.774607980560508769e-05 2.055357018794770813e-04
1.500000000000000000e+01 4.409409073238444721e-02 8.264394413005395068e-02 7.969044602941636774e-05 2.014994314845330566e-04
1.600000000000000000e+01 3.198527893576455505e-02 6.253838085989862905e-02 8.410208089484295046e-05 1.936470005981790561e-04
1.700000000000000000e+01 2.380142163872653316e-02 3.071152019941488648e-02 9.141142052488941574e-05 1.849887634656555483e-04
1.800000000000000000e+01 1.150916030156475152e-02 -2.552273502941247111e-03 9.842822223749896581e-05 1.768961630308026522e-04
1.900000000000000000e+01 7.048152720123423802e-03 -1.795163464732127401e-02 1.006468113503462543e-04 1.699006761484625602e-04
2.000000000000000000e+01 3.745142971979228356e-03 -1.084575767047552160e-02 9.698566125576883084e-05 1.639242251705246120e-04
2.100000000000000000e+01 9.450836080218743759e-03 8.471218398853837955e-03 9.001167738883629650e-05 1.576215735468089918e-04
2.200000000000000000e+01 1.454329205232076858e-02 2.781440398250165091e-02 8.294287429821443967e-05 1.502283732370297148e-04
2.300000000000000000e+01 2.260824549546310708e-02 4.163691643601945963e-02 7.730077707746430113e-05 1.417147145082972332e-04
2.400000000000000000e+01 2.788093279039102756e-02 5.053736693765735477e-02 7.309823387564801176e-05 1.326025153250321874e-04
2.500000000000000000e+01 3.104686705956417186e-02 5.666691374405230519e-02 6.983147951964685236e-05 1.234521628154989538e-04
2.600000000000000000e+01 2.926594750925393465e-02 6.070448060695634446e-02 6.711061489248985716e-05 1.146881298100144462e-04
2.700000000000000000e+01 3.535552260418887288e-02 6.296533814301963350e-02 6.474340040935974857e-05 1.066407832572548403e-04
2.800000000000000000e+01 3.465629004648900641e-02 6.318614505604083775e-02 6.264812344640256899e-05 9.943742267875534894e-05
2.900000000000000000e+01 3.170869182430953448e-02 6.128404577769365480e-02 6.079150300545539074e-05 9.314585669700096765e-05
3.000000000000000000e+01 2.607057650933203991e-02 5.708833752734934763e-02 5.914464850779331859e-05 8.779303814632933450e-05
3.100000000000000000e+01 2.480309200645217441e-02 5.167199233296356636e-02 5.769675354174593992e-05 8.337473861495099897e-05
3.200000000000000000e+01 2.396348210992253758e-02 4.608110496663736511e-02 5.643233269003860171e-05 7.972558406878031950e-05
3.300000000000000000e+01 1.911931164588413778e-02 4.132970742009386966e-02 5.532496122806796770e-05 7.668307763205125692e-05
3.400000000000000000e+01 2.223191572032873209e-02 3.763886427351958303e-02 5.434850791034195389e-05 7.419239150023375882e-05
3.500000000000000000e+01 2.001733799581547138e-02 3.458814907096384450e-02 5.347264364712059961e-05 7.214337347411853762e-05
3.600000000000000000e+01 1.709450063326483499e-02 3.172683919196271629e-02 5.266642761352962129e-05 7.047243690049826814e-05
3.700000000000000000e+01 1.537206441644336542e-02 2.884456009628330944e-02 5.190554401487355298e-05 6.912190957798331717e-05
3.800000000000000000e+01 1.700698463923273202e-02 2.607229992875665855e-02 5.117611048482837772e-05 6.802435702668409366e-05
3.900000000000000000e+01 1.421060200817125460e-02 2.360669758111063124e-02 5.046718579245977577e-05 6.707784671890756141e-05
4.000000000000000000e+01 1.197671259950887530e-02 2.151509573384380661e-02 4.977437699491749003e-05 6.623685062780715880e-05
4.100000000000000000e+01 1.065464908449974962e-02 1.971960878869943520e-02 4.907581337477589140e-05 6.543056370068826171e-05
4.200000000000000000e+01 1.186443266415669259e-02 1.814046571392180160e-02 4.832403993423582282e-05 6.455893249876462116e-05
4.300000000000000000e+01 7.818290109499182600e-03 1.678465538401706023e-02 4.744522899897994568e-05 6.346670881360887324e-05
4.400000000000000000e+01 7.808992036853638907e-03 1.584349461110644633e-02 4.635135604274739240e-05 6.203576969435886527e-05
4.500000000000000000e+01 9.391052436282026558e-03 1.539875498438399506e-02 4.499328075632212247e-05 6.016544815596668001e-05
4.600000000000000000e+01 1.193395338631167771e-02 1.549652542055376600e-02 4.340945087464050377e-05 5.790387570941269688e-05
4.700000000000000000e+01 1.340278840643675459e-02 1.603227151679599560e-02 4.175433663548585152e-05 5.545986015711292059e-05
