# freqs 	 pli 	 dpli 	 meanpower(thalamus)	 meanpower(scalp)	pli
8.000000000000000000e+00 -1.320608735434215253e-01 -2.580371517455399277e-01 1.734108846319782748e-04 4.469299930955763036e-04
9.000000000000000000e+00 -8.832389232863478712e-02 -1.912390328467660217e-01 1.322266723427989389e-04 3.218718034332868549e-04
1.000000000000000000e+01 -4.304780393108469105e-02 -7.854994596982416144e-02 1.131389368871331272e-04 2.372401072003908155e-04
1.100000000000000000e+01 -3.715406637684232766e-03 -1.690022210460919534e-03 1.029544520472324413e-04 2.108710546083655260e-04
1.200000000000000000e+01 2.160048405148585603e-03 9.564063627640720031e-03 9.734999950707033645e-05 2.060429379822524196e-04
1.300000000000000000e+01 -4.596958681028852182e-03 -1.278927301677355161e-02 9.425859592378795458e-05 2.095825827829729895e-04
1.400000000000000000e+01 -1.704651468667508704e-02 -3.494256469975476342e-02 9.196912541417253653e-05 2.136740032757218578e-04
1.500000000000000000e+01 -1.565540144164993125e-02 -4.917353927399124164e-02 8.974162574663814681e-05 2.151281994375099952e-04
1.600000000000000000e+01 -2.320900094651065504e-02 -6.384329670542809865e-02 8.794531964202384022e-05 2.135545351232509634e-04
1.700000000000000000e+01 -3.198859792738210917e-02 -8.215765638343364152e-02 8.716196562354020828e-05 2.103299787410665034e-04
1.800000000000000000e+01 -3.529777119984118389e-02 -9.146316510857975535e-02 8.730121949942934402e-05 2.058600846867109156e-04
1.900000000000000000e+01 -3.426201442159573785e-02 -8.475707170134183510e-02 8.756679212200578683e-05 2.007294521439751962e-04
2.000000000000000000e+01 -2.939922976187708814e-02 -6.615107834703812251e-02 8.716874487442646520e-05 1.948552724117345717e-04
2.100000000000000000e+01 -2.174684832816833890e-02 -4.762157189671761132e-02 8.612945831759172494e-05 1.874501847773408375e-04
2.200000000000000000e+01 -1.891610697463846219e-02 -3.964859795540589399e-02 8.469486088657814246e-05 1.782164889181384808e-04
2.300000000000000000e+01 -2.137930049556561671e-02 -4.366804559359068610e-02 8.312741910033840992e-05 1.674422856460400927e-04
2.400000000000000000e+01 -2.775460343464282789e-02 -5.282157977592878001e-02 8.156143433834419482e-05 1.558744050764317537e-04
2.500000000000000000e+01 -3.184319871014891501e-02 -5.875841672227333917e-02 7.994458560733061839e-05 1.441594064111405402e-04
2.600000000000000000e+01 -3.005151983997042531e-02 -5.808837132272478415e-02 7.820590177527064106e-05 1.326997759071616931e-04
2.700000000000000000e+01 -2.796133497158712067e-02 -5.284796318489363987e-02 7.636486097269510481e-05 1.220087484275256170e-04
2.800000000000000000e+01 -2.688195026569693488e-02 -4.620566090835787065e-02 7.450606784722994455e-05 1.124619850926325537e-04
2.900000000000000000e+01 -2.335006021492237738e-02 -3.990682753202908634e-02 7.273059680872847102e-05 1.043444603786137468e-04
3.000000000000000000e+01 -2.085442733930986670e-02 -3.446113505942079158e-02 7.111229406302077972e-05 9.769133507822865621e-05
3.100000000000000000e+01 -1.811884905007618563e-02 -2.976030118406685146e-02 6.970274264082908580e-05 9.244818068069340878e-05
3.200000000000000000e+01 -1.524132091447925538e-02 -2.582345260431355427e-02 6.850214783893932165e-05 8.828555587045582476e-05
3.300000000000000000e+01 -1.353113642889934749e-02 -2.292589416033303379e-02 6.749122922102273204e-05 8.495076363689757677e-05
3.400000000000000000e+01 -1.463448397711158977e-02 -2.110749883089406420e-02 6.663487055248810140e-05 8.238521935691616750e-05
3.500000000000000000e+01 -1.389665166217258878e-02 -2.032781851046717297e-02 6.589123674080275275e-05 8.036813205472315451e-05
3.600000000000000000e+01 -1.092610730220916308e-02 -2.026163056005472404e-02 6.522147215622690821e-05 7.877340491953117277e-05
3.700000000000000000e+01 -9.196860597384193606e-03 -2.032084164579390367e-02 6.458879293098049085e-05 7.747639447619307247e-05
3.800000000000000000e+01 -8.400999037723405269e-03 -1.989367355131315199e-02 6.398341983742341266e-05 7.644215353554977715e-05
3.900000000000000000e+01 -8.456336498540863167e-03 -1.861911273379911191e-02 6.340263083184211317e-05 7.551637135578114098e-05
4.000000000000000000e+01 -8.846652050822948268e-03 -1.662452923684765507e-02 6.283362637674733131e-05 7.469993260189089262e-05
4.100000000000000000e+01 -7.428715655615482708e-03 -1.412912167204989286e-02 6.223578227564369322e-05 7.391981771233413229e-05
4.200000000000000000e+01 -5.543668894373818788e-03 -1.144392064215045239e-02 6.153297337605271276e-05 7.306312561843653932e-05
4.300000000000000000e+01 -2.373561842984151394e-03 -9.001136288471841759e-03 6.061996884438975531e-05 7.191705553752481103e-05
4.400000000000000000e+01 -5.817739919406929435e-04 -6.674377569712132072e-03 5.937854392976154905e-05 7.043633023553352726e-05
4.500000000000000000e+01 1.168831746003528649e-03 -4.798459836582823559e-03 5.773651353399586266e-05 6.847291840138608672e-05
4.600000000000000000e+01 1.622738917269577602e-04 -3.513758268666110698e-03 5.574542742918758668e-05 6.607239330328143630e-05
4.700000000000000000e+01 -6.935475310061746650e-04 -2.891488284006079289e-03 5.361203671928011725e-05 6.344428818585691682e-05
