# freqs 	 pli 	 dpli 	 meanpower(thalamus)	 meanpower(scalp)	pli
8.000000000000000000e+00 7.425467083852770045e-02 1.661262371646863023e-01 1.098626771038270944e-04 2.538774108077483421e-04
9.000000000000000000e+00 6.064842347736464773e-02 1.288241156005856813e-01 9.930591111133458399e-05 1.870811014105415242e-04
1.000000000000000000e+01 4.329540555931048890e-02 9.227670016818963206e-02 9.243500521880594276e-05 1.484285493433096475e-04
1.100000000000000000e+01 3.611820023157671922e-02 6.716501574833758093e-02 8.811718014465109191e-05 1.299153109129888280e-04
1.200000000000000000e+01 2.669675082010628669e-02 3.683238370190036054e-02 8.883526236604833315e-05 1.239945140727962325e-04
1.300000000000000000e+01 1.915515924885788715e-02 3.117709465353867004e-02 9.379369411595853243e-05 1.289131280949676068e-04
1.400000000000000000e+01 1.721030139378975157e-02 3.493865391644027096e-02 9.490773207764987543e-05 1.396032418707168125e-04
1.500000000000000000e+01 2.167089415330621452e-02 3.313297718958018584e-02 9.175865475535689123e-05 1.449494312976816891e-04
1.600000000000000000e+01 1.574412780930040806e-02 2.391390092930625877e-02 8.893709745086286907e-05 1.418204083386033758e-04
1.700000000000000000e+01 8.459368746159058247e-03 9.467205843400520668e-03 8.787644554071239356e-05 1.347085474951771362e-04
1.800000000000000000e+01 -1.110700669618918746e-03 -5.497085364317582691e-03 8.799670912431864815e-05 1.280955574623573621e-04
1.900000000000000000e+01 -4.689246925411276468e-03 -1.211381701017958355e-02 8.846458820160371498e-05 1.239811377007670802e-04
2.000000000000000000e+01 -8.516739337458557576e-04 -3.264563151060914919e-03 8.892339724849961384e-05 1.226984981719260166e-04
2.100000000000000000e+01 9.373894587902369818e-03 1.746798083194796292e-02 8.962401772210107050e-05 1.238696740664159684e-04
2.200000000000000000e+01 1.206773510883886805e-02 2.918089449630962770e-02 9.155165595821824923e-05 1.263063851646243089e-04
2.300000000000000000e+01 -6.562019869054359390e-03 -5.205577744656112241e-03 9.750158534403127525e-05 1.284895945382624760e-04
2.400000000000000000e+01 -5.725314373153422842e-02 -9.571555053164541860e-02 1.112218173777031850e-04 1.295687127060090812e-04
2.500000000000000000e+01 -1.172063714975871973e-01 -1.936899581143596283e-01 1.313116721441489362e-04 1.288970333393172241e-04
2.600000000000000000e+01 -1.547864404553894180e-01 -2.561381976877794564e-01 1.487834245549827378e-04 1.259205631012919816e-04
2.700000000000000000e+01 -1.630847748706825140e-01 -2.742339255518779217e-01 1.548396058281140879e-04 1.206501103414055328e-04
2.800000000000000000e+01 -1.477652853611651773e-01 -2.560366371071902680e-01 1.475649682643918274e-04 1.136784749961646933e-04
2.900000000000000000e+01 -1.194001086462936762e-01 -2.150913092604806176e-01 1.312977807133532051e-04 1.055526810435485232e-04
3.000000000000000000e+01 -8.596708155518241468e-02 -1.650073368309152855e-01 1.124683630888290983e-04 9.673050905516002173e-05
3.100000000000000000e+01 -5.838363751722615985e-02 -1.179250623724570762e-01 9.603280420272409927e-05 8.793253486606549820e-05
3.200000000000000000e+01 -3.902293180255329147e-02 -8.165060868225076929e-02 8.405685756792653860e-05 7.993967751041122565e-05
3.300000000000000000e+01 -2.776031301629268075e-02 -5.769361097058797738e-02 7.628101828222051521e-05 7.331704587076690461e-05
3.400000000000000000e+01 -2.147033645551926773e-02 -4.331880378156732075e-02 7.148535463834037934e-05 6.830294365314974552e-05
3.500000000000000000e+01 -1.673780685335294130e-02 -3.442348604912123106e-02 6.850442587693104457e-05 6.468262633545866498e-05
3.600000000000000000e+01 -1.397378305827919227e-02 -2.830415272263124213e-02 6.655710192276800233e-05 6.214595313963761894e-05
3.700000000000000000e+01 -1.133474839916233726e-02 -2.361217920603759721e-02 6.520085595959270060e-05 6.033129472442098413e-05
3.800000000000000000e+01 -9.472536378532856252e-03 -1.979496177064327123e-02 6.416761917895302076e-05 5.900569721472395836e-05
3.900000000000000000e+01 -8.299633702658088669e-03 -1.683209130127932482e-02 6.327204292262102387e-05 5.791782896386091478e-05
4.000000000000000000e+01 -8.091871563986902799e-03 -1.460634207695967433e-02 6.238436834180408378e-05 5.699720406730162758e-05
4.100000000000000000e+01 -7.478461654220199331e-03 -1.301232836597678195e-02 6.142113704496899446e-05 5.615549041835590907e-05
4.200000000000000000e+01 -6.633391140024237631e-03 -1.190559674645433504e-02 6.032037023629553170e-05 5.528856785933614917e-05
4.300000000000000000e+01 -5.598152533370892928e-03 -1.107315855200548260e-02 5.901681631829877031e-05 5.424556017226673350e-05
4.400000000000000000e+01 -5.713107219045018489e-03 -1.059223453991000458e-02 5.743621088601729791e-05 5.298310221448527949e-05
4.500000000000000000e+01 -4.768221836958632179e-03 -1.035408143232894110e-02 5.553831953984238325e-05 5.139625720717331885e-05
4.600000000000000000e+01 -4.421996116958381434e-03 -1.041313001975911930e-02 5.337400615600942574e-05 4.951086051075553884e-05
4.700000000000000000e+01 -4.271516423304479518e-03 -1.084349188029316499e-02 5.112501437894602775e-05 4.750379392874184325e-05
