# freqs 	 pli 	 dpli 	 meanpower(thalamus)	 meanpower(scalp)	pli
8.000000000000000000e+00 -9.834589657745736180e-02 -2.195348622659892002e-01 1.212258042272443487e-04 2.674412918163646276e-04
9.000000000000000000e+00 -9.736666723628223385e-02 -2.289822990200185704e-01 9.125295197837667591e-05 2.298707081487137607e-04
1.000000000000000000e+01 -2.467738824858641336e-02 -5.699823431989296807e-02 7.522529468116698583e-05 1.905627064271604167e-04
1.100000000000000000e+01 2.420304852372825999e-02 5.626946200073650733e-02 7.492768263721060254e-05 1.601551851986056786e-04
1.200000000000000000e+01 2.695235986442063789e-02 5.508609940034915609e-02 7.391067127568193393e-05 1.416705408604326030e-04
1.300000000000000000e+01 3.708960939494511388e-02 5.404083196336995770e-02 6.621855032688646011e-05 1.332370582045769259e-04
1.400000000000000000e+01 4.189840563589173478e-02 6.789098751921833486e-02 5.899527295671772796e-05 1.309491856422319430e-04
1.500000000000000000e+01 4.211106086826438971e-02 7.987189140174463797e-02 5.580070089552943501e-05 1.314469365174280484e-04
1.600000000000000000e+01 4.473955165301191778e-02 7.523219031328791384e-02 5.529498325794322849e-05 1.331191516695667278e-04
1.700000000000000000e+01 2.748180277365469548e-02 5.153419088410497728e-02 5.541496406829598062e-05 1.350822081758552894e-04
1.800000000000000000e+01 2.062317713726941407e-02 2.757817258740163577e-02 5.560049765920639561e-05 1.365557085018728484e-04
1.900000000000000000e+01 1.803939137842672236e-02 2.094212587102865092e-02 5.579395954767664602e-05 1.362834057102054310e-04
2.000000000000000000e+01 1.581835023632520085e-02 2.171660997043726657e-02 5.602222288761105729e-05 1.336294334490499178e-04
2.100000000000000000e+01 1.208575014416064623e-02 1.780500116789749537e-02 5.630763964335498743e-05 1.287818792646868154e-04
2.200000000000000000e+01 4.181376089853804622e-03 1.091514713451173860e-02 5.652989465567427845e-05 1.225713586734183068e-04
2.300000000000000000e+01 2.183413516143359323e-03 5.482775987229073292e-03 5.627619685368161792e-05 1.158561800336552845e-04
2.400000000000000000e+01 1.623602227622931169e-03 3.094520191638496214e-03 5.530679350564423724e-05 1.091118712913248209e-04
2.500000000000000000e+01 6.709703654755248521e-04 5.096996264519789224e-03 5.376130608897957054e-05 1.024247603833706825e-04
2.600000000000000000e+01 5.478700155517833396e-03 1.268962878478165079e-02 5.197628877885907992e-05 9.587164703654805608e-05
2.700000000000000000e+01 1.367139203631251819e-02 2.459985015928647933e-02 5.029758565502273133e-05 8.978544265474034498e-05
2.800000000000000000e+01 1.899323653827265923e-02 3.646305730354446051e-02 4.885684023682421070e-05 8.429757071860500748e-05
2.900000000000000000e+01 2.364279135287424699e-02 4.376015425069522402e-02 4.769940807948026048e-05 7.938215352860461755e-05
3.000000000000000000e+01 2.432814039554813748e-02 4.478134385151718438e-02 4.683991574398282362e-05 7.504537569250990890e-05
3.100000000000000000e+01 2.070842657259798145e-02 4.112915082612196571e-02 4.622442194668719502e-05 7.125199221360183413e-05
3.200000000000000000e+01 1.662283329440794599e-02 3.591960256317226069e-02 4.581050182592294885e-05 6.792490311347104659e-05
3.300000000000000000e+01 1.162924504674035971e-02 3.179597191294589176e-02 4.557445695389152215e-05 6.499813098080881697e-05
3.400000000000000000e+01 8.541108313706380697e-03 3.032474637572521101e-02 4.541647209639944891e-05 6.238897108410013527e-05
3.500000000000000000e+01 1.041493958455286424e-02 3.180896856217711038e-02 4.526690453762565841e-05 6.003707616764142958e-05
3.600000000000000000e+01 1.175387905075754059e-02 3.576763281607044792e-02 4.506581517631801147e-05 5.788594428192551228e-05
3.700000000000000000e+01 1.485180336077026458e-02 4.124103281395063991e-02 4.478789624468585757e-05 5.591547508488293534e-05
3.800000000000000000e+01 1.818784522911543605e-02 4.682142441206566669e-02 4.444193368385932337e-05 5.408818746542245906e-05
3.900000000000000000e+01 2.165986836319851866e-02 5.097303895169154331e-02 4.405156578892812128e-05 5.236887132505538517e-05
4.000000000000000000e+01 2.522261715936108262e-02 5.260160720331371470e-02 4.362756502756647697e-05 5.073232723566284419e-05
4.100000000000000000e+01 2.657315225624932303e-02 5.138570226577721806e-02 4.315965809148823658e-05 4.915567990660602487e-05
4.200000000000000000e+01 2.475510335196475301e-02 4.779732193043544075e-02 4.260901357698981806e-05 4.760398785398424650e-05
4.300000000000000000e+01 2.318952312358615875e-02 4.268653731481994451e-02 4.192026287705555082e-05 4.601545310453406895e-05
4.400000000000000000e+01 1.905924358098741445e-02 3.698647620382645995e-02 4.102435823779625141e-05 4.431388720830264103e-05
4.500000000000000000e+01 1.621098966486018630e-02 3.135826951033571230e-02 3.988700368536607154e-05 4.243590323747928631e-05
4.600000000000000000e+01 1.318404932862764223e-02 2.624882716699321675e-02 3.855870711885646255e-05 4.039511057470473581e-05
4.700000000000000000e+01 1.099930029036259860e-02 2.188373861351739294e-02 3.719368398624918470e-05 3.830239739771680504e-05
