# freqs 	 pli 	 dpli 	 meanpower(thalamus)	 meanpower(scalp)	pli
8.000000000000000000e+00 2.139674615030350349e-02 5.293666143388067735e-02 6.393609518610630373e-05 2.420382198984036607e-04
9.000000000000000000e+00 2.457353436791823165e-02 5.762176971659341979e-02 6.092253050671965974e-05 2.184703339872254768e-04
1.000000000000000000e+01 2.783273689787594402e-02 6.634943448754167250e-02 5.859686965483486607e-05 2.077213583533779086e-04
1.100000000000000000e+01 4.610471880000895778e-02 1.083600976390151766e-01 6.101392424582824083e-05 2.232933021506217205e-04
1.200000000000000000e+01 4.932694250293123694e-02 1.168881696326105890e-01 6.791230417384750990e-05 2.584131041601141622e-04
1.300000000000000000e+01 2.788445608698871328e-02 6.400137155064231087e-02 7.274942115277144771e-05 2.808721448271253801e-04
1.400000000000000000e+01 7.786439823745610819e-03 1.089759036535533493e-02 7.157723729514027966e-05 2.640129558076635859e-04
1.500000000000000000e+01 -8.268052221608407316e-04 -2.006957675585149467e-02 6.609863497425347821e-05 2.207276365653663530e-04
1.600000000000000000e+01 3.690372442581119029e-04 -2.453828641252424683e-02 5.947780278225133258e-05 1.766587645836474813e-04
1.700000000000000000e+01 2.610915012264184137e-03 -1.190381771672789114e-02 5.342468874485810463e-05 1.447916910165030142e-04
1.800000000000000000e+01 3.830781014695519657e-03 2.338862077700347170e-03 4.835035359806244754e-05 1.251890035934524368e-04
1.900000000000000000e+01 4.666081681151047766e-03 9.137081607347045942e-03 4.428388250897381275e-05 1.136145327910330805e-04
2.000000000000000000e+01 4.158379333783506285e-03 9.600542857971162969e-03 4.114133003799472742e-05 1.063645986641619315e-04
2.100000000000000000e+01 4.292709442237733868e-03 8.606998507935274823e-03 3.880272881891739986e-05 1.012022641709250958e-04
2.200000000000000000e+01 5.881860742391133851e-03 8.671098715345892244e-03 3.710951118965665808e-05 9.701829653116192831e-05
2.300000000000000000e+01 7.802980387751008544e-03 9.623716260142578527e-03 3.586184534094610869e-05 9.338721406660192034e-05
2.400000000000000000e+01 7.896915626154459023e-03 1.062886694563322521e-02 3.488505458891474388e-05 9.016030331953579281e-05
2.500000000000000000e+01 8.846699810207069373e-03 1.162448740468966478e-02 3.404211988718611301e-05 8.727804629167184420e-05
2.600000000000000000e+01 1.064340007460553607e-02 1.304171203357312910e-02 3.324735381037789559e-05 8.463277719192028909e-05
2.700000000000000000e+01 1.177789310778628445e-02 1.500900479053104628e-02 3.246562655129179431e-05 8.212424846974491642e-05
2.800000000000000000e+01 1.270916910953890852e-02 1.714328464656045617e-02 3.169542490247333444e-05 7.972512350810277921e-05
2.900000000000000000e+01 1.372462901757243690e-02 1.924321971282876367e-02 3.096501855911434783e-05 7.748211468959709464e-05
3.000000000000000000e+01 1.448229678148185359e-02 2.149519043423374007e-02 3.029881639609786713e-05 7.543951773256605468e-05
3.100000000000000000e+01 1.529018441352303186e-02 2.408520947759610828e-02 2.971160764708605066e-05 7.363545687314246302e-05
3.200000000000000000e+01 1.640166097190426386e-02 2.680651083956578362e-02 2.920729429043886059e-05 7.206988364567539353e-05
3.300000000000000000e+01 1.682097656667942698e-02 2.920561415688145354e-02 2.878131704940236813e-05 7.071502919330849963e-05
3.400000000000000000e+01 1.718741451772093365e-02 3.099720144138571817e-02 2.843170627378310253e-05 6.956582272415139491e-05
3.500000000000000000e+01 1.811323129457052122e-02 3.219728774115701575e-02 2.814607660228217654e-05 6.859722529507862100e-05
3.600000000000000000e+01 1.804651841205579671e-02 3.302558504453070864e-02 2.791389488860614840e-05 6.779407176127068106e-05
3.700000000000000000e+01 1.831435093906701173e-02 3.365353492538759178e-02 2.772443060332756564e-05 6.713725858423212915e-05
3.800000000000000000e+01 1.806147195317269263e-02 3.414837271276504466e-02 2.756980460839885899e-05 6.660360533447097031e-05
3.900000000000000000e+01 1.879859441016728389e-02 3.448986758707282135e-02 2.744050251367216491e-05 6.615546096818309156e-05
4.000000000000000000e+01 1.892981307082516884e-02 3.466504873150305643e-02 2.732703222645448067e-05 6.577093132903989140e-05
4.100000000000000000e+01 1.950351802821766525e-02 3.468647065307265548e-02 2.720972185737488292e-05 6.540009254051668973e-05
4.200000000000000000e+01 1.964505841882711185e-02 3.458772754678286765e-02 2.705223010350367246e-05 6.495363789353812115e-05
4.300000000000000000e+01 1.954996504263066190e-02 3.442194136839461099e-02 2.680117911038839930e-05 6.429281162675312418e-05
4.400000000000000000e+01 1.962227025620835036e-02 3.423469986277932059e-02 2.640029423664500219e-05 6.328349448216420996e-05
4.500000000000000000e+01 1.951767908772815072e-02 3.414552358976395002e-02 2.581516250498969544e-05 6.183203432310956744e-05
4.600000000000000000e+01 1.942131787859237291e-02 3.428971649036028496e-02 2.506768689586457853e-05 5.998651145194176343e-05
4.700000000000000000e+01 1.964132773785386837e-02 3.484097473756931490e-02 2.425272160631084217e-05 5.796560942473733685e-05
