# freqs 	 pli 	 dpli 	 meanpower(thalamus)	 meanpower(scalp)	pli
8.000000000000000000e+00 -1.218262722955539695e-02 1.121010570385288369e-02 1.609082512877673939e-04 1.464437805411034381e-04
9.000000000000000000e+00 -9.313308606684507496e-03 -3.048496779292280811e-03 1.439044553741425923e-04 1.411885054060416610e-04
1.000000000000000000e+01 -1.261706785952446987e-02 -2.212942729177096168e-02 1.301935543189785410e-04 1.296830657791418295e-04
1.100000000000000000e+01 2.986502768568782655e-03 -2.716949603213123302e-03 1.274865890474879840e-04 1.264242295158422662e-04
1.200000000000000000e+01 -6.700483282403814876e-03 -1.069943196218094313e-02 1.326108916975834670e-04 1.328245986409657114e-04
1.300000000000000000e+01 -2.546896002353355934e-02 -4.664177654733027423e-02 1.378630176761919221e-04 1.414745805276313860e-04
1.400000000000000000e+01 -3.761609862176890778e-02 -7.782091277416529340e-02 1.429714512296935945e-04 1.483913287755600496e-04
1.500000000000000000e+01 -5.157642915481617379e-02 -1.059132749049803146e-01 1.550728680738170881e-04 1.533870119699107671e-04
1.600000000000000000e+01 -5.506455834809213801e-02 -1.273839091364056819e-01 1.670064135661114037e-04 1.551254127933953753e-04
1.700000000000000000e+01 -5.111827073467828386e-02 -1.202135988108947451e-01 1.698794108706530700e-04 1.527967998650735270e-04
1.800000000000000000e+01 -3.490423495891672306e-02 -8.851638922338846138e-02 1.683100916247089250e-04 1.478131596641149396e-04
1.900000000000000000e+01 -1.268233823877959986e-02 -4.071439692846289676e-02 1.732155719026696452e-04 1.422346289022999278e-04
2.000000000000000000e+01 1.993094812215899861e-02 2.659326961723230617e-02 1.920388660887584436e-04 1.373688762350093722e-04
2.100000000000000000e+01 5.609547532117069302e-02 9.243731108029219767e-02 2.187033730258529059e-04 1.321397556908086792e-04
2.200000000000000000e+01 7.813070097997833197e-02 1.272060746144790810e-01 2.371629972521242943e-04 1.252496466915313186e-04
2.300000000000000000e+01 7.284777677567080834e-02 1.239895950211171854e-01 2.367424988087959352e-04 1.170723257660155289e-04
2.400000000000000000e+01 5.416758283336807478e-02 9.441407909900038919e-02 2.183605203956265372e-04 1.089435100603846523e-04
2.500000000000000000e+01 3.121238226182801445e-02 5.606681687010197507e-02 1.899018655477989850e-04 1.017830566165039361e-04
2.600000000000000000e+01 1.500782459230881084e-02 2.331157145409941053e-02 1.603844222095629263e-04 9.604205303066833013e-05
2.700000000000000000e+01 9.928956847335525596e-03 3.804774885370386297e-03 1.363958918281845279e-04 9.172027352208743530e-05
2.800000000000000000e+01 4.919660716978662383e-03 -1.651489747472595880e-03 1.200231155721364007e-04 8.875321483241941397e-05
2.900000000000000000e+01 3.013940898324988290e-03 2.307942389385951761e-03 1.100881728149435691e-04 8.704983031852418177e-05
3.000000000000000000e+01 1.685497051090741223e-03 1.015826040536855178e-02 1.044260527597339793e-04 8.629627099012086139e-05
3.100000000000000000e+01 5.328379871448575035e-03 1.858129751645106603e-02 1.011910151940507031e-04 8.621759025512382190e-05
3.200000000000000000e+01 1.125362230402661076e-02 2.588166043235896885e-02 9.910444122061991398e-05 8.656170595502710218e-05
3.300000000000000000e+01 1.711693308138842115e-02 3.102823186272957168e-02 9.744720207051650574e-05 8.694649608100814481e-05
3.400000000000000000e+01 1.968461521014312071e-02 3.350186876643017342e-02 9.588865399613476822e-05 8.696022799304070064e-05
3.500000000000000000e+01 1.846734629675290951e-02 3.358295828542180034e-02 9.435604270285222965e-05 8.625469647983112888e-05
3.600000000000000000e+01 1.464730313967917662e-02 3.199862351997246473e-02 9.287650316080505028e-05 8.466372129906499027e-05
3.700000000000000000e+01 1.243581719263763333e-02 2.974662395308831642e-02 9.151469771722713857e-05 8.227452926677793861e-05
3.800000000000000000e+01 1.215802030298828058e-02 2.770282906745489757e-02 9.030672189186289577e-05 7.934427906360142836e-05
3.900000000000000000e+01 1.316079824824456686e-02 2.633307122625795638e-02 8.926438183300490264e-05 7.617002767473603545e-05
4.000000000000000000e+01 1.226806485275776931e-02 2.564469701889780101e-02 8.835607343816668645e-05 7.298949068926880097e-05
4.100000000000000000e+01 1.082470146553283878e-02 2.529431622706993302e-02 8.749400873688933109e-05 6.994926866716454246e-05
4.200000000000000000e+01 1.152166848002712969e-02 2.483350996398800067e-02 8.652809429683807436e-05 6.706178132511402381e-05
4.300000000000000000e+01 1.113167822978338578e-02 2.392264953621929188e-02 8.520797602803985586e-05 6.421617089651755544e-05
4.400000000000000000e+01 1.154295981151583911e-02 2.244829572430291631e-02 8.326736814823475783e-05 6.127931427501603922e-05
4.500000000000000000e+01 1.131994481932848372e-02 2.063595092842086115e-02 8.053338030664187390e-05 5.812573277466335928e-05
4.600000000000000000e+01 1.180422738981615378e-02 1.882102940662918472e-02 7.699264848766884835e-05 5.471721208107932662e-05
4.700000000000000000e+01 1.163346883373240354e-02 1.737888415568683217e-02 7.282564433795189870e-05 5.114912317281576577e-05
