# freqs 	 pli 	 dpli 	 meanpower(thalamus)	 meanpower(scalp)	pli
8.000000000000000000e+00 3.863127822932958116e-02 9.478561974526712730e-02 8.981814249123044370e-05 2.227841911695722379e-04
9.000000000000000000e+00 3.284261610611770993e-02 8.618258514299269313e-02 9.513750585238570296e-05 2.305753319249428067e-04
1.000000000000000000e+01 3.932352423809084424e-02 1.179088011811005449e-01 1.108021602649575691e-04 2.603329065914455789e-04
1.100000000000000000e+01 6.695417938108406963e-02 2.334252807387784401e-01 1.435543098255718836e-04 3.028297803429383351e-04
1.200000000000000000e+01 6.459301727660260450e-02 2.226650408013242932e-01 1.514875613941864632e-04 3.403722367288162100e-04
1.300000000000000000e+01 5.715147257665716823e-02 1.521831283861271034e-01 1.372579439513233065e-04 3.787993404462003952e-04
1.400000000000000000e+01 6.016256506868942339e-02 1.259117832783802071e-01 1.239093347221146993e-04 3.844586678970159706e-04
1.500000000000000000e+01 6.195005999972413857e-02 1.056937229098171838e-01 1.148414022621141423e-04 3.490943750129978573e-04
1.600000000000000000e+01 5.971714457707498480e-02 8.932172356963349880e-02 1.071339655541199811e-04 3.043783422921541530e-04
1.700000000000000000e+01 5.598823101578022376e-02 8.007816751648867692e-02 9.988541409071576070e-05 2.693067614813678427e-04
1.800000000000000000e+01 5.131207985675891731e-02 6.744672457571949942e-02 9.350245641873712848e-05 2.439445726042028574e-04
1.900000000000000000e+01 4.265590172884507064e-02 4.864779953875733587e-02 8.833077225603226418e-05 2.242064243448044540e-04
2.000000000000000000e+01 2.946607650350584195e-02 2.856641319749553959e-02 8.415686946426401247e-05 2.078564827224427172e-04
2.100000000000000000e+01 2.063284454977236046e-02 1.281799750157666500e-02 8.061782052796420857e-05 1.938705904004511425e-04
2.200000000000000000e+01 1.350167785631986410e-02 3.051615171161785409e-03 7.742456748454431019e-05 1.816132122679505693e-04
2.300000000000000000e+01 9.605636354310696096e-03 -3.568911069272823287e-03 7.433898596819167256e-05 1.707787968183854810e-04
2.400000000000000000e+01 5.606729383630472408e-03 -9.696081448517924681e-03 7.128598194202657036e-05 1.611917797306447518e-04
2.500000000000000000e+01 -4.938228570266635473e-05 -1.560361501182979185e-02 6.836033802226231014e-05 1.527606437455816292e-04
2.600000000000000000e+01 -5.187059277774391103e-03 -2.092923425510564289e-02 6.567819131829210439e-05 1.453890054332952254e-04
2.700000000000000000e+01 -9.747896844214926082e-03 -2.601556989027439815e-02 6.324998946781135937e-05 1.388118216027893253e-04
2.800000000000000000e+01 -1.289106679886787253e-02 -3.110292234342970641e-02 6.101630773560435330e-05 1.326930923253225156e-04
2.900000000000000000e+01 -1.544211195064955182e-02 -3.530417800510148030e-02 5.890136662429817162e-05 1.268253179839356028e-04
3.000000000000000000e+01 -1.704749795247942346e-02 -3.728774011163709518e-02 5.685584530941816943e-05 1.211286948454759667e-04
3.100000000000000000e+01 -1.630223521054890642e-02 -3.633031212319143971e-02 5.485459782519293460e-05 1.156602099087750141e-04
3.200000000000000000e+01 -1.407949123297006985e-02 -3.262962389699668175e-02 5.290561805724090739e-05 1.105154237617582359e-04
3.300000000000000000e+01 -1.097403333178519243e-02 -2.696723605465408888e-02 5.105381488927597175e-05 1.057612223795246993e-04
3.400000000000000000e+01 -7.738380013390050785e-03 -2.034837048853519945e-02 4.934720934059727972e-05 1.014606364713322025e-04
3.500000000000000000e+01 -2.987904124910966980e-03 -1.374792932235486750e-02 4.781786645158726275e-05 9.762248528810604092e-05
3.600000000000000000e+01 2.308502164739696097e-04 -8.014348675577997322e-03 4.647232488517700713e-05 9.422443713857185242e-05
3.700000000000000000e+01 3.379935252190588435e-03 -3.619621896400982038e-03 4.530061346799105676e-05 9.123348772089562406e-05
3.800000000000000000e+01 5.398535553913405907e-03 -5.828526480146725437e-04 4.428384959621735562e-05 8.861609080626947936e-05
3.900000000000000000e+01 7.018713384299750217e-03 1.580425986777775479e-03 4.339524197442437792e-05 8.631255797079846737e-05
4.000000000000000000e+01 8.782404195312711048e-03 3.254353832546444739e-03 4.260055767284972461e-05 8.426281567394063629e-05
4.100000000000000000e+01 1.063524291136937194e-02 4.711116193579911217e-03 4.185768301867107702e-05 8.237041277461422503e-05
4.200000000000000000e+01 1.197975986450866039e-02 6.025999097038217504e-03 4.110866082341526197e-05 8.049426669071811234e-05
4.300000000000000000e+01 1.273761231812801757e-02 7.188687978864788733e-03 4.027545079404840799e-05 7.845429565275704184e-05
4.400000000000000000e+01 1.338734096264914374e-02 8.067388124131907867e-03 3.927438138987801629e-05 7.608215516852419628e-05
4.500000000000000000e+01 1.347581401677601376e-02 8.676195823423299425e-03 3.804914965036628496e-05 7.326280618104450608e-05
4.600000000000000000e+01 1.393019984054787337e-02 9.040769820439654297e-03 3.661644467114230465e-05 7.002352633276273696e-05
4.700000000000000000e+01 1.408875301036542453e-02 9.213267145727422128e-03 3.509314296777480308e-05 6.655229131296674623e-05
