# freqs 	 pli 	 dpli 	 meanpower(thalamus)	 meanpower(scalp)	pli
8.000000000000000000e+00 -9.097623263718955522e-03 -1.821441756539013065e-02 1.666949462360663219e-05 2.117577472949766580e-04
9.000000000000000000e+00 -2.944640239691794729e-03 -1.436427934748115212e-02 1.634260302260765824e-05 1.990415854712083868e-04
1.000000000000000000e+01 -9.494070392670628938e-03 2.780436270474579905e-02 1.659894293110079056e-05 1.949656535417688670e-04
1.100000000000000000e+01 -1.152846560846560765e-02 4.116291165629725607e-02 1.726912905732291714e-05 2.104636965481508171e-04
1.200000000000000000e+01 -1.570329205880260579e-02 -4.073007676090896825e-03 1.820431718072495304e-05 2.379186919225973916e-04
1.300000000000000000e+01 -4.986320903317802838e-02 -9.208404400140812740e-02 1.938460710588136459e-05 2.662489436452443177e-04
1.400000000000000000e+01 -9.681540181507299059e-02 -2.017026273608138187e-01 2.069003048704504802e-05 2.906472506633862580e-04
1.500000000000000000e+01 -1.390621171781846743e-01 -2.805150867469562437e-01 2.210908109198711347e-05 3.106315355850713705e-04
1.600000000000000000e+01 -1.602712283574326824e-01 -3.018429819907100797e-01 2.357706248325790155e-05 3.263084167097642769e-04
1.700000000000000000e+01 -1.448198627064325172e-01 -2.631216332124222679e-01 2.498531825256425780e-05 3.354606323211495322e-04
1.800000000000000000e+01 -9.862052848287045093e-02 -1.809066886986135381e-01 2.610373870222708068e-05 3.363003342173977238e-04
1.900000000000000000e+01 -5.886498697118638240e-02 -1.048901268113909963e-01 2.692842775131188001e-05 3.281283353277506063e-04
2.000000000000000000e+01 -4.454255080425818109e-02 -8.116363800484979740e-02 2.760423234892678951e-05 3.119896241852076818e-04
2.100000000000000000e+01 -5.436022923217365133e-02 -1.026370958840724101e-01 2.786988123476115151e-05 2.889168244326977388e-04
2.200000000000000000e+01 -6.805402612832232856e-02 -1.264908315063539568e-01 2.739108445322263290e-05 2.599225940091678044e-04
2.300000000000000000e+01 -6.762424500145684803e-02 -1.277237491266093594e-01 2.634858738084284351e-05 2.279670248230386792e-04
2.400000000000000000e+01 -5.766658293035232391e-02 -1.106841375597476945e-01 2.525989468065140597e-05 1.975163681496408020e-04
2.500000000000000000e+01 -4.909142132694745836e-02 -9.124224189780366645e-02 2.453160138668567533e-05 1.720307092003487749e-04
2.600000000000000000e+01 -4.302143418317222467e-02 -8.034099410688154419e-02 2.427281074099742908e-05 1.527055210258289493e-04
2.700000000000000000e+01 -4.042850525315987847e-02 -8.062039409463676864e-02 2.437320469282263028e-05 1.390289057567396010e-04
2.800000000000000000e+01 -4.387226395612540270e-02 -8.946026337855383925e-02 2.463711838002796326e-05 1.297233595652411793e-04
2.900000000000000000e+01 -5.171482068716878877e-02 -1.026197269633955800e-01 2.485335867814953282e-05 1.234126346974615701e-04
3.000000000000000000e+01 -6.035926974972872366e-02 -1.161814075920332145e-01 2.487016527343799570e-05 1.189013279155916178e-04
3.100000000000000000e+01 -6.464819943313698802e-02 -1.269902655577884731e-01 2.464120334913602232e-05 1.154632707977747770e-04
3.200000000000000000e+01 -6.605772501517596929e-02 -1.330807486989410982e-01 2.419287298804751084e-05 1.126530939615626045e-04
3.300000000000000000e+01 -6.699203881041396191e-02 -1.339682882076080050e-01 2.359456090906150537e-05 1.102136767176631988e-04
3.400000000000000000e+01 -6.575244293662974027e-02 -1.306562346473480185e-01 2.294300836659558744e-05 1.080320601256644825e-04
3.500000000000000000e+01 -6.261565441289998479e-02 -1.248466981657637559e-01 2.231848814358036213e-05 1.060650387587991030e-04
3.600000000000000000e+01 -5.975311142981892809e-02 -1.179495914094987191e-01 2.176982551190982798e-05 1.042736909360598676e-04
3.700000000000000000e+01 -5.764004884529028844e-02 -1.107775324179689491e-01 2.131228604702651802e-05 1.025341201769019224e-04
3.800000000000000000e+01 -5.494761047622180594e-02 -1.034557181897783062e-01 2.093894234031603755e-05 1.007448483801362261e-04
3.900000000000000000e+01 -5.177810518850910898e-02 -9.610074064854115528e-02 2.063727063102624833e-05 9.880439312712243336e-05
4.000000000000000000e+01 -4.872734823373859464e-02 -8.865641408079064090e-02 2.038476531783948707e-05 9.670201177318133064e-05
4.100000000000000000e+01 -4.560054907343857183e-02 -8.124140117507579195e-02 2.015417589707112981e-05 9.445296030154242382e-05
4.200000000000000000e+01 -4.162540185577377067e-02 -7.406934580473886753e-02 1.990872331304554987e-05 9.203602372325682293e-05
4.300000000000000000e+01 -3.670257340057592882e-02 -6.740285326149496326e-02 1.960288716436155219e-05 8.934535460170853042e-05
4.400000000000000000e+01 -3.389598331836653905e-02 -6.143317984657864494e-02 1.919556310519227475e-05 8.630600444629726311e-05
4.500000000000000000e+01 -3.205839220727682570e-02 -5.630754438527706129e-02 1.866785649040253965e-05 8.284996719999905221e-05
4.600000000000000000e+01 -3.119361090690369459e-02 -5.208788016652204228e-02 1.804011912143566683e-05 7.904039932571418057e-05
4.700000000000000000e+01 -3.089883378296770858e-02 -4.872781248385441716e-02 1.738207836435714875e-05 7.512547958308529055e-05
