# freqs 	 pli 	 dpli 	 meanpower(thalamus)	 meanpower(scalp)	pli
8.000000000000000000e+00 -1.962646343031616836e-02 -3.409748683470513464e-02 6.825004731639336267e-05 1.839042706377246126e-04
9.000000000000000000e+00 -7.830873136473475229e-03 -1.629360371273315053e-02 6.819541957971451225e-05 1.690455445560269990e-04
1.000000000000000000e+01 -3.447299982314475011e-03 -1.467576440746452089e-03 6.890197107001245623e-05 1.516804146069720299e-04
1.100000000000000000e+01 -2.136271354913589320e-03 3.400694126848243827e-03 6.762776476682185931e-05 1.387114843402700057e-04
1.200000000000000000e+01 9.066974732250933713e-04 -8.335153394074378691e-03 6.415025730075439320e-05 1.346149826547321840e-04
1.300000000000000000e+01 -8.149107807822894567e-03 -2.042356334315208188e-02 5.985246578067109481e-05 1.353550180749574184e-04
1.400000000000000000e+01 -1.225055774740608366e-02 -2.567295623662415802e-02 5.626679753312909628e-05 1.353462882482984412e-04
1.500000000000000000e+01 -9.232557406675905368e-03 -1.926252758338476562e-02 5.407079303569989586e-05 1.332319831719401136e-04
1.600000000000000000e+01 -3.944618920360896432e-03 -8.973517395987045536e-03 5.283499997792047838e-05 1.305470188119099110e-04
1.700000000000000000e+01 -1.784347219137430570e-03 -3.454582263883046369e-03 5.192166819599158627e-05 1.288948124987401660e-04
1.800000000000000000e+01 9.136539365926730485e-04 -8.283617888289650450e-04 5.106441087169736004e-05 1.283461135940719411e-04
1.900000000000000000e+01 2.974376656523917625e-03 1.724921334450195106e-03 5.025077628890516865e-05 1.281733142700266495e-04
2.000000000000000000e+01 3.537736712170151069e-03 3.854472143579912129e-03 4.947860266507657167e-05 1.273302726341361758e-04
2.100000000000000000e+01 4.313625983252981390e-03 4.711818873917712064e-03 4.871935676595451250e-05 1.250083973138990591e-04
2.200000000000000000e+01 4.380841655713038456e-03 4.485008181926815156e-03 4.799611869459283637e-05 1.211499656026602639e-04
2.300000000000000000e+01 3.215912769463459987e-03 4.496723019182797057e-03 4.736857200259001925e-05 1.162236893866331895e-04
2.400000000000000000e+01 5.660089956535819394e-03 6.786780056644774010e-03 4.690475522664365042e-05 1.108067671530999388e-04
2.500000000000000000e+01 8.722587420591142171e-03 1.286176759785584260e-02 4.662506383138481381e-05 1.053854621901570318e-04
2.600000000000000000e+01 1.397614202173440984e-02 2.266165504572198799e-02 4.654249328793076917e-05 1.002913311059755019e-04
2.700000000000000000e+01 1.900900074247625915e-02 3.515990750237326518e-02 4.672629840063536395e-05 9.572816273354696351e-05
2.800000000000000000e+01 2.487640387831379155e-02 4.977940434281401955e-02 4.742396400632599456e-05 9.177095098255017805e-05
2.900000000000000000e+01 3.151430467306149535e-02 6.753015683310926998e-02 4.905986363567270728e-05 8.841644131790240353e-05
3.000000000000000000e+01 3.979194176357570001e-02 8.936619273541454578e-02 5.185839222459244903e-05 8.558697406168621236e-05
3.100000000000000000e+01 4.876354400774726705e-02 1.131476165705777998e-01 5.544021279183597515e-05 8.320152366204908558e-05
3.200000000000000000e+01 5.626993814368197455e-02 1.335552918629320518e-01 5.886175324137616434e-05 8.117008800785399897e-05
3.300000000000000000e+01 6.064100399942416730e-02 1.453826936046764551e-01 6.107987019685916685e-05 7.941069292632576139e-05
3.400000000000000000e+01 6.243663668337357670e-02 1.460171364280877793e-01 6.149135425605284865e-05 7.785554927716072126e-05
3.500000000000000000e+01 6.007895622738794461e-02 1.360138878583522504e-01 6.011855770221947125e-05 7.645751880969316704e-05
3.600000000000000000e+01 5.334341069498361315e-02 1.182406905225204252e-01 5.746679070580388736e-05 7.520884110912618478e-05
3.700000000000000000e+01 4.464538799842199951e-02 9.680874472843831180e-02 5.423845983510739457e-05 7.412075306536928827e-05
3.800000000000000000e+01 3.622461371576127243e-02 7.571270051534297052e-02 5.106952372661673680e-05 7.319400788514883699e-05
3.900000000000000000e+01 2.826176633163489035e-02 5.784713173778495421e-02 4.837397819470606208e-05 7.239881517208030296e-05
4.000000000000000000e+01 2.296757201309448590e-02 4.455066149812113296e-02 4.629920108715243447e-05 7.172033844798930430e-05
4.100000000000000000e+01 1.958438595299601473e-02 3.580179445463533422e-02 4.479286076152112902e-05 7.110908652813827829e-05
4.200000000000000000e+01 1.770218331857192906e-02 3.067102646642158245e-02 4.367846488980792153e-05 7.046167453585662943e-05
4.300000000000000000e+01 1.670676985226362404e-02 2.800091375968747839e-02 4.273611233626157532e-05 6.962177993410760286e-05
4.400000000000000000e+01 1.652434634983212039e-02 2.674551075097763783e-02 4.176260787229133225e-05 6.844051108843040893e-05
4.500000000000000000e+01 1.633318089834411707e-02 2.621853433225980815e-02 4.061922473509298756e-05 6.681167054624985425e-05
4.600000000000000000e+01 1.581856486706874343e-02 2.603497013790253070e-02 3.928494093172319428e-05 6.476284966900811273e-05
4.700000000000000000e+01 1.548398802636332013e-02 2.601977547749387276e-02 3.787036152817785931e-05 6.250688565380252122e-05
