# freqs 	 pli 	 dpli 	 meanpower(thalamus)	 meanpower(scalp)	pli
8.000000000000000000e+00 4.630048584049274024e-02 8.064287771169025010e-02 2.147481809641292453e-05 2.026561937324056391e-04
9.000000000000000000e+00 3.257803347604755484e-02 5.079208882653257762e-02 2.166199015725826972e-05 1.729189650623244470e-04
1.000000000000000000e+01 1.235166955697422110e-02 -1.753594993372979607e-03 2.242383898379053076e-05 1.576233197418104668e-04
1.100000000000000000e+01 -6.325058755746624725e-03 -4.537121045868167807e-02 2.385518601098970016e-05 1.575132936069428434e-04
1.200000000000000000e+01 -4.248203469905581509e-02 -9.297778079817900498e-02 2.580735440553322938e-05 1.691461521138630194e-04
1.300000000000000000e+01 -6.577950571461947671e-02 -1.427743592323862387e-01 2.765149547778861296e-05 1.861868376704414708e-04
1.400000000000000000e+01 -8.809510669674261440e-02 -1.892361427070855528e-01 2.900516738169950847e-05 2.035347998637460445e-04
1.500000000000000000e+01 -9.499773547406054064e-02 -2.140410070733892167e-01 2.959448883096981765e-05 2.176933640764405764e-04
1.600000000000000000e+01 -9.229826507230201593e-02 -2.021780547730045174e-01 2.983280435788924619e-05 2.282921478238076403e-04
1.700000000000000000e+01 -7.545725602506768437e-02 -1.635285234761414408e-01 3.011073366664884112e-05 2.333121544497068810e-04
1.800000000000000000e+01 -4.761314873402305164e-02 -1.201628889242067205e-01 3.031435240656665421e-05 2.293492964731329927e-04
1.900000000000000000e+01 -3.390947829860145590e-02 -9.267752932099428131e-02 3.015821580006950676e-05 2.162063385339833268e-04
2.000000000000000000e+01 -3.150827056487787853e-02 -9.476362236898122626e-02 2.974137837619432448e-05 1.973931408769770478e-04
2.100000000000000000e+01 -4.236872057727737728e-02 -1.178439047849885873e-01 2.918542203610738854e-05 1.765460770872556869e-04
2.200000000000000000e+01 -4.892003339952621238e-02 -1.308065031941137990e-01 2.837224733440189679e-05 1.557943843812568648e-04
2.300000000000000000e+01 -4.011421562778359068e-02 -1.109639704224266860e-01 2.726056863503262197e-05 1.366886847420229736e-04
2.400000000000000000e+01 -1.865850157879628615e-02 -6.040914156410878005e-02 2.607197863020202687e-05 1.204983246930625137e-04
2.500000000000000000e+01 2.450447054127437036e-03 1.782160753663862085e-03 2.502014561871589832e-05 1.080420150800352497e-04
2.600000000000000000e+01 2.939770587607740474e-02 5.634189332077255835e-02 2.419995900371235556e-05 9.926342394158825695e-05
2.700000000000000000e+01 4.702267285751674658e-02 9.379287112020434636e-02 2.356988680604537985e-05 9.335922023711638418e-05
2.800000000000000000e+01 5.462508842090983002e-02 1.128471164857814679e-01 2.306450724217957586e-05 8.931791586401232762e-05
2.900000000000000000e+01 5.406044939902083374e-02 1.160450988844441006e-01 2.260665102084223927e-05 8.632819438389722057e-05
3.000000000000000000e+01 4.691719794572098839e-02 1.072625067204219657e-01 2.214485464851501738e-05 8.389167993853809038e-05
3.100000000000000000e+01 3.950796908625200943e-02 9.114720529987299646e-02 2.167271147073133029e-05 8.170280807499542472e-05
3.200000000000000000e+01 3.136846645817952667e-02 7.158040396592303678e-02 2.121532246614189236e-05 7.961091205062362870e-05
3.300000000000000000e+01 2.112339732624497410e-02 5.145087561954261174e-02 2.079738179653130794e-05 7.755703916971859197e-05
3.400000000000000000e+01 1.218372238108693904e-02 3.266679425475964987e-02 2.042740072157283636e-05 7.557407030734850355e-05
3.500000000000000000e+01 6.687172799280512343e-03 1.667666603368644571e-02 2.009503716987735453e-05 7.367590295618599294e-05
3.600000000000000000e+01 3.076719077937334432e-03 4.450809996354275141e-03 1.979135329489715625e-05 7.186616394414452108e-05
3.700000000000000000e+01 -7.270869224475140415e-04 -3.678459064073934769e-03 1.951276623844658235e-05 7.011959521793603939e-05
3.800000000000000000e+01 -2.772645166990268632e-03 -7.787521084920933506e-03 1.925660749993570521e-05 6.840064216361957080e-05
3.900000000000000000e+01 -3.705799541778231725e-03 -8.409660104895863922e-03 1.902085207866999235e-05 6.662485203342664592e-05
4.000000000000000000e+01 -2.247882519505106994e-03 -6.222850158342296129e-03 1.880373323322409931e-05 6.475061041861032707e-05
4.100000000000000000e+01 -9.216030374270167864e-04 -2.190869544380526571e-03 1.859371322747919891e-05 6.278622016156706919e-05
4.200000000000000000e+01 1.581450202940131800e-03 2.608091945486266418e-03 1.836893647033112885e-05 6.074590752390903072e-05
4.300000000000000000e+01 3.759478873190867394e-03 7.185769155036072359e-03 1.809899505864412655e-05 5.860163584930295545e-05
4.400000000000000000e+01 5.999766932395914076e-03 1.104414955181977701e-02 1.774462398909974151e-05 5.629344660653265106e-05
4.500000000000000000e+01 7.651091476664791460e-03 1.397389981693142325e-02 1.728113699273717103e-05 5.376256158684601422e-05
4.600000000000000000e+01 7.810157547234186648e-03 1.609639191320665422e-02 1.671831457032168003e-05 5.104707735820197817e-05
4.700000000000000000e+01 8.485316261168289811e-03 1.765147895953952939e-02 1.611620338200876060e-05 4.829767254911619293e-05
