# freqs 	 pli 	 dpli 	 meanpower(thalamus)	 meanpower(scalp)	pli
8.000000000000000000e+00 -5.947176234180492904e-02 -1.343637053629517797e-01 6.825004731639336267e-05 2.006396050361013129e-04
9.000000000000000000e+00 -1.764997349765522194e-02 -5.273973189114609939e-02 6.819541957971451225e-05 1.875360597387167689e-04
1.000000000000000000e+01 -4.466191906126776474e-03 -2.161199267780693559e-02 6.890197107001245623e-05 1.676455049839783919e-04
1.100000000000000000e+01 -9.873831520133256358e-04 -2.226910942920644690e-03 6.762776476682185931e-05 1.503056546745013423e-04
1.200000000000000000e+01 -1.045004148283098675e-03 -3.511628420968896172e-03 6.415025730075439320e-05 1.407385949975525636e-04
1.300000000000000000e+01 -5.166027574882280787e-03 -1.048664707510483206e-02 5.985246578067109481e-05 1.361002057575048669e-04
1.400000000000000000e+01 -5.736647188958571980e-03 -1.465200421502509814e-02 5.626679753312909628e-05 1.316483252604054664e-04
1.500000000000000000e+01 -1.004859587884082174e-02 -1.620471477242829000e-02 5.407079303569989586e-05 1.262313277181464346e-04
1.600000000000000000e+01 -9.516207700477834208e-03 -1.734215961124602190e-02 5.283499997792047838e-05 1.212682191150828403e-04
1.700000000000000000e+01 -6.176642867435910844e-03 -1.627097814250670280e-02 5.192166819599158627e-05 1.176461081585125195e-04
1.800000000000000000e+01 -5.484303403402102789e-03 -1.126029727786197199e-02 5.106441087169736004e-05 1.153311776855572780e-04
1.900000000000000000e+01 -9.538795922841902591e-04 -5.563442826010585492e-03 5.025077628890516865e-05 1.136241065064798458e-04
2.000000000000000000e+01 9.518623345768659292e-04 -2.328367196032174891e-03 4.947860266507657167e-05 1.114520967022528163e-04
2.100000000000000000e+01 1.269079411587681035e-03 -1.462246531988239864e-03 4.871935676595451250e-05 1.082774498615685766e-04
2.200000000000000000e+01 2.043173331704160357e-03 -1.810879292523269327e-03 4.799611869459283637e-05 1.042188153245247970e-04
2.300000000000000000e+01 2.594457378731155478e-03 -2.622564207218976325e-03 4.736857200259001925e-05 9.967504819608554714e-05
2.400000000000000000e+01 1.748331989611312922e-03 -2.931233289210675910e-03 4.690475522664365042e-05 9.507555194031263441e-05
2.500000000000000000e+01 9.361039572697796990e-04 -1.409042558824186685e-03 4.662506383138481381e-05 9.068080534139713210e-05
2.600000000000000000e+01 2.780237643774190713e-03 2.444698185565823047e-03 4.654249328793076917e-05 8.665495908654922085e-05
2.700000000000000000e+01 5.646987085446185731e-03 7.346597452071301250e-03 4.672629840063536395e-05 8.306904916988803729e-05
2.800000000000000000e+01 7.161904065649873745e-03 9.927752499673658110e-03 4.742396400632599456e-05 7.988398421321733485e-05
2.900000000000000000e+01 5.583127117704001288e-03 5.477190152052762578e-03 4.905986363567270728e-05 7.704459615952653285e-05
3.000000000000000000e+01 5.949950971380663263e-04 -8.486746773221202217e-03 5.185839222459244903e-05 7.449114232952071648e-05
3.100000000000000000e+01 -7.628496775018728249e-03 -2.839043603909504471e-02 5.544021279183597515e-05 7.218141670264631199e-05
3.200000000000000000e+01 -1.395215594581228000e-02 -4.670745007763296708e-02 5.886175324137616434e-05 7.008260108799767849e-05
3.300000000000000000e+01 -1.904494657082079004e-02 -5.738059643630565032e-02 6.107987019685916685e-05 6.816800604151729108e-05
3.400000000000000000e+01 -2.031462181484594912e-02 -5.832675195627171766e-02 6.149135425605284865e-05 6.643242691716903260e-05
3.500000000000000000e+01 -1.870009182273517714e-02 -5.093873402129899669e-02 6.011855770221947125e-05 6.487264838223997284e-05
3.600000000000000000e+01 -1.404023906580081221e-02 -3.829147189232751797e-02 5.746679070580388736e-05 6.350780671922420524e-05
3.700000000000000000e+01 -7.903522742215923769e-03 -2.373497634607077411e-02 5.423845983510739457e-05 6.234350079488465608e-05
3.800000000000000000e+01 -1.680822660791213849e-03 -9.957346554846244202e-03 5.106952372661673680e-05 6.137717663058848386e-05
3.900000000000000000e+01 3.287865648368749373e-03 1.501824273257282381e-03 4.837397819470606208e-05 6.058237924280707019e-05
4.000000000000000000e+01 7.585861345120901642e-03 1.011476897541242238e-02 4.629920108715243447e-05 5.992552016837122600e-05
4.100000000000000000e+01 9.766265484373025732e-03 1.609285048837777107e-02 4.479286076152112902e-05 5.934927818581578360e-05
4.200000000000000000e+01 1.193345920238022932e-02 1.997995131387175077e-02 4.367846488980792153e-05 5.875732048685320850e-05
4.300000000000000000e+01 1.291390129960612483e-02 2.238499212763110646e-02 4.273611233626157532e-05 5.801050173000105349e-05
4.400000000000000000e+01 1.355762818093804098e-02 2.373179478627724173e-02 4.176260787229133225e-05 5.697703374373211285e-05
4.500000000000000000e+01 1.392452551186665333e-02 2.440116564146058153e-02 4.061922473509298756e-05 5.556495919907268713e-05
4.600000000000000000e+01 1.379814047206883755e-02 2.465794233902376259e-02 3.928494093172319428e-05 5.380488737332904126e-05
4.700000000000000000e+01 1.270250324503515577e-02 2.471859340701768049e-02 3.787036152817785931e-05 5.188052211401481488e-05
