# freqs 	 pli 	 dpli 	 meanpower(thalamus)	 meanpower(scalp)	pli
8.000000000000000000e+00 -7.096317292626935780e-02 -1.502431370649896791e-01 3.540146750331995804e+02 2.925806262762522465e+02
9.000000000000000000e+00 -5.564387375261793667e-02 -1.173206928454242903e-01 2.917435136023977975e+02 2.903876717713155244e+02
1.000000000000000000e+01 -6.418795608847682743e-02 -1.359071670667669207e-01 2.261380326262811877e+02 2.431795850577061913e+02
1.100000000000000000e+01 -4.825592359605048592e-02 -1.307684311245213837e-01 1.840218265740782897e+02 1.963882412218201807e+02
1.200000000000000000e+01 -3.424844049150178177e-02 -7.629622472565412983e-02 1.668427245195524051e+02 1.687049821889262091e+02
1.300000000000000000e+01 -1.849283402681460922e-02 -4.086964099685419516e-02 1.656891857777484631e+02 1.558927662052093126e+02
1.400000000000000000e+01 -9.360231735991247221e-03 -4.794084810260217794e-02 1.707947972294002454e+02 1.507850326494678654e+02
1.500000000000000000e+01 -1.634514635860843251e-02 -6.989533487528025446e-02 1.757471790448864226e+02 1.482182035532792668e+02
1.600000000000000000e+01 -2.002439621032310255e-02 -8.038193945573454680e-02 1.783206226217137953e+02 1.454270022484574554e+02
1.700000000000000000e+01 -1.903725684141114455e-02 -7.311461307484211358e-02 1.784068010860812876e+02 1.420858086425663203e+02
1.800000000000000000e+01 -1.711793883994772517e-02 -6.276101905746389598e-02 1.773539751270271836e+02 1.391759108992672509e+02
1.900000000000000000e+01 -1.970200795039374342e-02 -6.128413523995696055e-02 1.760547068502821730e+02 1.368601230902369821e+02
2.000000000000000000e+01 -2.608102993772599271e-02 -7.003095595058618505e-02 1.737797420803468640e+02 1.350056465114664661e+02
2.100000000000000000e+01 -3.104769303105259920e-02 -8.247932599061599812e-02 1.702949438473173416e+02 1.334423682407957017e+02
2.200000000000000000e+01 -3.363011366281039999e-02 -8.724996638420309814e-02 1.677385676967478787e+02 1.323316664964215192e+02
2.300000000000000000e+01 -2.476159099175211792e-02 -7.331589645931869959e-02 1.715134245454953259e+02 1.322754248082161155e+02
2.400000000000000000e+01 -5.703070602271292922e-03 -3.787056459377886181e-02 1.844401403688469543e+02 1.330084441838974669e+02
2.500000000000000000e+01 1.455069484203403915e-02 1.661429804380370676e-02 2.035272055925352959e+02 1.328663271985718950e+02
2.600000000000000000e+01 3.771851069448112215e-02 8.971994324535673138e-02 2.251444564331430342e+02 1.301096618230479010e+02
2.700000000000000000e+01 6.393377979933370647e-02 1.733113001740637926e-01 2.455407534136527090e+02 1.243902741755926940e+02
2.800000000000000000e+01 8.950792164682708218e-02 2.478866540333033996e-01 2.582247294360135470e+02 1.167557014855736526e+02
2.900000000000000000e+01 1.059889472695350193e-01 2.949874157097234217e-01 2.574266575310387566e+02 1.086035834814756669e+02
3.000000000000000000e+01 1.118714641761191370e-01 3.069002518871840057e-01 2.423636903535953877e+02 1.009997998322649693e+02
3.100000000000000000e+01 1.023186115664517365e-01 2.853106033077102976e-01 2.173285477995914903e+02 9.448909793970433668e+01
3.200000000000000000e+01 8.357490264514357003e-02 2.395035066561012060e-01 1.886016979231067694e+02 8.920295989398746883e+01
3.300000000000000000e+01 6.057740526982645368e-02 1.814871690955545958e-01 1.616541574852375902e+02 8.502325223613428307e+01
3.400000000000000000e+01 3.874706944428757405e-02 1.236526917879074428e-01 1.396745438598107398e+02 8.175029854505510230e+01
3.500000000000000000e+01 2.331053457471257001e-02 7.590845017281704077e-02 1.234073358748094336e+02 7.914521716007426733e+01
3.600000000000000000e+01 1.154644692470871946e-02 4.267515714398036064e-02 1.120182570619774367e+02 7.700201871035540080e+01
3.700000000000000000e+01 6.428567976064459774e-03 2.314047060198969399e-02 1.041421657149803082e+02 7.515313144584324334e+01
3.800000000000000000e+01 3.832429013145505128e-03 1.376110637683325422e-02 9.857965800684733892e+01 7.351020838313526440e+01
3.900000000000000000e+01 2.980296259949403483e-03 1.085285989811951568e-02 9.443444214490760658e+01 7.201666711102852503e+01
4.000000000000000000e+01 2.653206601178023562e-03 1.138468869654143782e-02 9.112879392421817215e+01 7.063985106235557510e+01
4.100000000000000000e+01 1.834629413698084200e-03 1.337130849083031578e-02 8.830013003648129200e+01 6.934082379020250642e+01
4.200000000000000000e+01 1.281917414317957369e-03 1.566375813418059010e-02 8.569688879536246873e+01 6.804999048990019617e+01
4.300000000000000000e+01 1.538943462301507704e-03 1.770960844468206369e-02 8.310977951227862093e+01 6.665619951888933770e+01
4.400000000000000000e+01 2.080076941170992417e-03 1.949236746832789732e-02 8.039186657373882383e+01 6.502022101894847594e+01
4.500000000000000000e+01 4.458195987302646622e-03 2.118347211423842261e-02 7.747297517473950279e+01 6.303172963269071261e+01
4.600000000000000000e+01 5.601252422076505831e-03 2.316278094597610041e-02 7.450843883440030879e+01 6.070483882775195639e+01
4.700000000000000000e+01 7.956007487063973538e-03 2.588660553522817431e-02 7.189821239814021681e+01 5.820453592721786862e+01
