# freqs 	 pli 	 dpli 	 meanpower(thalamus)	 meanpower(scalp)	pli
8.000000000000000000e+00 5.726427686228651587e-02 1.181781630439076303e-01 8.440525896347292822e-05 2.726131703981780441e-04
9.000000000000000000e+00 -1.261318928636485058e-02 -1.533633960242069064e-02 7.649350338919122603e-05 2.433648351306873247e-04
1.000000000000000000e+01 -1.180280137960122190e-02 -6.975895635855221093e-03 7.176307475217772510e-05 2.088763864565257539e-04
1.100000000000000000e+01 -1.427275229638389669e-03 2.782710407376206771e-02 6.896945252728304404e-05 1.766111436904821137e-04
1.200000000000000000e+01 9.044618647161396449e-03 3.512312382835541813e-02 6.624914892742310988e-05 1.558017039040642221e-04
1.300000000000000000e+01 1.722297731827213650e-03 3.735107374260226293e-02 6.378219195756676515e-05 1.465832156647101732e-04
1.400000000000000000e+01 7.073651791816543133e-03 4.187749681965027837e-02 6.228266307630830846e-05 1.451299143190108558e-04
1.500000000000000000e+01 6.175570642730609204e-03 2.400679839373978663e-02 6.200983600572937383e-05 1.477022038815501142e-04
1.600000000000000000e+01 -2.055385261887938270e-03 -2.019969533666461994e-02 6.271639169734187990e-05 1.526579229645108344e-04
1.700000000000000000e+01 -1.646924910183900775e-02 -6.619445510923754883e-02 6.379971622909555331e-05 1.576598816552990227e-04
1.800000000000000000e+01 -2.707123662059120889e-02 -9.885400089800076839e-02 6.469661943685271451e-05 1.612741905758466223e-04
1.900000000000000000e+01 -3.534083926240789292e-02 -1.086926344970430142e-01 6.501382877882525403e-05 1.624177773178241352e-04
2.000000000000000000e+01 -3.471280824943262511e-02 -9.703164934147809340e-02 6.454581069098295804e-05 1.600589023559381848e-04
2.100000000000000000e+01 -2.420041182830448209e-02 -7.586824896930061124e-02 6.335980067069726517e-05 1.543979679228240775e-04
2.200000000000000000e+01 -1.545327056164645489e-02 -5.517911549631215884e-02 6.175646796673259448e-05 1.467660971157820746e-04
2.300000000000000000e+01 -1.279139189895426264e-02 -3.843983200357288521e-02 6.020726017197221763e-05 1.381588238608737695e-04
2.400000000000000000e+01 -1.005957282748568167e-02 -2.559356272173242408e-02 5.895073644123006339e-05 1.290442141802203323e-04
2.500000000000000000e+01 -7.714324840193610699e-03 -1.612683664572813272e-02 5.799379643380672727e-05 1.196814650028036724e-04
2.600000000000000000e+01 -6.202066679400991198e-03 -9.933846755850119989e-03 5.726405488109312494e-05 1.106251227008609925e-04
2.700000000000000000e+01 -7.404127450367333635e-03 -5.721636675518234662e-03 5.669291497673576064e-05 1.022914905806942729e-04
2.800000000000000000e+01 -6.505829053849676536e-04 -9.211946953105457558e-04 5.623214923144306625e-05 9.495261980097692144e-05
2.900000000000000000e+01 2.644210867791146370e-03 6.187078680258870436e-03 5.585907290274363772e-05 8.864267195233076885e-05
3.000000000000000000e+01 7.411712431639750839e-03 1.470794619425961659e-02 5.554405171138481016e-05 8.329299700683627625e-05
3.100000000000000000e+01 1.128238046572126001e-02 2.221478280027103930e-02 5.528711188561453706e-05 7.881709643070170879e-05
3.200000000000000000e+01 1.434123387645696787e-02 2.720343254384520459e-02 5.505512382347586023e-05 7.511052917582687345e-05
3.300000000000000000e+01 1.635673041034535827e-02 3.018139429706783242e-02 5.485362588289642506e-05 7.201745259311113988e-05
3.400000000000000000e+01 1.794847980817129360e-02 3.260575285333359996e-02 5.466472867754932036e-05 6.940687771028127863e-05
3.500000000000000000e+01 1.832543390568303066e-02 3.526460910066556848e-02 5.448204288182949376e-05 6.717103946575714388e-05
3.600000000000000000e+01 2.004967253608519115e-02 3.796436928411831002e-02 5.431795923249970050e-05 6.520031087165822166e-05
3.700000000000000000e+01 2.351934170829668436e-02 4.023074704045664224e-02 5.414092282860949495e-05 6.337721750686055842e-05
3.800000000000000000e+01 2.526481039153957026e-02 4.172634993736638181e-02 5.393867962509212927e-05 6.165401325872087927e-05
3.900000000000000000e+01 2.589429940568523450e-02 4.237871771276893740e-02 5.370786132303010350e-05 6.000241220513267005e-05
4.000000000000000000e+01 2.541988121298454500e-02 4.219124972625304393e-02 5.344592378858406106e-05 5.840187434275523250e-05
4.100000000000000000e+01 2.399368134325461505e-02 4.123104336512784657e-02 5.311082552163628388e-05 5.681469982041996550e-05
4.200000000000000000e+01 2.331020819375840755e-02 3.957224324486185996e-02 5.263734090464608977e-05 5.518936938725703861e-05
4.300000000000000000e+01 2.193316266519061697e-02 3.736257504791395262e-02 5.194355298609306743e-05 5.345440654386510767e-05
4.400000000000000000e+01 1.761514642727571994e-02 3.486258531341807076e-02 5.093286491871785689e-05 5.153329987736267022e-05
4.500000000000000000e+01 1.580846931699110905e-02 3.234051460440965503e-02 4.955984965469120614e-05 4.936504391545154920e-05
4.600000000000000000e+01 1.499074572422089482e-02 2.998505218441033585e-02 4.788810458647583190e-05 4.697348170141258267e-05
4.700000000000000000e+01 1.321487799899112754e-02 2.778944785992974384e-02 4.611830155996123466e-05 4.448149064383793256e-05
