# freqs 	 pli 	 dpli 	 meanpower(thalamus)	 meanpower(scalp)	pli
8.000000000000000000e+00 2.788230925501429536e-02 5.712397098166921428e-02 1.069629000791058502e+02 3.253078286655963893e+02
9.000000000000000000e+00 2.398623246587185814e-02 3.170649607784890855e-02 1.047975058913607995e+02 3.385201051743430867e+02
1.000000000000000000e+01 1.826886989400505062e-02 1.971581550732103005e-02 1.065890640646992011e+02 3.205572067719586471e+02
1.100000000000000000e+01 1.121898642732423526e-02 -5.246809784556598355e-03 1.176793193686446131e+02 3.032344363100362443e+02
1.200000000000000000e+01 -2.322599813339447719e-02 -1.096774071846326470e-01 1.447062977582803853e+02 3.061311567951116785e+02
1.300000000000000000e+01 -9.031936663108475205e-02 -3.514966135551682580e-01 1.896759045676821529e+02 3.395422747976611504e+02
1.400000000000000000e+01 -1.372660938071531556e-01 -4.879999760538699105e-01 2.177451392053390862e+02 3.486651049806883407e+02
1.500000000000000000e+01 -1.462393633640779733e-01 -4.910406414227939664e-01 2.033680233162558864e+02 3.017023941393517816e+02
1.600000000000000000e+01 -1.216495948415634021e-01 -4.036741985738742655e-01 1.639873169481628565e+02 2.359590807987130745e+02
1.700000000000000000e+01 -7.907529854125523727e-02 -2.707401230249648627e-01 1.261025750365890445e+02 1.874869670143871190e+02
1.800000000000000000e+01 -4.245543841019417536e-02 -1.643576291662053601e-01 1.009487497626963517e+02 1.614237842146119135e+02
1.900000000000000000e+01 -2.490469814562474085e-02 -1.105812150566282820e-01 8.719952481682774703e+01 1.478556442406074893e+02
2.000000000000000000e+01 -2.011986410914865311e-02 -8.595161609742088538e-02 7.980735501861647663e+01 1.386331428614949459e+02
2.100000000000000000e+01 -1.679573916252995180e-02 -6.914719599336009714e-02 7.507220720146192150e+01 1.306984365524307066e+02
2.200000000000000000e+01 -1.285332039688615730e-02 -5.523822487109689844e-02 7.152350193351904295e+01 1.235795232608626435e+02
2.300000000000000000e+01 -1.139722409197510555e-02 -4.924287725988018422e-02 6.902240794839791249e+01 1.176308052779314011e+02
2.400000000000000000e+01 -1.166635801782080033e-02 -5.264034686612609898e-02 6.801930510528993068e+01 1.130476942468603028e+02
2.500000000000000000e+01 -9.770445626163505592e-03 -5.660630996978874285e-02 6.880010816980238531e+01 1.095905396998198427e+02
2.600000000000000000e+01 -8.322521798828461104e-03 -5.123427025436166904e-02 7.073961219705040548e+01 1.067540375898616389e+02
2.700000000000000000e+01 -5.947965247034871228e-03 -3.674274173801417298e-02 7.250537103221319057e+01 1.039821044542357242e+02
2.800000000000000000e+01 -3.249085987438458337e-03 -2.064612370532075900e-02 7.289731064248725545e+01 1.009221228030403665e+02
2.900000000000000000e+01 -1.371710163171778766e-03 -9.297123760690638103e-03 7.147581009148208864e+01 9.757915562463301740e+01
3.000000000000000000e+01 3.242623504902042084e-04 -4.544304829798772108e-03 6.853975317391275723e+01 9.423534447791747937e+01
3.100000000000000000e+01 8.674365201283045423e-04 -4.897163367475303175e-03 6.478040507967529038e+01 9.118906514450038969e+01
3.200000000000000000e+01 9.593737632148174269e-04 -7.652573654673843970e-03 6.091387449747587368e+01 8.861927754658621836e+01
3.300000000000000000e+01 1.885538713176621679e-04 -1.046663416430538250e-02 5.746434358850561352e+01 8.653752920678142857e+01
3.400000000000000000e+01 -7.817902314837337462e-04 -1.207893122179379448e-02 5.468771922883762215e+01 8.484860369968244243e+01
3.500000000000000000e+01 -1.039188970741057117e-03 -1.222605502653104949e-02 5.260148987951045285e+01 8.341879456926760383e+01
3.600000000000000000e+01 -9.765888401987777613e-04 -1.120280131653192054e-02 5.109847976579585094e+01 8.213118263583706380e+01
3.700000000000000000e+01 -8.899563822951297044e-04 -9.390824268929178278e-03 5.004004909542663171e+01 8.089760918079223018e+01
3.800000000000000000e+01 -1.135536931067609220e-03 -7.074263594480233175e-03 4.931160024880906434e+01 7.966390209506806741e+01
3.900000000000000000e+01 -1.413968624714672610e-03 -4.506986389146172035e-03 4.881228167520459493e+01 7.839409828604399877e+01
4.000000000000000000e+01 -9.106249608508855788e-04 -1.950339453013460447e-03 4.844159671129995104e+01 7.706353097177300526e+01
4.100000000000000000e+01 1.257450203221551421e-04 3.233738125636837196e-04 4.809060222862017753e+01 7.564030721661684709e+01
4.200000000000000000e+01 7.025910908497775935e-04 2.100117989753354231e-03 4.764346042117855973e+01 7.407669545786787069e+01
4.300000000000000000e+01 1.107153372626460764e-03 3.282327691427895221e-03 4.698559967326670517e+01 7.229199563296529618e+01
4.400000000000000000e+01 1.988573389938153371e-03 3.894415763262176148e-03 4.601803020365688468e+01 7.019185268136497768e+01
4.500000000000000000e+01 1.775535863118748526e-03 4.023962373790019621e-03 4.469412345336000669e+01 6.772658594159626944e+01
4.600000000000000000e+01 1.431021445833988853e-03 3.758963092437073768e-03 4.306190124103164152e+01 6.495918853150935490e+01
4.700000000000000000e+01 1.175456513406409687e-03 3.137418791234236008e-03 4.128579897503433926e+01 6.210503573400109190e+01
