# freqs 	 pli 	 dpli 	 meanpower(thalamus)	 meanpower(scalp)	pli
8.000000000000000000e+00 -3.848858830216672633e-02 -1.083477182653099988e-02 1.760676681962775720e-04 6.446894053826090392e-04
9.000000000000000000e+00 1.632513596370504735e-02 6.767690894418321168e-02 1.230820315204197361e-04 4.811499367363146528e-04
1.000000000000000000e+01 3.765910231809672937e-02 9.193961903932074131e-02 1.019439528978306791e-04 3.661757178560790470e-04
1.100000000000000000e+01 2.901411459808925924e-02 6.132390010367889943e-02 8.717609047023436547e-05 3.040181273015860768e-04
1.200000000000000000e+01 2.852509019199491250e-02 8.312330694767000594e-02 8.035539136099517795e-05 2.711757816341481037e-04
1.300000000000000000e+01 2.763219927040375112e-02 3.843703100320902677e-02 7.972574246057645842e-05 2.549287080684474851e-04
1.400000000000000000e+01 1.942913824719142042e-03 -7.584457403976668267e-03 7.914405263814605260e-05 2.423788024869977405e-04
1.500000000000000000e+01 1.099279376395613690e-02 3.678143472138914807e-04 7.614945554233435593e-05 2.282294631671805661e-04
1.600000000000000000e+01 1.724612131350066954e-02 2.796339106317642306e-02 7.239293937778451028e-05 2.113728893362930121e-04
1.700000000000000000e+01 1.377479755493974875e-02 4.381365524914373338e-02 6.905259083988168813e-05 1.931299819475485553e-04
1.800000000000000000e+01 1.497495220998061594e-02 3.511529256590591175e-02 6.655623177760405839e-05 1.761068267222406169e-04
1.900000000000000000e+01 1.321326413587215962e-02 9.688121615397114403e-03 6.522980404711099106e-05 1.627728213023566287e-04
2.000000000000000000e+01 1.476394162078435365e-02 -1.198076782162426149e-02 6.446943666198868108e-05 1.527847472777983087e-04
2.100000000000000000e+01 7.489622411152301040e-03 -1.578935767483587507e-02 6.361865598237607098e-05 1.443493090007419552e-04
2.200000000000000000e+01 4.550751738103572634e-03 -6.840929505861644173e-03 6.257440778054796336e-05 1.361143357636985065e-04
2.300000000000000000e+01 1.319275216820206195e-02 8.354587550091531478e-04 6.157103321434433086e-05 1.279798151636607907e-04
2.400000000000000000e+01 1.372378509850314017e-02 -9.864290829613971221e-04 6.107112908822536423e-05 1.200237192094357668e-04
2.500000000000000000e+01 6.379529113210206936e-03 -1.874779246736000063e-02 6.148512937867781341e-05 1.124563424019899759e-04
2.600000000000000000e+01 -1.524191703187426257e-02 -6.843780538054609897e-02 6.329882742898863682e-05 1.058994359343325473e-04
2.700000000000000000e+01 -5.188269083818608518e-02 -1.603943192259418005e-01 6.640341786419010279e-05 1.006589844407054785e-04
2.800000000000000000e+01 -7.977262958447003949e-02 -2.704361539320111474e-01 6.973545896681141061e-05 9.648663772511785529e-05
2.900000000000000000e+01 -9.943492925664725035e-02 -3.590959576389274321e-01 7.190996861984632390e-05 9.267496387469644869e-05
3.000000000000000000e+01 -1.148505489502530258e-01 -4.039703250918119659e-01 7.203328697129361777e-05 8.860004652013987118e-05
3.100000000000000000e+01 -1.229932496240075529e-01 -4.021276141380436542e-01 7.009648674173784503e-05 8.401102543245695471e-05
3.200000000000000000e+01 -1.168282246092044313e-01 -3.605475320075929302e-01 6.667654487048283558e-05 7.912910716681946640e-05
3.300000000000000000e+01 -9.958719879912378281e-02 -2.903110043600465318e-01 6.260152581612785441e-05 7.440706290145579385e-05
3.400000000000000000e+01 -7.653688256674423540e-02 -2.082623310202532663e-01 5.862847071445182070e-05 7.020020436071244677e-05
3.500000000000000000e+01 -5.884914896953014757e-02 -1.330603209315362467e-01 5.524684362448033801e-05 6.663917508956477816e-05
3.600000000000000000e+01 -3.559521218715995527e-02 -7.588114032455263447e-02 5.264778291477739393e-05 6.375856485640199012e-05
3.700000000000000000e+01 -1.820823328809548572e-02 -3.805974567690473265e-02 5.076106550919097141e-05 6.144280903749202818e-05
3.800000000000000000e+01 -1.020904651849792281e-02 -1.507116630556756126e-02 4.941840784260863008e-05 5.956067165252779697e-05
3.900000000000000000e+01 -3.108529353026474439e-03 -7.987438598153358792e-04 4.844903049851299290e-05 5.801340959580351096e-05
4.000000000000000000e+01 3.670600485942380944e-03 9.296709509476176747e-03 4.772690795589391085e-05 5.667741390738784900e-05
4.100000000000000000e+01 5.125181029025348452e-03 1.777494621799698832e-02 4.715962498755984052e-05 5.543713583137376845e-05
4.200000000000000000e+01 8.822560795937114952e-03 2.549681098041425495e-02 4.662764545797842619e-05 5.420616841824979417e-05
4.300000000000000000e+01 1.522715060752604342e-02 3.229293777820278766e-02 4.599718879687541813e-05 5.287392058719208909e-05
4.400000000000000000e+01 2.086454932053802627e-02 3.733327912945878790e-02 4.515545615395366379e-05 5.133768351687972641e-05
4.500000000000000000e+01 2.474639061039365581e-02 4.010848321997363686e-02 4.401997030120578336e-05 4.953949794013517071e-05
4.600000000000000000e+01 2.190216686129492496e-02 4.021628860060785099e-02 4.260549601211967909e-05 4.750333830595326109e-05
4.700000000000000000e+01 1.502446446169539498e-02 3.762784042384793165e-02 4.105615472611703827e-05 4.536831313660331363e-05
