# freqs 	 pli 	 dpli 	 meanpower(thalamus)	 meanpower(scalp)	pli
8.000000000000000000e+00 -5.941563608960619830e-02 -1.354238031876056347e-01 8.578862285776516037e-05 2.251819999320925283e-04
9.000000000000000000e+00 -4.540659234218078627e-02 -1.079458302234787420e-01 8.410891501379350944e-05 1.769963416117057038e-04
1.000000000000000000e+01 -4.925227523850037731e-02 -1.257776639461222756e-01 9.214707014689405495e-05 1.578169429259830840e-04
1.100000000000000000e+01 -6.354640205272599207e-02 -1.543827479752280796e-01 1.085970411094786588e-04 1.545854391392884617e-04
1.200000000000000000e+01 -5.690171423238298692e-02 -1.485319743125042558e-01 1.225253777209004931e-04 1.594342229873834326e-04
1.300000000000000000e+01 -4.237472816135347264e-02 -1.180075160811584617e-01 1.251481371912641560e-04 1.659122944508113827e-04
1.400000000000000000e+01 -2.640176751859667215e-02 -7.019591000773212075e-02 1.174199057488757851e-04 1.688894246542972969e-04
1.500000000000000000e+01 -8.475122323559614729e-03 -1.779912104662702971e-02 1.053509188837624546e-04 1.681426897061486425e-04
1.600000000000000000e+01 7.979023738214238021e-03 2.378977591992826462e-02 9.418287186181314682e-05 1.640788852604116443e-04
1.700000000000000000e+01 1.640556656109436878e-02 4.256517464704152182e-02 8.634887313480288330e-05 1.576712311675817016e-04
1.800000000000000000e+01 1.320468837797130097e-02 3.329109351535170652e-02 8.188416425642835496e-05 1.502858834504291064e-04
1.900000000000000000e+01 4.923648260629238764e-03 1.275087704061936798e-02 8.009582281604209198e-05 1.428102892615543216e-04
2.000000000000000000e+01 2.235871949750211155e-03 3.858142441780500805e-03 8.006832416745085078e-05 1.361742644693911307e-04
2.100000000000000000e+01 3.469754870812712111e-03 1.898792109004474038e-02 8.091818393016276720e-05 1.308199215663564117e-04
2.200000000000000000e+01 1.321474406271100875e-02 5.249083908693374934e-02 8.133885938159286517e-05 1.264892808636356543e-04
2.300000000000000000e+01 2.582930192694224761e-02 8.066482810415252780e-02 7.992298218415368151e-05 1.221282943337371454e-04
2.400000000000000000e+01 3.093577159024637688e-02 8.393098374683072294e-02 7.644296339072414049e-05 1.170217327633115253e-04
2.500000000000000000e+01 2.424374941432135000e-02 6.336369779606126906e-02 7.194625460222486054e-05 1.114498696238203112e-04
2.600000000000000000e+01 1.297028431148664063e-02 3.407696023790052209e-02 6.772421060530766583e-05 1.062649599857259198e-04
2.700000000000000000e+01 2.507092285509898103e-03 9.693362120717008076e-03 6.442030974988266782e-05 1.019676884016571927e-04
2.800000000000000000e+01 -3.374176280440647699e-03 -5.977931682018162995e-03 6.203700782946380506e-05 9.857518869468831686e-05
2.900000000000000000e+01 -7.439784411897243377e-03 -1.477615696109938273e-02 6.029287796026595533e-05 9.592828696647091109e-05
3.000000000000000000e+01 -8.174758102750962971e-03 -1.884135228992834740e-02 5.894569405374361441e-05 9.381785697554163644e-05
3.100000000000000000e+01 -8.162306376601626001e-03 -1.952744391942373703e-02 5.785752454928507616e-05 9.212481607257984740e-05
3.200000000000000000e+01 -7.423997751408816133e-03 -1.785828894761602725e-02 5.694106835426607715e-05 9.075279166664250712e-05
3.300000000000000000e+01 -5.263918437942540982e-03 -1.496585303614985339e-02 5.613795777587860783e-05 8.964972136915937498e-05
3.400000000000000000e+01 -3.382771330524134232e-03 -1.204635739278170359e-02 5.540507574560489290e-05 8.879258137527337562e-05
3.500000000000000000e+01 -2.783008012255187326e-03 -1.011512492852507938e-02 5.470506073897489724e-05 8.811447208572304260e-05
3.600000000000000000e+01 -1.391590317231956690e-03 -9.739262993312496758e-03 5.403399119899141072e-05 8.755689783196884610e-05
3.700000000000000000e+01 -8.592511149171765811e-04 -1.082847337838293428e-02 5.339162716987370380e-05 8.706648293241258903e-05
3.800000000000000000e+01 -1.477504778922411307e-03 -1.274976917135677013e-02 5.277876469366454560e-05 8.657308626088313361e-05
3.900000000000000000e+01 -1.132800315214000731e-03 -1.474698102882789422e-02 5.219154916945973976e-05 8.601041061441147551e-05
4.000000000000000000e+01 -3.004044725310895531e-03 -1.622219476810045705e-02 5.161094601822518438e-05 8.538163156206173682e-05
4.100000000000000000e+01 -5.014455308284561201e-03 -1.697475247050212604e-02 5.101277527030409584e-05 8.466680472111086581e-05
4.200000000000000000e+01 -6.628776542705752152e-03 -1.711130187439328931e-02 5.034468801302025145e-05 8.378892099513224139e-05
4.300000000000000000e+01 -7.417969389071629900e-03 -1.677432657239520328e-02 4.952161212189880502e-05 8.260142750469480228e-05
4.400000000000000000e+01 -7.385888400968237087e-03 -1.618349415617896178e-02 4.844363573046627262e-05 8.097524516068765237e-05
4.500000000000000000e+01 -6.450263487679979216e-03 -1.535689405408591050e-02 4.705614153810326399e-05 7.880030856518110125e-05
4.600000000000000000e+01 -5.607277898500163081e-03 -1.424814426647751792e-02 4.539879347441458580e-05 7.614243615127647580e-05
4.700000000000000000e+01 -5.648756644619065161e-03 -1.276583675790539038e-02 4.363534018588602359e-05 7.327471072544582543e-05
