# freqs 	 pli 	 dpli 	 meanpower(thalamus)	 meanpower(scalp)	pli
8.000000000000000000e+00 4.144176574156016590e-02 1.441754245723448624e-01 2.174559935087410397e-04 5.353010830845196955e-04
9.000000000000000000e+00 2.542092597370190776e-02 7.558422883490509281e-02 2.004458964172906531e-04 4.180619970172276285e-04
1.000000000000000000e+01 7.052989156857069827e-03 5.317547751722496996e-02 1.983794286455178629e-04 3.215177632076714372e-04
1.100000000000000000e+01 -1.631261760588438581e-02 2.513257665073514308e-02 2.420295116054546386e-04 2.761892053953027434e-04
1.200000000000000000e+01 -2.704695553817473494e-02 -4.284464208186047895e-02 2.677015917254435638e-04 2.731594596985112227e-04
1.300000000000000000e+01 -3.525932800571263126e-02 -6.972281061251865697e-02 2.287816392389726585e-04 2.780776351834389959e-04
1.400000000000000000e+01 -3.859392502145827381e-02 -7.408431990607333706e-02 1.672145695757580066e-04 2.511807996543087432e-04
1.500000000000000000e+01 -3.329264341928128007e-02 -5.451127708824420742e-02 1.237179927164342786e-04 2.048321372743888572e-04
1.600000000000000000e+01 -9.786603803371913754e-03 -1.404958645179778427e-02 1.052222606585466572e-04 1.656074143470969860e-04
1.700000000000000000e+01 5.587095180388302641e-03 1.334936754084649173e-02 9.960814453275937635e-05 1.406827756158324574e-04
1.800000000000000000e+01 5.719722619757307974e-03 1.910851290844231901e-02 9.627525206059689119e-05 1.253832878821052143e-04
1.900000000000000000e+01 6.324889177308711322e-03 1.567852194909077207e-02 9.211402799717100746e-05 1.149892523344062925e-04
2.000000000000000000e+01 2.740354825744315773e-03 1.263123337783816566e-02 8.903455849662304171e-05 1.074949366026821412e-04
2.100000000000000000e+01 4.118112749612951734e-03 1.280640391289429580e-02 9.012572173403262722e-05 1.018783150452191226e-04
2.200000000000000000e+01 5.911355815476610799e-03 1.359767556514933709e-02 9.545191702448245041e-05 9.732089584083046876e-05
2.300000000000000000e+01 8.167426909036920590e-03 1.257091277475094228e-02 1.008802165791668827e-04 9.330443110315679394e-05
2.400000000000000000e+01 7.418300010403164509e-03 1.122991469305186125e-02 1.023487329187893017e-04 8.968606445212017649e-05
2.500000000000000000e+01 7.481237865128547750e-03 1.149912265951026635e-02 9.887597954736775671e-05 8.637243508866381989e-05
2.600000000000000000e+01 5.271724921213688866e-03 1.353336566192436981e-02 9.206755890445637803e-05 8.301925155493648052e-05
2.700000000000000000e+01 4.485888201928498603e-03 1.629493935897137827e-02 8.435984274701267425e-05 7.940183675249981598e-05
2.800000000000000000e+01 4.573908594911695220e-03 1.847563705170665940e-02 7.762629369161347381e-05 7.557910980514100238e-05
2.900000000000000000e+01 4.990215759232911018e-03 1.929075579664172452e-02 7.264276419993594385e-05 7.184512765310169941e-05
3.000000000000000000e+01 4.996264606400817841e-03 1.880555320072321845e-02 6.930907207987173097e-05 6.850978857023396395e-05
3.100000000000000000e+01 5.019041328817750933e-03 1.736688248776637258e-02 6.719649624305428328e-05 6.575790681298815789e-05
3.200000000000000000e+01 4.471871221799979083e-03 1.530696081397386367e-02 6.594457127090506976e-05 6.363721978060884695e-05
3.300000000000000000e+01 2.806928403091555561e-03 1.290431872319273976e-02 6.526619823839028406e-05 6.206204969128749198e-05
3.400000000000000000e+01 1.409570805922670360e-03 1.044325683354068585e-02 6.482677942100799231e-05 6.089009205512189532e-05
3.500000000000000000e+01 6.345145570228509979e-04 8.251638653227874945e-03 6.432885854959823427e-05 5.998510854818053095e-05
3.600000000000000000e+01 1.139734994753734566e-03 6.475183834304476874e-03 6.357284789198335690e-05 5.926769744894423350e-05
3.700000000000000000e+01 1.138018297086279811e-03 5.186610228522460855e-03 6.251803341937042053e-05 5.869266208307854734e-05
3.800000000000000000e+01 1.976954265371549772e-03 4.439854077045509752e-03 6.123770693026734584e-05 5.824511855820230672e-05
3.900000000000000000e+01 3.037841525371821026e-03 4.275379966883230756e-03 5.985758596487349896e-05 5.791329054509615335e-05
4.000000000000000000e+01 3.404133847980530571e-03 4.714022134534342004e-03 5.849142875931178628e-05 5.768165942413272214e-05
4.100000000000000000e+01 2.790437889718703005e-03 5.707668854392259142e-03 5.720310650142988886e-05 5.748440864691263476e-05
4.200000000000000000e+01 3.720296207725247700e-03 7.120499768788346104e-03 5.597365886196160569e-05 5.722248972979204702e-05
4.300000000000000000e+01 4.264209019850008497e-03 8.746224249602538650e-03 5.471003302242102303e-05 5.675028120826710492e-05
4.400000000000000000e+01 5.100730722659706749e-03 1.032375228719515162e-02 5.328697735103217497e-05 5.592102508329012238e-05
4.500000000000000000e+01 5.636610549653807943e-03 1.164387238272776744e-02 5.161324159199142975e-05 5.464246000886208013e-05
4.600000000000000000e+01 6.416303478793892491e-03 1.255612797504134827e-02 4.970060709360808667e-05 5.294538630303762905e-05
4.700000000000000000e+01 6.984143393211599514e-03 1.298769318853185660e-02 4.769653242025241591e-05 5.101410370522317054e-05
