# freqs 	 pli 	 dpli 	 meanpower(thalamus)	 meanpower(scalp)	pli
8.000000000000000000e+00 1.597374783312442703e-02 -4.815819400172614145e-02 1.056241624223162553e-04 1.710495700999245929e-04
9.000000000000000000e+00 8.356812235862346935e-03 -1.076290894997594194e-03 9.748735407360338730e-05 1.461756371953798635e-04
1.000000000000000000e+01 1.048717639379962915e-02 1.519147453793476613e-02 9.257397965309742296e-05 1.317032898031747805e-04
1.100000000000000000e+01 1.383922368719332427e-02 1.141670763947489654e-02 8.783409844045171264e-05 1.233990218530836894e-04
1.200000000000000000e+01 5.296278642034156492e-03 -2.466313137161299518e-02 8.224124541615361367e-05 1.162406787538620333e-04
1.300000000000000000e+01 -8.428819465118881499e-03 -4.802456882859940795e-02 7.602551141752945084e-05 1.091685302597065278e-04
1.400000000000000000e+01 -1.878271942649625131e-02 -5.671342558645469517e-02 7.030571761253303449e-05 1.032756262893689202e-04
1.500000000000000000e+01 -2.462048656094001711e-02 -6.002370531730943232e-02 6.547191916052543990e-05 9.824829663635917850e-05
1.600000000000000000e+01 -2.264762376599485996e-02 -5.604458140019323575e-02 6.132449458008855121e-05 9.353500414233445665e-05
1.700000000000000000e+01 -1.450462358995625520e-02 -4.423155355521618537e-02 5.793781533449288449e-05 8.932199185352234958e-05
1.800000000000000000e+01 -6.754292917294687539e-03 -2.728650819648154729e-02 5.530578045288301806e-05 8.625262354412545883e-05
1.900000000000000000e+01 -1.316953428772161270e-03 -7.214607949866948602e-03 5.331376907460428309e-05 8.478465600034556355e-05
2.000000000000000000e+01 6.534283054161820099e-03 1.145727801365657196e-02 5.182074009072470234e-05 8.458387093135375542e-05
2.100000000000000000e+01 8.211499026489179481e-03 1.898041524759517748e-02 5.066697252300935458e-05 8.471641728831859797e-05
2.200000000000000000e+01 5.006339943212503169e-03 1.242949865928417476e-02 4.971549201584419858e-05 8.434951810132074483e-05
2.300000000000000000e+01 1.153964308654732360e-03 -1.786625546863337619e-03 4.891873192305726579e-05 8.326286012402067617e-05
2.400000000000000000e+01 -2.303510447568575450e-03 -1.463044936051201977e-02 4.827013212491087612e-05 8.163021781691626698e-05
2.500000000000000000e+01 -3.406310399134933505e-03 -2.138051911474857583e-02 4.777772168951886208e-05 7.975531637130394889e-05
2.600000000000000000e+01 -3.947529783244928953e-03 -2.273495551272000648e-02 4.740450953543659155e-05 7.787965665162148280e-05
2.700000000000000000e+01 -4.013872806933102728e-03 -2.114993837640046642e-02 4.707936661707254387e-05 7.626227670688088796e-05
2.800000000000000000e+01 -5.179522593151050618e-03 -1.840027583123986232e-02 4.670528284414543799e-05 7.487040335315634236e-05
2.900000000000000000e+01 -3.520604863652448263e-03 -1.496545019440233271e-02 4.623341332120846554e-05 7.375904883882647976e-05
3.000000000000000000e+01 -2.286694843931848155e-03 -1.122733169256364370e-02 4.566947225164667558e-05 7.291926137681999272e-05
3.100000000000000000e+01 -1.178402774147454960e-03 -7.754679518824305999e-03 4.504960395883347444e-05 7.241601975217682884e-05
3.200000000000000000e+01 -2.542053557951980038e-03 -4.983941468967533622e-03 4.441083429941192830e-05 7.211553439185057783e-05
3.300000000000000000e+01 -2.692235129819296226e-03 -2.756645484580663198e-03 4.379130016054706053e-05 7.189369966468121061e-05
3.400000000000000000e+01 -1.045887715440707881e-03 -7.505982839779456496e-04 4.322649162677437461e-05 7.181289285809291695e-05
3.500000000000000000e+01 -4.403902634893804642e-04 1.288920252392167102e-03 4.273210610845245883e-05 7.177371313333083536e-05
3.600000000000000000e+01 9.861369620299549176e-04 3.196747451171402538e-03 4.231646464275735410e-05 7.180905355071025601e-05
3.700000000000000000e+01 1.968704114909046194e-03 4.709253114675487038e-03 4.197427767544456291e-05 7.190869562880265145e-05
3.800000000000000000e+01 2.409922896413006863e-03 5.837872281485834668e-03 4.169707081319388840e-05 7.212571526045666206e-05
3.900000000000000000e+01 2.352046526822006156e-03 6.658517846983055821e-03 4.146824713050514349e-05 7.234294447885946701e-05
4.000000000000000000e+01 2.835963265079154746e-03 7.496013489802272681e-03 4.127067924779825577e-05 7.259086966491708757e-05
4.100000000000000000e+01 3.706410440514594680e-03 8.459225468765183692e-03 4.107317014078483419e-05 7.282413589200045800e-05
4.200000000000000000e+01 4.387498401057433883e-03 9.443770026444036833e-03 4.082410661502103874e-05 7.294162387072883216e-05
4.300000000000000000e+01 5.609090521468468836e-03 1.020446739292020857e-02 4.043636203153038204e-05 7.271848958331531237e-05
4.400000000000000000e+01 6.050789167432482803e-03 1.071661439653774292e-02 3.982411050029079910e-05 7.210874805077477432e-05
4.500000000000000000e+01 6.244989531474375195e-03 1.090791172900452966e-02 3.893434226096824130e-05 7.093760215989387624e-05
4.600000000000000000e+01 5.886867548927724077e-03 1.084914408713470203e-02 3.779938773438693049e-05 6.923689729768126532e-05
4.700000000000000000e+01 5.516096867680925220e-03 1.064838047310183271e-02 3.655769383689148091e-05 6.724944073188790809e-05
