# freqs 	 pli 	 dpli 	 meanpower(thalamus)	 meanpower(scalp)	pli
8.000000000000000000e+00 6.879588943016383580e-03 1.848450476433688081e-02 1.036134324662496455e-04 3.664107213941613771e-04
9.000000000000000000e+00 -1.405761353741744220e-02 -1.899176705659869416e-02 1.033947747540740259e-04 2.602225832673616041e-04
1.000000000000000000e+01 -2.893548264541490750e-02 -4.891788220744355820e-02 1.000621160806701464e-04 1.995808561916123289e-04
1.100000000000000000e+01 -3.491471547258662850e-02 -7.687293240153561524e-02 9.575073485065262830e-05 1.683921266860230915e-04
1.200000000000000000e+01 -3.863400987185956065e-02 -8.936025089059353166e-02 9.205392748037737884e-05 1.601548378796685047e-04
1.300000000000000000e+01 -2.504596290833603286e-02 -9.400623726687196841e-03 9.045783252705826970e-05 1.673891572466477972e-04
1.400000000000000000e+01 -1.347525304620676365e-02 4.639101849116063214e-02 8.673127973162969898e-05 1.703872805819237502e-04
1.500000000000000000e+01 -1.179612697991228379e-02 2.710850345006802012e-02 7.778622564863781302e-05 1.559197891074484612e-04
1.600000000000000000e+01 -1.565596156990024107e-02 -1.568074439539915779e-02 6.760763938190358772e-05 1.314690862108957063e-04
1.700000000000000000e+01 -1.990186202286194778e-02 -4.334265161300482339e-02 6.022745280676648593e-05 1.093788921504455693e-04
1.800000000000000000e+01 -2.259181359374573539e-02 -5.218184897304464082e-02 5.604148737008423921e-05 9.444894024453995588e-05
1.900000000000000000e+01 -2.294988063658766342e-02 -5.132495939038428379e-02 5.364160163296076645e-05 8.534860291210108669e-05
2.000000000000000000e+01 -2.141086236558347594e-02 -4.768588385001675672e-02 5.195491320025549055e-05 7.964999438237723025e-05
2.100000000000000000e+01 -2.006423544922750560e-02 -4.514388896891850106e-02 5.066010442901471082e-05 7.577435181597105991e-05
2.200000000000000000e+01 -2.167077613807823905e-02 -4.567585604702776442e-02 4.977807488997428460e-05 7.291583121921356556e-05
2.300000000000000000e+01 -2.396295615776077373e-02 -4.951857958623243766e-02 4.933689758679395674e-05 7.072441813300991498e-05
2.400000000000000000e+01 -2.664356133850592778e-02 -5.494255407562832066e-02 4.915567193753125007e-05 6.900366515606914323e-05
2.500000000000000000e+01 -2.607172199718736649e-02 -5.885105466183176287e-02 4.888865980778173137e-05 6.758476350536747222e-05
2.600000000000000000e+01 -2.607472975147643798e-02 -5.885148052746681097e-02 4.825733554212974848e-05 6.627354944240800092e-05
2.700000000000000000e+01 -2.387909460506351667e-02 -5.444629610492635746e-02 4.718902489699953329e-05 6.489375791549051699e-05
2.800000000000000000e+01 -2.126411325000289107e-02 -4.712696430924293717e-02 4.578840081541086637e-05 6.332317876041818744e-05
2.900000000000000000e+01 -1.823668436866374143e-02 -3.917007421296735126e-02 4.423509834181562668e-05 6.156585217523891432e-05
3.000000000000000000e+01 -1.563047005902985093e-02 -3.245822312374905400e-02 4.268717876718248724e-05 5.973719357469508558e-05
3.100000000000000000e+01 -1.227761215438663914e-02 -2.764667092878327070e-02 4.125172711883304803e-05 5.800165040654742948e-05
3.200000000000000000e+01 -1.074674541782151375e-02 -2.434828383742355246e-02 3.997994114045737366e-05 5.643972078038016427e-05
3.300000000000000000e+01 -9.946277268842099520e-03 -2.175171042537919416e-02 3.887364047321252282e-05 5.509530800781539960e-05
3.400000000000000000e+01 -9.485368536773031503e-03 -1.919941234534687166e-02 3.791405400021820678e-05 5.397224353514642635e-05
3.500000000000000000e+01 -8.359256527376266593e-03 -1.639852485893463635e-02 3.706942418498421671e-05 5.301007799798759443e-05
3.600000000000000000e+01 -7.239904068934924740e-03 -1.346792379988036824e-02 3.630004656171017738e-05 5.218578652449568198e-05
3.700000000000000000e+01 -5.589799714720893042e-03 -1.081491776827706551e-02 3.557819361823901286e-05 5.148914965348420653e-05
3.800000000000000000e+01 -4.386826809440147641e-03 -8.895372937254820978e-03 3.488964252725139967e-05 5.090235603466562503e-05
3.900000000000000000e+01 -4.318756256794694000e-03 -7.834397781571090721e-03 3.422707280580507516e-05 5.038409872097715048e-05
4.000000000000000000e+01 -3.519826463858751527e-03 -7.456986302794735982e-03 3.358389709167794755e-05 4.991823152299752260e-05
4.100000000000000000e+01 -3.460875232024720159e-03 -7.382455504676289915e-03 3.294721559334932016e-05 4.947097659136333883e-05
4.200000000000000000e+01 -3.838097797001415335e-03 -7.269730812242061226e-03 3.229020979299248499e-05 4.898590033557985224e-05
4.300000000000000000e+01 -3.769279257579740035e-03 -6.961927212753957379e-03 3.156688179702550335e-05 4.836339219433877039e-05
4.400000000000000000e+01 -3.740315010688052139e-03 -6.525372190802957405e-03 3.071844714919217095e-05 4.752157339517383165e-05
4.500000000000000000e+01 -3.792232638084583850e-03 -6.089056298951360871e-03 2.970292239036192357e-05 4.638691851972925602e-05
4.600000000000000000e+01 -3.943653520484148925e-03 -5.814989636139528649e-03 2.853441153316617191e-05 4.498688081082754018e-05
4.700000000000000000e+01 -3.846630823310692379e-03 -5.844792293065822174e-03 2.730203793462984040e-05 4.346879374685804734e-05
