# freqs 	 pli 	 dpli 	 meanpower(thalamus)	 meanpower(scalp)	pli
8.000000000000000000e+00 1.275219639311635927e-02 2.888767259249805722e-02 1.164921216709059593e+02 5.108380708019467420e+01
9.000000000000000000e+00 2.656056162064456428e-03 1.326521100794169836e-02 1.216414206326564482e+02 5.131532876756920558e+01
1.000000000000000000e+01 1.785078712693313058e-03 1.180912621993201496e-02 1.427923284666790096e+02 4.907010635165537593e+01
1.100000000000000000e+01 1.905726502848289691e-02 5.069445614127025823e-02 1.779248896914525915e+02 4.752435801371511559e+01
1.200000000000000000e+01 4.608682467581542291e-02 1.337072908986539077e-01 2.031203519183520712e+02 4.915610472567416878e+01
1.300000000000000000e+01 5.008005181882392576e-02 2.023365192153390724e-01 2.147700714789913263e+02 5.399121351700025428e+01
1.400000000000000000e+01 3.971101425638476345e-02 2.287104447571505494e-01 2.075888529737318606e+02 5.577604243177444943e+01
1.500000000000000000e+01 2.877896593267424002e-02 2.090565043873858220e-01 1.790960684001297238e+02 5.109183388385264379e+01
1.600000000000000000e+01 1.737974332201807845e-02 1.476183877633797104e-01 1.429498986125001352e+02 4.438217968267402824e+01
1.700000000000000000e+01 7.980552066536255804e-03 7.278845900782950074e-02 1.132540778938234070e+02 3.972844874834539297e+01
1.800000000000000000e+01 1.211645945908481226e-03 2.289902688175002657e-02 9.482879158129908603e+01 3.744271653044302184e+01
1.900000000000000000e+01 -1.783076949623974429e-04 5.277496946158466255e-03 8.583352850346598473e+01 3.633159622392915367e+01
2.000000000000000000e+01 -6.966935390419459187e-04 4.143817569697658999e-03 8.261450146155529239e+01 3.563190085178975153e+01
2.100000000000000000e+01 -2.810577009291498210e-04 5.337478680823334008e-03 8.207853699499433731e+01 3.508954482934438346e+01
2.200000000000000000e+01 1.131634991477618608e-03 4.210654632221644267e-03 8.214425647803462027e+01 3.462744949522012661e+01
2.300000000000000000e+01 6.059097078576221969e-04 2.016642246460716333e-03 8.183061370313961902e+01 3.423566650726679939e+01
2.400000000000000000e+01 7.517250364408468305e-04 -6.786208216262329829e-04 8.124384958047123462e+01 3.392007314487482006e+01
2.500000000000000000e+01 -6.732645714834086881e-04 -5.677815520153323310e-03 8.092288687630612287e+01 3.367245548758935314e+01
2.600000000000000000e+01 -2.650944129009974708e-03 -1.334162035496286140e-02 8.087595336333964724e+01 3.346229711016803066e+01
2.700000000000000000e+01 -4.447002508031365486e-03 -2.058191163227398798e-02 8.053574562007757720e+01 3.324962699302994906e+01
2.800000000000000000e+01 -4.849561235784594602e-03 -2.389574236670836960e-02 7.937149494237930014e+01 3.300324827803727601e+01
2.900000000000000000e+01 -5.480766230856505550e-03 -2.239996359904035048e-02 7.725988152574518608e+01 3.271407437908595739e+01
3.000000000000000000e+01 -5.225354364195454807e-03 -1.757637607649513087e-02 7.448973609577132038e+01 3.240617878185324940e+01
3.100000000000000000e+01 -2.820624812789346118e-03 -1.157798232688252160e-02 7.152666744347956751e+01 3.211677420407625760e+01
3.200000000000000000e+01 -1.005844681445445523e-03 -5.961159364083855675e-03 6.878066854666504071e+01 3.186555478490347681e+01
3.300000000000000000e+01 1.083775701501838535e-03 -1.387379379393489931e-03 6.648243480046301102e+01 3.165619140859478264e+01
3.400000000000000000e+01 2.673317744241952496e-03 1.994648184786673717e-03 6.468081986781923831e+01 3.147999648868639611e+01
3.500000000000000000e+01 3.334133480130583270e-03 4.184592399120608958e-03 6.330734564158323252e+01 3.132899443845893117e+01
3.600000000000000000e+01 3.538881898039487623e-03 5.317461294155143708e-03 6.227579881430418851e+01 3.119409864886736017e+01
3.700000000000000000e+01 3.543263638247644894e-03 5.674494112703709625e-03 6.151448264269300381e+01 3.106986213414200293e+01
3.800000000000000000e+01 3.149618914111368927e-03 5.602471563558387817e-03 6.095879749715637530e+01 3.095439886225725701e+01
3.900000000000000000e+01 3.046949714209461289e-03 5.352375365629955493e-03 6.053983804131709689e+01 3.084639425040185401e+01
4.000000000000000000e+01 3.215689223610318937e-03 5.036664000328584974e-03 6.017686824630865772e+01 3.074079852658525880e+01
4.100000000000000000e+01 2.984482200348374716e-03 4.678652884900525409e-03 5.976991207534672412e+01 3.061762143706297934e+01
4.200000000000000000e+01 3.257441950164257412e-03 4.300842052974429564e-03 5.920124129783897615e+01 3.043896438863311005e+01
4.300000000000000000e+01 3.288162755433836869e-03 3.949467770934417775e-03 5.834431805814794814e+01 3.014754642113747352e+01
4.400000000000000000e+01 3.387158087292257980e-03 3.662674467183768112e-03 5.708911509324071432e+01 2.967904570214469473e+01
4.500000000000000000e+01 2.811253797708648805e-03 3.453794020757889813e-03 5.539012375497264884e+01 2.899350952452050123e+01
4.600000000000000000e+01 2.416478642942382175e-03 3.319013547653831137e-03 5.331810748143277578e+01 2.811422490853227174e+01
4.700000000000000000e+01 1.697373071821223081e-03 3.260637895745595143e-03 5.108007497396343410e+01 2.714449977731422337e+01
