# freqs 	 pli 	 dpli 	 meanpower(thalamus)	 meanpower(scalp)	pli
8.000000000000000000e+00 -1.627118644067796697e-04 6.536877849838852728e-02 6.557480382105932153e-05 1.356249772690194669e-04
9.000000000000000000e+00 3.376364343838573795e-04 3.283422035694881502e-02 6.781988931566050995e-05 1.101908355353070260e-04
1.000000000000000000e+01 -4.713317005410147878e-03 -3.346272756863984208e-03 8.262609799814053173e-05 9.770065275201745322e-05
1.100000000000000000e+01 -1.928385028169782647e-02 -8.669747472188139847e-02 1.000952811974257600e-04 9.520151321683865443e-05
1.200000000000000000e+01 -3.513198765138921681e-02 -1.402418136813926852e-01 9.459519516590792821e-05 9.899651247838734867e-05
1.300000000000000000e+01 -5.074032010651361585e-02 -1.470440275783722606e-01 7.510045505119451606e-05 1.087510396530182036e-04
1.400000000000000000e+01 -6.683644494453121199e-02 -1.644738520317495512e-01 5.927271905598140817e-05 1.151114384291360843e-04
1.500000000000000000e+01 -6.686991342044684705e-02 -1.718260869041966510e-01 5.039454149062753664e-05 1.091860724282477877e-04
1.600000000000000000e+01 -5.094844376406750669e-02 -1.414877013294224273e-01 4.554850015757204776e-05 9.466939724321607528e-05
1.700000000000000000e+01 -3.049892667289807319e-02 -8.726167831066128366e-02 4.276061507768843845e-05 7.982209205035275526e-05
1.800000000000000000e+01 -1.265248695199861113e-02 -3.676936392963745664e-02 4.121705436543020973e-05 6.926458673254039407e-05
1.900000000000000000e+01 -4.410599136498119521e-03 -8.203200690444599832e-03 4.057772914257525091e-05 6.311926732877098023e-05
2.000000000000000000e+01 -1.190840064278126959e-03 1.035547871563764679e-03 4.077055543240242099e-05 5.951783216375757305e-05
2.100000000000000000e+01 -1.166039969815693038e-03 1.390075501410467347e-03 4.147016238036044060e-05 5.687899728440632199e-05
2.200000000000000000e+01 -1.815235387997821701e-03 -7.484462589815815648e-04 4.194792855870641695e-05 5.444119038480255064e-05
2.300000000000000000e+01 -6.308091894801134275e-04 -3.307842904137036581e-03 4.165059502210424324e-05 5.209544446255582543e-05
2.400000000000000000e+01 -2.013784571716066216e-03 -5.226566451821409477e-03 4.058136616229750064e-05 5.000797436201135998e-05
2.500000000000000000e+01 -2.020993399473332893e-03 -5.606903076294579048e-03 3.912613845006795662e-05 4.831422156183192909e-05
2.600000000000000000e+01 -9.574409021019510222e-04 -4.373616964553014158e-03 3.768158701788269473e-05 4.699082793238372544e-05
2.700000000000000000e+01 -1.395185947702238367e-04 -2.106787472543554789e-03 3.649569963711765848e-05 4.591816337658339686e-05
2.800000000000000000e+01 -2.655849976754234192e-04 6.973358718946571578e-04 3.562440590985245222e-05 4.497475928424330110e-05
2.900000000000000000e+01 1.694001054598695674e-03 3.824872640861584714e-03 3.503572756729715312e-05 4.409175157801916892e-05
3.000000000000000000e+01 3.229177635340699931e-03 7.063602138559588704e-03 3.467209929298900161e-05 4.325547048707701698e-05
3.100000000000000000e+01 4.860615318202195050e-03 9.984418068871413893e-03 3.446626045793143201e-05 4.248292485743451025e-05
3.200000000000000000e+01 6.391847169130796154e-03 1.219408599822563444e-02 3.435832358143810499e-05 4.178635091529954069e-05
3.300000000000000000e+01 6.849609628460454243e-03 1.346950218562189758e-02 3.431131777729045442e-05 4.118120451434810828e-05
3.400000000000000000e+01 6.652026036308637640e-03 1.388654262822911455e-02 3.429394670816140724e-05 4.067403683381622700e-05
3.500000000000000000e+01 5.669526886976041478e-03 1.382190208994348024e-02 3.427484872768993913e-05 4.025323001962224820e-05
3.600000000000000000e+01 5.100137020576466992e-03 1.368071490001791270e-02 3.424795875607821041e-05 3.991795505139315137e-05
3.700000000000000000e+01 4.913198895944254248e-03 1.376084141968946309e-02 3.422077884539399530e-05 3.965191171789421844e-05
3.800000000000000000e+01 4.743940858229739321e-03 1.410612010314411455e-02 3.420759351154703754e-05 3.943619304378167731e-05
3.900000000000000000e+01 5.543780751792686153e-03 1.456801038614501630e-02 3.421832417199266538e-05 3.924427878109701542e-05
4.000000000000000000e+01 6.657258605586639094e-03 1.487275570976900885e-02 3.424651784173961949e-05 3.906248189513383633e-05
4.100000000000000000e+01 6.821327134251134808e-03 1.480613372737589993e-02 3.426919776153398935e-05 3.886461402821732937e-05
4.200000000000000000e+01 6.689534163316435481e-03 1.428896209286315694e-02 3.423913886840728783e-05 3.860278420348643019e-05
4.300000000000000000e+01 6.172113713413135763e-03 1.336359882089007377e-02 3.408356563194911442e-05 3.820792917720304988e-05
4.400000000000000000e+01 5.138292260155248939e-03 1.221084522711680075e-02 3.372006634944276095e-05 3.760732724676375929e-05
4.500000000000000000e+01 3.916840379005313670e-03 1.094958551286023124e-02 3.309886867115807707e-05 3.674803177357285547e-05
4.600000000000000000e+01 2.969325509318535786e-03 9.661048131139901227e-03 3.224913556443034351e-05 3.565749271125177703e-05
4.700000000000000000e+01 2.406987968827255155e-03 8.413986355949885920e-03 3.129657190146517011e-05 3.446484272771668518e-05
