# freqs 	 pli 	 dpli 	 meanpower(thalamus)	 meanpower(scalp)	pli
8.000000000000000000e+00 1.839702915864248334e-02 4.973093585830419550e-02 1.164921216709059593e+02 1.309903536734370846e+02
9.000000000000000000e+00 1.512701159554726525e-02 4.023148166345822535e-02 1.216414206326564482e+02 1.274351945404818025e+02
1.000000000000000000e+01 1.067621099700227956e-02 2.678936311020375591e-02 1.427923284666790096e+02 1.172150771765112722e+02
1.100000000000000000e+01 4.483318535205185859e-04 3.805442944952108341e-03 1.779248896914525915e+02 1.134883168370164981e+02
1.200000000000000000e+01 -1.700411627158089287e-02 -3.822478783144479114e-02 2.031203519183520712e+02 1.226038775885537291e+02
1.300000000000000000e+01 -2.533875207087088466e-02 -1.056085256707670339e-01 2.147700714789913263e+02 1.414101561795848454e+02
1.400000000000000000e+01 -2.791632845857762446e-02 -1.405624596451796604e-01 2.075888529737318606e+02 1.460024961242123140e+02
1.500000000000000000e+01 -2.806250768122285980e-02 -1.435261504607148186e-01 1.790960684001297238e+02 1.261940928182135195e+02
1.600000000000000000e+01 -2.665420866424705881e-02 -1.290696706193809329e-01 1.429498986125001352e+02 9.873685859933860343e+01
1.700000000000000000e+01 -2.163929639869395169e-02 -9.988176685476053696e-02 1.132540778938234070e+02 7.882431486891616146e+01
1.800000000000000000e+01 -1.518183223234709049e-02 -6.632156034073549700e-02 9.482879158129908603e+01 6.842578400904801583e+01
1.900000000000000000e+01 -9.381285499473233230e-03 -4.128472668858460676e-02 8.583352850346598473e+01 6.333873241874587023e+01
2.000000000000000000e+01 -6.925731563573968817e-03 -2.619475763354073630e-02 8.261450146155529239e+01 6.026371894472044488e+01
2.100000000000000000e+01 -4.415745529358178385e-03 -1.822578751187389073e-02 8.207853699499433731e+01 5.794982869188610408e+01
2.200000000000000000e+01 -3.301002745697396989e-03 -1.544772629471746761e-02 8.214425647803462027e+01 5.613597384392034684e+01
2.300000000000000000e+01 -2.294952546814703169e-03 -1.697765018203606369e-02 8.183061370313961902e+01 5.479171885245418849e+01
2.400000000000000000e+01 -2.887174688492272039e-03 -2.180873974794474493e-02 8.124384958047123462e+01 5.381428189355467140e+01
2.500000000000000000e+01 -3.483027077452952123e-03 -2.779676130589698105e-02 8.092288687630612287e+01 5.299378679507724854e+01
2.600000000000000000e+01 -4.850166322659171456e-03 -3.202170805767576289e-02 8.087595336333964724e+01 5.207998267409140425e+01
2.700000000000000000e+01 -5.404893842508223800e-03 -3.266162118139297188e-02 8.053574562007757720e+01 5.087864309892177772e+01
2.800000000000000000e+01 -5.476010417946043998e-03 -2.962996173216613308e-02 7.937149494237930014e+01 4.932917748048745921e+01
2.900000000000000000e+01 -4.515573766860588208e-03 -2.395614452968257771e-02 7.725988152574518608e+01 4.755723574311323176e+01
3.000000000000000000e+01 -3.514799672442160856e-03 -1.698966836138680533e-02 7.448973609577132038e+01 4.577120766121062445e+01
3.100000000000000000e+01 -1.399473274754267551e-03 -1.002076184118460764e-02 7.152666744347956751e+01 4.416420163666583676e+01
3.200000000000000000e+01 1.342508587191616146e-03 -3.988749717935785241e-03 6.878066854666504071e+01 4.283143828562604227e+01
3.300000000000000000e+01 2.650014905568066296e-03 6.935462713752285667e-04 6.648243480046301102e+01 4.177117456756849379e+01
3.400000000000000000e+01 3.297233255149117220e-03 4.142719830373518645e-03 6.468081986781923831e+01 4.093306327556017976e+01
3.500000000000000000e+01 4.349726164131125297e-03 6.712968151848303609e-03 6.330734564158323252e+01 4.025605622753317192e+01
3.600000000000000000e+01 4.615154368761483807e-03 8.712768743349193906e-03 6.227579881430418851e+01 3.969002194341916123e+01
3.700000000000000000e+01 4.466659045528821592e-03 1.028898590929343271e-02 6.151448264269300381e+01 3.920486907451170566e+01
3.800000000000000000e+01 4.494433907809021467e-03 1.146051290441788342e-02 6.095879749715637530e+01 3.877895589287842881e+01
3.900000000000000000e+01 4.927403586451685295e-03 1.216384620156153035e-02 6.053983804131709689e+01 3.839409851527850037e+01
4.000000000000000000e+01 5.801584727987634839e-03 1.234189802621557357e-02 6.017686824630865772e+01 3.803132789346259557e+01
4.100000000000000000e+01 6.200221720546920424e-03 1.198033842555012995e-02 5.976991207534672412e+01 3.766562884417952262e+01
4.200000000000000000e+01 6.137847268783769641e-03 1.115321197896744151e-02 5.920124129783897615e+01 3.725165656855447338e+01
4.300000000000000000e+01 5.790494850919753259e-03 1.000500043401951825e-02 5.834431805814794814e+01 3.671866998952955186e+01
4.400000000000000000e+01 4.947866751929871215e-03 8.693341833926591239e-03 5.708911509324071432e+01 3.599062836409162003e+01
4.500000000000000000e+01 4.299570174908741958e-03 7.345447388597980791e-03 5.539012375497264884e+01 3.502076340098850693e+01
4.600000000000000000e+01 3.912313223275691067e-03 6.039631447461656436e-03 5.331810748143277578e+01 3.383342879292845140e+01
4.700000000000000000e+01 3.494536188779772973e-03 4.811995410966544116e-03 5.108007497396343410e+01 3.254539805634333050e+01
