# freqs 	 pli 	 dpli 	 meanpower(thalamus)	 meanpower(scalp)	pli
8.000000000000000000e+00 2.320001660132092400e-02 4.873396390358245706e-02 6.558968109905386368e-05 2.486668761903107158e-04
9.000000000000000000e+00 1.294058535086065227e-02 1.416626730353183136e-02 6.250265454678566085e-05 1.994063214738922194e-04
1.000000000000000000e+01 -3.153997631062332302e-02 -1.095656642690030630e-01 6.338165885621942794e-05 1.851552353964810061e-04
1.100000000000000000e+01 -8.547655752495306181e-02 -2.642030531526388115e-01 6.726956112448838191e-05 1.948857132695723678e-04
1.200000000000000000e+01 -1.290904915975962519e-01 -3.629345232318256786e-01 7.130585606563220977e-05 2.092652135862741651e-04
1.300000000000000000e+01 -1.504396210081632157e-01 -3.800548755680827617e-01 7.447115006936310387e-05 2.184410976628828175e-04
1.400000000000000000e+01 -1.305361758981326836e-01 -3.208365437522294750e-01 7.559870648211123288e-05 2.207342939280955852e-04
1.500000000000000000e+01 -8.379114937976456234e-02 -2.113374749564598809e-01 7.380909968188127711e-05 2.187419004838602734e-04
1.600000000000000000e+01 -3.450806774664926663e-02 -9.736006069787232764e-02 6.989076088659931546e-05 2.161847329567577491e-04
1.700000000000000000e+01 7.523292175797210177e-05 -1.608761900671887984e-02 6.573690946540268183e-05 2.150141026340886719e-04
1.800000000000000000e+01 2.227568118481841955e-02 3.371464176756028275e-02 6.275819091373069077e-05 2.150644593149198111e-04
1.900000000000000000e+01 3.866073562192976626e-02 7.253624870640901223e-02 6.139858760605788413e-05 2.153735305251760492e-04
2.000000000000000000e+01 5.193507346688742282e-02 1.090259389597521833e-01 6.153477171942635610e-05 2.145856552048632578e-04
2.100000000000000000e+01 6.335311363535496565e-02 1.373439589281991724e-01 6.275891782412977907e-05 2.109888687430047053e-04
2.200000000000000000e+01 6.799015009038536506e-02 1.499445729242964431e-01 6.420257281932285150e-05 2.026879049041531075e-04
2.300000000000000000e+01 6.366593626223773783e-02 1.435219550162567526e-01 6.464589854550796631e-05 1.890024945590979292e-04
2.400000000000000000e+01 5.267928581754224848e-02 1.195410604584904862e-01 6.339613463380204615e-05 1.716655032624245084e-04
2.500000000000000000e+01 3.790394419393346842e-02 8.418854686598359338e-02 6.079150688997069266e-05 1.539304005022208905e-04
2.600000000000000000e+01 2.364348034252516592e-02 4.776686455918625895e-02 5.779802791014311406e-05 1.384673814847861442e-04
2.700000000000000000e+01 1.193731723924891346e-02 1.954682162484969177e-02 5.523944511328173385e-05 1.265202695535504347e-04
2.800000000000000000e+01 4.235186070952773330e-03 2.504490173969838376e-03 5.341995612546106980e-05 1.178212396012206278e-04
2.900000000000000000e+01 3.204556931559849556e-04 -5.622432280664804889e-03 5.226043121966950089e-05 1.116440468510245421e-04
3.000000000000000000e+01 -3.970007004499238120e-04 -8.211176996345730464e-03 5.154131236101562699e-05 1.071421430454129562e-04
3.100000000000000000e+01 3.308929804330165139e-04 -7.751828272786660118e-03 5.107333505321011522e-05 1.037944397306542356e-04
3.200000000000000000e+01 4.342964782887257674e-04 -5.924114679412150961e-03 5.073743576011584266e-05 1.011853210380855888e-04
3.300000000000000000e+01 1.013234983526448444e-03 -4.100382219890614036e-03 5.046484500179836087e-05 9.904481484339556661e-05
3.400000000000000000e+01 3.172214481954987986e-04 -3.508916311575066040e-03 5.022447705241510731e-05 9.731126828747673830e-05
3.500000000000000000e+01 -5.554213412748049182e-04 -4.793914398100695452e-03 4.999632664243209022e-05 9.581909547827143294e-05
3.600000000000000000e+01 -2.550695456808326367e-03 -8.019472504925639206e-03 4.977095280974271177e-05 9.451898801924652795e-05
3.700000000000000000e+01 -4.640206906511305275e-03 -1.260988529409018573e-02 4.954199127307828211e-05 9.332712932880636786e-05
3.800000000000000000e+01 -6.668610099929864025e-03 -1.762438223243560295e-02 4.930914964509031724e-05 9.222205634954629811e-05
3.900000000000000000e+01 -8.663273668778868203e-03 -2.209736145379657610e-02 4.906562950377970223e-05 9.106446203512633911e-05
4.000000000000000000e+01 -1.066869634602516694e-02 -2.525465584113139456e-02 4.880198170035283386e-05 8.986504407842861835e-05
4.100000000000000000e+01 -1.192195719903978678e-02 -2.671823396644236806e-02 4.849370385107931963e-05 8.858881524639517142e-05
4.200000000000000000e+01 -1.215895326348747328e-02 -2.651632615009611588e-02 4.809557782575793721e-05 8.717600120143641825e-05
4.300000000000000000e+01 -1.187170013631763492e-02 -2.504848359197455951e-02 4.753033542925683320e-05 8.547669230365031285e-05
4.400000000000000000e+01 -1.138383189027551354e-02 -2.279743719333256896e-02 4.671673028128687686e-05 8.345414238074653362e-05
4.500000000000000000e+01 -1.078996250506378436e-02 -2.032403720484349946e-02 4.560612111994818767e-05 8.098966938507465242e-05
4.600000000000000000e+01 -1.065148093204303613e-02 -1.800450732475844182e-02 4.423593518575232313e-05 7.814232612513678181e-05
4.700000000000000000e+01 -1.043667244349775688e-02 -1.598766646168017780e-02 4.275416453172984499e-05 7.515194199359858860e-05
