# freqs 	 pli 	 dpli 	 meanpower(thalamus)	 meanpower(scalp)	pli
8.000000000000000000e+00 9.236942348942524250e-02 2.088131252875721766e-01 4.025159648389947550e-05 3.450015025801770187e-04
9.000000000000000000e+00 8.489149188546407654e-02 1.748231660671779597e-01 4.007350746206432736e-05 3.187519999486148345e-04
1.000000000000000000e+01 5.176671969965709191e-02 8.340072087916383659e-02 3.927711139734472138e-05 2.402163201143940228e-04
1.100000000000000000e+01 2.478664864776550236e-02 2.273035335532590934e-02 3.849903343998188827e-05 1.920701273972105880e-04
1.200000000000000000e+01 1.346949650725035898e-02 -2.660094290458303590e-02 3.822698638363114239e-05 1.739619966969120797e-04
1.300000000000000000e+01 1.163669012058023318e-02 -3.856163356148560595e-02 3.887568535489051150e-05 1.693480092224910626e-04
1.400000000000000000e+01 1.873843574028602119e-02 4.505940738358480422e-04 4.088086417233530927e-05 1.694019752582173776e-04
1.500000000000000000e+01 2.399497376358430620e-02 4.005809582127414781e-02 4.426477985816534475e-05 1.699083611897197891e-04
1.600000000000000000e+01 2.834911019846162242e-02 5.651250673472642955e-02 4.784984690135526031e-05 1.695408506803464295e-04
1.700000000000000000e+01 2.821529489010164010e-02 5.656170078400440254e-02 4.998810951680421143e-05 1.682661838404978969e-04
1.800000000000000000e+01 2.569696656828133335e-02 4.762653097376522843e-02 5.019621228859114375e-05 1.664446398648135263e-04
1.900000000000000000e+01 2.022316128637150281e-02 3.623474140757119294e-02 4.933632994372722316e-05 1.650154613563134412e-04
2.000000000000000000e+01 1.415620660706432173e-02 2.701121374393221364e-02 4.850287740954777868e-05 1.648170064231187009e-04
2.100000000000000000e+01 1.243316777213365754e-02 2.137424068454265788e-02 4.821250201879255596e-05 1.658875322386964811e-04
2.200000000000000000e+01 1.244614246238722778e-02 1.877650218608736127e-02 4.843725867859285255e-05 1.675524084480197210e-04
2.300000000000000000e+01 1.220078710863265435e-02 1.748461851610676188e-02 4.895519854587632868e-05 1.693893272560698321e-04
2.400000000000000000e+01 1.077738206703396893e-02 1.577215937834352752e-02 4.959321483022545180e-05 1.711805664218128253e-04
2.500000000000000000e+01 8.832434139130807688e-03 1.301718522402241923e-02 5.029241503731607122e-05 1.728702568385642139e-04
2.600000000000000000e+01 7.414976490183381938e-03 9.656704678906393238e-03 5.103397123382332341e-05 1.743286139098235729e-04
2.700000000000000000e+01 6.287525655462932600e-03 6.498433534304349536e-03 5.174043841459334146e-05 1.756789984804048234e-04
2.800000000000000000e+01 4.784644883339440012e-03 4.023192489028320530e-03 5.228745202184096724e-05 1.768647507704492741e-04
2.900000000000000000e+01 3.292104345936068110e-03 2.494573366356641134e-03 5.262321279043413193e-05 1.779854249144245800e-04
3.000000000000000000e+01 2.284243241187195253e-03 1.841249470265622764e-03 5.279375706104234243e-05 1.790258898978485812e-04
3.100000000000000000e+01 1.513837775713321567e-03 1.712737347356330531e-03 5.289564840192987981e-05 1.800890467657917902e-04
3.200000000000000000e+01 1.349943064566462136e-03 1.753341829402668131e-03 5.299024458140002685e-05 1.810658933136244635e-04
3.300000000000000000e+01 1.698928134272213730e-03 1.914730422568573353e-03 5.307642652903284174e-05 1.818287280662306304e-04
3.400000000000000000e+01 2.488821976676448920e-03 2.357315300085107389e-03 5.312509027604247753e-05 1.824373238502892793e-04
3.500000000000000000e+01 3.605900676386929963e-03 3.414813954213433578e-03 5.310577539157581049e-05 1.827313793873857066e-04
3.600000000000000000e+01 4.828507715968442630e-03 5.185671083557438082e-03 5.301085638541869069e-05 1.827663170892608862e-04
3.700000000000000000e+01 6.652482351152483320e-03 7.612600340511252624e-03 5.285167008682994250e-05 1.825649680587652522e-04
3.800000000000000000e+01 8.651779240808505148e-03 1.053015135268263458e-02 5.264579213347554139e-05 1.822570951790211452e-04
3.900000000000000000e+01 1.058558789659252292e-02 1.372171105313229819e-02 5.239604669219498936e-05 1.817789969949401173e-04
4.000000000000000000e+01 1.236430716836553652e-02 1.699764605429566686e-02 5.209929466791490279e-05 1.812450703954792850e-04
4.100000000000000000e+01 1.433712602384796739e-02 2.019760628646751280e-02 5.173112880837659974e-05 1.806321450619659535e-04
4.200000000000000000e+01 1.594115740881759183e-02 2.320895197855252917e-02 5.123874109561267254e-05 1.797891969852523787e-04
4.300000000000000000e+01 1.713418185423239842e-02 2.595744227249312600e-02 5.053860454152953740e-05 1.783305001958377474e-04
4.400000000000000000e+01 1.800179296909178162e-02 2.844362856177625604e-02 4.954292010201667289e-05 1.760043734784465512e-04
4.500000000000000000e+01 1.874309462113771252e-02 3.065216443196520230e-02 4.820176413104008105e-05 1.724708496605414487e-04
4.600000000000000000e+01 1.959958871857087406e-02 3.256621919840668733e-02 4.656486566273230284e-05 1.678321775321532866e-04
4.700000000000000000e+01 2.049308385805803309e-02 3.412172575359737753e-02 4.480671055795123412e-05 1.626735454123629302e-04
