# freqs 	 pli 	 dpli 	 meanpower(thalamus)	 meanpower(scalp)	pli
8.000000000000000000e+00 -2.833737516469667095e-02 1.615974140370975490e-02 1.098626771038270944e-04 2.327295322321990012e-04
9.000000000000000000e+00 4.267388572397331353e-02 1.560155300400458134e-01 9.930591111133458399e-05 1.616574307432512895e-04
1.000000000000000000e+01 5.244650108301712049e-02 1.587331396574708509e-01 9.243500521880594276e-05 1.422262593407364300e-04
1.100000000000000000e+01 4.385804966063281546e-02 1.261703124587756353e-01 8.811718014465109191e-05 1.383311526991371626e-04
1.200000000000000000e+01 3.136462163567255157e-02 7.130391083565298938e-02 8.883526236604833315e-05 1.378879331345185240e-04
1.300000000000000000e+01 1.949294024770606426e-02 4.146526698485872992e-02 9.379369411595853243e-05 1.398698364511936399e-04
1.400000000000000000e+01 2.075883038532298774e-02 4.845476311658092339e-02 9.490773207764987543e-05 1.408901475235393790e-04
1.500000000000000000e+01 1.606317300789662436e-02 4.989855854216340009e-02 9.175865475535689123e-05 1.400926626473187437e-04
1.600000000000000000e+01 6.267473927790281202e-03 3.347000305363559414e-02 8.893709745086286907e-05 1.403854376039647073e-04
1.700000000000000000e+01 -6.952301413466538058e-04 1.586828228969651075e-02 8.787644554071239356e-05 1.422272371715490073e-04
1.800000000000000000e+01 5.205429451065513469e-05 8.135870856725152533e-03 8.799670912431864815e-05 1.449538436924726486e-04
1.900000000000000000e+01 4.025415269126337604e-03 5.726542844809480448e-03 8.846458820160371498e-05 1.487296033068921067e-04
2.000000000000000000e+01 1.292730456692287250e-03 -3.554268431852783319e-03 8.892339724849961384e-05 1.538792274430075650e-04
2.100000000000000000e+01 -9.085714427065683108e-03 -2.337385005898775375e-02 8.962401772210107050e-05 1.598138543860720597e-04
2.200000000000000000e+01 -2.475666708161959953e-02 -4.987451334076236503e-02 9.155165595821824923e-05 1.651910771507659440e-04
2.300000000000000000e+01 -4.753810650785833536e-02 -8.960470377780178908e-02 9.750158534403127525e-05 1.696199351503213052e-04
2.400000000000000000e+01 -8.150115972230294326e-02 -1.493948237522549904e-01 1.112218173777031850e-04 1.734754634851944262e-04
2.500000000000000000e+01 -1.206562888763326458e-01 -2.089989021572373484e-01 1.313116721441489362e-04 1.760245691205665583e-04
2.600000000000000000e+01 -1.473814378837013384e-01 -2.446739377483208855e-01 1.487834245549827378e-04 1.747882484311725191e-04
2.700000000000000000e+01 -1.533861140077099894e-01 -2.496862866603117570e-01 1.548396058281140879e-04 1.682145957882049032e-04
2.800000000000000000e+01 -1.392065339291203574e-01 -2.273818253020333802e-01 1.475649682643918274e-04 1.571530209846239417e-04
2.900000000000000000e+01 -1.090160765197532716e-01 -1.841384153954832570e-01 1.312977807133532051e-04 1.440874867878678999e-04
3.000000000000000000e+01 -7.630973745110586348e-02 -1.301521524514197836e-01 1.124683630888290983e-04 1.314782353384908592e-04
3.100000000000000000e+01 -4.471905018344585897e-02 -7.858471986161566503e-02 9.603280420272409927e-05 1.208704012847221937e-04
3.200000000000000000e+01 -2.246300116602385766e-02 -3.991688224495985177e-02 8.405685756792653860e-05 1.126655968124319190e-04
3.300000000000000000e+01 -1.083412297938680414e-02 -1.715544472937428552e-02 7.628101828222051521e-05 1.065203597313395142e-04
3.400000000000000000e+01 -4.487422952412362109e-03 -7.363702463068449652e-03 7.148535463834037934e-05 1.020085919290857469e-04
3.500000000000000000e+01 -2.417438846286672303e-03 -5.635580910918077356e-03 6.850442587693104457e-05 9.854413458179511385e-05
3.600000000000000000e+01 -2.695049856345118223e-03 -7.959758457752298677e-03 6.655710192276800233e-05 9.590826615121199469e-05
3.700000000000000000e+01 -3.451148822496939283e-03 -1.155116586117700510e-02 6.520085595959270060e-05 9.392320419221175198e-05
3.800000000000000000e+01 -4.150289386104504853e-03 -1.481318626675095021e-02 6.416761917895302076e-05 9.250983258293234406e-05
3.900000000000000000e+01 -7.402025339448708302e-03 -1.678302804453487077e-02 6.327204292262102387e-05 9.139931207679074360e-05
4.000000000000000000e+01 -7.731526268406608421e-03 -1.744276314766287153e-02 6.238436834180408378e-05 9.056960581192535743e-05
4.100000000000000000e+01 -6.246355410921540161e-03 -1.706253930594822665e-02 6.142113704496899446e-05 8.991779159433685963e-05
4.200000000000000000e+01 -5.672098148131846616e-03 -1.606456689376196262e-02 6.032037023629553170e-05 8.928620680037853733e-05
4.300000000000000000e+01 -6.518364628173865805e-03 -1.482913114810086724e-02 5.901681631829877031e-05 8.837247340052036340e-05
4.400000000000000000e+01 -6.838034494254375054e-03 -1.374568096947219493e-02 5.743621088601729791e-05 8.708546452627439062e-05
4.500000000000000000e+01 -7.189767274275700795e-03 -1.295240584905591602e-02 5.553831953984238325e-05 8.518139735649576667e-05
4.600000000000000000e+01 -7.034436448038771696e-03 -1.246488288887113993e-02 5.337400615600942574e-05 8.269577912900983772e-05
4.700000000000000000e+01 -7.304945935705750050e-03 -1.224511678364082271e-02 5.112501437894602775e-05 7.991206658177682487e-05
