# freqs 	 pli 	 dpli 	 meanpower(thalamus)	 meanpower(scalp)	pli
8.000000000000000000e+00 -1.410384147016495102e-02 6.027990298024973881e-02 4.325983486169901227e+01 3.676876438579620299e+02
9.000000000000000000e+00 -6.806347123703308799e-02 -3.639633386214981975e-02 4.326240624925719658e+01 3.629910049463371138e+02
1.000000000000000000e+01 -6.023263848900149708e-02 -1.501609082475667545e-01 4.194738923690209020e+01 3.064276689395281892e+02
1.100000000000000000e+01 -3.589928057553956608e-02 -9.610976219648474650e-02 3.940994567830153272e+01 2.641365667743149288e+02
1.200000000000000000e+01 -8.057539312310223537e-03 -3.909025188354779364e-04 3.783861609989143915e+01 2.445603163280699448e+02
1.300000000000000000e+01 1.744560319299600856e-02 4.479256291736737755e-02 3.723552862259363394e+01 2.365433600984321458e+02
1.400000000000000000e+01 -9.213909636341372986e-03 7.097735778988065007e-03 3.697636075010335333e+01 2.271544905792492841e+02
1.500000000000000000e+01 -1.306949324473324382e-02 -2.316448483983426024e-02 3.660919568215484077e+01 2.163775670602736625e+02
1.600000000000000000e+01 -1.085577329761736910e-02 -2.263457349757013598e-02 3.606645939048484450e+01 2.039598391905968526e+02
1.700000000000000000e+01 -8.692817559491469899e-04 -2.346056734780738000e-03 3.533870576570953403e+01 1.897161165914756111e+02
1.800000000000000000e+01 9.407770950382232308e-03 3.374797335094336086e-03 3.450191263278421872e+01 1.764314856016180784e+02
1.900000000000000000e+01 3.056935422239204963e-04 1.495089854124044071e-03 3.371512800478461003e+01 1.662140710970616908e+02
2.000000000000000000e+01 -9.207097654795879868e-03 6.357171280097669019e-03 3.311430578496368327e+01 1.588293984896810684e+02
2.100000000000000000e+01 1.096006283608241122e-02 1.017250184265875400e-02 3.274022685861319815e+01 1.534712281762451482e+02
2.200000000000000000e+01 1.197200611034139779e-02 5.672511434346606297e-03 3.252413582600845388e+01 1.501689797781013453e+02
2.300000000000000000e+01 1.112438665073601889e-02 -5.101134117155991729e-03 3.236723015610306931e+01 1.497807283870473327e+02
2.400000000000000000e+01 -4.225544095597255287e-03 -1.584299655249013158e-02 3.223657073409587071e+01 1.506357851144916253e+02
2.500000000000000000e+01 2.056583847479295356e-03 -1.834478734402469544e-02 3.213006043635817832e+01 1.509522979821164199e+02
2.600000000000000000e+01 9.091904918391938498e-03 -7.847978441959078955e-03 3.203921222758419418e+01 1.506193035935362730e+02
2.700000000000000000e+01 1.471139731487533346e-02 1.076548945576961090e-02 3.197273272173005054e+01 1.499867723786625788e+02
2.800000000000000000e+01 8.824336591441659869e-03 2.894684890382152181e-02 3.193206035976669810e+01 1.482806731576065147e+02
2.900000000000000000e+01 2.041877196265568656e-02 3.864166513452790136e-02 3.190199962541733214e+01 1.456493573498331102e+02
3.000000000000000000e+01 1.449634238193992994e-02 3.604192465414862018e-02 3.186251461561461440e+01 1.423021978237110829e+02
3.100000000000000000e+01 4.724409448818897572e-03 2.426356930428219885e-02 3.182032257444239676e+01 1.390559933675316984e+02
3.200000000000000000e+01 -3.921333253306124277e-03 9.390228419278607089e-03 3.178318608755650487e+01 1.358500601228045639e+02
3.300000000000000000e+01 -8.445560374343756907e-03 -8.784324299321384557e-04 3.174873562400625104e+01 1.326614812239193668e+02
3.400000000000000000e+01 1.337877559789455145e-03 -1.470894422295767733e-03 3.171157361905735428e+01 1.299207961691714388e+02
3.500000000000000000e+01 1.482041148436591925e-02 8.222100117039584169e-03 3.167043518942648817e+01 1.275122962693020696e+02
3.600000000000000000e+01 2.351901312376304329e-02 2.540967825529259760e-02 3.162549162221203503e+01 1.256653382057674122e+02
3.700000000000000000e+01 2.992768191476184725e-02 4.569276911828543120e-02 3.157965582360319701e+01 1.242845524591076440e+02
3.800000000000000000e+01 2.575634070701108419e-02 6.572208963973671936e-02 3.153089277577332439e+01 1.234904552473056611e+02
3.900000000000000000e+01 2.836069076349989268e-02 8.124499061012986634e-02 3.147934624112791013e+01 1.229836519253113920e+02
4.000000000000000000e+01 3.360957642725598271e-02 9.175990064806557878e-02 3.141889229886873380e+01 1.228911567490284540e+02
4.100000000000000000e+01 3.807681074766355173e-02 9.763693932667558140e-02 3.132600300091339562e+01 1.230598208970636733e+02
4.200000000000000000e+01 4.328319056363126582e-02 1.001536816057305573e-01 3.115925624381607406e+01 1.232459950204861201e+02
4.300000000000000000e+01 4.945228898879250323e-02 1.013117620708712530e-01 3.086145443237688468e+01 1.228412957709889781e+02
4.400000000000000000e+01 4.915152438751087260e-02 1.012848134789957749e-01 3.037361449651337253e+01 1.218543549716623886e+02
4.500000000000000000e+01 4.652939399861424213e-02 1.009270358508316534e-01 2.966343870486238998e+01 1.198900447887951657e+02
4.600000000000000000e+01 4.478400168996232722e-02 1.003604222232496734e-01 2.875913448299885644e+01 1.170087446104381002e+02
4.700000000000000000e+01 3.967139630408050843e-02 9.977659402735332417e-02 2.777113969948652539e+01 1.136194774620575316e+02
