# freqs 	 pli 	 dpli 	 meanpower(thalamus)	 meanpower(scalp)	pli
8.000000000000000000e+00 -7.568398840201493935e-03 -1.014373145788395464e-01 1.173943196084538192e-04 2.144579721653742000e-04
9.000000000000000000e+00 -1.065232653238472327e-02 -5.810235693508362248e-02 1.250090046010347313e-04 2.071039289822634421e-04
1.000000000000000000e+01 -2.952663736333395114e-02 -5.200666593846544478e-02 1.276161635114667558e-04 1.983876028784473697e-04
1.100000000000000000e+01 -5.193933238073923653e-02 -9.321434742991135947e-02 1.283393180815759361e-04 2.152926934674498165e-04
1.200000000000000000e+01 -7.137709756013863038e-02 -1.634285270296185477e-01 1.341349877920302463e-04 2.464783678570942396e-04
1.300000000000000000e+01 -9.895142685225584434e-02 -2.033376402506063274e-01 1.424575868123528007e-04 2.675922751296213242e-04
1.400000000000000000e+01 -1.020567808627357298e-01 -2.040286172248168828e-01 1.479939269979182776e-04 2.726493045808518301e-04
1.500000000000000000e+01 -8.690702302776334709e-02 -2.081781940169426248e-01 1.519569613073077296e-04 2.679927239619702794e-04
1.600000000000000000e+01 -8.179292424828461805e-02 -2.125416549785396347e-01 1.515354700846083431e-04 2.571668726353765265e-04
1.700000000000000000e+01 -8.149348858327357115e-02 -1.845503589027408520e-01 1.459370792261115743e-04 2.421846468903111177e-04
1.800000000000000000e+01 -7.194998615748823823e-02 -1.540814819577751016e-01 1.431398162742988315e-04 2.263097541573615373e-04
1.900000000000000000e+01 -8.041171384279888201e-02 -1.605710165698534253e-01 1.536455884158372919e-04 2.122828660826846258e-04
2.000000000000000000e+01 -1.016359995998416255e-01 -1.919869282318860393e-01 1.760152014159952524e-04 2.003618235431498006e-04
2.100000000000000000e+01 -1.147883388998436338e-01 -2.147177257028999586e-01 1.953738976914211583e-04 1.894338107022503132e-04
2.200000000000000000e+01 -1.130471224215423148e-01 -2.105238071918481002e-01 2.018271930130900390e-04 1.781463366551946188e-04
2.300000000000000000e+01 -9.090883542770586412e-02 -1.780448653150306371e-01 1.984709818095261647e-04 1.666327054373002627e-04
2.400000000000000000e+01 -6.712904788313174553e-02 -1.327058665688402583e-01 1.910603591863629751e-04 1.554682719401634448e-04
2.500000000000000000e+01 -4.398986597385690783e-02 -9.261884712596231417e-02 1.796915466344638202e-04 1.450682047056945213e-04
2.600000000000000000e+01 -3.128540182827659749e-02 -6.523484084668636218e-02 1.631812955015640634e-04 1.360276657153863984e-04
2.700000000000000000e+01 -2.357841001581606824e-02 -4.951806757128029979e-02 1.436870476964100354e-04 1.287865562387321408e-04
2.800000000000000000e+01 -1.879939794882564894e-02 -4.028699997444058767e-02 1.249992490746924714e-04 1.232494462396563090e-04
2.900000000000000000e+01 -1.450703101932638260e-02 -3.165210731413634071e-02 1.096344745709857679e-04 1.189603498457024558e-04
3.000000000000000000e+01 -1.008371385083713795e-02 -1.962494199261345662e-02 9.819790980210090729e-05 1.153728187761540334e-04
3.100000000000000000e+01 -6.476419513149984063e-03 -4.915930865049139738e-03 8.997250188424209055e-05 1.120647364856775820e-04
3.200000000000000000e+01 -1.911671818491791474e-03 8.810485678699639736e-03 8.390225596028730510e-05 1.087645528283878217e-04
3.300000000000000000e+01 1.795191680369264634e-03 1.861438168956520631e-02 7.917991693345754274e-05 1.054321942262260612e-04
3.400000000000000000e+01 5.036337868876493429e-03 2.381841123285580869e-02 7.536690597078845753e-05 1.021528646548823006e-04
3.500000000000000000e+01 4.952595785547577248e-03 2.551695087164702544e-02 7.222200513441502927e-05 9.894242085597803997e-05
3.600000000000000000e+01 8.000401904020296856e-03 2.491150631966913137e-02 6.958560863133598205e-05 9.583982770639333547e-05
3.700000000000000000e+01 8.588337383821670334e-03 2.262778686311889970e-02 6.735637045716040105e-05 9.284715282560327429e-05
3.800000000000000000e+01 4.361527092222315313e-03 1.881161004328867417e-02 6.548253512857290409e-05 9.004181758794336545e-05
3.900000000000000000e+01 -1.367481812213104100e-03 1.366619518507518512e-02 6.390111274218308564e-05 8.746576989962585370e-05
4.000000000000000000e+01 -5.237090530035926408e-03 7.366666229844944305e-03 6.255775497145406425e-05 8.514276972709596447e-05
4.100000000000000000e+01 -7.530256864654603921e-03 1.350167313383496173e-04 6.137227569883326437e-05 8.303527329864247245e-05
4.200000000000000000e+01 -8.398703006262117979e-03 -7.840687480383095112e-03 6.023640222578705765e-05 8.100956077369830680e-05
4.300000000000000000e+01 -9.961446749715864579e-03 -1.630340632198507694e-02 5.900639462759494898e-05 7.885814475895742135e-05
4.400000000000000000e+01 -1.316828305472976350e-02 -2.487827204219640251e-02 5.752863580477019683e-05 7.639492858674987944e-05
4.500000000000000000e+01 -1.769859764297109297e-02 -3.305571042138290977e-02 5.569203198426917747e-05 7.344332295872140609e-05
4.600000000000000000e+01 -2.294453204260192905e-02 -4.035574660662328422e-02 5.348679376047214156e-05 6.997151415236834294e-05
4.700000000000000000e+01 -2.613682529258886181e-02 -4.633268149003867686e-02 5.104663164759816392e-05 6.612611964330549993e-05
