# freqs 	 pli 	 dpli 	 meanpower(thalamus)	 meanpower(scalp)	pli
8.000000000000000000e+00 3.751202273783407065e-02 8.428342104628280818e-02 5.628451676903140771e-05 2.483004588499708410e-04
9.000000000000000000e+00 1.461677862418001711e-02 2.768753559159089009e-02 5.439783314821759248e-05 2.119043597231700705e-04
1.000000000000000000e+01 -2.876164960029502140e-03 -6.118875526524398048e-03 5.362845821634937396e-05 1.733016867690308042e-04
1.100000000000000000e+01 -1.428930033423100789e-03 -5.187844931881912397e-03 5.223674346817681273e-05 1.475603655540091584e-04
1.200000000000000000e+01 8.549769043731775611e-03 1.990697589594329908e-02 4.980665691978703808e-05 1.314249867684055329e-04
1.300000000000000000e+01 1.109095884574263710e-02 3.385187503816548121e-02 4.808593387160038245e-05 1.214101123920616860e-04
1.400000000000000000e+01 1.084612305989895303e-02 3.678600976049675730e-02 4.747576751788054513e-05 1.148056074381521288e-04
1.500000000000000000e+01 1.836879773146333356e-02 4.135738870081690638e-02 4.740233087699295716e-05 1.099783249763700834e-04
1.600000000000000000e+01 2.059860135452033086e-02 4.911567115791392463e-02 4.757684106406831893e-05 1.061677572085028106e-04
1.700000000000000000e+01 2.513549998451531167e-02 5.298337512255592296e-02 4.780950371434574271e-05 1.030229307698536103e-04
1.800000000000000000e+01 2.538442610115652226e-02 5.012452326646742173e-02 4.812697561378134439e-05 1.003126525451826138e-04
1.900000000000000000e+01 2.010988283577149621e-02 4.341289091472898959e-02 4.857209703512890305e-05 9.792620430260384377e-05
2.000000000000000000e+01 1.566814440877974113e-02 3.674025986164615454e-02 4.901832659778897162e-05 9.571136577668405297e-05
2.100000000000000000e+01 1.449749094610903143e-02 3.010300960005017623e-02 4.941176492722386198e-05 9.351170052674433945e-05
2.200000000000000000e+01 1.111651232677994365e-02 1.964146958902720369e-02 4.978682899369951323e-05 9.132014405057708984e-05
2.300000000000000000e+01 2.890727222027584739e-03 -4.480274737841356066e-04 5.027571321982406334e-05 8.919849457428995112e-05
2.400000000000000000e+01 -1.407364820222275353e-02 -3.407041269994252192e-02 5.106593629087263900e-05 8.726623954865666871e-05
2.500000000000000000e+01 -3.175188852987796684e-02 -7.388702117933236557e-02 5.216414078514649102e-05 8.540370191611497538e-05
2.600000000000000000e+01 -4.345602952297969446e-02 -1.028615735205171550e-01 5.331072693405644359e-05 8.330335085907910686e-05
2.700000000000000000e+01 -4.513916860905341222e-02 -1.092984934398001790e-01 5.431129122430355873e-05 8.079127239742969204e-05
2.800000000000000000e+01 -3.786999178614618156e-02 -9.550381706897244360e-02 5.525126083666035250e-05 7.796970485897591278e-05
2.900000000000000000e+01 -2.867834053388683066e-02 -7.335705443544886240e-02 5.643188142471264568e-05 7.515442082784916345e-05
3.000000000000000000e+01 -2.108188260200951139e-02 -5.456779770412469727e-02 5.807732204137173250e-05 7.263147454551599068e-05
3.100000000000000000e+01 -1.529005905128716890e-02 -4.433061378963928240e-02 6.010778032798067715e-05 7.051844082027406010e-05
3.200000000000000000e+01 -1.203025478133406580e-02 -4.127674464909111135e-02 6.213849038275592082e-05 6.878649725126281800e-05
3.300000000000000000e+01 -9.154954467998358686e-03 -4.109113952811666720e-02 6.367971244426528328e-05 6.734664148565028621e-05
3.400000000000000000e+01 -7.151331323480879590e-03 -3.991379309338112524e-02 6.436782581893506086e-05 6.612231882643208078e-05
3.500000000000000000e+01 -4.340451292712039881e-03 -3.586280513500419292e-02 6.408278983893874684e-05 6.506536583931525034e-05
3.600000000000000000e+01 -1.627739348265371628e-03 -2.883167284029466634e-02 6.294619261384507025e-05 6.415447808334204867e-05
3.700000000000000000e+01 -1.200959839938642217e-04 -1.982138942675389787e-02 6.122735276559376988e-05 6.338165544150317784e-05
3.800000000000000000e+01 2.178388791637442083e-03 -1.012256456218234811e-02 5.923492605656780326e-05 6.273599677014023764e-05
3.900000000000000000e+01 4.609117109826301080e-03 -7.774813584005924125e-04 5.723362186795965970e-05 6.219914703333116735e-05
4.000000000000000000e+01 6.786189277931549066e-03 7.600744344188841047e-03 5.540161803952319176e-05 6.175085482721493716e-05
4.100000000000000000e+01 9.103359007644494516e-03 1.477589498034821876e-02 5.380640536947782553e-05 6.134516169662194247e-05
4.200000000000000000e+01 1.145231999426340498e-02 2.073779141208349081e-02 5.240797240275029583e-05 6.089114839080434763e-05
4.300000000000000000e+01 1.367203978942272552e-02 2.557609345468713977e-02 5.108977995341174993e-05 6.025660366428368128e-05
4.400000000000000000e+01 1.494587706831504090e-02 2.945307480024292324e-02 4.970120484523095789e-05 5.930487942392487010e-05
4.500000000000000000e+01 1.660192773912188766e-02 3.254190941936808967e-02 4.813165210749522407e-05 5.794484812380351385e-05
4.600000000000000000e+01 1.766245272648219247e-02 3.501743456808927013e-02 4.637924681199909253e-05 5.620899494043107614e-05
4.700000000000000000e+01 1.910123800588731796e-02 3.703631472681627457e-02 4.458178303458951955e-05 5.428713059560235645e-05
