# freqs 	 pli 	 dpli 	 meanpower(thalamus)	 meanpower(scalp)	pli
8.000000000000000000e+00 -1.914200231410164155e-01 -3.493610510004549474e-01 1.212258042272443487e-04 2.969621376126934374e-04
9.000000000000000000e+00 -1.129957791486525809e-01 -2.440369411077496775e-01 9.125295197837667591e-05 2.570528246766365138e-04
1.000000000000000000e+01 -3.083180155686517446e-02 -6.149649139812595616e-02 7.522529468116698583e-05 2.209314075723427674e-04
1.100000000000000000e+01 8.464333022491429825e-03 4.199155656094537281e-02 7.492768263721060254e-05 1.898064880645652084e-04
1.200000000000000000e+01 2.400912946466590703e-02 3.278425023122080034e-02 7.391067127568193393e-05 1.700025406298260255e-04
1.300000000000000000e+01 2.927070036592630334e-02 3.251275954720050931e-02 6.621855032688646011e-05 1.610741576676904098e-04
1.400000000000000000e+01 2.509754297163344777e-02 4.275921387277577951e-02 5.899527295671772796e-05 1.599181046214865460e-04
1.500000000000000000e+01 1.869600546702614857e-02 3.459730165313190664e-02 5.580070089552943501e-05 1.634243401944464650e-04
1.600000000000000000e+01 1.321865835714844048e-02 1.206219968252485349e-02 5.529498325794322849e-05 1.691275695115386046e-04
1.700000000000000000e+01 1.069925580731829161e-03 -1.455167020532087754e-02 5.541496406829598062e-05 1.754714745747651340e-04
1.800000000000000000e+01 -6.155716191944262013e-03 -3.177666724841429063e-02 5.560049765920639561e-05 1.806640252044795390e-04
1.900000000000000000e+01 -1.419053534397029560e-02 -3.555375426769829400e-02 5.579395954767664602e-05 1.824039742036987041e-04
2.000000000000000000e+01 -1.620515674146056836e-02 -3.348248130193790667e-02 5.602222288761105729e-05 1.798638520612228159e-04
2.100000000000000000e+01 -1.804552084393338043e-02 -3.127366240952589305e-02 5.630763964335498743e-05 1.738062600869352879e-04
2.200000000000000000e+01 -1.587091654543049818e-02 -2.876425851677799975e-02 5.652989465567427845e-05 1.653932994357308020e-04
2.300000000000000000e+01 -1.357513620906523541e-02 -2.544301504638974906e-02 5.627619685368161792e-05 1.556156527686975279e-04
2.400000000000000000e+01 -8.165465065435575584e-03 -2.193908303139253599e-02 5.530679350564423724e-05 1.452488922243014692e-04
2.500000000000000000e+01 -6.479269387824259860e-03 -1.757298170672015256e-02 5.376130608897957054e-05 1.347952844816450004e-04
2.600000000000000000e+01 -3.787994294291241806e-03 -1.065214728754086682e-02 5.197628877885907992e-05 1.246763466794843518e-04
2.700000000000000000e+01 -4.240976915129651345e-03 -1.080600244716808586e-03 5.029758565502273133e-05 1.153936087289853614e-04
2.800000000000000000e+01 9.991092686858834161e-04 8.548656393235017428e-03 4.885684023682421070e-05 1.072547182113432220e-04
2.900000000000000000e+01 1.030096982174784695e-02 1.511133166157995616e-02 4.769940807948026048e-05 1.003071913962140228e-04
3.000000000000000000e+01 1.008001029332592988e-02 1.768080914943917156e-02 4.683991574398282362e-05 9.446132229564372111e-05
3.100000000000000000e+01 8.165559080122009039e-03 1.815507309852635795e-02 4.622442194668719502e-05 8.950235872845901800e-05
3.200000000000000000e+01 1.200932855397258969e-02 1.905298668010617716e-02 4.581050182592294885e-05 8.521285598718511480e-05
3.300000000000000000e+01 1.259045156399130928e-02 2.196530232182888204e-02 4.557445695389152215e-05 8.144924906498295157e-05
3.400000000000000000e+01 1.233452448631527573e-02 2.733921750064065292e-02 4.541647209639944891e-05 7.816020150216534653e-05
3.500000000000000000e+01 1.631267827717003405e-02 3.453382840273157284e-02 4.526690453762565841e-05 7.527080285539918978e-05
3.600000000000000000e+01 2.003978860611310003e-02 4.237302854956519205e-02 4.506581517631801147e-05 7.269008626615183874e-05
3.700000000000000000e+01 2.206118672336740069e-02 4.951010414610242105e-02 4.478789624468585757e-05 7.032282153684248321e-05
3.800000000000000000e+01 2.538247918900543576e-02 5.477408588910544218e-02 4.444193368385932337e-05 6.812045368058060291e-05
3.900000000000000000e+01 2.373656404948894239e-02 5.752195159996776469e-02 4.405156578892812128e-05 6.602809818362323122e-05
4.000000000000000000e+01 2.173582200096723857e-02 5.767783810975408987e-02 4.362756502756647697e-05 6.400682580974356879e-05
4.100000000000000000e+01 2.156828265339249054e-02 5.554279827742084757e-02 4.315965809148823658e-05 6.204590254916944115e-05
4.200000000000000000e+01 2.137033918650693004e-02 5.182075922946552393e-02 4.260901357698981806e-05 6.010671550811638904e-05
4.300000000000000000e+01 2.028829669605088440e-02 4.713833005177836544e-02 4.192026287705555082e-05 5.810214163173499304e-05
4.400000000000000000e+01 1.912686552024938855e-02 4.210603178764391052e-02 4.102435823779625141e-05 5.593018007067716152e-05
4.500000000000000000e+01 1.633269886776633067e-02 3.706023207513007428e-02 3.988700368536607154e-05 5.351967098881401096e-05
4.600000000000000000e+01 1.419144591835354817e-02 3.224154899327762169e-02 3.855870711885646255e-05 5.088478071980525420e-05
4.700000000000000000e+01 1.468714190584680113e-02 2.780610979097344546e-02 3.719368398624918470e-05 4.815614486994229329e-05
