# freqs 	 pli 	 dpli 	 meanpower(thalamus)	 meanpower(scalp)	pli
8.000000000000000000e+00 3.466707658339068798e-02 6.595887768492370018e-02 5.689952187477535360e-05 1.725333124147890762e-04
9.000000000000000000e+00 1.836225608281297564e-02 2.084619765257132717e-02 5.174245005954133188e-05 1.592507177464446842e-04
1.000000000000000000e+01 7.863478072605709773e-03 2.556735992678812498e-03 5.216851161889048144e-05 1.426739178554960424e-04
1.100000000000000000e+01 -4.047828911764662961e-04 -2.034904159877890667e-02 5.549779671390088075e-05 1.296863833669333911e-04
1.200000000000000000e+01 -1.059971237255997664e-02 -7.955569023296570064e-02 6.324140418108732111e-05 1.250614439175984957e-04
1.300000000000000000e+01 -2.430895687395793689e-02 -1.264582793162792040e-01 7.353405648962705384e-05 1.247516520761829384e-04
1.400000000000000000e+01 -3.488642983011094878e-02 -1.324743529262278063e-01 8.104548399529377457e-05 1.241228297823569499e-04
1.500000000000000000e+01 -3.329533239721271104e-02 -1.117452930442856263e-01 8.365497841462839191e-05 1.224049246811595253e-04
1.600000000000000000e+01 -2.897830161095402493e-02 -8.672752129536691335e-02 8.189793484070336178e-05 1.207011373061232128e-04
1.700000000000000000e+01 -2.718369544931342058e-02 -6.962254475777344964e-02 7.720502810220708848e-05 1.201722910826993131e-04
1.800000000000000000e+01 -2.571755099415345622e-02 -5.996356079377515580e-02 7.098083774808427039e-05 1.208546890906118747e-04
1.900000000000000000e+01 -2.502273041571678736e-02 -5.546806190898630196e-02 6.438483073870644843e-05 1.218940196010418679e-04
2.000000000000000000e+01 -2.340248604955405889e-02 -5.410583348680796101e-02 5.842192375093979028e-05 1.222676555665983618e-04
2.100000000000000000e+01 -2.220071668226325512e-02 -5.372292023496774011e-02 5.358940847874800315e-05 1.212426560768967919e-04
2.200000000000000000e+01 -2.368792995234080684e-02 -5.206308059422921908e-02 4.991524064555259688e-05 1.186640949937272272e-04
2.300000000000000000e+01 -2.285885756089440710e-02 -4.819921084009905904e-02 4.713523498336893297e-05 1.148789370930041126e-04
2.400000000000000000e+01 -2.229413217127309763e-02 -4.332681147750010869e-02 4.496823695883571875e-05 1.103289658386639207e-04
2.500000000000000000e+01 -1.969811309738414215e-02 -3.857762718338410973e-02 4.322015679136898751e-05 1.054964387843361029e-04
2.600000000000000000e+01 -1.768082638470556273e-02 -3.382607453260706026e-02 4.172358770770399553e-05 1.007495717854466343e-04
2.700000000000000000e+01 -1.532868323694424467e-02 -2.845494509272512851e-02 4.035829925590991737e-05 9.636449161385151664e-05
2.800000000000000000e+01 -1.252869917790271417e-02 -2.208628663137693349e-02 3.906125049647673543e-05 9.253693574665747019e-05
2.900000000000000000e+01 -9.250384764072153154e-03 -1.409030527066229728e-02 3.781199944241530377e-05 8.940903078189529982e-05
3.000000000000000000e+01 -6.125735949873810891e-03 -3.716877055304954134e-03 3.661605531575587164e-05 8.701896492606016884e-05
3.100000000000000000e+01 -8.942640753610283733e-04 8.886632417262020286e-03 3.549151681620295480e-05 8.527084381675582349e-05
3.200000000000000000e+01 5.612978812650174822e-03 2.180752942348463536e-02 3.445059969958236224e-05 8.388702180975581577e-05
3.300000000000000000e+01 1.050958049537353139e-02 3.223073891821248704e-02 3.349651547305546788e-05 8.257185550570267602e-05
3.400000000000000000e+01 1.342247384981468117e-02 3.804977060081804474e-02 3.262586668883574360e-05 8.114087999541193382e-05
3.500000000000000000e+01 1.318776606572724490e-02 3.885021222445343009e-02 3.183420798982533465e-05 7.956951212081316027e-05
3.600000000000000000e+01 1.047763861695753460e-02 3.576492531602409874e-02 3.112380636220237910e-05 7.798379873344846993e-05
3.700000000000000000e+01 6.659419162202575779e-03 3.063708548832535031e-02 3.049594496325777103e-05 7.653383979416170872e-05
3.800000000000000000e+01 3.095864673983149060e-03 2.497467574221316072e-02 2.994680267310146523e-05 7.530829794328491660e-05
3.900000000000000000e+01 9.315015685043524785e-04 1.955645042034715939e-02 2.947157989221032033e-05 7.431736118419178094e-05
4.000000000000000000e+01 -5.527053963648234647e-04 1.462180641314383793e-02 2.905858296944806039e-05 7.353679973401883087e-05
4.100000000000000000e+01 -2.977555577333563120e-03 1.018311848915039522e-02 2.868695801372923523e-05 7.289630574912584783e-05
4.200000000000000000e+01 -4.283881120887267011e-03 6.271860468566183011e-03 2.831959858035237949e-05 7.227196478779011792e-05
4.300000000000000000e+01 -5.655437090115598281e-03 2.967933939260324321e-03 2.790011514399759167e-05 7.148411013370874797e-05
4.400000000000000000e+01 -6.546404285952359473e-03 2.821686150116245939e-04 2.736375617146740718e-05 7.035695118348449055e-05
4.500000000000000000e+01 -7.280624672752521523e-03 -1.870792989565937250e-03 2.666880822921514514e-05 6.876630187698022601e-05
4.600000000000000000e+01 -7.698604417387282239e-03 -3.686578482190509560e-03 2.583064591410033780e-05 6.674529513634068554e-05
4.700000000000000000e+01 -7.866327605530958056e-03 -5.391072881629867426e-03 2.493918764272964506e-05 6.451364674118782293e-05
