# freqs 	 pli 	 dpli 	 meanpower(thalamus)	 meanpower(scalp)	pli
8.000000000000000000e+00 5.200502652441876816e-02 7.661156244991690345e-02 3.489322685678451677e-05 2.366034944380017153e-04
9.000000000000000000e+00 5.838637238106580279e-02 1.000422317363070107e-01 3.395686904050323373e-05 2.359195914068209924e-04
1.000000000000000000e+01 6.422455180026073740e-02 1.356890673664968017e-01 3.557825086288041302e-05 2.252278284628960402e-04
1.100000000000000000e+01 6.982320836116835683e-02 1.646119851462058969e-01 3.948745045584037662e-05 2.231247075846841236e-04
1.200000000000000000e+01 7.334278121601831013e-02 1.522496519083574584e-01 4.435320392214162435e-05 2.408563462022969592e-04
1.300000000000000000e+01 6.248625901391775123e-02 1.289410687950899859e-01 4.904637086760996927e-05 2.698790332448648644e-04
1.400000000000000000e+01 5.294067326121888739e-02 1.119097800562609962e-01 5.218467264489545164e-05 2.996137396633452815e-04
1.500000000000000000e+01 4.691194872297912988e-02 9.210969902160809353e-02 5.279922145911380407e-05 3.228523276824760342e-04
1.600000000000000000e+01 4.796342916809093887e-02 8.371311097880521079e-02 5.157804729461388339e-05 3.373716490687628136e-04
1.700000000000000000e+01 5.457861106262400230e-02 9.771899749669837876e-02 5.034637834075106436e-05 3.435925779563754525e-04
1.800000000000000000e+01 6.485813636318833730e-02 1.170379098115816030e-01 5.033390029521750712e-05 3.428746479960997689e-04
1.900000000000000000e+01 6.276957845852798590e-02 1.165620593701385543e-01 5.147478116569730196e-05 3.365133885869042263e-04
2.000000000000000000e+01 4.464386320380731715e-02 7.854753956099790047e-02 5.348483022030402879e-05 3.249900983644646215e-04
2.100000000000000000e+01 1.045804695295349078e-02 1.613257536411484127e-03 5.707147452039728274e-05 3.086652787026782454e-04
2.200000000000000000e+01 -2.641014058165032027e-02 -8.537627473036608905e-02 6.214513997221901857e-05 2.873459750669871073e-04
2.300000000000000000e+01 -5.049990079806787602e-02 -1.458326546260345913e-01 6.610492279518545556e-05 2.608344695380123562e-04
2.400000000000000000e+01 -5.797535025385298912e-02 -1.657514956732937805e-01 6.637317071298335074e-05 2.310454412642078798e-04
2.500000000000000000e+01 -5.085218448257809026e-02 -1.490194116224388132e-01 6.302737903683076274e-05 2.018881526171676310e-04
2.600000000000000000e+01 -3.510159223884292551e-02 -1.076664087364600925e-01 5.795292306884620943e-05 1.769231744970802510e-04
2.700000000000000000e+01 -1.490745523970813183e-02 -5.812360362856535539e-02 5.296796351795670060e-05 1.578907479645772589e-04
2.800000000000000000e+01 4.431235796073963208e-03 -1.331327052954772369e-02 4.885222473910446169e-05 1.444822737386071432e-04
2.900000000000000000e+01 1.912755140107750412e-02 2.070913085445353838e-02 4.567700895443472440e-05 1.355000488676030661e-04
3.000000000000000000e+01 2.885921581873238453e-02 4.426874419734015687e-02 4.319541068744960609e-05 1.294905977316525400e-04
3.100000000000000000e+01 3.550964954370355864e-02 5.918204390072296511e-02 4.120438582265765690e-05 1.253320134548765617e-04
3.200000000000000000e+01 3.895701203876791863e-02 6.738754832152310525e-02 3.954752281774061052e-05 1.222317695742742227e-04
3.300000000000000000e+01 4.052104069213741111e-02 7.062057460788798147e-02 3.815161857458939239e-05 1.196993025762820300e-04
3.400000000000000000e+01 4.023030170995813698e-02 7.042207099109831780e-02 3.700856900579722756e-05 1.175862692124072042e-04
3.500000000000000000e+01 3.854155377942250493e-02 6.859535677154524058e-02 3.607339814097398423e-05 1.157323896109485476e-04
3.600000000000000000e+01 3.700919696979780571e-02 6.628722984601860546e-02 3.533387843409826356e-05 1.141156339203018588e-04
3.700000000000000000e+01 3.601815625740199117e-02 6.413044399974285326e-02 3.475671934477342188e-05 1.126525653505594765e-04
3.800000000000000000e+01 3.490881782700840791e-02 6.209241948990008864e-02 3.431161049754986978e-05 1.112807167226846248e-04
3.900000000000000000e+01 3.410745529603333159e-02 6.011230802894730607e-02 3.394503781013137649e-05 1.097826969272246167e-04
4.000000000000000000e+01 3.207824535487151241e-02 5.782788576247446105e-02 3.362937201432343929e-05 1.081082445355009138e-04
4.100000000000000000e+01 3.071559862289411150e-02 5.505954099439456378e-02 3.332606339736582021e-05 1.062195241975991128e-04
4.200000000000000000e+01 2.857571536048329405e-02 5.188535387651192071e-02 3.298087217662980659e-05 1.040929620225899320e-04
4.300000000000000000e+01 2.713721776263810018e-02 4.865010004891966167e-02 3.251481601208242310e-05 1.015792769613322569e-04
4.400000000000000000e+01 2.587604973234016240e-02 4.545210122652977580e-02 3.187024808049748802e-05 9.867507013775859710e-05
4.500000000000000000e+01 2.514733679899885596e-02 4.261783568142348683e-02 3.099495412019803221e-05 9.524858531689010994e-05
4.600000000000000000e+01 2.423724068665708900e-02 4.025239664954299856e-02 2.991145892299186510e-05 9.137524671049359910e-05
4.700000000000000000e+01 2.331514607869995467e-02 3.834519906516597326e-02 2.872558512250690424e-05 8.734791792553017135e-05
