# freqs 	 pli 	 dpli 	 meanpower(thalamus)	 meanpower(scalp)	pli
8.000000000000000000e+00 -1.566315527867518931e-01 -4.320076469222993709e-01 8.164982618030892070e+01 5.602358394992604644e+02
9.000000000000000000e+00 -1.549974339484351815e-01 -3.798402498311941322e-01 8.255406222542633543e+01 4.459258296010191884e+02
1.000000000000000000e+01 -1.455654429723148846e-01 -3.360136856700415287e-01 8.328452251244137017e+01 3.457804387089145735e+02
1.100000000000000000e+01 -1.183113991350006888e-01 -2.712577434626287087e-01 8.265893077801912625e+01 2.890460415132114349e+02
1.200000000000000000e+01 -7.966931755691707140e-02 -1.705458786538310567e-01 8.012857370852529471e+01 2.632461774649511312e+02
1.300000000000000000e+01 -5.629512790984839837e-02 -1.032665915768271186e-01 7.627831637331284753e+01 2.555128824115064674e+02
1.400000000000000000e+01 -5.154005018474353689e-02 -9.723610431363707840e-02 7.250428030675230673e+01 2.483397995281318913e+02
1.500000000000000000e+01 -5.181542459473224838e-02 -1.061873537412353768e-01 6.913539693322110224e+01 2.309275597770882200e+02
1.600000000000000000e+01 -4.735502014778884133e-02 -9.666343339955324465e-02 6.536092394401137540e+01 2.051785209861575652e+02
1.700000000000000000e+01 -3.783730711952500853e-02 -7.553890468451301965e-02 6.073456827283651194e+01 1.788571478034861286e+02
1.800000000000000000e+01 -3.147586260387624790e-02 -5.965668511247056160e-02 5.578327699742823853e+01 1.570600309684048739e+02
1.900000000000000000e+01 -2.705875505987615989e-02 -5.428094564843395642e-02 5.128741150479153532e+01 1.405358498046508942e+02
2.000000000000000000e+01 -2.507645653096875898e-02 -5.409683829190081727e-02 4.769644327327424094e+01 1.280230713817984451e+02
2.100000000000000000e+01 -2.478094559314075740e-02 -5.388906689901002550e-02 4.505060253033204987e+01 1.182661449930843958e+02
2.200000000000000000e+01 -2.310878446567747949e-02 -5.260966787458937893e-02 4.315747157460714334e+01 1.104393927498528143e+02
2.300000000000000000e+01 -2.208375157173609812e-02 -5.205744865953183809e-02 4.179053337943524582e+01 1.039584065693329364e+02
2.400000000000000000e+01 -2.365091796626567558e-02 -5.377322440111029916e-02 4.072983463248344549e+01 9.839804612406375384e+01
2.500000000000000000e+01 -2.520317795921469400e-02 -5.724363391154881769e-02 3.980616046476212944e+01 9.348344427671696621e+01
2.600000000000000000e+01 -2.713266605730608322e-02 -6.061368361778602526e-02 3.892137987662712817e+01 8.905159829307753228e+01
2.700000000000000000e+01 -2.756169931768522041e-02 -6.271089071347150934e-02 3.804733796097787035e+01 8.499210624852253204e+01
2.800000000000000000e+01 -2.824583212897392032e-02 -6.339464533923098999e-02 3.719381447429061893e+01 8.122142525014466230e+01
2.900000000000000000e+01 -2.861710780070671201e-02 -6.299976547090506418e-02 3.637567363502601836e+01 7.775199328881019767e+01
3.000000000000000000e+01 -2.969685180956860640e-02 -6.193312306885693369e-02 3.559190467721528961e+01 7.461135679374706342e+01
3.100000000000000000e+01 -2.911437418449916784e-02 -6.021605677874065921e-02 3.484034565985241727e+01 7.182391578194750537e+01
3.200000000000000000e+01 -2.767768710449344458e-02 -5.775796502598018467e-02 3.412479859477451072e+01 6.938171414138771809e+01
3.300000000000000000e+01 -2.574952644828912632e-02 -5.455581212035980759e-02 3.344985636248241434e+01 6.725603754587608307e+01
3.400000000000000000e+01 -2.441046308944469501e-02 -5.086287499169354215e-02 3.282122884058431822e+01 6.542622601129880877e+01
3.500000000000000000e+01 -2.291365270286115086e-02 -4.717301518205652133e-02 3.224695410206444990e+01 6.382924401853323815e+01
3.600000000000000000e+01 -2.124629998704577472e-02 -4.374776023618468651e-02 3.173461334507735288e+01 6.242422382501369071e+01
3.700000000000000000e+01 -1.982457523137741082e-02 -4.059691867162157353e-02 3.128180051687986563e+01 6.117246251815213043e+01
3.800000000000000000e+01 -1.862675834567223410e-02 -3.759678940599202324e-02 3.088079947521492130e+01 6.006003550121749868e+01
3.900000000000000000e+01 -1.758193745859317966e-02 -3.477553010596035055e-02 3.052365646634867602e+01 5.904465924172068014e+01
4.000000000000000000e+01 -1.635960480324837735e-02 -3.222660901321213606e-02 3.020027138542805645e+01 5.811442240204220155e+01
4.100000000000000000e+01 -1.533176172101798421e-02 -3.010429401148895234e-02 2.989081515627022867e+01 5.722917819082562119e+01
4.200000000000000000e+01 -1.474089102416517409e-02 -2.849650778770423942e-02 2.955695387734522583e+01 5.631890013612940038e+01
4.300000000000000000e+01 -1.455536884413077652e-02 -2.739139289673548500e-02 2.914050159374875193e+01 5.526496752645672217e+01
4.400000000000000000e+01 -1.425709737582556841e-02 -2.663870808281452313e-02 2.858016354395525482e+01 5.397082599680600623e+01
4.500000000000000000e+01 -1.397410680432949887e-02 -2.612380638943940375e-02 2.783656751558845244e+01 5.234868528509576890e+01
4.600000000000000000e+01 -1.349412955866379112e-02 -2.575006836310659436e-02 2.692848998518885040e+01 5.042369518494657399e+01
4.700000000000000000e+01 -1.339271223127433581e-02 -2.546945631836327120e-02 2.595110478543971055e+01 4.835723305043131148e+01
