# freqs 	 pli 	 dpli 	 meanpower(thalamus)	 meanpower(scalp)	pli
8.000000000000000000e+00 -2.534363893027805547e-04 -1.261385901509506913e-02 9.688250603156552565e-05 1.181592732151037713e-04
9.000000000000000000e+00 2.369983619983619810e-02 2.185970492653770830e-02 9.108644314687295857e-05 1.081774513783302931e-04
1.000000000000000000e+01 2.817948207268081498e-02 4.554614066789823557e-02 8.847750765490709811e-05 1.013069703631904844e-04
1.100000000000000000e+01 5.080514927523249041e-02 9.583304247277027454e-02 8.993874935931417554e-05 9.662350705978940614e-05
1.200000000000000000e+01 4.941269080455745755e-02 1.175389384876598664e-01 9.428257600259149244e-05 9.637174930133230127e-05
1.300000000000000000e+01 4.093750414097255957e-02 9.819438278413897270e-02 9.993259529118505733e-05 1.015275715016140777e-04
1.400000000000000000e+01 2.084660791786388523e-02 8.728303217888078169e-02 1.045429383095345386e-04 1.086548931446854142e-04
1.500000000000000000e+01 9.917272041983359043e-03 7.656091494315757362e-02 1.051684668375567236e-04 1.103538463464994129e-04
1.600000000000000000e+01 6.524417428487879096e-03 5.007290231963857502e-02 1.020857389003621023e-04 1.069341070742681833e-04
1.700000000000000000e+01 7.018282962232446319e-03 2.303136419874188615e-02 9.815564227923333619e-05 1.034207192506437671e-04
1.800000000000000000e+01 5.221932114882506595e-03 1.623954611563675939e-03 9.522233827044617697e-05 1.020617737330096260e-04
1.900000000000000000e+01 -5.555197309813306519e-03 -1.529200702789865370e-02 9.309252182799181022e-05 1.021751436620754440e-04
2.000000000000000000e+01 -1.203807324016254419e-02 -1.987440983202335212e-02 9.121312979965226389e-05 1.028220928814818560e-04
2.100000000000000000e+01 -7.904012320294275667e-03 -1.158376615590029669e-02 8.915765787132507044e-05 1.030920062128506091e-04
2.200000000000000000e+01 -1.799844434359280411e-03 -1.335691734329599910e-03 8.693368833990227826e-05 1.022439513303017834e-04
2.300000000000000000e+01 -7.507502145595785527e-03 -6.713189808751881919e-03 8.539285037243622982e-05 1.002893196109735664e-04
2.400000000000000000e+01 -2.635163185510587536e-02 -4.730616462942512090e-02 8.593169133782245321e-05 9.782056109936249739e-05
2.500000000000000000e+01 -5.900183656366456836e-02 -1.224944665894237006e-01 8.868605737697533376e-05 9.550323150586517479e-05
2.600000000000000000e+01 -9.866330810451148792e-02 -1.985429887775060631e-01 9.162692418157552642e-05 9.391449447652431084e-05
2.700000000000000000e+01 -1.167578747893941310e-01 -2.391477879721729261e-01 9.211902766212073934e-05 9.318404311459870448e-05
2.800000000000000000e+01 -1.173278107772918466e-01 -2.336932361087671051e-01 8.900741665356934958e-05 9.242765715360929464e-05
2.900000000000000000e+01 -1.011213563037590829e-01 -1.949867782196627319e-01 8.306331736887808607e-05 9.023322960008726230e-05
3.000000000000000000e+01 -7.621623993557821719e-02 -1.400123684774602917e-01 7.611407327220817600e-05 8.604878941447301297e-05
3.100000000000000000e+01 -4.546882427343173355e-02 -8.242789319720816854e-02 6.975980214105548997e-05 8.048203968928529834e-05
3.200000000000000000e+01 -2.094347536570511856e-02 -3.174302001207151419e-02 6.481133020974808132e-05 7.464588741205669461e-05
3.300000000000000000e+01 -1.973494055826427365e-03 7.069052717397481846e-03 6.129640530884137054e-05 6.943969935122220737e-05
3.400000000000000000e+01 8.835035141227954442e-03 3.263158963588908001e-02 5.886524506274577810e-05 6.528286349774951630e-05
3.500000000000000000e+01 1.394536202188217944e-02 4.608217280414376310e-02 5.708525804215533786e-05 6.215008756112982123e-05
3.600000000000000000e+01 1.736680224803935704e-02 4.950900760513408938e-02 5.565877067184657874e-05 5.979650838644170368e-05
3.700000000000000000e+01 1.849838324012167273e-02 4.581704548629140367e-02 5.442203841701998739e-05 5.794070068144994490e-05
3.800000000000000000e+01 1.526093779379226849e-02 3.795924828030037418e-02 5.330031908051261673e-05 5.640513280067674558e-05
3.900000000000000000e+01 8.903669882044995543e-03 2.864607030787060665e-02 5.223994519286258260e-05 5.506986033524606902e-05
4.000000000000000000e+01 6.431145609126765611e-03 1.964212133666107252e-02 5.122471876713462674e-05 5.387649448359976828e-05
4.100000000000000000e+01 4.229261669465298086e-03 1.193002965997674164e-02 5.024032913591048189e-05 5.275945472418164955e-05
4.200000000000000000e+01 7.950787813202560587e-04 5.796626070359827375e-03 4.925079732912572198e-05 5.164020558557407074e-05
4.300000000000000000e+01 -1.378687871917888335e-03 1.160574311270096875e-03 4.817771625625580655e-05 5.041014999066129623e-05
4.400000000000000000e+01 -1.678345795926851911e-03 -2.375154813395896191e-03 4.692265423710661055e-05 4.897630843288060162e-05
4.500000000000000000e+01 -3.902573809419785864e-03 -5.038604422946500218e-03 4.542871219524785071e-05 4.726764300071161493e-05
4.600000000000000000e+01 -5.194265530853937191e-03 -7.059886644019791081e-03 4.372476127347899863e-05 4.530752456062228677e-05
4.700000000000000000e+01 -5.230732916322435554e-03 -8.638945421331062358e-03 4.194152071282712218e-05 4.325635186100746017e-05
