# freqs 	 pli 	 dpli 	 meanpower(thalamus)	 meanpower(scalp)	pli
8.000000000000000000e+00 -5.323173726619850714e-03 -3.067599067436960550e-02 1.171702420890239488e-04 1.127454139149926455e-04
9.000000000000000000e+00 1.239554669157557319e-02 6.267766579761037925e-03 1.026724417712490537e-04 1.026125971687221860e-04
1.000000000000000000e+01 5.382871895799298465e-03 9.352942280535739977e-03 9.595656738674624331e-05 9.635825591715298981e-05
1.100000000000000000e+01 2.762137698051226123e-02 1.586884966275954253e-02 9.315455060764982935e-05 9.142123427783286922e-05
1.200000000000000000e+01 2.018527221847139785e-02 1.473474817033348754e-02 9.257053667208147948e-05 8.863849542325094046e-05
1.300000000000000000e+01 2.969122837098318174e-02 3.671713350578873630e-02 9.372317797805468137e-05 9.030012341301663548e-05
1.400000000000000000e+01 2.796114612049648007e-02 5.743147847574380654e-02 9.516379341533520535e-05 9.409998715335563500e-05
1.500000000000000000e+01 3.039916415358677806e-02 5.847942460382794805e-02 9.480426552866449475e-05 9.514657487363862849e-05
1.600000000000000000e+01 3.396191512900689768e-02 5.330944112843075122e-02 9.229979192547249655e-05 9.303466286577486062e-05
1.700000000000000000e+01 3.650665614854244762e-02 5.753309272709981881e-02 8.883830050099059236e-05 9.068430224696404378e-05
1.800000000000000000e+01 4.142801692716962386e-02 7.282425664845118551e-02 8.602807127589157143e-05 9.032471506837832750e-05
1.900000000000000000e+01 4.476306116392708007e-02 8.820784825282138031e-02 8.449271803535136818e-05 9.194201765547036940e-05
2.000000000000000000e+01 4.117376721480748430e-02 9.253133757229098366e-02 8.387867310121751652e-05 9.416944105814352515e-05
2.100000000000000000e+01 3.448593386615037698e-02 8.813360719920190767e-02 8.366860644195731967e-05 9.541666925145813498e-05
2.200000000000000000e+01 3.240185760267313281e-02 7.942240882524126411e-02 8.343784645245055172e-05 9.501239286253174946e-05
2.300000000000000000e+01 2.716687617479817546e-02 6.367471621789326519e-02 8.368657648904929893e-05 9.290410465114884789e-05
2.400000000000000000e+01 1.566779651428652081e-02 3.566594686818837234e-02 8.618116633309942784e-05 8.946097014338064233e-05
2.500000000000000000e+01 1.927050082099872070e-03 -1.433180061248529079e-03 9.174155780198736752e-05 8.543945863087061944e-05
2.600000000000000000e+01 -1.008026770817265806e-02 -3.498666565404722623e-02 9.787975315749226706e-05 8.181134628112781576e-05
2.700000000000000000e+01 -1.750839056490978776e-02 -5.518844238491917714e-02 1.008745497778719603e-04 7.921009100950003471e-05
2.800000000000000000e+01 -1.861924883070929099e-02 -6.073849330577348049e-02 9.893752847717021974e-05 7.730775685169733239e-05
2.900000000000000000e+01 -1.472227579102834867e-02 -5.556069168889964105e-02 9.289762208580934011e-05 7.508526658972442056e-05
3.000000000000000000e+01 -1.488171517116676501e-02 -4.444392913647025184e-02 8.495291322030309837e-05 7.183765616890028531e-05
3.100000000000000000e+01 -1.077449941121027405e-02 -3.135648919549251928e-02 7.720776145902501935e-05 6.768056550966953101e-05
3.200000000000000000e+01 -6.572895704180925849e-03 -1.913075738651577942e-02 7.086932621138864624e-05 6.328299091379956348e-05
3.300000000000000000e+01 -2.815399306310041681e-03 -9.243738777674740184e-03 6.620286652900427265e-05 5.931292306522206091e-05
3.400000000000000000e+01 -1.069599082328602990e-03 -1.774325958469317359e-03 6.296867303919484894e-05 5.609838345681655576e-05
3.500000000000000000e+01 2.840742349364354553e-03 3.623195512717870392e-03 6.074968942040795964e-05 5.363854029159231953e-05
3.600000000000000000e+01 5.112316034082106490e-03 7.146388777979746643e-03 5.914322884355306800e-05 5.174490978074844952e-05
3.700000000000000000e+01 4.587963343228940519e-03 8.654950799468378447e-03 5.789219100644430442e-05 5.023328159717176035e-05
3.800000000000000000e+01 4.133375245727047113e-03 8.195534375236403560e-03 5.684738773864137835e-05 4.897949212466083972e-05
3.900000000000000000e+01 1.843460640004503060e-03 6.320561508003551265e-03 5.591192598912568285e-05 4.789909471836257827e-05
4.000000000000000000e+01 -2.799806780503589880e-03 3.983982628909791060e-03 5.503910204147461428e-05 4.693708496361817366e-05
4.100000000000000000e+01 -4.102742038336021357e-03 1.970087955420509775e-03 5.419221280275122906e-05 4.602814236732492002e-05
4.200000000000000000e+01 -4.512095933019401144e-03 5.618771202301725120e-04 5.330093152455483399e-05 4.510247659598403509e-05
4.300000000000000000e+01 -4.270669501278622285e-03 -4.357823270026347780e-04 5.227840010335059370e-05 4.407493997721348883e-05
4.400000000000000000e+01 -2.762948832718563688e-03 -1.397507770111353683e-03 5.102376017098469470e-05 4.285091616127389112e-05
4.500000000000000000e+01 -1.082461545670739553e-03 -2.606353278436355191e-03 4.947007946051908264e-05 4.136943592285814383e-05
4.600000000000000000e+01 -1.068185864340395188e-03 -4.110667318825177337e-03 4.764326339775080591e-05 3.965173852520875134e-05
4.700000000000000000e+01 -2.522372294656177651e-03 -5.723504381091345031e-03 4.569548843051502270e-05 3.782171262192430254e-05
