# freqs 	 pli 	 dpli 	 meanpower(thalamus)	 meanpower(scalp)	pli
8.000000000000000000e+00 -1.363438721311424975e-02 -3.436385960487625679e-02 4.342241835345253277e-05 1.930011766682694684e-04
9.000000000000000000e+00 2.765988629493701043e-02 1.012529353424325290e-01 4.389338209070629143e-05 1.836894132251751428e-04
1.000000000000000000e+01 7.285996818218182236e-02 2.013988952181803016e-01 4.539250134083313453e-05 1.766933537931078308e-04
1.100000000000000000e+01 8.688430799785265557e-02 2.153559681129942338e-01 4.570340352532304584e-05 1.767287486751714382e-04
1.200000000000000000e+01 6.699403277578636073e-02 1.630190076178661962e-01 4.557752798636118240e-05 1.785057508186458893e-04
1.300000000000000000e+01 3.245092403615628535e-02 8.934383973934321987e-02 4.593350078625671028e-05 1.780721390069306257e-04
1.400000000000000000e+01 6.286302661329626167e-03 2.820282644477884251e-02 4.599016098923906190e-05 1.708389886266858937e-04
1.500000000000000000e+01 -7.620062194217163548e-03 -5.624564760113736142e-03 4.467569170188582720e-05 1.567454065735802136e-04
1.600000000000000000e+01 -1.039372349364344611e-02 -1.461938110063737764e-02 4.236318885535030434e-05 1.400241304974093328e-04
1.700000000000000000e+01 -5.769018904516657643e-03 -9.615696574782083006e-03 4.018187917584754133e-05 1.249158818613697278e-04
1.800000000000000000e+01 -3.568485742160306447e-03 -1.219135639109171715e-03 3.876357022331163808e-05 1.134195716990408023e-04
1.900000000000000000e+01 5.221653114526856893e-04 5.241316505995655302e-03 3.804389691347907613e-05 1.053423220539875452e-04
2.000000000000000000e+01 3.317045791141484158e-03 8.342266994329095714e-03 3.773813725702853436e-05 9.938437328451444643e-05
2.100000000000000000e+01 6.340950698491495258e-03 8.063132989318780308e-03 3.763659601008245053e-05 9.451388260470889018e-05
2.200000000000000000e+01 6.031702054131013804e-03 4.996444963213397990e-03 3.766027924657268529e-05 9.031741146209736786e-05
2.300000000000000000e+01 3.962758150594660259e-03 2.822947236650947449e-04 3.779833419559484913e-05 8.664462250887744606e-05
2.400000000000000000e+01 -1.020976767243129073e-04 -4.493129669779317298e-03 3.802536789787357906e-05 8.341272462452082161e-05
2.500000000000000000e+01 -9.256050473248146658e-04 -8.338891548397793507e-03 3.830640013474231805e-05 8.063338672747000604e-05
2.600000000000000000e+01 -3.957174777143342669e-03 -1.148613228449080204e-02 3.867106736853106509e-05 7.839869425412195503e-05
2.700000000000000000e+01 -7.924015043678640097e-03 -1.514296829272617113e-02 3.925750292542993966e-05 7.678449371573390660e-05
2.800000000000000000e+01 -1.108263583064349363e-02 -2.093431921185769096e-02 4.020376309778951498e-05 7.569869884727747076e-05
2.900000000000000000e+01 -1.445888595854508303e-02 -2.997360407038532348e-02 4.155986811044460645e-05 7.488862510377659453e-05
3.000000000000000000e+01 -1.657415523400435770e-02 -4.144721702297381877e-02 4.315057148128932532e-05 7.413432642136897114e-05
3.100000000000000000e+01 -1.821596768242958464e-02 -5.233954757759073234e-02 4.461633667051096276e-05 7.338527157337247631e-05
3.200000000000000000e+01 -1.890261908297722129e-02 -5.916397386170502842e-02 4.558017648004907419e-05 7.267515714843650744e-05
3.300000000000000000e+01 -1.840327549786819131e-02 -5.976052923499674402e-02 4.582347828197561382e-05 7.207947639600912032e-05
3.400000000000000000e+01 -1.775653811664015119e-02 -5.421517269159720209e-02 4.534729834190998543e-05 7.166274005689370237e-05
3.500000000000000000e+01 -1.530515261906681586e-02 -4.415649905149843235e-02 4.431149917251007899e-05 7.140997374762092726e-05
3.600000000000000000e+01 -1.161534820398814165e-02 -3.193757655743818813e-02 4.296334437063126970e-05 7.131045617747053353e-05
3.700000000000000000e+01 -7.825698205077681255e-03 -1.973714777811042681e-02 4.153964817570441747e-05 7.134410473246379034e-05
3.800000000000000000e+01 -4.379069769144186899e-03 -9.101892322296361790e-03 4.021830287125387432e-05 7.148863302551138098e-05
3.900000000000000000e+01 -2.048667999922921916e-03 -6.757964787102345309e-04 3.909375054830686793e-05 7.169766978867072194e-05
4.000000000000000000e+01 5.135182584269662670e-04 5.375535907816090392e-03 3.819258210171734227e-05 7.196411138291676935e-05
4.100000000000000000e+01 2.505299202633318439e-03 9.320273495007420916e-03 3.748123858539189002e-05 7.226377899316559618e-05
4.200000000000000000e+01 2.425504789604394657e-03 1.166358946791842995e-02 3.688468288299690928e-05 7.253209665785616028e-05
4.300000000000000000e+01 1.923541773069830339e-03 1.299136818347284422e-02 3.629162312290618101e-05 7.261832485503663063e-05
4.400000000000000000e+01 1.723148455792010121e-03 1.379374907322324616e-02 3.558852921693651431e-05 7.235710312808621523e-05
4.500000000000000000e+01 2.520291389515782500e-03 1.443271173717274557e-02 3.469896727056490598e-05 7.159318994931844449e-05
4.600000000000000000e+01 2.670844465909002260e-03 1.509263862789145087e-02 3.363337112436069585e-05 7.032897539691892281e-05
4.700000000000000000e+01 3.664953953860173880e-03 1.582792227343499461e-02 3.250562848933449036e-05 6.877805424016168983e-05
