# freqs 	 pli 	 dpli 	 meanpower(thalamus)	 meanpower(scalp)	pli
8.000000000000000000e+00 -1.111503148203624031e-01 -2.956657728513523709e-01 6.569379352828847113e-05 2.600341775222808627e-04
9.000000000000000000e+00 -3.941040134552586949e-02 -1.181147648757127494e-01 6.354136422537917986e-05 2.089445975408173335e-04
1.000000000000000000e+01 -1.560141572800394574e-02 -3.775277621475724849e-02 6.063662964690861391e-05 1.499476850512158064e-04
1.100000000000000000e+01 -9.977574605149506365e-03 -1.069404975713035555e-02 5.857168975506520342e-05 1.206618763320909749e-04
1.200000000000000000e+01 -5.587610921030212834e-03 2.245767547510855305e-02 5.740742455397467307e-05 1.120704143410705033e-04
1.300000000000000000e+01 -4.583839252227613070e-03 3.201945484297666344e-02 5.699212083028459266e-05 1.133849644298675073e-04
1.400000000000000000e+01 -4.962650822649427619e-03 1.401482817189085746e-02 5.739668212936972351e-05 1.174318408589772219e-04
1.500000000000000000e+01 -7.820637378033542045e-03 -7.204369536071572946e-03 5.864547061787476730e-05 1.193755310021505359e-04
1.600000000000000000e+01 -7.355398634118876303e-03 -1.325030831843387533e-02 6.010627145548348840e-05 1.167035152385007739e-04
1.700000000000000000e+01 -4.635165625678928057e-03 -9.125508983520014619e-03 6.083388016613670927e-05 1.108711752496607605e-04
1.800000000000000000e+01 -2.537013620002139761e-03 -4.006939626915747774e-03 6.058809809970043119e-05 1.044888165550610684e-04
1.900000000000000000e+01 -5.152039728844770745e-04 -5.682276264556997396e-04 5.986259527646820456e-05 9.917228671704601166e-05
2.000000000000000000e+01 4.860097371013377861e-04 1.718912139151240618e-03 5.925315941116511879e-05 9.542800916347991998e-05
2.100000000000000000e+01 2.285747026719206140e-03 3.717211685974211675e-03 5.903506989559176912e-05 9.301109945338326720e-05
2.200000000000000000e+01 4.147020920644858485e-03 5.718875783267090077e-03 5.921019838035548855e-05 9.125513992513965085e-05
2.300000000000000000e+01 4.560810911778007473e-03 7.333597095074394397e-03 5.972296512028331503e-05 8.965937416914432064e-05
2.400000000000000000e+01 5.699341867774662153e-03 8.480499144325404776e-03 6.063067369401585737e-05 8.805781325441459039e-05
2.500000000000000000e+01 6.100002721479863034e-03 9.699027722574953686e-03 6.203653460648610131e-05 8.650337854912455032e-05
2.600000000000000000e+01 6.799139930486424940e-03 1.129970794573950145e-02 6.386767646242164499e-05 8.506272516349029774e-05
2.700000000000000000e+01 7.397299179106674345e-03 1.253460748551883837e-02 6.575596151936385415e-05 8.384136879543176016e-05
2.800000000000000000e+01 6.677636629493658403e-03 1.246714672025039938e-02 6.728276752577034051e-05 8.275686248773584503e-05
2.900000000000000000e+01 5.989456490417302895e-03 1.080906914816655989e-02 6.830930586479156937e-05 8.184929393647750215e-05
3.000000000000000000e+01 4.847822015997887805e-03 8.163616387913623373e-03 6.897573093416941496e-05 8.109568328973225826e-05
3.100000000000000000e+01 3.230373440250721654e-03 5.486132209528702883e-03 6.948608180367152147e-05 8.059566255254289597e-05
3.200000000000000000e+01 2.903845046451258589e-03 3.523460061043124942e-03 6.991803194935532879e-05 8.030867994458017688e-05
3.300000000000000000e+01 2.656207188090835714e-03 2.611950700077510321e-03 7.020427110462658913e-05 8.014399825531319098e-05
3.400000000000000000e+01 3.236738103457457300e-03 2.808875119729759701e-03 7.023436251248078692e-05 8.012674259432945082e-05
3.500000000000000000e+01 4.532022019604078043e-03 3.867617833106668131e-03 6.993648760484497194e-05 8.010558368200017276e-05
3.600000000000000000e+01 5.253524212948021931e-03 5.474856695144754426e-03 6.932726010809263915e-05 8.009194830446838761e-05
3.700000000000000000e+01 5.649552846475010270e-03 7.272086691022664091e-03 6.848756719004529369e-05 8.008002746330785163e-05
3.800000000000000000e+01 6.675574737270825211e-03 9.005492418788693318e-03 6.752987003298131145e-05 8.012357546577868585e-05
3.900000000000000000e+01 7.523054189960064544e-03 1.058840382103212914e-02 6.654569034418854638e-05 8.012407929294877414e-05
4.000000000000000000e+01 8.901305616607502885e-03 1.215482432984652840e-02 6.559376850595928933e-05 8.012313135295438392e-05
4.100000000000000000e+01 1.045538762746590911e-02 1.390315100684540346e-02 6.467797655562919931e-05 8.007931366566705192e-05
4.200000000000000000e+01 1.203390824694707158e-02 1.594234867752514911e-02 6.374026462467117095e-05 7.988831862527354989e-05
4.300000000000000000e+01 1.320956411882343549e-02 1.823046669605695239e-02 6.266462937027222891e-05 7.933476022189682344e-05
4.400000000000000000e+01 1.429739374778411093e-02 2.055947110542355113e-02 6.132174873355253895e-05 7.833904263932259769e-05
4.500000000000000000e+01 1.526507204814078408e-02 2.270775925168597512e-02 5.962075557568170781e-05 7.673177411368639557e-05
4.600000000000000000e+01 1.605851187192671239e-02 2.446544771454165976e-02 5.759587894494262581e-05 7.456793843880212371e-05
4.700000000000000000e+01 1.636987801413438554e-02 2.566576352626745786e-02 5.544560944590583919e-05 7.211486629122093529e-05
