# freqs 	 pli 	 dpli 	 meanpower(thalamus)	 meanpower(scalp)	pli
8.000000000000000000e+00 3.133751129650102444e-03 1.874972388805012241e-02 6.750693092474420638e-05 4.106384097415211021e-04
9.000000000000000000e+00 -2.088433320899313328e-02 -3.437380874482572762e-02 6.458930248376923455e-05 2.820096460645907179e-04
1.000000000000000000e+01 -3.837179284328339629e-02 -7.124551214310435865e-02 6.529225431633025375e-05 2.078642366558033124e-04
1.100000000000000000e+01 -5.415295717613655135e-02 -1.162035121934373166e-01 7.104956341308310498e-05 1.692462506342088204e-04
1.200000000000000000e+01 -3.513788228035433225e-02 -7.326195210719946282e-02 7.636758524126762066e-05 1.597762049272698790e-04
1.300000000000000000e+01 1.315345948461350660e-02 1.302423746079295064e-01 7.880754390792291174e-05 1.677664379540395087e-04
1.400000000000000000e+01 4.511690982914495773e-02 2.520850230713697626e-01 7.705740791808137055e-05 1.705363244395196784e-04
1.500000000000000000e+01 5.375193660980794041e-02 2.361371836573603611e-01 6.970339690477554565e-05 1.557977568076954504e-04
1.600000000000000000e+01 4.326843457203119470e-02 1.517162131859638163e-01 5.987050804798686000e-05 1.316580533024864401e-04
1.700000000000000000e+01 2.470317217575043051e-02 6.655853533584364656e-02 5.148349519581118372e-05 1.097073907466072831e-04
1.800000000000000000e+01 9.203951788474317233e-03 1.521602906360055261e-02 4.584629722693581388e-05 9.442608859554548482e-05
1.900000000000000000e+01 1.866649495325854724e-03 -2.254632381735931831e-03 4.232106706211447115e-05 8.475596677163479053e-05
2.000000000000000000e+01 2.667963425246965437e-03 8.668716093297478605e-04 3.993109479199854497e-05 7.850532784721658656e-05
2.100000000000000000e+01 7.120789505371519570e-03 9.457879471885506997e-03 3.815076783071211019e-05 7.418908532261109527e-05
2.200000000000000000e+01 9.658692016702647917e-03 1.497141225706890601e-02 3.675713200730217111e-05 7.106286581007262174e-05
2.300000000000000000e+01 9.123980648809889779e-03 1.590130854404996769e-02 3.559519505275345654e-05 6.881862586582809381e-05
2.400000000000000000e+01 7.464688043775750091e-03 1.328428451649823171e-02 3.458981667428793924e-05 6.726141150677531584e-05
2.500000000000000000e+01 6.108942751399592738e-03 8.739738302294649749e-03 3.372610937987683490e-05 6.621561068536816180e-05
2.600000000000000000e+01 5.724468448096219769e-03 4.136769794139787994e-03 3.297509127287874938e-05 6.545599026066042101e-05
2.700000000000000000e+01 7.427305240811333913e-03 6.706570871263196811e-04 3.226108573778980104e-05 6.474035180243846541e-05
2.800000000000000000e+01 8.398094393908145730e-03 -1.273911935943890499e-03 3.152153391269335223e-05 6.390684643727079987e-05
2.900000000000000000e+01 9.253210254535484264e-03 -1.484665848665571225e-03 3.074252020424502802e-05 6.294826816822359698e-05
3.000000000000000000e+01 9.374647603134739909e-03 1.932378659547329420e-05 2.996148365950847674e-05 6.191182277425008194e-05
3.100000000000000000e+01 8.846530528716142067e-03 2.715357412374420909e-03 2.922299467383022192e-05 6.089594530004021586e-05
3.200000000000000000e+01 8.644386574074073432e-03 5.800471609935933109e-03 2.855502899145703866e-05 5.996370655262612073e-05
3.300000000000000000e+01 8.945908295809858191e-03 8.599564281374587338e-03 2.796636577453602887e-05 5.912140689209794867e-05
3.400000000000000000e+01 9.367566465057923508e-03 1.086099349043867859e-02 2.745661157172153780e-05 5.835494977307003028e-05
3.500000000000000000e+01 9.941999222956096269e-03 1.274831829928363761e-02 2.700989476619683290e-05 5.763921913958743216e-05
3.600000000000000000e+01 1.090785353771380438e-02 1.460952465893122082e-02 2.661298296586501707e-05 5.696891008383877565e-05
3.700000000000000000e+01 1.049773765567135753e-02 1.671341824786349781e-02 2.625312349932447636e-05 5.636733484577674780e-05
3.800000000000000000e+01 1.042105758734670345e-02 1.905167986029895899e-02 2.592638763528239211e-05 5.585761327721426047e-05
3.900000000000000000e+01 1.195850376205164801e-02 2.147990859828666915e-02 2.562614670596654980e-05 5.543799875792505545e-05
4.000000000000000000e+01 1.268152824875454221e-02 2.368159627666444750e-02 2.534496294704645887e-05 5.509867819557301064e-05
4.100000000000000000e+01 1.428992788183982079e-02 2.544364138653089011e-02 2.506385821453460157e-05 5.480576767836171730e-05
4.200000000000000000e+01 1.450686313364366216e-02 2.671412999584597131e-02 2.475411896133265731e-05 5.448020045422913673e-05
4.300000000000000000e+01 1.480815853974591645e-02 2.752802634872761334e-02 2.437123049903798890e-05 5.400184446010285113e-05
4.400000000000000000e+01 1.492031067158083694e-02 2.797033542036616791e-02 2.386551549904416687e-05 5.324519552343898805e-05
4.500000000000000000e+01 1.587244282678703516e-02 2.811162085372979555e-02 2.320430517841148591e-05 5.212512728772141250e-05
4.600000000000000000e+01 1.630765612651463928e-02 2.797009244449069620e-02 2.240060641147267821e-05 5.067348560431101539e-05
4.700000000000000000e+01 1.616818794456683847e-02 2.752103918508833416e-02 2.153037590610028297e-05 4.907419784604948471e-05
