# freqs 	 pli 	 dpli 	 meanpower(thalamus)	 meanpower(scalp)	pli
8.000000000000000000e+00 -3.801476246416202187e-02 -3.848702074235269693e-02 1.885588781526814780e-04 1.775840427734922669e-04
9.000000000000000000e+00 -8.247921862224826331e-03 1.642638336672909774e-02 1.677642481329684790e-04 1.608248630189724787e-04
1.000000000000000000e+01 5.187936416602908184e-03 3.807640301383860559e-02 1.560602886416334828e-04 1.560013022805971047e-04
1.100000000000000000e+01 1.392164185211249711e-02 5.140186601476522815e-02 1.503731918529327969e-04 1.627965274787583356e-04
1.200000000000000000e+01 -2.779518921883569835e-03 2.235852283544682937e-03 1.480170526368789212e-04 1.840777851220835230e-04
1.300000000000000000e+01 -4.410209495308409222e-02 -1.072397995981418245e-01 1.462437320318750065e-04 2.277274467184271117e-04
1.400000000000000000e+01 -6.570512512839218888e-02 -1.611660957371219283e-01 1.401327083446839128e-04 2.481527953823671928e-04
1.500000000000000000e+01 -5.967303899744472867e-02 -1.374086644066564444e-01 1.295367656795736464e-04 2.202505486079627288e-04
1.600000000000000000e+01 -3.702596801971742152e-02 -7.589602743741408197e-02 1.193155987034681144e-04 1.748420704729765796e-04
1.700000000000000000e+01 -1.343270818395311123e-02 -2.464668722014726546e-02 1.118156642602653359e-04 1.409709462712214556e-04
1.800000000000000000e+01 -3.193126178960887900e-03 1.598606906993281073e-03 1.060153014537637328e-04 1.230772183138667682e-04
1.900000000000000000e+01 9.156059561108852336e-04 9.196580712110989306e-03 1.006637568320211887e-04 1.143606589025915690e-04
2.000000000000000000e+01 -4.048154756628130038e-04 5.101775600871824752e-03 9.545843785442281021e-05 1.093873662459730173e-04
2.100000000000000000e+01 -6.536426716520690565e-03 -2.673383346805204008e-03 9.045983409023970246e-05 1.057437334536207079e-04
2.200000000000000000e+01 -1.023371124339086252e-02 -9.022942837411005931e-03 8.577346640027558528e-05 1.025278611449186277e-04
2.300000000000000000e+01 -1.273273798633368752e-02 -1.223226870584682470e-02 8.146557468499102160e-05 9.949925351600871336e-05
2.400000000000000000e+01 -1.056087516328397050e-02 -1.160849944777887430e-02 7.761814723891101973e-05 9.674781404612011783e-05
2.500000000000000000e+01 -8.184107378983415323e-03 -7.979732643661004501e-03 7.416384653456332867e-05 9.490764669412341372e-05
2.600000000000000000e+01 -4.186095189793183693e-03 -3.803645405439255549e-03 7.102313314491996265e-05 9.528795823420739314e-05
2.700000000000000000e+01 -2.801266238416971234e-03 -9.443275345452338283e-04 6.810101005083608980e-05 9.835115543954667185e-05
2.800000000000000000e+01 -2.288980580584106753e-03 3.733412389069337483e-04 6.533254821911897649e-05 1.018415885511373130e-04
2.900000000000000000e+01 -8.699506081655488223e-04 7.681028823186821994e-04 6.273122536466800082e-05 1.025214528427237040e-04
3.000000000000000000e+01 5.489552631845482158e-04 5.928316490868288172e-04 6.032819327985247280e-05 9.898801026589275852e-05
3.100000000000000000e+01 2.305171048453060530e-03 -1.086736967940878096e-04 5.815299565448813840e-05 9.204675953139032976e-05
3.200000000000000000e+01 3.184062476469132902e-03 -1.340319576240417334e-03 5.621832042792668092e-05 8.358201322496333402e-05
3.300000000000000000e+01 4.363062301126963659e-03 -2.771289935201822364e-03 5.451643513905674954e-05 7.541986086093924613e-05
3.400000000000000000e+01 3.868912661307075899e-03 -3.827283545609099467e-03 5.301748083812379760e-05 6.867574987925306870e-05
3.500000000000000000e+01 4.899195635797598883e-03 -3.830051906279314730e-03 5.167661457033036079e-05 6.362575699812545403e-05
3.600000000000000000e+01 6.540431851722572007e-03 -2.507840144535242177e-03 5.046233611960579364e-05 5.999123534453876748e-05
3.700000000000000000e+01 7.325566094302775159e-03 5.925736442787918226e-06 4.935891723323397031e-05 5.730166929735337164e-05
3.800000000000000000e+01 7.877616013042489443e-03 3.295484821857018205e-03 4.835100720312545747e-05 5.517751497095740106e-05
3.900000000000000000e+01 7.785434490717622717e-03 6.833087092706611326e-03 4.742617470428409630e-05 5.338902281175180250e-05
4.000000000000000000e+01 7.979206885635210106e-03 1.012671170262308649e-02 4.657352047870750596e-05 5.182143381172380473e-05
4.100000000000000000e+01 8.285495488752108589e-03 1.281550097961838171e-02 4.576392861494184104e-05 5.039716639096639969e-05
4.200000000000000000e+01 8.546429984045955316e-03 1.470844566650349877e-02 4.494703234829698261e-05 4.903267713928984451e-05
4.300000000000000000e+01 8.086744693709789142e-03 1.575025562705468715e-02 4.404245327236417805e-05 4.762349795035780134e-05
4.400000000000000000e+01 8.088174850597918547e-03 1.616738737516927593e-02 4.295950074015654675e-05 4.607332666048147171e-05
4.500000000000000000e+01 8.056265166062103258e-03 1.606434689966451321e-02 4.164185398661331448e-05 4.431683923405445704e-05
4.600000000000000000e+01 7.448028294481340988e-03 1.556371195237646853e-02 4.010918508528514987e-05 4.236641840499464544e-05
4.700000000000000000e+01 6.275020291559702673e-03 1.471120689392698203e-02 3.848933769330688801e-05 4.035671873900111353e-05
