# freqs 	 pli 	 dpli 	 meanpower(thalamus)	 meanpower(scalp)	pli
8.000000000000000000e+00 -6.308663576927399028e-03 -6.072773590104138357e-03 9.758052657427502652e+01 2.827628171504430838e+02
9.000000000000000000e+00 5.376676988721258883e-03 2.279211893937812053e-02 8.562525945898156010e+01 2.870716916195327713e+02
1.000000000000000000e+01 1.970136904711012465e-02 4.290362455690343441e-02 8.033870933114039303e+01 2.692999650672769576e+02
1.100000000000000000e+01 -2.004250906865599931e-03 -1.551358316453810282e-02 8.846774177632396174e+01 2.593517667197229457e+02
1.200000000000000000e+01 -4.605366395867727808e-02 -2.306755655651620274e-01 1.028314407692796379e+02 2.718730508712932874e+02
1.300000000000000000e+01 -7.086172142220455161e-02 -3.252618736269505262e-01 1.023353933957110229e+02 3.081359584353392620e+02
1.400000000000000000e+01 -8.502598054440010933e-02 -3.013609659025509591e-01 8.898985471228591848e+01 3.151587123952160141e+02
1.500000000000000000e+01 -7.473771949603634501e-02 -2.378313243355546225e-01 7.458486070305941951e+01 2.679319149932904338e+02
1.600000000000000000e+01 -5.309673126743017640e-02 -1.477198777734262392e-01 6.520006763948245521e+01 2.040281300936820514e+02
1.700000000000000000e+01 -3.198783299864121216e-02 -7.486855193238713124e-02 6.031405079922426893e+01 1.573341224284163218e+02
1.800000000000000000e+01 -1.759007179059713863e-02 -4.196962274669554377e-02 5.755225415556137847e+01 1.324794348651586802e+02
1.900000000000000000e+01 -9.639512554224835550e-03 -2.809311684778017029e-02 5.551489434279189794e+01 1.201724835437145060e+02
2.000000000000000000e+01 -4.165089514105044417e-03 -1.723435383976478288e-02 5.377165304583823513e+01 1.127693784681042786e+02
2.100000000000000000e+01 -2.085271225254150922e-03 -1.149109996208921673e-02 5.239620250862154194e+01 1.071796652941527839e+02
2.200000000000000000e+01 -5.816931532773840681e-03 -2.076501301853689307e-02 5.186060478948312635e+01 1.027035948070134026e+02
2.300000000000000000e+01 -1.097600295842548861e-02 -5.256046837496072127e-02 5.265950928652816287e+01 9.918563086681712093e+01
2.400000000000000000e+01 -1.483253717790829034e-02 -9.504086658218842409e-02 5.432613472947132749e+01 9.632236743560525838e+01
2.500000000000000000e+01 -1.575419827700140496e-02 -1.207459521207656233e-01 5.566553209313116213e+01 9.371196641729152077e+01
2.600000000000000000e+01 -1.281483085933878344e-02 -1.136924375524524938e-01 5.583518024600682850e+01 9.095825204872983250e+01
2.700000000000000000e+01 -6.440387563110059124e-03 -7.914855257979948322e-02 5.477538972418098950e+01 8.777376458963836114e+01
2.800000000000000000e+01 1.097230699437689168e-06 -3.489771504980695993e-02 5.288249680151798771e+01 8.409554824932224903e+01
2.900000000000000000e+01 5.809096202321425810e-03 2.618352762307814535e-03 5.065994267161601528e+01 8.013361026377425844e+01
3.000000000000000000e+01 1.039192387214710883e-02 2.578253373242199095e-02 4.850115520434682992e+01 7.625683432139022955e+01
3.100000000000000000e+01 1.442969856515652176e-02 3.566465879233474134e-02 4.663901074801825075e+01 7.277622414176107668e+01
3.200000000000000000e+01 1.575283528542745920e-02 3.722211952714456207e-02 4.516691775472030912e+01 6.985914003054783450e+01
3.300000000000000000e+01 1.586068520603608686e-02 3.494922636630107271e-02 4.407699606399921777e+01 6.749270430189703518e+01
3.400000000000000000e+01 1.481253902536997132e-02 3.132807700657865013e-02 4.331053819448918318e+01 6.555749059439548887e+01
3.500000000000000000e+01 1.400106512341058908e-02 2.741913901721489133e-02 4.278228216346231960e+01 6.393194712184469353e+01
3.600000000000000000e+01 1.238983813083673752e-02 2.362117748171198989e-02 4.240118194133118124e+01 6.252224521919876565e+01
3.700000000000000000e+01 1.125435034413870515e-02 2.017609817789498688e-02 4.208575918434403462e+01 6.126100674374019661e+01
3.800000000000000000e+01 1.000434591756733417e-02 1.728553521441822047e-02 4.178190777622312879e+01 6.011545329432190243e+01
3.900000000000000000e+01 9.872697300131665771e-03 1.512922252679589977e-02 4.145939818691766732e+01 5.906865653965573415e+01
4.000000000000000000e+01 9.892313284298008547e-03 1.372023874048310631e-02 4.110638800118238123e+01 5.810106527723110759e+01
4.100000000000000000e+01 9.747587746983400747e-03 1.295580379356908209e-02 4.070773956107007052e+01 5.717975578733274489e+01
4.200000000000000000e+01 1.007584294001981524e-02 1.263652572481113387e-02 4.023039552519401951e+01 5.623607233103968639e+01
4.300000000000000000e+01 1.010816209304386815e-02 1.254439870782022778e-02 3.961359018551492994e+01 5.516399580125597879e+01
4.400000000000000000e+01 9.702804956306506842e-03 1.248310739864564277e-02 3.878873886203564325e+01 5.384868653858635668e+01
4.500000000000000000e+01 9.407877737813491112e-03 1.236624202379187770e-02 3.771113661679431317e+01 5.221895374853558280e+01
4.600000000000000000e+01 9.168901877022064481e-03 1.220359702708493678e-02 3.641033622457876362e+01 5.030479906815923385e+01
4.700000000000000000e+01 8.918098503340042560e-03 1.208065950032410560e-02 3.501291240343694966e+01 4.826642455712976698e+01
