# freqs 	 pli 	 dpli 	 meanpower(thalamus)	 meanpower(scalp)	pli
8.000000000000000000e+00 2.148366239942191280e-02 3.807623866927511286e-02 2.235735958400563534e-04 1.552158783913574775e-04
9.000000000000000000e+00 3.577318336845794478e-02 7.062472324294473414e-02 2.161042974512768287e-04 1.589599095818189020e-04
1.000000000000000000e+01 6.840578326698823486e-02 1.439784076809387248e-01 2.153644079095756985e-04 1.697391841773389571e-04
1.100000000000000000e+01 8.813716262898381448e-02 1.814013012904654443e-01 2.403331112364741242e-04 1.846562228488056272e-04
1.200000000000000000e+01 7.288615753003466202e-02 1.359163082914177090e-01 2.460166402761804335e-04 2.066808854930763176e-04
1.300000000000000000e+01 3.151692417748375163e-02 2.260413059482406159e-02 2.302100312724256008e-04 2.399581690610726723e-04
1.400000000000000000e+01 -2.038886401637322182e-02 -9.253854204913206094e-02 2.192559954779241195e-04 2.514591009485017204e-04
1.500000000000000000e+01 -5.827353817953861981e-02 -1.658778035291920971e-01 2.117004398787295470e-04 2.302736648839544210e-04
1.600000000000000000e+01 -7.255659948382413293e-02 -1.917574289717088598e-01 1.992539827323957429e-04 2.003220558927754178e-04
1.700000000000000000e+01 -7.183390956437839259e-02 -1.753038042010946207e-01 1.822109097319845738e-04 1.784898313989148741e-04
1.800000000000000000e+01 -6.561095900937100045e-02 -1.475587673131233124e-01 1.659875780538981323e-04 1.651431872417446253e-04
1.900000000000000000e+01 -6.161440440110674266e-02 -1.363993404714172464e-01 1.535884506822154450e-04 1.558323044782015032e-04
2.000000000000000000e+01 -6.290076038009249915e-02 -1.401508069100657061e-01 1.445450397380687851e-04 1.480148892966015237e-04
2.100000000000000000e+01 -6.623778604110422408e-02 -1.463312220995657553e-01 1.374044481396239487e-04 1.408684820765576217e-04
2.200000000000000000e+01 -6.745345752763858005e-02 -1.481390078795341847e-01 1.311411781507351682e-04 1.342492272069254963e-04
2.300000000000000000e+01 -6.516896577873759755e-02 -1.451643880856975932e-01 1.249708184300836510e-04 1.280639529010894797e-04
2.400000000000000000e+01 -6.233669766989831384e-02 -1.385957340656333858e-01 1.186116062637624524e-04 1.223020317141107981e-04
2.500000000000000000e+01 -5.848978044466220105e-02 -1.288345142533596221e-01 1.123560247955058514e-04 1.169765720884176943e-04
2.600000000000000000e+01 -5.390178058244909920e-02 -1.156419195500608260e-01 1.066538753038361227e-04 1.120763701741833549e-04
2.700000000000000000e+01 -4.665865263523399226e-02 -9.930707376738852343e-02 1.016607986996921712e-04 1.074494557247071108e-04
2.800000000000000000e+01 -3.960210137010266446e-02 -8.115407335484793594e-02 9.724120709425016829e-05 1.028736445558303832e-04
2.900000000000000000e+01 -3.350220011734453968e-02 -6.341958000057995593e-02 9.314212643950957543e-05 9.822669792793609750e-05
3.000000000000000000e+01 -2.748122326303011412e-02 -4.818315844389075425e-02 8.916450391867297264e-05 9.354780988283754189e-05
3.100000000000000000e+01 -2.240666514714357432e-02 -3.641994295943357801e-02 8.522476079732624332e-05 8.898063123852452329e-05
3.200000000000000000e+01 -1.809440371708063294e-02 -2.775906307243182838e-02 8.133252391766260378e-05 8.464703516836724639e-05
3.300000000000000000e+01 -1.446971490096196460e-02 -2.126532821604350601e-02 7.756354664085043980e-05 8.062074190071560941e-05
3.400000000000000000e+01 -1.015226549279941298e-02 -1.629700178839828262e-02 7.400634405204807760e-05 7.689657482959291886e-05
3.500000000000000000e+01 -7.971373137958424546e-03 -1.258055546623791134e-02 7.072680401664772052e-05 7.344723941270151337e-05
3.600000000000000000e+01 -6.357698105400053437e-03 -1.008975845819702101e-02 6.776352232252588336e-05 7.025653712125036270e-05
3.700000000000000000e+01 -6.174443207918591144e-03 -8.806508689300955942e-03 6.512674543866703769e-05 6.732841082905177070e-05
3.800000000000000000e+01 -6.891696664988494932e-03 -8.728540262916703943e-03 6.279938210396291093e-05 6.467800394093397079e-05
3.900000000000000000e+01 -7.857056848182277300e-03 -9.860989225653808699e-03 6.074973903587513059e-05 6.230020025104255114e-05
4.000000000000000000e+01 -9.220766270799346520e-03 -1.230937072589996691e-02 5.892657213791401558e-05 6.017848714356058965e-05
4.100000000000000000e+01 -1.085534327476093096e-02 -1.607577363095164316e-02 5.726794288224642697e-05 5.825424806506625887e-05
4.200000000000000000e+01 -1.328488003794943417e-02 -2.096498662289957710e-02 5.568823738814755015e-05 5.643612101981527606e-05
4.300000000000000000e+01 -1.592447237617081873e-02 -2.658686581685262146e-02 5.407380581278970665e-05 5.459943965349279443e-05
4.400000000000000000e+01 -1.876400738618124245e-02 -3.238525092093386126e-02 5.231036308863097828e-05 5.262740800823517841e-05
4.500000000000000000e+01 -2.077247748383397041e-02 -3.792269305664416196e-02 5.031595986805095707e-05 5.042461978960217911e-05
4.600000000000000000e+01 -2.277266632719058062e-02 -4.288100493044155748e-02 4.810106883741568614e-05 4.798985846793702050e-05
4.700000000000000000e+01 -2.459398184723783978e-02 -4.707940586735093191e-02 4.579648948593298738e-05 4.543813033539047117e-05
