# freqs 	 pli 	 dpli 	 meanpower(thalamus)	 meanpower(scalp)	pli
8.000000000000000000e+00 1.390718539366032729e-02 3.968268695995301465e-02 1.402947764954944315e-04 7.665408585412006055e-04
9.000000000000000000e+00 -1.332892778733603401e-02 -1.835260427674629408e-02 1.188165826433672641e-04 6.188394078498299063e-04
1.000000000000000000e+01 -6.218941975965560504e-03 -7.366460199966323903e-03 1.015265992123167045e-04 4.212646790691954306e-04
1.100000000000000000e+01 4.057323529993515053e-03 1.978796961222484968e-02 9.332252806162177189e-05 3.086239157546900175e-04
1.200000000000000000e+01 8.392201092487729455e-03 3.126304224687716238e-02 9.029403915067731523e-05 2.741016234280995736e-04
1.300000000000000000e+01 9.169474922684156884e-03 4.490992954311365942e-02 8.837602417192675763e-05 2.735339253643536772e-04
1.400000000000000000e+01 1.162928252683048669e-02 5.451431779777754505e-02 8.649555362709516787e-05 2.775864648393156615e-04
1.500000000000000000e+01 1.432651888046563432e-02 5.008386742607188330e-02 8.455946139673645200e-05 2.724399981651347193e-04
1.600000000000000000e+01 1.356916403011150171e-02 3.737458547711040163e-02 8.216832998981875823e-05 2.560544612935823508e-04
1.700000000000000000e+01 1.280420321624154735e-02 2.976477064668866385e-02 7.910068229311829641e-05 2.336234605120179463e-04
1.800000000000000000e+01 1.200328782392875646e-02 2.487920701261403869e-02 7.572081696725995565e-05 2.109710578716119181e-04
1.900000000000000000e+01 1.015878064265824873e-02 1.823247944041727492e-02 7.254849109787545709e-05 1.915146151082126793e-04
2.000000000000000000e+01 7.844160970842260078e-03 1.049742284671206782e-02 6.989591292592891181e-05 1.767428939161179630e-04
2.100000000000000000e+01 6.767724161544046504e-03 3.715039481862314648e-03 6.777752412068569323e-05 1.667174037556732192e-04
2.200000000000000000e+01 8.534287056206209601e-03 -1.792753749031357566e-03 6.607194970776324877e-05 1.599394855291151509e-04
2.300000000000000000e+01 1.981612307178649487e-03 -7.024641380076022609e-03 6.465319954641456784e-05 1.547182339290275482e-04
2.400000000000000000e+01 -1.229834674745223198e-03 -1.193062725019576088e-02 6.345395657375001045e-05 1.499614117220295941e-04
2.500000000000000000e+01 -4.996577954203249711e-03 -1.448975370110097867e-02 6.244556580555690988e-05 1.454810736019221222e-04
2.600000000000000000e+01 -3.397467838774211480e-03 -1.275606147129199064e-02 6.163509518017040137e-05 1.413099828391225317e-04
2.700000000000000000e+01 -1.677084447209557707e-03 -6.727311898193950347e-03 6.105678289436039009e-05 1.375840980111956249e-04
2.800000000000000000e+01 -3.336198843657963656e-04 1.060207402723464245e-03 6.068137321321765857e-05 1.340424386254605393e-04
2.900000000000000000e+01 1.525586665861689353e-03 8.271472456054387162e-03 6.043279521901344142e-05 1.307830883520509472e-04
3.000000000000000000e+01 4.944666277546066330e-03 1.340169578663200078e-02 6.018196462926734506e-05 1.278207473851619843e-04
3.100000000000000000e+01 6.468907905209059922e-03 1.600774710920326374e-02 5.978829876322902466e-05 1.254248924941122625e-04
3.200000000000000000e+01 8.468623856316501858e-03 1.618078282410312027e-02 5.917673942294151320e-05 1.234927873678908329e-04
3.300000000000000000e+01 9.443526894708190178e-03 1.447369043667105955e-02 5.836385919888020525e-05 1.218674524367977744e-04
3.400000000000000000e+01 8.776000640735037023e-03 1.189541725831952564e-02 5.742879477728738536e-05 1.207392681825166506e-04
3.500000000000000000e+01 8.581519459404843286e-03 9.276944415067109664e-03 5.644726959474504380e-05 1.198897768221744746e-04
3.600000000000000000e+01 6.393675662101102816e-03 7.333329466030312840e-03 5.547211487628661108e-05 1.194024273249047295e-04
3.700000000000000000e+01 6.238039558355503236e-03 6.099305166407938822e-03 5.454240494699704388e-05 1.192576802481995664e-04
3.800000000000000000e+01 3.305562345373012478e-03 5.219011622154040922e-03 5.367784150924840696e-05 1.195365281348699320e-04
3.900000000000000000e+01 2.903807801915973298e-03 3.995557422541983449e-03 5.287919783262736166e-05 1.199111333061176341e-04
4.000000000000000000e+01 2.521311537658293793e-03 2.528208805647157598e-03 5.214032511937142616e-05 1.203922112528498710e-04
4.100000000000000000e+01 1.160348832711826208e-03 1.080119451842576203e-03 5.143829596492448849e-05 1.208329880228712250e-04
4.200000000000000000e+01 5.074289107243206993e-04 -3.162576120205026818e-05 5.071942313755963179e-05 1.210486077613216673e-04
4.300000000000000000e+01 1.928987217335589258e-03 -6.488564630112992867e-04 4.988643760761575605e-05 1.206287333215692512e-04
4.400000000000000000e+01 2.426995388784392201e-03 -8.694695123344302985e-04 4.883594513394958787e-05 1.196149329497362475e-04
4.500000000000000000e+01 1.846975563353980701e-03 -8.764926444617211678e-04 4.749655287409272657e-05 1.176941287688849474e-04
4.600000000000000000e+01 3.518302526503225627e-04 -9.004815723676303559e-04 4.589298818788252243e-05 1.149890445869678049e-04
4.700000000000000000e+01 7.542486264051787102e-04 -1.155417790274639294e-03 4.417500328650847218e-05 1.119538037261470277e-04
