# freqs 	 pli 	 dpli 	 meanpower(thalamus)	 meanpower(scalp)	pli
8.000000000000000000e+00 2.670859893414811656e-02 7.523921774951627950e-02 8.981814249123044370e-05 1.629416831532464534e-04
9.000000000000000000e+00 1.788505365816314349e-02 5.611941026834481316e-02 9.513750585238570296e-05 1.629407884626689698e-04
1.000000000000000000e+01 1.790607424681139523e-02 5.647552848332584863e-02 1.108021602649575691e-04 1.723321718944244784e-04
1.100000000000000000e+01 3.262483402537075944e-02 1.364343897314680698e-01 1.435543098255718836e-04 1.900122473747290820e-04
1.200000000000000000e+01 3.980928750575593589e-02 1.536150293342956608e-01 1.514875613941864632e-04 2.162328812748134455e-04
1.300000000000000000e+01 4.501558881448516208e-02 1.364175019479551276e-01 1.372579439513233065e-04 2.535182374440452685e-04
1.400000000000000000e+01 5.254275363266972670e-02 1.341361436054302470e-01 1.239093347221146993e-04 2.654483081711709789e-04
1.500000000000000000e+01 5.472581735256389773e-02 1.121687045261455518e-01 1.148414022621141423e-04 2.420070537912685066e-04
1.600000000000000000e+01 5.196853572949242800e-02 8.841444695253038166e-02 1.071339655541199811e-04 2.087357109892732201e-04
1.700000000000000000e+01 4.904738829861782223e-02 7.671271121407904903e-02 9.988541409071576070e-05 1.830263086276866181e-04
1.800000000000000000e+01 4.801020307365398698e-02 7.018422696662758586e-02 9.350245641873712848e-05 1.661186826503348443e-04
1.900000000000000000e+01 4.705020867387020578e-02 6.551542823206692179e-02 8.833077225603226418e-05 1.541733418603431099e-04
2.000000000000000000e+01 4.329241572715984698e-02 6.238298074378530178e-02 8.415686946426401247e-05 1.446773053710313697e-04
2.100000000000000000e+01 4.072815716194798374e-02 5.984858210680508994e-02 8.061782052796420857e-05 1.365606578543928479e-04
2.200000000000000000e+01 3.618282180242893969e-02 5.665424379566525587e-02 7.742456748454431019e-05 1.294034918552089538e-04
2.300000000000000000e+01 3.271867591653870866e-02 5.144444735420598824e-02 7.433898596819167256e-05 1.230310696660736995e-04
2.400000000000000000e+01 2.701856976974503083e-02 4.386544120654908147e-02 7.128598194202657036e-05 1.173413649057436021e-04
2.500000000000000000e+01 2.178267146546290084e-02 3.486124199796039602e-02 6.836033802226231014e-05 1.122942647582734571e-04
2.600000000000000000e+01 1.579995529273100358e-02 2.506433706659073196e-02 6.567819131829210439e-05 1.078004557816164192e-04
2.700000000000000000e+01 1.008543141341059976e-02 1.413823999055218057e-02 6.324998946781135937e-05 1.037887088394047377e-04
2.800000000000000000e+01 4.095205882603373398e-03 1.928162294789543011e-03 6.101630773560435330e-05 1.000950852158577768e-04
2.900000000000000000e+01 -2.710530513338739629e-03 -1.022793485775817801e-02 5.890136662429817162e-05 9.658704854424651905e-05
3.000000000000000000e+01 -8.237684333413273011e-03 -2.007457021275665596e-02 5.685584530941816943e-05 9.317496456913017494e-05
3.100000000000000000e+01 -1.064922600333587620e-02 -2.592393724071090713e-02 5.485459782519293460e-05 8.981952758056123052e-05
3.200000000000000000e+01 -1.023373022006379522e-02 -2.763043698673182252e-02 5.290561805724090739e-05 8.646052810101923630e-05
3.300000000000000000e+01 -9.563718698252846734e-03 -2.615115297113543291e-02 5.105381488927597175e-05 8.307763191302587071e-05
3.400000000000000000e+01 -8.671023941533122226e-03 -2.279221832892384253e-02 4.934720934059727972e-05 7.967090862517568403e-05
3.500000000000000000e+01 -6.839734845851843520e-03 -1.856609095850149382e-02 4.781786645158726275e-05 7.626811202894836941e-05
3.600000000000000000e+01 -4.926910366763056180e-03 -1.396199570383196108e-02 4.647232488517700713e-05 7.293456284025875112e-05
3.700000000000000000e+01 -1.642693280799867490e-03 -9.099793287787030435e-03 4.530061346799105676e-05 6.974111293585522932e-05
3.800000000000000000e+01 9.052257492365989311e-04 -4.036440546968553429e-03 4.428384959621735562e-05 6.675367449007697969e-05
3.900000000000000000e+01 3.990941199820526031e-03 1.171472364077463498e-03 4.339524197442437792e-05 6.401542396805921700e-05
4.000000000000000000e+01 6.330092538362422187e-03 6.303577910135109083e-03 4.260055767284972461e-05 6.154579232311290242e-05
4.100000000000000000e+01 9.060692261822191063e-03 1.113714735137902659e-02 4.185768301867107702e-05 5.930981129543072224e-05
4.200000000000000000e+01 1.176112087242360722e-02 1.549351424902163654e-02 4.110866082341526197e-05 5.723142972231897547e-05
4.300000000000000000e+01 1.326421891850420622e-02 1.928025079642910547e-02 4.027545079404840799e-05 5.518516040712914949e-05
4.400000000000000000e+01 1.479634523089143686e-02 2.246498769893797223e-02 3.927438138987801629e-05 5.304273193551339670e-05
4.500000000000000000e+01 1.645348079599310773e-02 2.511102359069979778e-02 3.804914965036628496e-05 5.070735175064739549e-05
4.600000000000000000e+01 1.763923407561399093e-02 2.730289775152025186e-02 3.661644467114230465e-05 4.817004100762950367e-05
4.700000000000000000e+01 1.846177589121116361e-02 2.910209786307889346e-02 3.509314296777480308e-05 4.553755840497665812e-05
