# freqs 	 pli 	 dpli 	 meanpower(thalamus)	 meanpower(scalp)	pli
8.000000000000000000e+00 -1.150967518277485127e-02 -2.783595349912074482e-02 1.997511293565482516e-04 7.224293927189064308e-05
9.000000000000000000e+00 -2.010286020549780645e-03 1.135589910410151650e-02 1.862224137420554480e-04 6.519651189932973217e-05
1.000000000000000000e+01 5.863425141731719477e-03 2.725066740144176103e-02 1.664428606769991696e-04 5.640275128380545060e-05
1.100000000000000000e+01 9.758278539580710412e-03 2.453137527302551996e-02 1.454174555421508563e-04 5.044991195997309121e-05
1.200000000000000000e+01 1.078630311667854412e-02 2.439079185168821842e-02 1.316663204498300110e-04 4.688242948150763865e-05
1.300000000000000000e+01 1.195373323539579251e-02 2.821236750520818987e-02 1.232279468928138911e-04 4.413419118018059486e-05
1.400000000000000000e+01 1.351493296094538783e-02 3.429335630757521236e-02 1.163073114407401097e-04 4.154252808529296589e-05
1.500000000000000000e+01 1.455409826631262962e-02 3.972446529401334886e-02 1.095912610723532991e-04 3.907515050013603633e-05
1.600000000000000000e+01 1.650368689572376257e-02 4.284423308564620780e-02 1.032247714117925572e-04 3.679505382636148178e-05
1.700000000000000000e+01 1.663651243362917684e-02 4.303059323321931778e-02 9.749382089707442009e-05 3.476616675570381483e-05
1.800000000000000000e+01 1.581759579442099106e-02 4.081828631139707703e-02 9.240987685414529861e-05 3.309928301501610204e-05
1.900000000000000000e+01 1.371026771955408813e-02 3.684645595784839800e-02 8.798163222812178063e-05 3.185394898486593098e-05
2.000000000000000000e+01 9.925996741319456640e-03 3.120788952891732221e-02 8.412237359378155362e-05 3.096272445731033691e-05
2.100000000000000000e+01 7.220419831805589307e-03 2.453257195181252417e-02 8.077191836113459180e-05 3.030952778459541341e-05
2.200000000000000000e+01 4.142387325282389544e-03 1.771736256465896928e-02 7.796013653114263918e-05 2.981212137567642835e-05
2.300000000000000000e+01 1.114132878568386761e-03 1.134429392920774209e-02 7.568099367284685257e-05 2.942881973671708433e-05
2.400000000000000000e+01 -8.171978238829706110e-04 5.825428172154357293e-03 7.373493949722252725e-05 2.913914882295464139e-05
2.500000000000000000e+01 -2.193507917295398849e-03 1.964008688775166402e-03 7.185323409241345426e-05 2.892137804780057009e-05
2.600000000000000000e+01 -2.777923468772462972e-03 2.872679400332444548e-04 6.989401440195931259e-05 2.876326141196238132e-05
2.700000000000000000e+01 -3.038910410036313198e-03 2.465973591396046494e-04 6.789449865055442561e-05 2.866063213817271593e-05
2.800000000000000000e+01 -3.986587263283871904e-03 5.419807287479192805e-04 6.595950996155223089e-05 2.860117908544882170e-05
2.900000000000000000e+01 -3.200867660954248399e-03 2.464050769125536336e-04 6.416954734598812873e-05 2.857010888210784094e-05
3.000000000000000000e+01 -3.148536462967531455e-03 -7.012069525888415828e-04 6.258099202936533883e-05 2.855070962548372670e-05
3.100000000000000000e+01 -3.021032971819995888e-03 -1.836314503017716588e-03 6.119099522980339667e-05 2.854184611992799421e-05
3.200000000000000000e+01 -3.336778579432487981e-03 -2.749239908559764859e-03 5.996787190329436597e-05 2.854068109644445280e-05
3.300000000000000000e+01 -3.250736529766646080e-03 -3.350538408795028338e-03 5.887267669416335877e-05 2.854738104197528198e-05
3.400000000000000000e+01 -3.273960685098780896e-03 -3.771727557405252056e-03 5.786788885933533767e-05 2.856286655716441277e-05
3.500000000000000000e+01 -3.290805664103931515e-03 -4.140764976344590148e-03 5.692616421894320267e-05 2.858423515260842746e-05
3.600000000000000000e+01 -3.038887969284216790e-03 -4.509330016664248736e-03 5.603308784105563397e-05 2.861138522345331643e-05
3.700000000000000000e+01 -2.810498687482407189e-03 -4.887525344612843672e-03 5.518197740001320496e-05 2.864072149522324634e-05
3.800000000000000000e+01 -3.053512345816293983e-03 -5.296575750151399746e-03 5.436921193953036597e-05 2.866885841418603405e-05
3.900000000000000000e+01 -2.878293120349624448e-03 -5.722554399287681400e-03 5.359168682051435034e-05 2.869057819854340055e-05
4.000000000000000000e+01 -2.466366280403402538e-03 -6.116147887959067983e-03 5.284472912282745324e-05 2.870181686585827549e-05
4.100000000000000000e+01 -2.710666070829894931e-03 -6.382383106500679089e-03 5.210974132817808291e-05 2.868896757627350123e-05
4.200000000000000000e+01 -2.838280032434857200e-03 -6.441439444103812945e-03 5.134019063861706804e-05 2.862045638820892620e-05
4.300000000000000000e+01 -2.797448917975467030e-03 -6.267290251420613509e-03 5.045100308793100201e-05 2.844131000054047031e-05
4.400000000000000000e+01 -2.700091321292702896e-03 -5.926622583906776542e-03 4.933825483516238603e-05 2.809198637254111582e-05
4.500000000000000000e+01 -2.694865231458265595e-03 -5.495279836981540982e-03 4.793366003065714669e-05 2.753430169590507235e-05
4.600000000000000000e+01 -2.772741337379943868e-03 -5.062436959743104453e-03 4.626415320522460556e-05 2.679189072480435424e-05
4.700000000000000000e+01 -2.650672397602007492e-03 -4.713278691848468704e-03 4.448234390897060211e-05 2.596589426689062722e-05
