# freqs 	 pli 	 dpli 	 meanpower(thalamus)	 meanpower(scalp)	pli
8.000000000000000000e+00 -6.814265782351271346e-03 -2.056139286164949606e-02 6.393216754256578270e-05 2.454446202163472371e-04
9.000000000000000000e+00 3.585276227204587263e-03 6.831576642879411826e-03 6.202921681545546691e-05 1.959255046318989630e-04
1.000000000000000000e+01 8.893533674309799311e-03 7.755137735785668125e-03 6.222871570403665914e-05 1.645078007346551657e-04
1.100000000000000000e+01 7.039376202970321289e-04 -7.397861725991935339e-03 6.173993912118484273e-05 1.399160441245147449e-04
1.200000000000000000e+01 5.458132892731941410e-03 6.330195374023900659e-03 5.936520402378753426e-05 1.227069238448317580e-04
1.300000000000000000e+01 6.550859164354560366e-03 3.592969963543075906e-02 6.109356551309550506e-05 1.124233001017190599e-04
1.400000000000000000e+01 9.376899651561824197e-04 5.117191211689680469e-02 6.530550237786956883e-05 1.062978606485771881e-04
1.500000000000000000e+01 -4.875445844770556411e-03 2.981633496391951701e-02 6.375728589525517589e-05 9.997711702107546906e-05
1.600000000000000000e+01 -1.423439478315115594e-02 -8.958172742868482363e-03 5.714860150304743931e-05 9.258155823188695820e-05
1.700000000000000000e+01 -1.646381917151315197e-02 -3.363555077179501002e-02 5.090205435689964565e-05 8.601397770819777303e-05
1.800000000000000000e+01 -1.973640247191685987e-02 -3.769884829792061187e-02 4.760700948052899891e-05 8.144288699733882940e-05
1.900000000000000000e+01 -1.367804521442475378e-02 -3.378388621104976008e-02 4.647781597882579707e-05 7.870262189834267114e-05
2.000000000000000000e+01 -8.930718600754287279e-03 -2.853562391003803753e-02 4.613390510941351168e-05 7.691225017358078347e-05
2.100000000000000000e+01 -9.581188345154279321e-03 -2.030845764192924438e-02 4.587722911101178684e-05 7.561049934949838549e-05
2.200000000000000000e+01 -8.464874241110148176e-03 -1.173520490850238872e-02 4.553848979790358048e-05 7.455948264453691478e-05
2.300000000000000000e+01 -9.900971034557122519e-03 -9.453488182192907804e-03 4.516490247820890720e-05 7.356582851238556062e-05
2.400000000000000000e+01 -1.339363434464490264e-02 -1.550497861805972231e-02 4.484501565091309633e-05 7.236488152661335680e-05
2.500000000000000000e+01 -1.672400207560586702e-02 -2.549811132064962876e-02 4.471161180476370339e-05 7.081472935649227860e-05
2.600000000000000000e+01 -1.606617767099003530e-02 -3.402109285983209719e-02 4.476824646997907875e-05 6.905424783804338883e-05
2.700000000000000000e+01 -1.851370370974442237e-02 -3.900495355013625792e-02 4.492762962716144866e-05 6.727962106614701480e-05
2.800000000000000000e+01 -2.077430724344205004e-02 -4.087381372795277634e-02 4.507076866841669866e-05 6.555418831352768396e-05
2.900000000000000000e+01 -2.353212850828401148e-02 -4.102204166147588316e-02 4.516353319587952588e-05 6.391647525594702610e-05
3.000000000000000000e+01 -2.447579911300132999e-02 -4.127968105377905622e-02 4.514845549078196210e-05 6.236107979820068896e-05
3.100000000000000000e+01 -1.959049968458003235e-02 -4.286210084745501608e-02 4.495986722217012777e-05 6.090677088842777497e-05
3.200000000000000000e+01 -1.553894590020749901e-02 -4.513011329229868474e-02 4.450730955950239342e-05 5.960476475092506250e-05
3.300000000000000000e+01 -1.365280410387454194e-02 -4.610883691131328205e-02 4.376134548623283985e-05 5.846727062389113619e-05
3.400000000000000000e+01 -1.252674848349598184e-02 -4.417794216285774594e-02 4.274488600833893740e-05 5.747029951156346978e-05
3.500000000000000000e+01 -1.168858714656689606e-02 -3.913676755483014302e-02 4.153339453610167527e-05 5.658595219382265841e-05
3.600000000000000000e+01 -1.232086983430817802e-02 -3.204814208580692575e-02 4.024221318330906447e-05 5.581266122461530429e-05
3.700000000000000000e+01 -1.413377966656768729e-02 -2.438739922281800074e-02 3.896439397468933358e-05 5.514117446612934128e-05
3.800000000000000000e+01 -1.162263690065560434e-02 -1.737180825641521445e-02 3.776774785342241781e-05 5.456434301271440463e-05
3.900000000000000000e+01 -7.958885450806380685e-03 -1.147659488991826203e-02 3.669336188783923726e-05 5.404786765677147600e-05
4.000000000000000000e+01 -5.275879988748349500e-03 -7.034774732459720195e-03 3.575468692442836707e-05 5.359155385884701900e-05
4.100000000000000000e+01 -4.224645928535614679e-03 -4.196698197283348954e-03 3.492769274418801518e-05 5.316659886284573239e-05
4.200000000000000000e+01 -3.879245038501816668e-03 -2.959924226895885822e-03 3.415488489229067331e-05 5.271753269632643179e-05
4.300000000000000000e+01 -4.243251819319231351e-03 -3.044157100953188543e-03 3.336522884990047929e-05 5.214923417779039795e-05
4.400000000000000000e+01 -4.305664043894910989e-03 -4.098837354726316169e-03 3.247382547695820383e-05 5.137004501756301899e-05
4.500000000000000000e+01 -3.408152712666729679e-03 -5.523715938099258219e-03 3.141983946603509520e-05 5.028325434624795402e-05
4.600000000000000000e+01 -3.459377540510129734e-03 -6.838388405389432892e-03 3.020546204337888160e-05 4.888290614261918155e-05
4.700000000000000000e+01 -4.962757904012743936e-03 -7.761144244746215684e-03 2.892246196630145051e-05 4.730003422843972143e-05
