# freqs 	 pli 	 dpli 	 meanpower(thalamus)	 meanpower(scalp)	pli
8.000000000000000000e+00 2.479990477631753001e-04 7.146100485658121726e-02 5.020149418190612654e-05 2.966543367439637507e-04
9.000000000000000000e+00 9.473236016218500311e-02 3.287067966465662683e-01 6.378743901055790506e-05 3.345506185260045846e-04
1.000000000000000000e+01 2.500130289716049892e-01 7.027093782048977610e-01 1.072322451302171290e-04 4.142936064284414113e-04
1.100000000000000000e+01 2.874879508555603369e-01 7.919736507594204999e-01 1.406367040715260700e-04 4.832710622028576260e-04
1.200000000000000000e+01 2.331919943757449765e-01 6.581664542914209548e-01 1.285300096266392932e-04 5.142403727609786692e-04
1.300000000000000000e+01 1.597177242837119759e-01 4.023568070873504432e-01 1.015638976399193752e-04 5.236272658569376265e-04
1.400000000000000000e+01 1.166590155226819997e-01 2.563124216061704597e-01 7.835584432968100484e-05 4.806450553886541972e-04
1.500000000000000000e+01 9.383727473212810644e-02 2.152813699637856903e-01 6.092903733128941904e-05 4.033087399400681560e-04
1.600000000000000000e+01 7.651402784252663014e-02 1.932688626058274850e-01 4.939102188792878829e-05 3.333050998482505931e-04
1.700000000000000000e+01 6.367654715462683912e-02 1.640419574432033512e-01 4.281922880451047184e-05 2.829578060576866025e-04
1.800000000000000000e+01 4.998022546048491027e-02 1.251302596236935905e-01 3.988633482140478394e-05 2.470035257021346354e-04
1.900000000000000000e+01 3.361663293506243072e-02 7.589066782875204809e-02 3.998668831675743202e-05 2.202664119276787568e-04
2.000000000000000000e+01 1.448446904691835097e-02 2.741327332044002363e-02 4.236283675990067257e-05 1.996039657404109736e-04
2.100000000000000000e+01 7.216839127594893918e-04 -6.023007457724860111e-03 4.491153837057174666e-05 1.825934361419791045e-04
2.200000000000000000e+01 -6.224747060965699595e-03 -2.059471505633646976e-02 4.562324729210110325e-05 1.676718655089514700e-04
2.300000000000000000e+01 -3.844505860994093960e-03 -1.897812113450086241e-02 4.413562677564949891e-05 1.542676297212206493e-04
2.400000000000000000e+01 3.246320336071740337e-03 -6.238356695860302996e-03 4.138190537065176977e-05 1.422974314378129893e-04
2.500000000000000000e+01 1.102158933626068427e-02 1.063922527640556032e-02 3.843230360356047841e-05 1.316880459053330053e-04
2.600000000000000000e+01 1.847373487080670312e-02 2.519625652125865103e-02 3.589667325069624402e-05 1.223163338646163180e-04
2.700000000000000000e+01 2.225041181315448938e-02 3.433130188368430785e-02 3.395511183878549549e-05 1.140883365288382394e-04
2.800000000000000000e+01 2.420664611786145851e-02 3.896465865425546155e-02 3.258122690667535277e-05 1.069493650650130454e-04
2.900000000000000000e+01 2.610385898420238340e-02 4.164155179967743425e-02 3.170269109503367393e-05 1.008404415451019171e-04
3.000000000000000000e+01 2.793519326222390631e-02 4.424796164778736079e-02 3.118274606914093588e-05 9.556694979703350256e-05
3.100000000000000000e+01 3.002168892407431483e-02 4.711273249400482754e-02 3.082331473727718108e-05 9.087157337009543919e-05
3.200000000000000000e+01 3.155652257071420858e-02 4.970801931038520277e-02 3.042625516188671628e-05 8.654307412223311935e-05
3.300000000000000000e+01 3.282444280870740888e-02 5.147444866119700591e-02 2.987455027048092714e-05 8.244856495259437091e-05
3.400000000000000000e+01 3.258248936016028968e-02 5.212120143328088234e-02 2.916168574812430823e-05 7.856505284847573544e-05
3.500000000000000000e+01 3.104821776505560516e-02 5.166362071797087063e-02 2.836325842438614786e-05 7.496806602919620761e-05
3.600000000000000000e+01 2.948294156305875796e-02 5.032703603811534976e-02 2.758466915178778463e-05 7.175444484933569001e-05
3.700000000000000000e+01 2.762479752253363049e-02 4.849164816108696152e-02 2.690168485312873829e-05 6.895089198714892005e-05
3.800000000000000000e+01 2.613021540828622258e-02 4.657180530535480478e-02 2.634706485635070479e-05 6.647466152607842366e-05
3.900000000000000000e+01 2.572665761169742535e-02 4.487458208792366454e-02 2.590522760756971399e-05 6.418215355594470979e-05
4.000000000000000000e+01 2.489726796075296747e-02 4.355794492905464693e-02 2.553633762202940145e-05 6.194940817323038964e-05
4.100000000000000000e+01 2.373660377127726276e-02 4.261787257617779406e-02 2.519384287585548028e-05 5.971571329113451804e-05
4.200000000000000000e+01 2.295858781253829264e-02 4.197439131440536958e-02 2.482872965645023018e-05 5.746174007531995370e-05
4.300000000000000000e+01 2.238601724462215350e-02 4.152851068798181500e-02 2.438607589663535093e-05 5.516387302936676947e-05
4.400000000000000000e+01 2.205013006161495384e-02 4.119990874562550615e-02 2.381679530367196223e-05 5.278670480413605960e-05
4.500000000000000000e+01 2.199160820145598313e-02 4.092488264744002791e-02 2.309629505898874740e-05 5.029442745579260104e-05
4.600000000000000000e+01 2.221378955476942252e-02 4.071289845127449430e-02 2.224908994670045124e-05 4.770795897718289663e-05
4.700000000000000000e+01 2.238849392229534663e-02 4.064816470506753959e-02 2.136083573146825741e-05 4.514461621805856121e-05
