# freqs 	 pli 	 dpli 	 meanpower(thalamus)	 meanpower(scalp)	pli
8.000000000000000000e+00 1.960082562446036070e-02 7.218828758416191704e-02 4.700148407629253886e-05 1.104138019188284755e-04
9.000000000000000000e+00 5.369163993290856397e-03 2.807665724452716380e-02 5.165677883444898835e-05 1.057265358994289694e-04
1.000000000000000000e+01 1.670828111509334649e-02 3.447967256310225520e-02 5.582106014413571772e-05 8.685200441383718979e-05
1.100000000000000000e+01 3.226771320845827490e-02 5.881176771452406582e-02 5.586226614456598873e-05 7.633466882692784635e-05
1.200000000000000000e+01 3.177078151468962913e-02 4.575924884140749466e-02 5.286885358778317505e-05 7.079836008928187395e-05
1.300000000000000000e+01 1.208065357204936470e-02 1.269174731665898004e-02 4.944276455102870698e-05 6.565244352480806777e-05
1.400000000000000000e+01 -7.459082344132326493e-03 -1.364942052032386798e-02 4.662560755478790719e-05 6.000823876942679570e-05
1.500000000000000000e+01 -1.355725592600376395e-02 -2.794316827686165600e-02 4.445622228619298824e-05 5.501186709537599523e-05
1.600000000000000000e+01 -1.543780220548718850e-02 -3.144897596855029259e-02 4.277562523355538890e-05 5.129806131135949531e-05
1.700000000000000000e+01 -1.285327677573474062e-02 -2.965441696823457526e-02 4.142990939648849168e-05 4.829937828573760677e-05
1.800000000000000000e+01 -1.368039507186817431e-02 -2.803699773345341706e-02 4.034398171197044707e-05 4.556979740207140573e-05
1.900000000000000000e+01 -1.676027927782932497e-02 -2.675686268059168302e-02 3.950047059316789993e-05 4.320697456680546323e-05
2.000000000000000000e+01 -1.229427157343635640e-02 -2.412501812324546052e-02 3.883022982835189208e-05 4.138357694288197143e-05
2.100000000000000000e+01 -1.009610492355018409e-02 -2.055707051605966396e-02 3.829699490320799581e-05 4.005996919676951568e-05
2.200000000000000000e+01 -8.060903416542006955e-03 -1.819062127037891080e-02 3.788066936899843115e-05 3.907957610521826198e-05
2.300000000000000000e+01 -8.392703744466786450e-03 -1.772542871953403792e-02 3.756320072797205117e-05 3.832449762853626574e-05
2.400000000000000000e+01 -8.003983607034085429e-03 -1.771079679599438933e-02 3.731640260127837175e-05 3.773358060382205216e-05
2.500000000000000000e+01 -8.603900023499302593e-03 -1.648344560597902325e-02 3.711721888825189494e-05 3.728304622498966511e-05
2.600000000000000000e+01 -8.467244393839059094e-03 -1.372008560487718298e-02 3.692783052807312741e-05 3.694350827743475053e-05
2.700000000000000000e+01 -8.153853552838473753e-03 -1.001581640945171936e-02 3.671410012234623313e-05 3.669756854210663423e-05
2.800000000000000000e+01 -6.397697735218778152e-03 -6.156505547845487342e-03 3.645851451711413772e-05 3.652067642194730632e-05
2.900000000000000000e+01 -4.914929391983255923e-03 -2.910952818150705675e-03 3.617563152115099126e-05 3.640582441213507687e-05
3.000000000000000000e+01 -2.890140169333624623e-03 -8.915993014034808133e-04 3.586245560703033025e-05 3.635459404210546175e-05
3.100000000000000000e+01 -2.250889271961486592e-03 -4.999096044785617020e-04 3.552518046957408183e-05 3.637661738651171817e-05
3.200000000000000000e+01 -1.988824566944981127e-03 -1.307676769975607816e-03 3.516121971135725285e-05 3.645880748676175035e-05
3.300000000000000000e+01 -3.283626365910917878e-03 -2.491627628860561012e-03 3.477255662622286852e-05 3.657888438470167599e-05
3.400000000000000000e+01 -2.635062893919208702e-03 -3.400197654023605874e-03 3.437410394188228889e-05 3.674031549353834849e-05
3.500000000000000000e+01 -2.086474523656109848e-03 -3.753092580517040661e-03 3.397000040841559906e-05 3.691401822034964645e-05
3.600000000000000000e+01 -1.066976411195087390e-03 -3.708357308014905047e-03 3.357100869484071291e-05 3.708972741166087755e-05
3.700000000000000000e+01 -3.521788129226145606e-04 -3.566777824674348483e-03 3.318603247304787509e-05 3.725704757188544244e-05
3.800000000000000000e+01 -3.722931377480024522e-04 -3.543369428450304521e-03 3.282705990170326312e-05 3.742243496503371941e-05
3.900000000000000000e+01 3.102142857796490313e-04 -3.705128143265293533e-03 3.249225422091097813e-05 3.757236825158796089e-05
4.000000000000000000e+01 9.570195052081312227e-04 -4.021161798637166475e-03 3.217923779241900690e-05 3.770375733449235419e-05
4.100000000000000000e+01 3.526648981782625424e-04 -4.385118198632748619e-03 3.187466786556608709e-05 3.779213436960350407e-05
4.200000000000000000e+01 1.046448633421745997e-03 -4.714660510058693056e-03 3.154471860136399605e-05 3.779521466280992727e-05
4.300000000000000000e+01 7.927365597961391792e-04 -5.025336903057438763e-03 3.112867205103404242e-05 3.763132655062420735e-05
4.400000000000000000e+01 -3.901950339968766304e-04 -5.206024673177391503e-03 3.056494825974177983e-05 3.724127080815720797e-05
4.500000000000000000e+01 -1.702095100460736124e-03 -5.313086598370940321e-03 2.981255796211890267e-05 3.657048837554361623e-05
4.600000000000000000e+01 -2.476380865253753876e-03 -5.347889242761577969e-03 2.889718194131713644e-05 3.565403752420307241e-05
4.700000000000000000e+01 -3.013544496325594284e-03 -5.301725607073889610e-03 2.792995175557610760e-05 3.463174933503380243e-05
