# freqs 	 pli 	 dpli 	 meanpower(thalamus)	 meanpower(scalp)	pli
8.000000000000000000e+00 9.280308786432847623e-02 3.206604145037033615e-01 1.828065493776764459e-04 2.243792514607181616e-04
9.000000000000000000e+00 6.489766594924641085e-02 1.859617541562347265e-01 1.607047290265095824e-04 2.153283816573415904e-04
1.000000000000000000e+01 5.469215097929524400e-02 1.027220951447567893e-01 1.417060256829413302e-04 2.025755153687139906e-04
1.100000000000000000e+01 4.234264237118797597e-02 8.390725950275772227e-02 1.357009023093019471e-04 2.150715677818766105e-04
1.200000000000000000e+01 2.449576251124473136e-02 3.986992718152451709e-02 1.408670045125350718e-04 2.404077871656090258e-04
1.300000000000000000e+01 -3.601575025936055909e-03 -3.074597219306161172e-02 1.508520457334635776e-04 2.606526229951579006e-04
1.400000000000000000e+01 -2.763514733801921558e-02 -1.033540533771928893e-01 1.626993629428226959e-04 2.725276843849901956e-04
1.500000000000000000e+01 -5.673008077941815719e-02 -2.217083952608268904e-01 1.807348984616215020e-04 2.770237288195156371e-04
1.600000000000000000e+01 -7.681098688984638878e-02 -3.211137447861080463e-01 1.942571229239221334e-04 2.740389647401028487e-04
1.700000000000000000e+01 -9.527430142860472684e-02 -3.214876134353624182e-01 1.919380495264322490e-04 2.640503949814435969e-04
1.800000000000000000e+01 -8.801925780131379662e-02 -2.557253609682192952e-01 1.804546919461167006e-04 2.495977437321629890e-04
1.900000000000000000e+01 -9.377461654405844227e-02 -2.188890520378905247e-01 1.740471521527410992e-04 2.347687531621105313e-04
2.000000000000000000e+01 -1.212916924351467168e-01 -2.592275414500182507e-01 1.818089410790998386e-04 2.217275812296351002e-04
2.100000000000000000e+01 -1.616584461574722686e-01 -3.267953756945009003e-01 1.995148487487391790e-04 2.094874703458175324e-04
2.200000000000000000e+01 -1.855321250774476793e-01 -3.595815467361377360e-01 2.134885661816506486e-04 1.961595699621268964e-04
2.300000000000000000e+01 -1.777774892786511962e-01 -3.426295740048415639e-01 2.138445173735498530e-04 1.818302609757556398e-04
2.400000000000000000e+01 -1.527884233032313077e-01 -2.896365345875286934e-01 1.999556896220553760e-04 1.677248158498568381e-04
2.500000000000000000e+01 -1.118357244614565510e-01 -2.236191641833080168e-01 1.773877592715399694e-04 1.554110298791049614e-04
2.600000000000000000e+01 -7.507757076265215990e-02 -1.635711538545173704e-01 1.532839524347787391e-04 1.454706694989768752e-04
2.700000000000000000e+01 -5.077979148117298808e-02 -1.198763849760775962e-01 1.329499725131839602e-04 1.378035368400448929e-04
2.800000000000000000e+01 -4.153226269328343795e-02 -9.233997976633383231e-02 1.183949902279814723e-04 1.318725315832129142e-04
2.900000000000000000e+01 -3.457362918442136168e-02 -7.407139147892520536e-02 1.090884026068207082e-04 1.271745370494841473e-04
3.000000000000000000e+01 -3.090791830884987573e-02 -5.841964640637300338e-02 1.033944283058482055e-04 1.233045016331389145e-04
3.100000000000000000e+01 -2.367989185380788703e-02 -4.291669680879621473e-02 9.970766588709734654e-05 1.198329562038011982e-04
3.200000000000000000e+01 -1.676687490520520005e-02 -2.839520968378922081e-02 9.678855373174560523e-05 1.163845774229177644e-04
3.300000000000000000e+01 -1.178271068138909625e-02 -1.655901065860509655e-02 9.396943843998515819e-05 1.128417559927628292e-04
3.400000000000000000e+01 -6.634044280316239370e-03 -8.502417666583063013e-03 9.096906806809654494e-05 1.092126699993611238e-04
3.500000000000000000e+01 -4.399962286037548131e-03 -4.439093871168075037e-03 8.775482550888088487e-05 1.055160169110322778e-04
3.600000000000000000e+01 -5.951836958508499413e-03 -3.939462651696597206e-03 8.445695181703811527e-05 1.019189212581087894e-04
3.700000000000000000e+01 -6.888676363532551979e-03 -6.145389987648310591e-03 8.126464829521460329e-05 9.853278162977447926e-05
3.800000000000000000e+01 -9.071019234554307878e-03 -9.942120241137605147e-03 7.829545893088055695e-05 9.540774056584851626e-05
3.900000000000000000e+01 -1.264584782782257610e-02 -1.422343160367929744e-02 7.562425168019894554e-05 9.258118609202884450e-05
4.000000000000000000e+01 -1.424259439245943379e-02 -1.807611118992545271e-02 7.328976226356514383e-05 9.005247160571319231e-05
4.100000000000000000e+01 -1.340778939570927940e-02 -2.106018194599428017e-02 7.124140819691240608e-05 8.775019637634638237e-05
4.200000000000000000e+01 -1.267899251563514573e-02 -2.317698007236004831e-02 6.936037797211224050e-05 8.552275259959780723e-05
4.300000000000000000e+01 -1.216351685406058189e-02 -2.478667058338076060e-02 6.749532856755980053e-05 8.313829718529123038e-05
4.400000000000000000e+01 -1.062984840936588224e-02 -2.601086294382224176e-02 6.543835078779295712e-05 8.038364421944370656e-05
4.500000000000000000e+01 -1.075926674217029221e-02 -2.709361054029288743e-02 6.302796495724912016e-05 7.710288909832685737e-05
4.600000000000000000e+01 -1.038511097647349876e-02 -2.802023315476653495e-02 6.024548402488972502e-05 7.328495002226628416e-05
4.700000000000000000e+01 -1.092680208357027505e-02 -2.869203582423222182e-02 5.722346434857299076e-05 6.908225873662381469e-05
