# freqs 	 pli 	 dpli 	 meanpower(thalamus)	 meanpower(scalp)	pli
8.000000000000000000e+00 3.914953019104445119e-03 1.625319331530748063e-02 9.758052657427502652e+01 3.253078286655963893e+02
9.000000000000000000e+00 7.707888823333407073e-03 2.469430444864329291e-02 8.562525945898156010e+01 3.385201051743430867e+02
1.000000000000000000e+01 1.670189471224958408e-02 4.477188602801658590e-02 8.033870933114039303e+01 3.205572067719586471e+02
1.100000000000000000e+01 1.811680396116925260e-02 6.058623985533952150e-02 8.846774177632396174e+01 3.032344363100362443e+02
1.200000000000000000e+01 1.869105219281756367e-02 5.684928833078287808e-02 1.028314407692796379e+02 3.061311567951116785e+02
1.300000000000000000e+01 1.605919822965875751e-02 5.471989261583269648e-02 1.023353933957110229e+02 3.395422747976611504e+02
1.400000000000000000e+01 4.399457497064353934e-03 3.337061611775586634e-02 8.898985471228591848e+01 3.486651049806883407e+02
1.500000000000000000e+01 -5.957270002609504379e-03 -3.678340919205897591e-03 7.458486070305941951e+01 3.017023941393517816e+02
1.600000000000000000e+01 -1.130820085222044441e-02 -2.238155853845478355e-02 6.520006763948245521e+01 2.359590807987130745e+02
1.700000000000000000e+01 -1.147978661119157875e-02 -1.789620919482017708e-02 6.031405079922426893e+01 1.874869670143871190e+02
1.800000000000000000e+01 -7.027906764427020378e-03 -8.316364532722697253e-03 5.755225415556137847e+01 1.614237842146119135e+02
1.900000000000000000e+01 -2.385756971520321817e-03 -1.553643247852103159e-03 5.551489434279189794e+01 1.478556442406074893e+02
2.000000000000000000e+01 -1.284866459599556072e-03 1.204453660820917595e-03 5.377165304583823513e+01 1.386331428614949459e+02
2.100000000000000000e+01 -2.397374479045979827e-03 -9.182340193328473663e-04 5.239620250862154194e+01 1.306984365524307066e+02
2.200000000000000000e+01 -4.803913793634129702e-03 -7.809791260751896592e-03 5.186060478948312635e+01 1.235795232608626435e+02
2.300000000000000000e+01 -9.302272937388174345e-03 -1.821447696918073247e-02 5.265950928652816287e+01 1.176308052779314011e+02
2.400000000000000000e+01 -1.282698001737775893e-02 -2.899169198237301279e-02 5.432613472947132749e+01 1.130476942468603028e+02
2.500000000000000000e+01 -1.535590955886925214e-02 -3.589881135302969845e-02 5.566553209313116213e+01 1.095905396998198427e+02
2.600000000000000000e+01 -1.521282853827045194e-02 -3.667383609786813853e-02 5.583518024600682850e+01 1.067540375898616389e+02
2.700000000000000000e+01 -1.273694562636050465e-02 -3.231591203181773814e-02 5.477538972418098950e+01 1.039821044542357242e+02
2.800000000000000000e+01 -1.039805634558936716e-02 -2.588180810047944341e-02 5.288249680151798771e+01 1.009221228030403665e+02
2.900000000000000000e+01 -6.674554344381565009e-03 -2.029974961830954133e-02 5.065994267161601528e+01 9.757915562463301740e+01
3.000000000000000000e+01 -4.442093539871017939e-03 -1.682689948720071660e-02 4.850115520434682992e+01 9.423534447791747937e+01
3.100000000000000000e+01 -3.419651533744286296e-03 -1.510235838092540903e-02 4.663901074801825075e+01 9.118906514450038969e+01
3.200000000000000000e+01 -4.125462960106259999e-03 -1.420442754671226611e-02 4.516691775472030912e+01 8.861927754658621836e+01
3.300000000000000000e+01 -4.007629429636360742e-03 -1.341975192509611316e-02 4.407699606399921777e+01 8.653752920678142857e+01
3.400000000000000000e+01 -4.021651374687299635e-03 -1.236082369384304200e-02 4.331053819448918318e+01 8.484860369968244243e+01
3.500000000000000000e+01 -3.790948756988257382e-03 -1.086974149953938776e-02 4.278228216346231960e+01 8.341879456926760383e+01
3.600000000000000000e+01 -2.944539049571872139e-03 -8.971111638482621303e-03 4.240118194133118124e+01 8.213118263583706380e+01
3.700000000000000000e+01 -1.466429900270250922e-03 -6.813567840088594584e-03 4.208575918434403462e+01 8.089760918079223018e+01
3.800000000000000000e+01 -2.265277270136399038e-04 -4.592589983941060792e-03 4.178190777622312879e+01 7.966390209506806741e+01
3.900000000000000000e+01 1.565929191420851639e-04 -2.485261263540497478e-03 4.145939818691766732e+01 7.839409828604399877e+01
4.000000000000000000e+01 1.225949252565783441e-03 -6.461171321498772845e-04 4.110638800118238123e+01 7.706353097177300526e+01
4.100000000000000000e+01 1.470999064522741494e-03 8.212734017960367314e-04 4.070773956107007052e+01 7.564030721661684709e+01
4.200000000000000000e+01 2.050382585409310336e-03 1.886836916932320678e-03 4.023039552519401951e+01 7.407669545786787069e+01
4.300000000000000000e+01 2.855585532836755081e-03 2.593438943584478341e-03 3.961359018551492994e+01 7.229199563296529618e+01
4.400000000000000000e+01 3.645427358792092520e-03 3.056489242466074036e-03 3.878873886203564325e+01 7.019185268136497768e+01
4.500000000000000000e+01 4.345984170337691653e-03 3.382258736072597371e-03 3.771113661679431317e+01 6.772658594159626944e+01
4.600000000000000000e+01 4.197197154169990743e-03 3.671890247568739950e-03 3.641033622457876362e+01 6.495918853150935490e+01
4.700000000000000000e+01 4.148802433420200816e-03 4.014797776844771307e-03 3.501291240343694966e+01 6.210503573400109190e+01
