# freqs 	 pli 	 dpli 	 meanpower(thalamus)	 meanpower(scalp)	pli
8.000000000000000000e+00 -4.540492631172219490e-02 -1.258413339986314550e-01 7.508396411501033307e-05 2.209648293228246409e-04
9.000000000000000000e+00 -3.195134854482947068e-02 -9.249431047445159926e-02 7.294217070908386614e-05 1.720538949861311864e-04
1.000000000000000000e+01 -3.246214626879664888e-02 -1.073268929837451757e-01 7.765645422338622898e-05 1.499705001501455042e-04
1.100000000000000000e+01 -4.298428838690487863e-02 -1.243682870790449868e-01 8.851384088724401588e-05 1.454827980043542205e-04
1.200000000000000000e+01 -4.363746065283020253e-02 -1.218208616955116508e-01 9.785172653304928026e-05 1.485012559371632745e-04
1.300000000000000000e+01 -3.251378834912160842e-02 -1.007309744269891533e-01 9.950396231064519050e-05 1.529780269203224281e-04
1.400000000000000000e+01 -1.763912270782021924e-02 -6.075384219627998073e-02 9.411833146734526639e-05 1.553983115306159523e-04
1.500000000000000000e+01 1.581774627579220346e-03 -1.678540978216703020e-02 8.598822035637032114e-05 1.546655595723148190e-04
1.600000000000000000e+01 1.522577232331781549e-02 1.583037495935370881e-02 7.871917116036200970e-05 1.513928342534695862e-04
1.700000000000000000e+01 2.045407241110228438e-02 2.903198620437233424e-02 7.390697039213030501e-05 1.466034716344503854e-04
1.800000000000000000e+01 1.516522291847431127e-02 2.151417554236213434e-02 7.184797930904919647e-05 1.411073371164619865e-04
1.900000000000000000e+01 7.222955747534141012e-03 3.229304231605129288e-03 7.226870667790067911e-05 1.355929380131164794e-04
2.000000000000000000e+01 1.040554166066494715e-03 -8.860473854520951181e-03 7.435146910045151061e-05 1.305451624504719429e-04
2.100000000000000000e+01 3.891443518036383394e-03 -4.205851962643193166e-04 7.683365020002386843e-05 1.263196276667061886e-04
2.200000000000000000e+01 1.400080992280684257e-02 2.721092233735710603e-02 7.820713461222736243e-05 1.226300523240911149e-04
2.300000000000000000e+01 2.350465335200356554e-02 5.452128662808908982e-02 7.725479467983321197e-05 1.188091110742248711e-04
2.400000000000000000e+01 2.687404300109032598e-02 6.322485262722918331e-02 7.394519371555474381e-05 1.144178265929937178e-04
2.500000000000000000e+01 2.328135674048958936e-02 5.146240417509986842e-02 6.939764478328595387e-05 1.097151659606186767e-04
2.600000000000000000e+01 1.509628078868578173e-02 3.037469467978347673e-02 6.495479331251121117e-05 1.052661535549406861e-04
2.700000000000000000e+01 7.554165871058946165e-03 1.164956359714690477e-02 6.143277167444009064e-05 1.014845435206369645e-04
2.800000000000000000e+01 3.100411357577225607e-03 -1.401859961079446912e-04 5.893690791513488472e-05 9.839695524235086142e-05
2.900000000000000000e+01 1.428345494121077957e-03 -6.208085966659441200e-03 5.719261858656946333e-05 9.593983688665139989e-05
3.000000000000000000e+01 2.574753540131260619e-04 -9.066353138440562051e-03 5.588868505248432105e-05 9.396718832444481433e-05
3.100000000000000000e+01 3.268594202380010772e-05 -1.037623385779816790e-02 5.482563879273526523e-05 9.244826636926196776e-05
3.200000000000000000e+01 -1.005810468317176265e-03 -1.066342510760987135e-02 5.389903901861341364e-05 9.128730576220336630e-05
3.300000000000000000e+01 -9.463033808502157402e-04 -1.013527194285891199e-02 5.305655568413703227e-05 9.037879799323134339e-05
3.400000000000000000e+01 -9.156909591834531872e-04 -9.138734277282355850e-03 5.227426853873086518e-05 8.971818156517933815e-05
3.500000000000000000e+01 -1.194687906658420699e-03 -8.199573543888836677e-03 5.153446843136091194e-05 8.919184399862337066e-05
3.600000000000000000e+01 -1.990663293361646328e-03 -7.717430231483749653e-03 5.084248550796620613e-05 8.877567507407745214e-05
3.700000000000000000e+01 -2.158194342533415692e-03 -7.796629419786823591e-03 5.019657654720650024e-05 8.841889895561537058e-05
3.800000000000000000e+01 -1.715409954295004334e-03 -8.252173618322483292e-03 4.959365202224587827e-05 8.810411491105440854e-05
3.900000000000000000e+01 -1.935784453385309186e-03 -8.842003147774968666e-03 4.902616494668743380e-05 8.773161511114911323e-05
4.000000000000000000e+01 -2.022956577534767639e-03 -9.285072684770273588e-03 4.848218389770756907e-05 8.729249628579303694e-05
4.100000000000000000e+01 -2.003980972301879025e-03 -9.414202136114305577e-03 4.793454861273241038e-05 8.674267946960504197e-05
4.200000000000000000e+01 -2.212329936394620555e-03 -9.158211907191982429e-03 4.733564986894759572e-05 8.600045743050699592e-05
4.300000000000000000e+01 -2.322665486212500182e-03 -8.513970679837704406e-03 4.660478394511913036e-05 8.490524241200275788e-05
4.400000000000000000e+01 -1.973524290091225718e-03 -7.497544878720808006e-03 4.565499183485714459e-05 8.337628104998773542e-05
4.500000000000000000e+01 -2.016516130190672360e-03 -6.141555207861968887e-03 4.443423246066364199e-05 8.128880848623185886e-05
4.600000000000000000e+01 -1.389845067905446470e-03 -4.458671361174797523e-03 4.297420084487397476e-05 7.871376184950803015e-05
4.700000000000000000e+01 -5.135477900482975566e-04 -2.480854720013407188e-03 4.141637404792313968e-05 7.593953777773063748e-05
