# freqs 	 pli 	 dpli 	 meanpower(thalamus)	 meanpower(scalp)	pli
8.000000000000000000e+00 2.300175347161326211e-02 7.152416781873208174e-02 1.095238661484258108e-04 3.796685893569339129e-04
9.000000000000000000e+00 7.786237076267277235e-02 1.918450536772327852e-01 1.080590431744612426e-04 4.230981073746521454e-04
1.000000000000000000e+01 6.710367230595930266e-02 1.451329282773035634e-01 1.010058697025769227e-04 3.422032524263692661e-04
1.100000000000000000e+01 4.520863131753674602e-02 1.016872631620559519e-01 9.222118190327992476e-05 2.690172621594022354e-04
1.200000000000000000e+01 3.963135883713782281e-02 9.022479095335074473e-02 8.420428539295808136e-05 2.219712651158441878e-04
1.300000000000000000e+01 4.022836178272499313e-02 8.841117360366833322e-02 7.877902692220904940e-05 1.876186554165855521e-04
1.400000000000000000e+01 4.342334393548841209e-02 9.028707050931358835e-02 7.612445826786220723e-05 1.652354371504664735e-04
1.500000000000000000e+01 3.862313648226103208e-02 8.151336895403586691e-02 7.492224924112421153e-05 1.531912131561339154e-04
1.600000000000000000e+01 3.300111211409016698e-02 6.858415786720348239e-02 7.412911561083525779e-05 1.478883399045667776e-04
1.700000000000000000e+01 2.720012193899709260e-02 5.968494338596976034e-02 7.332348751292922548e-05 1.451030558865162769e-04
1.800000000000000000e+01 2.330461937326883462e-02 5.309866770580216194e-02 7.256979389100819263e-05 1.412546084167269384e-04
1.900000000000000000e+01 1.994930854016958854e-02 4.664167646152305585e-02 7.207322206758715077e-05 1.356067055214471204e-04
2.000000000000000000e+01 1.893924822014920323e-02 4.210933111650701222e-02 7.196327885390836360e-05 1.301428710234640775e-04
2.100000000000000000e+01 1.728906456415396295e-02 4.016878537735647792e-02 7.227505840718568555e-05 1.268414772055403159e-04
2.200000000000000000e+01 1.551211459275139357e-02 3.845274656466905056e-02 7.291807913792126849e-05 1.258727864987809961e-04
2.300000000000000000e+01 1.362314219194266790e-02 3.412233969586490889e-02 7.376079882034428906e-05 1.257915848400184707e-04
2.400000000000000000e+01 1.130474167258810163e-02 2.667230070387523189e-02 7.466885376884762259e-05 1.246853843967526314e-04
2.500000000000000000e+01 7.747190563610908097e-03 1.729350505602344004e-02 7.549183038749471351e-05 1.214333850954737125e-04
2.600000000000000000e+01 3.990847342988700433e-03 7.850214076832165086e-03 7.609699707966505991e-05 1.162592692667677364e-04
2.700000000000000000e+01 7.980983191185661140e-04 7.440593373520222522e-05 7.645314091197319233e-05 1.102095841281851269e-04
2.800000000000000000e+01 -1.489103160568968146e-03 -5.488065510457296528e-03 7.665779491549610646e-05 1.043141709305678001e-04
2.900000000000000000e+01 -3.468787860532000344e-03 -1.002194861210511587e-02 7.691700856977873909e-05 9.929574910341635934e-05
3.000000000000000000e+01 -6.043807844510734779e-03 -1.612088828129117427e-02 7.756610548109860984e-05 9.540039679812799365e-05
3.100000000000000000e+01 -9.392654416729158406e-03 -2.683194103891891474e-02 7.912539881575578226e-05 9.267830081846973927e-05
3.200000000000000000e+01 -1.492963997938305878e-02 -4.394625893359101892e-02 8.216083491474785187e-05 9.100231379096521069e-05
3.300000000000000000e+01 -2.235679569384473042e-02 -6.636895068132010744e-02 8.688287318056069270e-05 9.017576484045927330e-05
3.400000000000000000e+01 -3.007836319278296699e-02 -8.994607069404307598e-02 9.275535108569167608e-05 9.000568812354730924e-05
3.500000000000000000e+01 -3.626245562951828372e-02 -1.090898995924636239e-01 9.848811991004842599e-05 9.012216190202469366e-05
3.600000000000000000e+01 -4.068553489851702010e-02 -1.194425577521202042e-01 1.025819728680997051e-04 9.020949697886477560e-05
3.700000000000000000e+01 -4.115849178739851288e-02 -1.191726910861725663e-01 1.039372732297485775e-04 9.000257583814752027e-05
3.800000000000000000e+01 -3.757767006794944520e-02 -1.090841020210501500e-01 1.022226581123154420e-04 8.942950532528136192e-05
3.900000000000000000e+01 -3.173681712289454226e-02 -9.157835734360743329e-02 9.785368878135562709e-05 8.846370786868109400e-05
4.000000000000000000e+01 -2.431929696198252555e-02 -7.005011071812571044e-02 9.173550044919325029e-05 8.727445589009428920e-05
4.100000000000000000e+01 -1.607100584914576691e-02 -4.791972522807082940e-02 8.487898173083614729e-05 8.600582269690009373e-05
4.200000000000000000e+01 -7.957774974601160983e-03 -2.795186140963887289e-02 7.810984073522080171e-05 8.470824474632525998e-05
4.300000000000000000e+01 -1.511458578314340672e-03 -1.187409554145279350e-02 7.190864908373789265e-05 8.326793130719511364e-05
4.400000000000000000e+01 2.895736957491783659e-03 -1.847220507254153886e-04 6.641770009406991319e-05 8.160235855384343113e-05
4.500000000000000000e+01 5.987686846693982164e-03 7.597611856431090750e-03 6.156193330128308821e-05 7.953556605089623615e-05
4.600000000000000000e+01 8.167280425351688619e-03 1.241736015335636115e-02 5.723058615020365009e-05 7.706035852560950733e-05
4.700000000000000000e+01 8.925260441226309793e-03 1.520771292731373618e-02 5.340358376651242143e-05 7.437617767934521628e-05
