# freqs 	 pli 	 dpli 	 meanpower(thalamus)	 meanpower(scalp)	pli
8.000000000000000000e+00 -3.416856492027334907e-02 -8.795093124296153586e-02 8.823098572734851491e-05 2.771201006953707188e-04
9.000000000000000000e+00 -4.812158623868016249e-04 -3.992504562837825843e-02 8.313795907435751612e-05 2.735840759843762363e-04
1.000000000000000000e+01 2.761703605115444632e-02 3.895372426127771681e-02 7.965181870263205572e-05 2.682135903888849715e-04
1.100000000000000000e+01 3.224533302604287027e-02 4.926773373440009735e-02 8.210915636278266240e-05 2.893300356180154506e-04
1.200000000000000000e+01 1.111621497473587461e-02 3.046777109762658503e-02 8.864409619921439338e-05 3.222266355216499550e-04
1.300000000000000000e+01 1.381255009733196003e-02 3.599377317281865496e-02 9.559051793688631631e-05 3.446491346364729635e-04
1.400000000000000000e+01 1.619267888755639151e-02 2.619572637715754382e-02 1.017114807397910905e-04 3.543441480726152934e-04
1.500000000000000000e+01 7.357802348113530282e-03 8.676920887527795473e-03 1.093958177048118941e-04 3.556264376334441861e-04
1.600000000000000000e+01 2.189864057789659476e-03 1.648065522328467578e-02 1.150313170794600498e-04 3.491809580721786537e-04
1.700000000000000000e+01 6.447674748736585346e-03 3.838874876258800001e-02 1.139659134100001942e-04 3.328528541513920487e-04
1.800000000000000000e+01 2.163598863128947045e-02 6.281422412805168221e-02 1.090671862765718359e-04 3.118707948353973227e-04
1.900000000000000000e+01 5.028345754506656495e-02 1.065823238415215674e-01 1.067505193738131961e-04 2.928429015932764085e-04
2.000000000000000000e+01 9.082759878574166168e-02 1.870021766326747104e-01 1.097935530284241591e-04 2.768693331751010149e-04
2.100000000000000000e+01 1.413911881718076247e-01 2.738617436802382454e-01 1.160084113637753505e-04 2.622268184463468345e-04
2.200000000000000000e+01 1.723535545812831526e-01 3.219718671181767689e-01 1.201410101443466398e-04 2.471198383407365831e-04
2.300000000000000000e+01 1.689776859166228495e-01 3.192026429009940935e-01 1.185893101231200544e-04 2.308785492554848247e-04
2.400000000000000000e+01 1.437659355674822947e-01 2.775005751175848578e-01 1.117601061246110663e-04 2.145124027670013188e-04
2.500000000000000000e+01 1.095197480091540942e-01 2.205543180539404624e-01 1.022881375684797406e-04 1.994658109024090927e-04
2.600000000000000000e+01 7.960782658845705351e-02 1.690301695805780380e-01 9.299136168000127428e-05 1.866346659670150979e-04
2.700000000000000000e+01 5.815421027037814827e-02 1.327684507564961536e-01 8.551071370044723799e-05 1.764628627428283284e-04
2.800000000000000000e+01 4.727832534803134285e-02 1.125594806284959531e-01 8.011174651936533270e-05 1.688335195602914246e-04
2.900000000000000000e+01 4.046775087913861979e-02 1.040250841989791425e-01 7.631055876478255078e-05 1.630782878920855367e-04
3.000000000000000000e+01 3.757625769944888255e-02 1.020248655113112357e-01 7.350241821216856541e-05 1.583149017104115545e-04
3.100000000000000000e+01 4.072575894435062627e-02 1.017142228405603366e-01 7.112033681357825873e-05 1.538971979244842638e-04
3.200000000000000000e+01 4.027867335781771391e-02 9.951412118529942563e-02 6.879921332293440698e-05 1.494385331393842311e-04
3.300000000000000000e+01 3.889078852222851296e-02 9.375488734990387873e-02 6.637293824639882152e-05 1.448701602932760894e-04
3.400000000000000000e+01 3.559924034039024798e-02 8.458363503647772785e-02 6.385138821708412631e-05 1.402652813264408888e-04
3.500000000000000000e+01 3.227053031872889610e-02 7.400114507395416652e-02 6.131558099195747054e-05 1.357177434787583371e-04
3.600000000000000000e+01 2.932448699644467013e-02 6.461712603678160249e-02 5.888768820253383372e-05 1.313325337426236481e-04
3.700000000000000000e+01 2.912004567411296402e-02 5.816315194886106932e-02 5.665790712145190477e-05 1.272597559834889262e-04
3.800000000000000000e+01 2.528228953102317975e-02 5.497973007063732681e-02 5.467035173175058087e-05 1.235682113237436129e-04
3.900000000000000000e+01 2.382363797018130502e-02 5.434995069786469762e-02 5.295007407304286502e-05 1.202731583876708363e-04
4.000000000000000000e+01 2.581813810858936756e-02 5.506172794285995459e-02 5.147484297093441152e-05 1.173361001527271110e-04
4.100000000000000000e+01 2.641139286492770466e-02 5.592525704718265267e-02 5.018976277397158627e-05 1.147043062551535934e-04
4.200000000000000000e+01 2.423570233249427996e-02 5.620026526653833926e-02 4.901110059159186175e-05 1.121833821139812915e-04
4.300000000000000000e+01 2.305953741238130072e-02 5.559884123167853354e-02 4.781866704574953678e-05 1.094959949484661661e-04
4.400000000000000000e+01 2.122061846456341216e-02 5.438314387356540935e-02 4.648000116140617853e-05 1.063141657332151687e-04
4.500000000000000000e+01 2.142380491019201319e-02 5.277175685362668622e-02 4.489079565763131859e-05 1.023946894340540452e-04
4.600000000000000000e+01 2.243913604162363351e-02 5.086445299732081371e-02 4.304672610364900957e-05 9.770357048476346982e-05
4.700000000000000000e+01 2.302414032698688051e-02 4.864584311285895246e-02 4.106708669721493009e-05 9.245095306631018206e-05
