# freqs 	 pli 	 dpli 	 meanpower(thalamus)	 meanpower(scalp)	pli
8.000000000000000000e+00 4.310142243358900532e-02 1.990707849338447244e-01 3.596064406873296093e+02 2.827628171504430838e+02
9.000000000000000000e+00 7.470918335928847243e-02 2.509910385453190118e-01 3.425925924269650977e+02 2.870716916195327713e+02
1.000000000000000000e+01 6.882445926923150270e-02 1.900052607797710069e-01 3.107613280657415658e+02 2.692999650672769576e+02
1.100000000000000000e+01 5.263672121227402217e-02 1.063681363267751923e-01 3.253944889171332875e+02 2.593517667197229457e+02
1.200000000000000000e+01 1.130951852024151064e-02 -1.068665127323392972e-01 3.982871231092438506e+02 2.718730508712932874e+02
1.300000000000000000e+01 -3.961348834782196793e-02 -3.166172337976656537e-01 4.690873681333641230e+02 3.081359584353392620e+02
1.400000000000000000e+01 -7.510994144450541810e-02 -4.060817975529055768e-01 4.652337215326122646e+02 3.151587123952160141e+02
1.500000000000000000e+01 -8.818595650859541168e-02 -3.969573308188312777e-01 3.817061221446645618e+02 2.679319149932904338e+02
1.600000000000000000e+01 -7.834671165017795258e-02 -3.084746668175226136e-01 2.810254483258866571e+02 2.040281300936820514e+02
1.700000000000000000e+01 -5.507491021016648614e-02 -1.946061375905568935e-01 2.087192617556861478e+02 1.573341224284163218e+02
1.800000000000000000e+01 -3.449920582127619095e-02 -1.231856632928523543e-01 1.693470911835970867e+02 1.324794348651586802e+02
1.900000000000000000e+01 -2.290986675781966561e-02 -9.047737990810196529e-02 1.491239353271742516e+02 1.201724835437145060e+02
2.000000000000000000e+01 -1.620826734134180047e-02 -7.060278354737564710e-02 1.363857002500277531e+02 1.127693784681042786e+02
2.100000000000000000e+01 -1.174975227654477539e-02 -5.095151788307137469e-02 1.267935803296327890e+02 1.071796652941527839e+02
2.200000000000000000e+01 -6.234272076372314626e-03 -2.525490930634434472e-02 1.200772313487047285e+02 1.027035948070134026e+02
2.300000000000000000e+01 -1.505000695300152350e-03 7.548268164207535061e-03 1.168215807359276681e+02 9.918563086681712093e+01
2.400000000000000000e+01 2.026649823191748866e-03 3.843557052380128930e-02 1.161752967238927852e+02 9.632236743560525838e+01
2.500000000000000000e+01 -4.195711830398933805e-05 5.318455616294015531e-02 1.159523356272224959e+02 9.371196641729152077e+01
2.600000000000000000e+01 -4.802590762354770268e-03 4.553770984852668902e-02 1.145021342699784554e+02 9.095825204872983250e+01
2.700000000000000000e+01 -1.034780120131870151e-02 2.194195682480097956e-02 1.112882962020231474e+02 8.777376458963836114e+01
2.800000000000000000e+01 -1.642269205806773727e-02 -4.469045840669316760e-03 1.065548469315535272e+02 8.409554824932224903e+01
2.900000000000000000e+01 -1.956458078783411200e-02 -2.319138085552916242e-02 1.010324340203993074e+02 8.013361026377425844e+01
3.000000000000000000e+01 -2.040144830134700549e-02 -3.089443729947102465e-02 9.552024971630018513e+01 7.625683432139022955e+01
3.100000000000000000e+01 -1.922565238692499831e-02 -2.997334719098165151e-02 9.063846013439038529e+01 7.277622414176107668e+01
3.200000000000000000e+01 -1.722357224292515171e-02 -2.437153457391717792e-02 8.670798534878608166e+01 6.985914003054783450e+01
3.300000000000000000e+01 -1.593805213723600150e-02 -1.702929131232404011e-02 8.378263568430605801e+01 6.749270430189703518e+01
3.400000000000000000e+01 -1.316283664832078662e-02 -9.417810129539879241e-03 8.175103541794514683e+01 6.555749059439548887e+01
3.500000000000000000e+01 -1.007317789847996144e-02 -2.154876211622287416e-03 8.035969907875693252e+01 6.393194712184469353e+01
3.600000000000000000e+01 -7.138999771249519150e-03 4.357283597946707762e-03 7.932443860035445482e+01 6.252224521919876565e+01
3.700000000000000000e+01 -4.052980032669932162e-03 9.768708085491531468e-03 7.837619427511137360e+01 6.126100674374019661e+01
3.800000000000000000e+01 -2.584575708751369640e-03 1.390257368729825790e-02 7.734780370876814004e+01 6.011545329432190243e+01
3.900000000000000000e+01 -1.414581789419008502e-03 1.681157673844593456e-02 7.614929771634939470e+01 5.906865653965573415e+01
4.000000000000000000e+01 -1.053365242555955907e-03 1.887531996847772314e-02 7.478700716255610814e+01 5.810106527723110759e+01
4.100000000000000000e+01 -1.207903123263733176e-03 2.056142277024803136e-02 7.328996796069070285e+01 5.717975578733274489e+01
4.200000000000000000e+01 -9.432841486075010506e-04 2.223090725719558888e-02 7.167001151042120455e+01 5.623607233103968639e+01
4.300000000000000000e+01 -1.364538449876809639e-05 2.400860572993780001e-02 6.988586169319997055e+01 5.516399580125597879e+01
4.400000000000000000e+01 1.244240196415777495e-03 2.584076607650389115e-02 6.787506347838360909e+01 5.384868653858635668e+01
4.500000000000000000e+01 2.663701190230085680e-03 2.746286496535545879e-02 6.556730133646702541e+01 5.221895374853558280e+01
4.600000000000000000e+01 3.464615039231762252e-03 2.853619996041413531e-02 6.298450829564047382e+01 5.030479906815923385e+01
4.700000000000000000e+01 3.976993606725406742e-03 2.865944460362120777e-02 6.028659485680966412e+01 4.826642455712976698e+01
