# freqs 	 pli 	 dpli 	 meanpower(thalamus)	 meanpower(scalp)	pli
8.000000000000000000e+00 6.371155750007983544e-03 8.445192967064021547e-03 1.240950894107298883e-04 3.737177057665967759e-04
9.000000000000000000e+00 1.182799131656237998e-02 1.410433216806925016e-02 1.101241783948390398e-04 2.745472469421718288e-04
1.000000000000000000e+01 2.709646533152477305e-02 4.945025039329962319e-02 1.019406884935247277e-04 1.977761644830245704e-04
1.100000000000000000e+01 1.300255264837268596e-02 1.500500605679305939e-02 9.535722051054428808e-05 1.613297705933515664e-04
1.200000000000000000e+01 -7.321508326421233802e-03 -2.236067475302514623e-02 9.102463255074244532e-05 1.450547977849425837e-04
1.300000000000000000e+01 2.671366144620586445e-03 -4.177855749858018844e-03 8.814070522092594710e-05 1.372625577974239742e-04
1.400000000000000000e+01 1.299612508172409871e-02 1.186868268887365276e-02 8.597974924247246480e-05 1.337890488033120480e-04
1.500000000000000000e+01 3.860933065467649083e-02 2.894702098596355425e-02 8.382059397393365745e-05 1.286527621046012831e-04
1.600000000000000000e+01 3.415703467516938846e-02 3.762191197967329481e-02 8.171474617411553492e-05 1.200879420940486372e-04
1.700000000000000000e+01 3.210533866828203103e-02 2.426213553652804139e-02 8.058016997151169617e-05 1.092986091791019746e-04
1.800000000000000000e+01 1.864957918898240211e-02 -1.270180292503936530e-03 7.959186405206994191e-05 9.841317385357203592e-05
1.900000000000000000e+01 -5.180025820436396766e-04 -2.595648206871828401e-02 7.830999261604373418e-05 8.951159295149399369e-05
2.000000000000000000e+01 -1.400908438919435881e-02 -3.772323578214724360e-02 7.723865477034403142e-05 8.249311913524685859e-05
2.100000000000000000e+01 -1.855806467035331364e-02 -3.677745221505171469e-02 7.682186678192327032e-05 7.664199104405506225e-05
2.200000000000000000e+01 -7.888194798572157468e-03 -3.579145670850538558e-02 7.717032447962180939e-05 7.169133116646535968e-05
2.300000000000000000e+01 -8.573022069954585114e-03 -3.845701791015777166e-02 7.803364866840630497e-05 6.748037594044317504e-05
2.400000000000000000e+01 -7.250071704005863447e-03 -3.642118442490326069e-02 7.965375612320703326e-05 6.361062211260690863e-05
2.500000000000000000e+01 -1.099408868564873132e-02 -2.653241861684082006e-02 8.285821609824098463e-05 5.994898736891512650e-05
2.600000000000000000e+01 -1.999585743192645350e-03 -1.298975849331675606e-02 8.907782922876990642e-05 5.656751977997205664e-05
2.700000000000000000e+01 2.182710384603128891e-03 1.691140406504271481e-03 9.859969965287390821e-05 5.354521281511040633e-05
2.800000000000000000e+01 1.601134335967371912e-03 1.814527491654423230e-02 1.091354492394269130e-04 5.097690670866675380e-05
2.900000000000000000e+01 -3.265891349370718378e-04 3.513706570019890785e-02 1.172156160035610351e-04 4.879112867816097558e-05
3.000000000000000000e+01 9.877172579694445693e-04 4.921484293945094235e-02 1.204049131393269506e-04 4.683998547929775155e-05
3.100000000000000000e+01 1.895719497236072765e-03 5.743351475741782092e-02 1.183767666281760949e-04 4.508621697101388397e-05
3.200000000000000000e+01 5.583432895260852583e-03 5.896062121693725067e-02 1.123899908229826857e-04 4.349026666565757862e-05
3.300000000000000000e+01 4.316936408818656395e-03 5.523831921178687376e-02 1.043930915325340359e-04 4.205641167437674247e-05
3.400000000000000000e+01 4.173436554206887833e-03 4.836836129510559135e-02 9.613345892330587433e-05 4.077219552233899650e-05
3.500000000000000000e+01 3.440640978671211797e-03 4.034887571793863842e-02 8.878835694923617797e-05 3.967212023451801607e-05
3.600000000000000000e+01 6.506849315068493310e-03 3.288789536440071132e-02 8.296249518428305987e-05 3.872093537259542066e-05
3.700000000000000000e+01 9.174750322549815595e-03 2.666966563184215711e-02 7.865924973855675946e-05 3.788849911139168214e-05
3.800000000000000000e+01 5.399550833824443008e-03 2.129563709741269170e-02 7.557363750156113273e-05 3.715388860425310180e-05
3.900000000000000000e+01 2.882900101936799152e-03 1.629060919203831337e-02 7.340772377864050670e-05 3.647616587445619366e-05
4.000000000000000000e+01 2.070558254360117941e-04 1.159409593540208262e-02 7.186264907307647945e-05 3.584369921570262630e-05
4.100000000000000000e+01 4.539228490427802505e-04 7.677434104330030200e-03 7.067254226419673836e-05 3.522680980849875290e-05
4.200000000000000000e+01 -4.873620335419752252e-03 4.975699901673674187e-03 6.962182111324299470e-05 3.458139440609732666e-05
4.300000000000000000e+01 -7.477662573462659674e-03 3.430679705019206490e-03 6.846972989912669194e-05 3.384881383159501534e-05
4.400000000000000000e+01 -2.850863222271771656e-03 2.577613612751039011e-03 6.699832421441181236e-05 3.296807138908440917e-05
4.500000000000000000e+01 1.632451544060265413e-03 1.615401660418121265e-03 6.509659739136065121e-05 3.190875378903152587e-05
4.600000000000000000e+01 -3.185220576524924643e-05 -1.438017333448939397e-04 6.280362046153146571e-05 3.069110565179253254e-05
4.700000000000000000e+01 -5.072382984822665537e-03 -3.082613269477509424e-03 6.034246863316085449e-05 2.940851333295770143e-05
