# freqs 	 pli 	 dpli 	 meanpower(thalamus)	 meanpower(scalp)	pli
8.000000000000000000e+00 -1.467751874704889027e-02 -1.898628615266555533e-02 1.029161254808142855e-04 3.737177057665967759e-04
9.000000000000000000e+00 -2.058087170750046158e-02 -5.177225721330069169e-02 8.675116890400640557e-05 2.745472469421718288e-04
1.000000000000000000e+01 -1.232110018389701717e-02 -2.218402870142970745e-02 8.395281595916305494e-05 1.977761644830245704e-04
1.100000000000000000e+01 -7.353235023778124067e-03 1.482909058171011200e-02 7.984951934274743730e-05 1.613297705933515664e-04
1.200000000000000000e+01 1.669183626179574984e-02 5.305100103780214377e-02 7.392933508249574341e-05 1.450547977849425837e-04
1.300000000000000000e+01 2.744026649411651989e-02 7.365806139671624009e-02 6.919363751024640199e-05 1.372625577974239742e-04
1.400000000000000000e+01 1.828157945179221741e-02 5.327986138104830877e-02 6.621106529220035066e-05 1.337890488033120480e-04
1.500000000000000000e+01 1.647381996182992886e-02 4.235084241840986891e-02 6.391584988009633918e-05 1.286527621046012831e-04
1.600000000000000000e+01 1.778043912175648542e-02 4.515112719083175935e-02 6.174870618831327653e-05 1.200879420940486372e-04
1.700000000000000000e+01 2.377303062234568942e-02 3.817466395649579680e-02 5.990757612272010852e-05 1.092986091791019746e-04
1.800000000000000000e+01 2.141551527342097638e-02 1.923366904321814966e-02 5.871164475082435907e-05 9.841317385357203592e-05
1.900000000000000000e+01 1.909048827595013348e-02 4.353723491149167360e-05 5.809551475234902738e-05 8.951159295149399369e-05
2.000000000000000000e+01 1.686218178916287780e-02 -5.701162052532900842e-03 5.763936593211194516e-05 8.249311913524685859e-05
2.100000000000000000e+01 1.983690014522589834e-02 6.621100701927142701e-03 5.701216411496539424e-05 7.664199104405506225e-05
2.200000000000000000e+01 1.949238416672650909e-02 2.262833939848334433e-02 5.619117606594866321e-05 7.169133116646535968e-05
2.300000000000000000e+01 1.489548428275091693e-02 2.432004335767101733e-02 5.534346251437060888e-05 6.748037594044317504e-05
2.400000000000000000e+01 4.746747082146646202e-03 1.286612652214718343e-02 5.445399571312723358e-05 6.361062211260690863e-05
2.500000000000000000e+01 -3.860942261363455204e-03 1.183849713765437652e-03 5.374568261452587287e-05 5.994898736891512650e-05
2.600000000000000000e+01 -6.197951565042596200e-03 -4.988216496881890845e-03 5.326286590457284285e-05 5.656751977997205664e-05
2.700000000000000000e+01 -5.679053703748016338e-03 -8.992612048921514931e-03 5.299451516775842929e-05 5.354521281511040633e-05
2.800000000000000000e+01 -1.141339458761036520e-02 -1.307180427129792967e-02 5.279730713408283812e-05 5.097690670866675380e-05
2.900000000000000000e+01 -1.264904095386210417e-02 -1.482514427867488889e-02 5.254753032588448813e-05 4.879112867816097558e-05
3.000000000000000000e+01 -9.897278846460586324e-03 -1.222511739457597842e-02 5.220061127355170912e-05 4.683998547929775155e-05
3.100000000000000000e+01 -2.719428361803595193e-03 -6.432823778484306372e-03 5.172680941392259775e-05 4.508621697101388397e-05
3.200000000000000000e+01 2.519936204146730301e-03 -3.189916550045137581e-04 5.107631067210279994e-05 4.349026666565757862e-05
3.300000000000000000e+01 1.491192395716211009e-03 4.106261674205259268e-03 5.032582369243939342e-05 4.205641167437674247e-05
3.400000000000000000e+01 -1.331642864547201476e-03 6.404880158514482738e-03 4.955597841931997191e-05 4.077219552233899650e-05
3.500000000000000000e+01 -3.659936848148502737e-03 7.274857804875707774e-03 4.885067530415213125e-05 3.967212023451801607e-05
3.600000000000000000e+01 -4.640593230474823402e-03 7.709978634220836582e-03 4.821621669124340654e-05 3.872093537259542066e-05
3.700000000000000000e+01 -6.601923168923121144e-03 8.191947967502175368e-03 4.764762089977168751e-05 3.788849911139168214e-05
3.800000000000000000e+01 -7.446740655695879840e-03 8.501198865510326344e-03 4.715053457928186339e-05 3.715388860425310180e-05
3.900000000000000000e+01 -8.068438215057363236e-03 8.013952144168652245e-03 4.673413017095190186e-05 3.647616587445619366e-05
4.000000000000000000e+01 -5.971458183847564577e-03 6.397855596058793504e-03 4.638079996262383926e-05 3.584369921570262630e-05
4.100000000000000000e+01 -4.823292116109795247e-03 3.922623574995232933e-03 4.602838663530980099e-05 3.522680980849875290e-05
4.200000000000000000e+01 -3.459931758027998301e-03 1.221890850384728128e-03 4.559786841720238348e-05 3.458139440609732666e-05
4.300000000000000000e+01 -4.799260180490449480e-03 -1.031832283266864931e-03 4.498595128190322921e-05 3.384881383159501534e-05
4.400000000000000000e+01 -5.269493538692113579e-03 -2.322692181853535168e-03 4.410914100735550508e-05 3.296807138908440917e-05
4.500000000000000000e+01 -2.877824014285486603e-03 -2.459306205887189754e-03 4.290931103767599438e-05 3.190875378903152587e-05
4.600000000000000000e+01 1.490693132448483353e-03 -1.330029141623614896e-03 4.143264300211728216e-05 3.069110565179253254e-05
4.700000000000000000e+01 6.871372999170971378e-03 1.235286231859821209e-03 3.983330363871917854e-05 2.940851333295770143e-05
