# freqs 	 pli 	 dpli 	 meanpower(thalamus)	 meanpower(scalp)	pli
8.000000000000000000e+00 -2.232646598478506272e-02 -1.668359440103259900e-02 4.354730727970442948e-05 1.315797048029890509e-04
9.000000000000000000e+00 -2.789380240156300386e-02 -3.959949335148579136e-02 4.418175922770882833e-05 1.135709888523084662e-04
1.000000000000000000e+01 -3.394265550818686972e-02 -4.349474240260239877e-02 5.338766281288028051e-05 1.068817756358051991e-04
1.100000000000000000e+01 -4.344774372927584505e-02 -3.806651481535122672e-02 6.373482941644857767e-05 1.070723594408030705e-04
1.200000000000000000e+01 -5.645097671384943089e-02 -7.385177863839816059e-02 6.019512109836159240e-05 1.104434126667024041e-04
1.300000000000000000e+01 -7.643360751502373263e-02 -1.633486650323554001e-01 4.916176782281589977e-05 1.178246253301295718e-04
1.400000000000000000e+01 -8.458055378340760544e-02 -2.397789921712063232e-01 4.057982286964745386e-05 1.220086361079103656e-04
1.500000000000000000e+01 -8.138340888142669982e-02 -2.392484105229281399e-01 3.596576652534942486e-05 1.154704747483985700e-04
1.600000000000000000e+01 -6.684106407523213167e-02 -1.844700199346700764e-01 3.354209422948976248e-05 1.016413471514890176e-04
1.700000000000000000e+01 -4.764765363831866690e-02 -1.218018801830320491e-01 3.217436843161818852e-05 8.759171614140387745e-05
1.800000000000000000e+01 -3.282451407757940032e-02 -7.443386989644640295e-02 3.142145814276080560e-05 7.732149924547411784e-05
1.900000000000000000e+01 -2.148542989665750552e-02 -4.554308025809501725e-02 3.116216758206879085e-05 7.110727409996830386e-05
2.000000000000000000e+01 -1.435202323125540913e-02 -2.838044305974935649e-02 3.145500128865717218e-05 6.733893060304454645e-05
2.100000000000000000e+01 -8.756481845195023331e-03 -1.692285662761401285e-02 3.211773058734947232e-05 6.442531524791252594e-05
2.200000000000000000e+01 -4.960501450531873933e-03 -9.137815907227390955e-03 3.262974210918833913e-05 6.155591554517914196e-05
2.300000000000000000e+01 -2.893634736241145269e-03 -4.352310717761245264e-03 3.258134273014222517e-05 5.863081298177227451e-05
2.400000000000000000e+01 -7.597249964549296700e-04 -1.675358507040728036e-03 3.195073303751766675e-05 5.589351199925928892e-05
2.500000000000000000e+01 3.182781209986384270e-04 1.051680139344594959e-04 3.103142660777254017e-05 5.354541460355259028e-05
2.600000000000000000e+01 4.060936959351391638e-04 2.041954419942984805e-03 3.015064261438084423e-05 5.160349874067577297e-05
2.700000000000000000e+01 -3.707106664251572526e-04 4.243029481541307421e-03 2.948915510893151249e-05 4.994506868435307645e-05
2.800000000000000000e+01 -1.161690633339094926e-04 5.997695061915568095e-03 2.909386238813010231e-05 4.841954147574157577e-05
2.900000000000000000e+01 6.672568649960726765e-04 6.666033663772847478e-03 2.892962212836357934e-05 4.695116554647436099e-05
3.000000000000000000e+01 1.396512040905813386e-03 6.469505284184278934e-03 2.892837824478441619e-05 4.553577429614142849e-05
3.100000000000000000e+01 7.104320578761064587e-04 6.042136432876934853e-03 2.902864784387137689e-05 4.420741366973728455e-05
3.200000000000000000e+01 1.056567137779693480e-03 5.874704098396145956e-03 2.918395151712808812e-05 4.299813956762091251e-05
3.300000000000000000e+01 1.223591229003988517e-03 6.004181328458184190e-03 2.935982095118486830e-05 4.191980166624298794e-05
3.400000000000000000e+01 1.569746847145361574e-03 6.122808291763709963e-03 2.953325870167902291e-05 4.097796125258106390e-05
3.500000000000000000e+01 1.974258696704249850e-03 5.900602215855516204e-03 2.969447729331268872e-05 4.017729369258642321e-05
3.600000000000000000e+01 1.947286398468869775e-03 5.149808899613869152e-03 2.984293858106086382e-05 3.950934893315343242e-05
3.700000000000000000e+01 1.618294072079327905e-03 3.921240127026767892e-03 2.998431011915472769e-05 3.894769443806775095e-05
3.800000000000000000e+01 1.712686646198902270e-03 2.401092668922940980e-03 3.012719844434261468e-05 3.846940575735314594e-05
3.900000000000000000e+01 3.917280530141131062e-04 7.874743107721466533e-04 3.027418320160232441e-05 3.804862709606912917e-05
4.000000000000000000e+01 -8.920914221286650248e-05 -7.679040871016296456e-04 3.042039060967550483e-05 3.766953546497800269e-05
4.100000000000000000e+01 -7.688964789488586873e-04 -2.154893633607646991e-03 3.054772787490384755e-05 3.731276231560930998e-05
4.200000000000000000e+01 -1.596128816102649912e-03 -3.305961262689620980e-03 3.061856829770617973e-05 3.693988415931942119e-05
4.300000000000000000e+01 -2.003499565833473991e-03 -4.207491785895235009e-03 3.056682251909373371e-05 3.648356716808852542e-05
4.400000000000000000e+01 -2.552507398674000363e-03 -4.913883839955264163e-03 3.031947104666747402e-05 3.586500566694441515e-05
4.500000000000000000e+01 -3.092243274956351685e-03 -5.490438027878905176e-03 2.983447004467935996e-05 3.502475419304600302e-05
4.600000000000000000e+01 -3.662797799024202893e-03 -5.990580698459281421e-03 2.914291314992811544e-05 3.397644520032528959e-05
4.700000000000000000e+01 -3.766451179528428235e-03 -6.410525794179307638e-03 2.836408760454298578e-05 3.283001189741572651e-05
