# freqs 	 pli 	 dpli 	 meanpower(thalamus)	 meanpower(scalp)	pli
8.000000000000000000e+00 -1.632651670771630981e-01 -3.318509278590700551e-01 1.288373768526451725e-04 2.726131703981780441e-04
9.000000000000000000e+00 -1.338096696267565000e-01 -2.689784901285088292e-01 1.041056097047074100e-04 2.433648351306873247e-04
1.000000000000000000e+01 -6.426278210887163833e-02 -9.828479365131893852e-02 8.778266459773029066e-05 2.088763864565257539e-04
1.100000000000000000e+01 3.353772952118310932e-03 3.076208179858282848e-02 8.176474895450788045e-05 1.766111436904821137e-04
1.200000000000000000e+01 1.834379772611573201e-02 5.339696499475831554e-02 7.913602596364164644e-05 1.558017039040642221e-04
1.300000000000000000e+01 1.203785360558985197e-02 2.775875143665300013e-02 7.579958307836403100e-05 1.465832156647101732e-04
1.400000000000000000e+01 1.048231533055567731e-02 1.876908960431830989e-02 7.269796745503417381e-05 1.451299143190108558e-04
1.500000000000000000e+01 1.252829626014937726e-02 1.947042666696543328e-02 7.103099298692307738e-05 1.477022038815501142e-04
1.600000000000000000e+01 9.576201428808547161e-03 1.243115294372386034e-02 7.085623469064198873e-05 1.526579229645108344e-04
1.700000000000000000e+01 -2.590471804492182947e-03 -8.128447417744018647e-03 7.165046251304742642e-05 1.576598816552990227e-04
1.800000000000000000e+01 -1.747134374640315832e-02 -4.629990894821060105e-02 7.254689677642397311e-05 1.612741905758466223e-04
1.900000000000000000e+01 -2.933840525512465894e-02 -8.197221111512144331e-02 7.276723584275168960e-05 1.624177773178241352e-04
2.000000000000000000e+01 -3.649454747234825991e-02 -9.913888714081339759e-02 7.220643112893023764e-05 1.600589023559381848e-04
2.100000000000000000e+01 -4.411406535417089492e-02 -1.028034115572966783e-01 7.105604215423937380e-05 1.543979679228240775e-04
2.200000000000000000e+01 -4.554002042790370602e-02 -1.042535199802325091e-01 6.969610202596671371e-05 1.467660971157820746e-04
2.300000000000000000e+01 -4.705965894681315292e-02 -1.092702907863411788e-01 6.840939814101682046e-05 1.381588238608737695e-04
2.400000000000000000e+01 -4.978227649532773746e-02 -1.152547019640633996e-01 6.721088046824611091e-05 1.290442141802203323e-04
2.500000000000000000e+01 -4.982338724670012930e-02 -1.167860125955349632e-01 6.605168607942341129e-05 1.196814650028036724e-04
2.600000000000000000e+01 -4.744104933368933213e-02 -1.100348942366932287e-01 6.486514865404820098e-05 1.106251227008609925e-04
2.700000000000000000e+01 -4.326552679597215484e-02 -9.490691921085341043e-02 6.371587236318641747e-05 1.022914905806942729e-04
2.800000000000000000e+01 -3.619863638513673432e-02 -7.600146371938723555e-02 6.264949469407211306e-05 9.495261980097692144e-05
2.900000000000000000e+01 -3.011989176297307294e-02 -5.919817433855807665e-02 6.166366107333963334e-05 8.864267195233076885e-05
3.000000000000000000e+01 -2.399024446268540819e-02 -4.769820990753539935e-02 6.077791340492802577e-05 8.329299700683627625e-05
3.100000000000000000e+01 -2.029877362983277880e-02 -4.184450320748825392e-02 5.996567360155126625e-05 7.881709643070170879e-05
3.200000000000000000e+01 -2.141721008925526193e-02 -4.011588113249037191e-02 5.920523546557519937e-05 7.511052917582687345e-05
3.300000000000000000e+01 -2.461023107548195726e-02 -4.049459031367349388e-02 5.850607534338069605e-05 7.201745259311113988e-05
3.400000000000000000e+01 -2.362438676872275628e-02 -4.124033851428112601e-02 5.790055248207877435e-05 6.940687771028127863e-05
3.500000000000000000e+01 -2.257956697738329466e-02 -4.159476182425937002e-02 5.740335267772547626e-05 6.717103946575714388e-05
3.600000000000000000e+01 -2.494117488192777732e-02 -4.165522572392636041e-02 5.697018569669948430e-05 6.520031087165822166e-05
3.700000000000000000e+01 -2.400105321077380602e-02 -4.183656964210417245e-02 5.656156671403261079e-05 6.337721750686055842e-05
3.800000000000000000e+01 -2.173641558406491300e-02 -4.242175985485338585e-02 5.615563168107462179e-05 6.165401325872087927e-05
3.900000000000000000e+01 -1.900795485610721688e-02 -4.331042279892813318e-02 5.574880752264335345e-05 6.000241220513267005e-05
4.000000000000000000e+01 -2.008322168488476875e-02 -4.420499648587258162e-02 5.533273232709849692e-05 5.840187434275523250e-05
4.100000000000000000e+01 -1.868143363805397153e-02 -4.488709169818337619e-02 5.486854052549675461e-05 5.681469982041996550e-05
4.200000000000000000e+01 -1.981731492760420779e-02 -4.522580339432220875e-02 5.428984978307770142e-05 5.518936938725703861e-05
4.300000000000000000e+01 -2.033020984825733776e-02 -4.512237134748918466e-02 5.350899924304881574e-05 5.345440654386510767e-05
4.400000000000000000e+01 -2.067974235517600762e-02 -4.441334713309546406e-02 5.242541236744250021e-05 5.153329987736267022e-05
4.500000000000000000e+01 -1.980114508581395927e-02 -4.302931370465561817e-02 5.098902433366301685e-05 4.936504391545154920e-05
4.600000000000000000e+01 -1.805901820745773809e-02 -4.101954978313655104e-02 4.924956736689904311e-05 4.697348170141258267e-05
4.700000000000000000e+01 -1.674892135597108242e-02 -3.847637504961194665e-02 4.739387706953148192e-05 4.448149064383793256e-05
