# freqs 	 pli 	 dpli 	 meanpower(thalamus)	 meanpower(scalp)	pli
8.000000000000000000e+00 -1.656150821434602960e-02 -4.098106428048136490e-02 4.873043310665611236e-05 1.693001606969616734e-04
9.000000000000000000e+00 3.906488827744881813e-03 -3.918887160417321158e-03 4.446528798741153506e-05 1.554595844642027739e-04
1.000000000000000000e+01 7.078581759602765693e-03 1.127698817325067417e-02 4.502000495369375870e-05 1.398913847438682271e-04
1.100000000000000000e+01 7.356948881803859405e-03 1.800228323949733950e-02 4.618510054982376956e-05 1.281588202770449257e-04
1.200000000000000000e+01 3.803298205469455781e-03 1.803833003192506501e-02 4.641410055787414756e-05 1.241567457701080711e-04
1.300000000000000000e+01 6.442024083967182577e-06 5.938152083508410617e-04 4.560758143839917613e-05 1.242115649819099370e-04
1.400000000000000000e+01 -5.399791513415046727e-03 -1.430695654365973443e-02 4.455527702293420365e-05 1.241395146578219732e-04
1.500000000000000000e+01 -1.072999605616245349e-02 -2.648146993505565844e-02 4.402306958691006147e-05 1.230192516887086750e-04
1.600000000000000000e+01 -1.544386998531824262e-02 -3.700276497952092319e-02 4.406069161957701326e-05 1.222800637948359519e-04
1.700000000000000000e+01 -1.898106926426886693e-02 -4.329928153146003073e-02 4.432140127694152339e-05 1.229816334002117634e-04
1.800000000000000000e+01 -1.875506834181484700e-02 -4.340533524327616632e-02 4.443617486428923989e-05 1.249459337769115918e-04
1.900000000000000000e+01 -1.805334479309374587e-02 -3.810628299562170834e-02 4.425395961322540740e-05 1.273657273794449765e-04
2.000000000000000000e+01 -1.522794011448345454e-02 -2.950588824455223011e-02 4.380788219999961217e-05 1.291034819343442525e-04
2.100000000000000000e+01 -9.778473488150907916e-03 -2.041107544579819771e-02 4.323384417313880603e-05 1.292851901641726097e-04
2.200000000000000000e+01 -4.717606693685736513e-03 -1.244375032629431096e-02 4.261811927192795041e-05 1.276017828250680609e-04
2.300000000000000000e+01 -1.826744113330390582e-03 -5.338200728948287559e-03 4.201751239967832540e-05 1.242014522044547617e-04
2.400000000000000000e+01 8.496447773431970666e-04 9.303407679027984097e-04 4.150790247281102130e-05 1.194572618150971274e-04
2.500000000000000000e+01 3.664561467056433666e-03 5.796111330295900498e-03 4.116356391463770847e-05 1.139113340337221514e-04
2.600000000000000000e+01 6.309557040686700029e-03 9.407370501636126703e-03 4.103318398251976919e-05 1.081211864878838549e-04
2.700000000000000000e+01 7.147442175900925281e-03 1.311433800473716348e-02 4.113225934696139907e-05 1.025724872815110192e-04
2.800000000000000000e+01 8.600414108262873294e-03 1.834072331983274337e-02 4.142572533622667963e-05 9.758371519006205693e-05
2.900000000000000000e+01 9.849428280312464562e-03 2.535734117077325170e-02 4.184216414490692597e-05 9.333175613276248664e-05
3.000000000000000000e+01 1.391760952476727743e-02 3.363981927321662430e-02 4.229272197929342172e-05 8.990066795705979738e-05
3.100000000000000000e+01 1.797560481105257846e-02 4.256327495256468502e-02 4.268466896186329359e-05 8.720844575217862656e-05
3.200000000000000000e+01 2.353233741562173881e-02 5.105270075422337767e-02 4.291287364814833717e-05 8.502498211303148904e-05
3.300000000000000000e+01 2.583756238286761056e-02 5.710167055395989205e-02 4.288246238621134442e-05 8.311199185249427198e-05
3.400000000000000000e+01 2.674690267560567505e-02 5.848623055137485566e-02 4.255186250659042697e-05 8.132004638062255561e-05
3.500000000000000000e+01 2.554525779767438318e-02 5.418507417873251464e-02 4.195789642164012213e-05 7.959037736279498548e-05
3.600000000000000000e+01 2.339520739186409445e-02 4.506008609333629622e-02 4.120767052650231024e-05 7.795646584091415305e-05
3.700000000000000000e+01 1.828772186979879880e-02 3.340281541437307294e-02 4.042801320451088951e-05 7.648714222543870301e-05
3.800000000000000000e+01 1.127410798422360562e-02 2.179573571086688283e-02 3.971154282393144744e-05 7.524766630357686737e-05
3.900000000000000000e+01 6.123124953106671466e-03 1.209384718323213391e-02 3.910285443670527344e-05 7.423655732643546178e-05
4.000000000000000000e+01 2.693713223568316561e-03 5.013977658735067552e-03 3.859959491114932893e-05 7.342340947847782293e-05
4.100000000000000000e+01 -2.109648669393535386e-04 4.375933782524381158e-04 3.816551079118390418e-05 7.273704423092353501e-05
4.200000000000000000e+01 -1.968976454247002746e-03 -2.158548804152087084e-03 3.773900201819349300e-05 7.205997909367391620e-05
4.300000000000000000e+01 -2.306713913319662686e-03 -3.411947122601563694e-03 3.723333684515376052e-05 7.122507566441505119e-05
4.400000000000000000e+01 -2.987812753489348886e-03 -3.873076378455964086e-03 3.655563341783623314e-05 7.006020365807532496e-05
4.500000000000000000e+01 -3.071363187690839564e-03 -4.013525563573684674e-03 3.564755489965381355e-05 6.844393938578174918e-05
4.600000000000000000e+01 -3.079174326190541652e-03 -4.165314041510654111e-03 3.453139208441475893e-05 6.639964326684935929e-05
4.700000000000000000e+01 -3.068694270405042824e-03 -4.538218493855502612e-03 3.332994968597847014e-05 6.414101244439805922e-05
