# freqs 	 pli 	 dpli 	 meanpower(thalamus)	 meanpower(scalp)	pli
8.000000000000000000e+00 9.087439019702744925e-02 2.732002570792487206e-01 5.306965271877943735e+01 5.544046675440032459e+02
9.000000000000000000e+00 5.802794849053020260e-02 9.820319095489110639e-02 4.811059974886818935e+01 4.387499972391732399e+02
1.000000000000000000e+01 1.817774285214258587e-02 -8.786051752663887396e-03 4.462683114787753880e+01 3.466062342485532213e+02
1.100000000000000000e+01 -4.803496847359936539e-03 -3.890466692458491998e-02 4.259429337723982911e+01 2.906541441023170478e+02
1.200000000000000000e+01 -1.039844260201011270e-02 -3.418187440004195887e-02 4.103886290268597037e+01 2.603669498442727672e+02
1.300000000000000000e+01 -4.825717479432617071e-03 -9.507772009899493823e-03 3.921276494807915469e+01 2.466329805094320875e+02
1.400000000000000000e+01 -7.519820114440963627e-03 -9.212219725047267674e-03 3.725010784681307285e+01 2.350965539211276507e+02
1.500000000000000000e+01 -1.599450176922119493e-02 -3.681206612193081013e-02 3.543540701235777135e+01 2.157487499143477123e+02
1.600000000000000000e+01 -2.052797698288255646e-02 -5.089983373562669694e-02 3.370536682254223138e+01 1.908092702029537975e+02
1.700000000000000000e+01 -1.626474279628439129e-02 -3.924517525872703999e-02 3.200377952480117472e+01 1.670395467601247503e+02
1.800000000000000000e+01 -6.303571690027641797e-03 -1.737343390206168639e-02 3.049411695514670129e+01 1.482389720766892083e+02
1.900000000000000000e+01 1.149293255477851347e-03 4.976272987856729044e-04 2.931566457839522855e+01 1.345194116202268049e+02
2.000000000000000000e+01 6.565063846990322818e-03 1.119691527456303549e-02 2.845671787282522303e+01 1.245071305602587302e+02
2.100000000000000000e+01 7.873079967209465138e-03 1.639768229587159135e-02 2.784195428843079512e+01 1.169608021306113272e+02
2.200000000000000000e+01 8.364632713983586113e-03 1.846566388580515514e-02 2.739756395291450275e+01 1.110269151384336794e+02
2.300000000000000000e+01 8.517941716630499094e-03 1.950510859480097947e-02 2.707728345535878134e+01 1.061925943551399598e+02
2.400000000000000000e+01 9.578631087417804543e-03 2.096060750960836161e-02 2.684199887076205115e+01 1.020650123296454552e+02
2.500000000000000000e+01 1.130124957629133342e-02 2.318733830943221774e-02 2.665527033620322328e+01 9.831678102500329430e+01
2.600000000000000000e+01 1.200364616108620663e-02 2.551628918447319469e-02 2.649456611201401302e+01 9.476646261727765364e+01
2.700000000000000000e+01 1.400036742269222811e-02 2.711611417298700685e-02 2.635084020665809135e+01 9.135899345213471179e+01
2.800000000000000000e+01 1.527510169374581700e-02 2.761733014645000386e-02 2.621976335782313328e+01 8.806270135045259906e+01
2.900000000000000000e+01 1.533302123102011152e-02 2.718036745300259766e-02 2.610023288417116305e+01 8.491768767776473226e+01
3.000000000000000000e+01 1.497725547338002623e-02 2.627084404656246028e-02 2.599394703502754211e+01 8.196219460001884727e+01
3.100000000000000000e+01 1.369754870630947308e-02 2.545225547326264090e-02 2.590082800765627269e+01 7.924331596771807540e+01
3.200000000000000000e+01 1.296444337905461493e-02 2.506259490315214042e-02 2.582137820427461250e+01 7.677796971140867299e+01
3.300000000000000000e+01 1.296941039190319458e-02 2.501069519588708726e-02 2.575015789230945629e+01 7.456485764043864606e+01
3.400000000000000000e+01 1.341819862626242831e-02 2.496501695393854581e-02 2.568032263244752045e+01 7.259594295651805851e+01
3.500000000000000000e+01 1.361705176997684598e-02 2.465315415691015505e-02 2.561160425904168747e+01 7.083181701102472516e+01
3.600000000000000000e+01 1.276902365316893821e-02 2.405412897344675130e-02 2.554195538386809616e+01 6.925060305581885700e+01
3.700000000000000000e+01 1.208728995002433630e-02 2.332983825078791332e-02 2.547029538651529634e+01 6.783197870217857428e+01
3.800000000000000000e+01 1.185997800869546467e-02 2.267959622901788083e-02 2.539744308654206506e+01 6.656477996091832949e+01
3.900000000000000000e+01 1.219637081887716204e-02 2.225530092210560931e-02 2.532425149049569768e+01 6.542326125573283946e+01
4.000000000000000000e+01 1.247788971042339268e-02 2.211811394384925397e-02 2.524667410599620254e+01 6.438993847519699898e+01
4.100000000000000000e+01 1.273767441470226303e-02 2.227063665553324912e-02 2.515398763108617786e+01 6.342073082453477895e+01
4.200000000000000000e+01 1.288338987595193282e-02 2.267719307185424651e-02 2.501795858570762476e+01 6.243869085491490978e+01
4.300000000000000000e+01 1.293509150387453337e-02 2.325122614820969089e-02 2.479100107988842083e+01 6.131620415459037332e+01
4.400000000000000000e+01 1.267411817354981846e-02 2.391033485762410551e-02 2.442018347823178814e+01 5.993040606833982764e+01
4.500000000000000000e+01 1.304327710669996206e-02 2.452567998954953421e-02 2.387569442415584220e+01 5.818534556273786507e+01
4.600000000000000000e+01 1.307473181448985493e-02 2.497318110312276782e-02 2.318005197263899930e+01 5.610367522885663050e+01
4.700000000000000000e+01 1.296863210680734672e-02 2.514117637006342207e-02 2.242248707733686075e+01 5.385884867250528174e+01
