# freqs 	 pli 	 dpli 	 meanpower(thalamus)	 meanpower(scalp)	pli
8.000000000000000000e+00 -3.323717561185932784e-02 -8.741140124926016775e-02 1.823727124646989267e-04 2.227841911695722379e-04
9.000000000000000000e+00 -7.041465138178970573e-02 -1.637189830324622675e-01 2.172787836820814708e-04 2.305753319249428067e-04
1.000000000000000000e+01 -1.106408385097879810e-01 -2.480054986215143586e-01 2.501900428953706475e-04 2.603329065914455789e-04
1.100000000000000000e+01 -1.474620470178142073e-01 -3.319586147452119329e-01 3.112134022196345147e-04 3.028297803429383351e-04
1.200000000000000000e+01 -1.398655408191733507e-01 -3.299757315238815991e-01 3.013642915549088878e-04 3.403722367288162100e-04
1.300000000000000000e+01 -1.217710077088078185e-01 -2.882937854036039527e-01 2.324280181765842794e-04 3.787993404462003952e-04
1.400000000000000000e+01 -1.196771521433214053e-01 -2.825455528562679786e-01 1.790501503619990715e-04 3.844586678970159706e-04
1.500000000000000000e+01 -1.151166448572210343e-01 -2.746759316964964004e-01 1.565599581037620345e-04 3.490943750129978573e-04
1.600000000000000000e+01 -9.957219229493090296e-02 -2.483944746449675833e-01 1.465342954105153890e-04 3.043783422921541530e-04
1.700000000000000000e+01 -7.743584746048468026e-02 -2.111622689790497165e-01 1.367362676925238415e-04 2.693067614813678427e-04
1.800000000000000000e+01 -5.479470548213360298e-02 -1.683012103444458119e-01 1.257194601128531391e-04 2.439445726042028574e-04
1.900000000000000000e+01 -3.815135050719127563e-02 -1.308971626204884220e-01 1.155359728936304826e-04 2.242064243448044540e-04
2.000000000000000000e+01 -2.813978651202828432e-02 -1.049196136144056601e-01 1.088612615216720482e-04 2.078564827224427172e-04
2.100000000000000000e+01 -2.827661200431723018e-02 -8.690105223738543716e-02 1.068023394889258611e-04 1.938705904004511425e-04
2.200000000000000000e+01 -3.234868658610934311e-02 -7.238596308716833960e-02 1.067580553510026679e-04 1.816132122679505693e-04
2.300000000000000000e+01 -3.564696462153267575e-02 -6.056607975798555810e-02 1.047248707128749245e-04 1.707787968183854810e-04
2.400000000000000000e+01 -3.544250760116511578e-02 -5.183301369116889018e-02 9.926579708194018447e-05 1.611917797306447518e-04
2.500000000000000000e+01 -3.360462188615849499e-02 -4.570401807825471424e-02 9.172127559547441826e-05 1.527606437455816292e-04
2.600000000000000000e+01 -3.130023502139180069e-02 -4.071345670512679926e-02 8.419401337155906894e-05 1.453890054332952254e-04
2.700000000000000000e+01 -2.835991625839034969e-02 -3.535956172120329616e-02 7.807699736933073568e-05 1.388118216027893253e-04
2.800000000000000000e+01 -2.397005210213385210e-02 -2.910906375324451983e-02 7.360634576021844332e-05 1.326930923253225156e-04
2.900000000000000000e+01 -2.068850143467476643e-02 -2.257917844731656409e-02 7.035115721811963107e-05 1.268253179839356028e-04
3.000000000000000000e+01 -1.774092725445750376e-02 -1.684087236074403165e-02 6.782654247075311593e-05 1.211286948454759667e-04
3.100000000000000000e+01 -1.526707530647986033e-02 -1.270119227263964701e-02 6.577596317795649991e-05 1.156602099087750141e-04
3.200000000000000000e+01 -1.365677786667556307e-02 -1.033835644070071370e-02 6.408215739498089266e-05 1.105154237617582359e-04
3.300000000000000000e+01 -1.305251894536798608e-02 -9.475283915377269786e-03 6.259863940250002157e-05 1.057612223795246993e-04
3.400000000000000000e+01 -1.227869336333646533e-02 -9.617700718252417472e-03 6.115553103987184558e-05 1.014606364713322025e-04
3.500000000000000000e+01 -1.046445233314640018e-02 -1.056802502470797871e-02 5.964403207701148447e-05 9.762248528810604092e-05
3.600000000000000000e+01 -1.106205518745923162e-02 -1.228335294178633380e-02 5.805960382627022199e-05 9.422443713857185242e-05
3.700000000000000000e+01 -1.129306196033296079e-02 -1.489932821251268268e-02 5.645747004329998279e-05 9.123348772089562406e-05
3.800000000000000000e+01 -1.213803180903673222e-02 -1.856466070287366571e-02 5.491772102536878093e-05 8.861609080626947936e-05
3.900000000000000000e+01 -1.228115913329342473e-02 -2.330280427069604532e-02 5.350716228482711148e-05 8.631255797079846737e-05
4.000000000000000000e+01 -1.396312120416347453e-02 -2.890537175003164705e-02 5.224444986036573183e-05 8.426281567394063629e-05
4.100000000000000000e+01 -1.576943458230740946e-02 -3.497985557581123617e-02 5.109911556825514050e-05 8.237041277461422503e-05
4.200000000000000000e+01 -1.754043398768719703e-02 -4.099868213976776143e-02 5.000164086068413873e-05 8.049426669071811234e-05
4.300000000000000000e+01 -1.950903044628234106e-02 -4.644060152737261582e-02 4.884563186282102153e-05 7.845429565275704184e-05
4.400000000000000000e+01 -2.125343802413881891e-02 -5.093914105291234840e-02 4.751448907844552078e-05 7.608215516852419628e-05
4.500000000000000000e+01 -2.288825551171721692e-02 -5.426138757091697462e-02 4.592689797239399367e-05 7.326280618104450608e-05
4.600000000000000000e+01 -2.393127317694068029e-02 -5.631302522748365263e-02 4.409262767227750652e-05 7.002352633276273696e-05
4.700000000000000000e+01 -2.418454705433840252e-02 -5.706716146672562856e-02 4.213546571209233945e-05 6.655229131296674623e-05
