# freqs 	 pli 	 dpli 	 meanpower(thalamus)	 meanpower(scalp)	pli
8.000000000000000000e+00 -6.196622151789575594e-02 -9.712317851093199561e-02 8.239336314246841592e-05 4.619037311849650044e-04
9.000000000000000000e+00 -3.629440483854110694e-02 -6.979265278862599453e-02 7.479091379498901157e-05 4.632736508796916636e-04
1.000000000000000000e+01 -2.955735416016695011e-02 -6.320015879845128359e-02 6.841809198309944929e-05 3.767309111146369496e-04
1.100000000000000000e+01 -3.659798043297334685e-02 -8.019608190384580615e-02 6.435154457619226751e-05 3.094234152963463796e-04
1.200000000000000000e+01 -4.246758648511985562e-02 -9.996174739327495784e-02 6.200499404386932410e-05 2.678179783508708584e-04
1.300000000000000000e+01 -4.150226952750551285e-02 -1.010376015046249021e-01 6.059179607021209299e-05 2.421416205687869209e-04
1.400000000000000000e+01 -3.339465459727692515e-02 -8.177505710838454955e-02 5.987003162954657138e-05 2.279487347205287812e-04
1.500000000000000000e+01 -2.633708762129116990e-02 -6.018132006477024815e-02 6.018922527247935696e-05 2.227388351016973964e-04
1.600000000000000000e+01 -2.151023430490423688e-02 -4.625706333576139195e-02 6.250035956563857668e-05 2.218231849960800126e-04
1.700000000000000000e+01 -1.910122402102561179e-02 -3.844196184239839081e-02 6.701002035176707586e-05 2.202694075171806871e-04
1.800000000000000000e+01 -1.870571411602056297e-02 -3.387984430709801292e-02 7.150995513042940105e-05 2.165917256792040382e-04
1.900000000000000000e+01 -1.803801307763592404e-02 -3.155861054208359412e-02 7.277071694202279456e-05 2.112635351211957272e-04
2.000000000000000000e+01 -1.828001151547403377e-02 -3.099265220528133261e-02 6.998160241750511442e-05 2.050429810989446865e-04
2.100000000000000000e+01 -1.698199425392744530e-02 -3.209906344330529238e-02 6.517576691955223611e-05 1.985566477420654574e-04
2.200000000000000000e+01 -1.737138600758229498e-02 -3.392386093161491728e-02 6.072419011492603651e-05 1.921236411815688207e-04
2.300000000000000000e+01 -1.735181909355266311e-02 -3.483444282549946064e-02 5.766677900732694758e-05 1.860746253086579833e-04
2.400000000000000000e+01 -1.766585475262937022e-02 -3.393037857511413402e-02 5.588817790513676647e-05 1.805292448446514360e-04
2.500000000000000000e+01 -1.675469862345828342e-02 -3.138274718288892873e-02 5.491330394534108504e-05 1.756735594089466794e-04
2.600000000000000000e+01 -1.535642362015072863e-02 -2.777678014411098795e-02 5.436132940866639034e-05 1.717385738130381833e-04
2.700000000000000000e+01 -1.390584586663250882e-02 -2.373688846406129399e-02 5.402864815029803202e-05 1.691685056171467064e-04
2.800000000000000000e+01 -1.264483343026640352e-02 -1.992194887835182018e-02 5.381548153158966625e-05 1.679723179765086325e-04
2.900000000000000000e+01 -1.120551918196318990e-02 -1.688705504089881709e-02 5.368370436141516885e-05 1.681970186443063433e-04
3.000000000000000000e+01 -1.025878775774628944e-02 -1.482972033411711354e-02 5.362016602472489073e-05 1.695036605027973331e-04
3.100000000000000000e+01 -9.076193097301498217e-03 -1.354350829673111635e-02 5.362480900903851907e-05 1.718096136570973942e-04
3.200000000000000000e+01 -8.589252405150120395e-03 -1.269647920898947339e-02 5.369552335214769067e-05 1.747515160786573829e-04
3.300000000000000000e+01 -7.581617628047357740e-03 -1.203443307603736627e-02 5.382342995161196804e-05 1.779340587336791693e-04
3.400000000000000000e+01 -7.547214620177667907e-03 -1.165668445916547176e-02 5.399359089221252950e-05 1.814145382880438806e-04
3.500000000000000000e+01 -7.356926137689717010e-03 -1.164486256691951542e-02 5.418356274147075822e-05 1.847494045386538801e-04
3.600000000000000000e+01 -7.342941162545807074e-03 -1.212877348227200253e-02 5.436845482052719971e-05 1.879451907313174218e-04
3.700000000000000000e+01 -7.561786152667998931e-03 -1.303234715761960628e-02 5.452131276872235460e-05 1.909092750651268015e-04
3.800000000000000000e+01 -7.680702816275791073e-03 -1.410336185667427321e-02 5.461365796651636105e-05 1.937518546052311818e-04
3.900000000000000000e+01 -7.656645555131050621e-03 -1.508591321547488387e-02 5.461988455718949236e-05 1.961399266451221393e-04
4.000000000000000000e+01 -7.588958788189971438e-03 -1.575702206842615263e-02 5.452286278424297976e-05 1.982398547282916809e-04
4.100000000000000000e+01 -7.739715219693882320e-03 -1.602687929799261057e-02 5.430180480678200260e-05 2.000083924659569229e-04
4.200000000000000000e+01 -7.531394737969944117e-03 -1.592894580601860940e-02 5.391329015593916907e-05 2.012374920324350028e-04
4.300000000000000000e+01 -7.267239308915488666e-03 -1.561998764807581708e-02 5.328314340173888634e-05 2.013470741536449438e-04
4.400000000000000000e+01 -6.877584570040506072e-03 -1.515732124569954889e-02 5.232734958032847966e-05 2.002879277501111389e-04
4.500000000000000000e+01 -6.660266455785627746e-03 -1.469371498766799435e-02 5.099962749289671120e-05 1.976508207662846150e-04
4.600000000000000000e+01 -6.410118556115258250e-03 -1.431353443430129387e-02 4.935567286917506190e-05 1.936870122875444398e-04
4.700000000000000000e+01 -6.008910043762192774e-03 -1.410153497354412963e-02 4.758575646872179596e-05 1.892386487406546409e-04
