# freqs 	 pli 	 dpli 	 meanpower(thalamus)	 meanpower(scalp)	pli
8.000000000000000000e+00 -6.203982597054886333e-02 -2.400018627530851323e-01 3.720958107137695947e+01 2.966166909136084655e+02
9.000000000000000000e+00 -8.228142182296910301e-02 -1.359895052138035687e-01 4.153343416224782914e+01 2.614943035281336847e+02
1.000000000000000000e+01 -9.567520499238081622e-02 -1.204134196209502433e-01 4.471555270688842398e+01 2.351113179512953479e+02
1.100000000000000000e+01 -6.383920967467211771e-02 -1.707821533351539800e-01 4.719338948762280239e+01 2.213326088773973481e+02
1.200000000000000000e+01 -4.898504531478888036e-02 -1.260687480748167721e-01 4.984345998614664097e+01 2.151289075099655577e+02
1.300000000000000000e+01 -5.292947835398501000e-02 -6.610057926766042813e-02 5.115035574995010847e+01 2.095699533725398851e+02
1.400000000000000000e+01 -8.886103986943343080e-02 -5.135453548210217045e-02 5.029569741465506638e+01 1.989385042153588472e+02
1.500000000000000000e+01 -6.763461053339686613e-02 -6.212664545140936939e-02 4.777674877866611070e+01 1.852196715994125782e+02
1.600000000000000000e+01 -6.452176954012939225e-02 -8.665978548492793421e-02 4.447476410920754120e+01 1.732328378473388000e+02
1.700000000000000000e+01 -5.790163338912025087e-02 -8.305412642576534554e-02 4.121711317946860476e+01 1.634672284556331192e+02
1.800000000000000000e+01 -5.055232631287587264e-02 -6.095949362247091857e-02 3.859359229447198913e+01 1.532981698601447249e+02
1.900000000000000000e+01 -3.577786991195765903e-02 -3.463850902738465493e-02 3.684222385990435100e+01 1.435511927016325160e+02
2.000000000000000000e+01 -1.406575114440282957e-02 -1.656359216219551421e-03 3.588535447844206772e+01 1.356025578006514252e+02
2.100000000000000000e+01 -1.181950914273795531e-03 1.614958216579905764e-02 3.548976717219522925e+01 1.285844138107130448e+02
2.200000000000000000e+01 -3.829066821192805489e-03 6.006242010623549094e-03 3.540144902804708238e+01 1.233215487484418844e+02
2.300000000000000000e+01 -2.556792873051224810e-02 -1.840445000147724469e-02 3.543263343555675249e+01 1.205498380667035150e+02
2.400000000000000000e+01 -3.207645980623199944e-02 -3.812343858312491895e-02 3.546135076066900638e+01 1.203278357905269189e+02
2.500000000000000000e+01 -2.415572483199965662e-02 -4.769201872338144077e-02 3.539714710617656834e+01 1.215311231835669474e+02
2.600000000000000000e+01 -2.141999620885022895e-02 -5.194142170222675048e-02 3.522442966023071165e+01 1.225441126578569850e+02
2.700000000000000000e+01 -1.673605672121686663e-02 -5.008256551653376271e-02 3.496630753013806725e+01 1.229443654317844477e+02
2.800000000000000000e+01 -1.203326665109619512e-02 -3.996715691323859954e-02 3.465964022315181126e+01 1.223662970005315032e+02
2.900000000000000000e+01 -1.314525810324129566e-02 -2.400455360047101111e-02 3.434815763164677094e+01 1.207959824566828075e+02
3.000000000000000000e+01 -9.452509085132156097e-03 -8.813878150640004627e-03 3.406601916001423547e+01 1.184177248866543550e+02
3.100000000000000000e+01 -3.501017055233922835e-03 -1.910886255545159781e-03 3.382581185447395455e+01 1.159492032741693492e+02
3.200000000000000000e+01 1.762479413662586345e-03 -3.187136402452187597e-03 3.362544294660865773e+01 1.138241901066376869e+02
3.300000000000000000e+01 2.675738695004013746e-04 -6.747297823180727766e-03 3.346433333792062115e+01 1.121531604878612001e+02
3.400000000000000000e+01 1.335716301382748649e-03 -7.702986469899956827e-03 3.335280259639360878e+01 1.112301080873604917e+02
3.500000000000000000e+01 4.292806749038784804e-04 -2.744712969982586719e-03 3.330366472127980870e+01 1.106474241496817967e+02
3.600000000000000000e+01 3.147681824914827248e-03 5.728029479850959248e-03 3.331575369097942740e+01 1.103574977704532643e+02
3.700000000000000000e+01 -8.632406421041031053e-04 1.385834698044475372e-02 3.337890538825321585e+01 1.101865517875121867e+02
3.800000000000000000e+01 4.526113234138276487e-03 1.827925391765657104e-02 3.346971073117926210e+01 1.102186494156292014e+02
3.900000000000000000e+01 6.360753256526491262e-03 1.746453282107281874e-02 3.354918480446632856e+01 1.100848627930067209e+02
4.000000000000000000e+01 7.798482937487786863e-03 1.298785653849067467e-02 3.357395397975065521e+01 1.099568598108712649e+02
4.100000000000000000e+01 7.193991212235948708e-03 7.530252832709683625e-03 3.350585877347339192e+01 1.098236430882626422e+02
4.200000000000000000e+01 1.043094192714925407e-02 3.539768725737981424e-03 3.330080831714349898e+01 1.095346407008491099e+02
4.300000000000000000e+01 7.410769620208967727e-03 1.769970054700250673e-03 3.290561096760025350e+01 1.086905197590222798e+02
4.400000000000000000e+01 -5.537481830137744483e-04 1.695037527313833807e-03 3.227177653775456179e+01 1.074187714182073279e+02
4.500000000000000000e+01 -7.598106476399560730e-03 1.809136724099649415e-03 3.137709606811424123e+01 1.053592522391803641e+02
4.600000000000000000e+01 -1.142293766679698848e-02 7.488057886667125141e-04 3.025948550068159548e+01 1.025344526025884591e+02
4.700000000000000000e+01 -1.241514074423462344e-02 -2.067380234729474745e-03 2.903402560344980898e+01 9.927182521148823469e+01
