# freqs 	 pli 	 dpli 	 meanpower(thalamus)	 meanpower(scalp)	pli
8.000000000000000000e+00 -1.214047555473398154e-01 -2.402956351764259924e-01 1.212258042272443487e-04 2.559381376667384570e-04
9.000000000000000000e+00 -9.945487790290333252e-02 -2.225791678154253328e-01 9.125295197837667591e-05 2.235046975806443651e-04
1.000000000000000000e+01 -2.338369848494933553e-02 -6.381846992292694587e-02 7.522529468116698583e-05 1.908130544805933942e-04
1.100000000000000000e+01 2.499407581928436012e-02 4.025599674321639343e-02 7.492768263721060254e-05 1.623887593040351112e-04
1.200000000000000000e+01 2.533767096455519577e-02 3.795953622902552282e-02 7.391067127568193393e-05 1.443127413866006402e-04
1.300000000000000000e+01 3.868606927070036838e-02 4.347419113421849279e-02 6.621855032688646011e-05 1.346449834222262013e-04
1.400000000000000000e+01 3.411537794287230335e-02 5.709185565844029225e-02 5.899527295671772796e-05 1.310085032381997857e-04
1.500000000000000000e+01 3.497808769681123864e-02 6.326905282319499058e-02 5.580070089552943501e-05 1.307727217877754640e-04
1.600000000000000000e+01 2.959416340164672601e-02 5.291895272529240773e-02 5.529498325794322849e-05 1.316649720745721275e-04
1.700000000000000000e+01 1.565148278099132845e-02 2.748473688729045905e-02 5.541496406829598062e-05 1.330878595667440306e-04
1.800000000000000000e+01 6.522410813416948568e-03 3.192255031863355449e-03 5.560049765920639561e-05 1.346591269256250118e-04
1.900000000000000000e+01 2.647361293541456752e-03 -6.212988786500458528e-03 5.579395954767664602e-05 1.349638812301597957e-04
2.000000000000000000e+01 3.399825597768737270e-03 -7.220995373879791727e-03 5.602222288761105729e-05 1.329480327075962902e-04
2.100000000000000000e+01 5.664665377700892632e-04 -8.640730029206473289e-03 5.630763964335498743e-05 1.287189591145386004e-04
2.200000000000000000e+01 -7.199563210672852397e-03 -1.061788931370326317e-02 5.652989465567427845e-05 1.231512637497949540e-04
2.300000000000000000e+01 -8.699750127987361178e-03 -1.148558301887028961e-02 5.627619685368161792e-05 1.171910853907147864e-04
2.400000000000000000e+01 -5.626679953766316675e-03 -1.128708150946093267e-02 5.530679350564423724e-05 1.112345691081996387e-04
2.500000000000000000e+01 -6.313221166065165028e-03 -8.953442276712700321e-03 5.376130608897957054e-05 1.053092169899030872e-04
2.600000000000000000e+01 -3.727006908515533359e-03 -2.359855433548813716e-03 5.197628877885907992e-05 9.945588486081027749e-05
2.700000000000000000e+01 1.473502362684822944e-03 8.422358140831011364e-03 5.029758565502273133e-05 9.392613562487569124e-05
2.800000000000000000e+01 6.909094603793905671e-03 1.981346495453882930e-02 4.885684023682421070e-05 8.878938232853882996e-05
2.900000000000000000e+01 1.319621281898466711e-02 2.749172631315617912e-02 4.769940807948026048e-05 8.407503676665072914e-05
3.000000000000000000e+01 1.435309493900188520e-02 2.973835569996192280e-02 4.683991574398282362e-05 7.989072831076352759e-05
3.100000000000000000e+01 1.614830713606218299e-02 2.794589043289292390e-02 4.622442194668719502e-05 7.616852710187686890e-05
3.200000000000000000e+01 1.364419487064924205e-02 2.479146795416967489e-02 4.581050182592294885e-05 7.282155483686767947e-05
3.300000000000000000e+01 1.041081425022507070e-02 2.258949637602067004e-02 4.557445695389152215e-05 6.979896229097270696e-05
3.400000000000000000e+01 8.656162863098622318e-03 2.262599690222076576e-02 4.541647209639944891e-05 6.705130809229508987e-05
3.500000000000000000e+01 1.072962099500231713e-02 2.517468998377556805e-02 4.526690453762565841e-05 6.450731236526986441e-05
3.600000000000000000e+01 1.267415973636665076e-02 2.977852139149744087e-02 4.506581517631801147e-05 6.214986674061956080e-05
3.700000000000000000e+01 1.250054975354125859e-02 3.544579992916066513e-02 4.478789624468585757e-05 5.997025839685907542e-05
3.800000000000000000e+01 1.515371891880921452e-02 4.071698045868954452e-02 4.444193368385932337e-05 5.794524152371647425e-05
3.900000000000000000e+01 1.635651520993566810e-02 4.416523868596568952e-02 4.405156578892812128e-05 5.604685631817029478e-05
4.000000000000000000e+01 1.776878929408462482e-02 4.497554656417562802e-02 4.362756502756647697e-05 5.426166838296089698e-05
4.100000000000000000e+01 1.743926523103560278e-02 4.318207618663827407e-02 4.315965809148823658e-05 5.254970678912677218e-05
4.200000000000000000e+01 1.582149004013701232e-02 3.956070106249090501e-02 4.260901357698981806e-05 5.085807005375237686e-05
4.300000000000000000e+01 1.324825774252122619e-02 3.513638975535763459e-02 4.192026287705555082e-05 4.912119135394625797e-05
4.400000000000000000e+01 1.193189118277534003e-02 3.079074937202013265e-02 4.102435823779625141e-05 4.725841959716016585e-05
4.500000000000000000e+01 1.076112202361834656e-02 2.710215748788376289e-02 3.988700368536607154e-05 4.521251334246544616e-05
4.600000000000000000e+01 9.397860803483292988e-03 2.425876183249192283e-02 3.855870711885646255e-05 4.299372711157084293e-05
4.700000000000000000e+01 1.032663257131460899e-02 2.219551799940697179e-02 3.719368398624918470e-05 4.070869263066030213e-05
