# freqs 	 pli 	 dpli 	 meanpower(thalamus)	 meanpower(scalp)	pli
8.000000000000000000e+00 2.884693296980873553e-02 7.836103654583062572e-02 5.960971615171015007e-05 2.283308051493577800e-04
9.000000000000000000e+00 -3.306750719605195212e-04 2.178059716498425679e-03 5.405909752401945084e-05 1.838720877853464739e-04
1.000000000000000000e+01 -3.249668838875650889e-02 -8.563122403139288019e-02 5.333644374948646880e-05 1.674713519708245389e-04
1.100000000000000000e+01 -5.863701536929314534e-02 -1.570057346071935533e-01 5.706774818560238839e-05 1.723181704493860229e-04
1.200000000000000000e+01 -7.656805444183822917e-02 -2.096955133054978770e-01 6.270413218888965076e-05 1.835285767583804165e-04
1.300000000000000000e+01 -8.666491653102047221e-02 -2.202595615769170623e-01 6.769598096928416454e-05 1.940599669852381725e-04
1.400000000000000000e+01 -7.639034893078140709e-02 -1.804513488114737885e-01 7.022684774020571282e-05 2.008067634265214775e-04
1.500000000000000000e+01 -4.580757120165349777e-02 -1.014607008194219617e-01 6.950760191015019124e-05 2.029581658768638030e-04
1.600000000000000000e+01 -7.315844769250246134e-03 -4.246403756014700652e-03 6.595702202987838831e-05 2.025246248357056244e-04
1.700000000000000000e+01 2.878309630354930482e-02 8.479624903615641529e-02 6.118560636738321621e-05 2.013384532100448399e-04
1.800000000000000000e+01 5.813993092976541682e-02 1.543893647519351819e-01 5.696725481902553863e-05 1.999054452477717892e-04
1.900000000000000000e+01 8.064954193937673432e-02 2.044821493805598356e-01 5.426778125439876010e-05 1.985151951674788231e-04
2.000000000000000000e+01 8.944091721629784941e-02 2.281658021618664933e-01 5.285682822511285144e-05 1.968979108846504714e-04
2.100000000000000000e+01 8.533359874615419061e-02 2.202538493389864793e-01 5.175305260011212944e-05 1.941181649160508816e-04
2.200000000000000000e+01 7.213418859165482422e-02 1.895215377081074237e-01 5.008036742770879089e-05 1.884872176040429793e-04
2.300000000000000000e+01 5.617935884908240030e-02 1.506393057842223826e-01 4.755718521283114797e-05 1.785350687282492854e-04
2.400000000000000000e+01 4.079352601905861936e-02 1.111674630918428053e-01 4.457161391526199412e-05 1.649182086097557265e-04
2.500000000000000000e+01 2.561746854808819029e-02 7.352276524584722139e-02 4.180900696043687132e-05 1.503426532284029063e-04
2.600000000000000000e+01 1.285183660816071986e-02 4.048568695091008668e-02 3.975136408457776626e-05 1.375490038967556875e-04
2.700000000000000000e+01 3.923460243614599122e-03 1.532510817086245140e-02 3.846337207024194032e-05 1.279436128335112509e-04
2.800000000000000000e+01 -2.828355566707667183e-03 -1.068248386132466653e-03 3.774091000791343289e-05 1.214104078617453722e-04
2.900000000000000000e+01 -6.658454304646425556e-03 -1.049433348468966840e-02 3.731215200157663359e-05 1.172651264313373060e-04
3.000000000000000000e+01 -8.437353867401633026e-03 -1.556926959192981089e-02 3.697118274435765316e-05 1.146932345363633473e-04
3.100000000000000000e+01 -8.872912599812023127e-03 -1.822935158278265674e-02 3.661074870554243901e-05 1.132136577100792993e-04
3.200000000000000000e+01 -9.488003849536312886e-03 -1.970111815454319779e-02 3.619899203276297857e-05 1.123817075492694525e-04
3.300000000000000000e+01 -1.035796835028088801e-02 -2.064696721146850808e-02 3.573934165210974505e-05 1.118533575585191711e-04
3.400000000000000000e+01 -1.071132503974699113e-02 -2.156669630694466044e-02 3.525770967820155165e-05 1.115065600984027833e-04
3.500000000000000000e+01 -1.099484490262057738e-02 -2.290416041616232315e-02 3.477946272398380425e-05 1.111606304637505958e-04
3.600000000000000000e+01 -1.286239040492285005e-02 -2.506607753056657936e-02 3.432721853130176327e-05 1.108447654907446966e-04
3.700000000000000000e+01 -1.485239000330194382e-02 -2.809837458635202831e-02 3.391390306528540546e-05 1.105467598057729403e-04
3.800000000000000000e+01 -1.656519857609215982e-02 -3.152788629251204039e-02 3.353994016087040480e-05 1.103037152242639329e-04
3.900000000000000000e+01 -1.809972157579872384e-02 -3.446045758040260087e-02 3.319820003141045169e-05 1.100097483008618637e-04
4.000000000000000000e+01 -1.926586716748085806e-02 -3.611421840699691882e-02 3.287494981170974888e-05 1.096760123582714953e-04
4.100000000000000000e+01 -1.946909490379169008e-02 -3.604657924593607232e-02 3.254411355779421598e-05 1.092353659377592819e-04
4.200000000000000000e+01 -1.885541425674091762e-02 -3.427781558628802128e-02 3.216966642890790439e-05 1.085670021849005547e-04
4.300000000000000000e+01 -1.718830787477016939e-02 -3.112272677660985615e-02 3.170359740624591665e-05 1.074432590839061245e-04
4.400000000000000000e+01 -1.485250798109697540e-02 -2.703460059604234286e-02 3.109528237216658961e-05 1.057605601132065250e-04
4.500000000000000000e+01 -1.215740297309204562e-02 -2.235817119683749382e-02 3.031455249332758552e-05 1.033646302753859814e-04
4.600000000000000000e+01 -8.998910096791188501e-03 -1.733383234375868859e-02 2.938548136224877110e-05 1.003542397343080023e-04
4.700000000000000000e+01 -5.936731474390132858e-03 -1.217315659225650000e-02 2.840333267807834862e-05 9.707802309386118201e-05
