# freqs 	 pli 	 dpli 	 meanpower(thalamus)	 meanpower(scalp)	pli
8.000000000000000000e+00 1.780854848966063192e-02 5.183960894576221390e-02 6.274201484030247932e-05 1.746334751634912562e-04
9.000000000000000000e+00 2.018436016819026568e-02 4.713168806306446135e-02 6.308639912369539619e-05 1.492733488218482021e-04
1.000000000000000000e+01 1.622041539175386043e-02 4.006063450611758309e-02 6.781141290305966248e-05 1.262343941230242535e-04
1.100000000000000000e+01 7.401453218573399509e-03 4.646443220221720821e-02 6.798489097052488883e-05 1.116840801118427747e-04
1.200000000000000000e+01 5.216543943115580992e-03 4.673466824337310643e-02 6.142512324002032326e-05 1.024548647420736342e-04
1.300000000000000000e+01 5.491150048210559007e-03 3.973106109932364460e-02 5.536974519610086249e-05 9.699959057793895343e-05
1.400000000000000000e+01 3.109546033062203507e-03 2.920411529827718344e-02 5.273976249272475291e-05 9.378048988147979614e-05
1.500000000000000000e+01 -3.024117157999044181e-03 9.536469501016973244e-03 5.211004489303114719e-05 9.134907357769620460e-05
1.600000000000000000e+01 -7.367268073846197987e-03 -7.218547065052027638e-03 5.207328167431018621e-05 8.933262076144982979e-05
1.700000000000000000e+01 -8.031826700422257242e-03 -1.393936783417678432e-02 5.228044859025528847e-05 8.781519321845501476e-05
1.800000000000000000e+01 -4.052799797757272726e-03 -1.142586617453850671e-02 5.278174320146366346e-05 8.673735029559722308e-05
1.900000000000000000e+01 3.160464413188757062e-04 -2.482451966573384367e-03 5.358145519822077205e-05 8.585571687513078760e-05
2.000000000000000000e+01 4.089483270828803488e-03 7.958163990118834880e-03 5.445013390269156278e-05 8.485978273686333015e-05
2.100000000000000000e+01 7.316090384613303799e-03 1.482558876531754090e-02 5.520476995601976747e-05 8.355215196117614807e-05
2.200000000000000000e+01 6.695115211195731657e-03 1.434354694385750299e-02 5.580865907645033526e-05 8.190554947383695049e-05
2.300000000000000000e+01 4.146268079306210401e-06 2.799507248157909385e-04 5.650040456117103315e-05 8.012056465877356751e-05
2.400000000000000000e+01 -1.449960738077288661e-02 -3.233792343040615275e-02 5.763415202980284061e-05 7.835771779505183981e-05
2.500000000000000000e+01 -3.175681373146074793e-02 -7.417887818778325093e-02 5.916446480126101538e-05 7.660477547652702818e-05
2.600000000000000000e+01 -4.129076654801193402e-02 -1.034803223308780051e-01 6.059881543709628977e-05 7.475366509501348120e-05
2.700000000000000000e+01 -4.036191826042950792e-02 -1.056161651088139697e-01 6.150338522127924324e-05 7.271333249012788466e-05
2.800000000000000000e+01 -2.992575146592913252e-02 -8.258772161147996671e-02 6.191734432407501360e-05 7.056135008365447983e-05
2.900000000000000000e+01 -1.618912425704206737e-02 -4.745939750891983722e-02 6.223355655333613081e-05 6.851330860155218955e-05
3.000000000000000000e+01 -2.843301931303161226e-03 -1.429401171849862921e-02 6.284057031536881190e-05 6.671762356993749855e-05
3.100000000000000000e+01 6.781640185033669180e-03 9.876992067180770732e-03 6.383459684889963447e-05 6.524942722112566187e-05
3.200000000000000000e+01 1.253058869024172364e-02 2.514948637641682347e-02 6.499911098385027590e-05 6.408292826495918962e-05
3.300000000000000000e+01 1.555477945694568910e-02 3.443565767564916308e-02 6.594743505865138756e-05 6.315511248795806329e-05
3.400000000000000000e+01 1.730715330914800454e-02 4.010926888392420120e-02 6.636810005987034097e-05 6.241435874934056667e-05
3.500000000000000000e+01 1.822869167072296501e-02 4.311967243502224517e-02 6.612405378608110431e-05 6.181184663382361679e-05
3.600000000000000000e+01 1.865902511180306603e-02 4.383947378925021066e-02 6.527149509984419814e-05 6.135736719567252495e-05
3.700000000000000000e+01 1.899557487507407341e-02 4.271418845410641929e-02 6.399654949135437029e-05 6.103881002822771496e-05
3.800000000000000000e+01 1.928799469911451209e-02 4.046819220977800752e-02 6.252169768044696385e-05 6.085045361228479392e-05
3.900000000000000000e+01 1.880217344674629462e-02 3.793526878862520102e-02 6.103327298073437458e-05 6.076377683933637582e-05
4.000000000000000000e+01 1.885434271918544347e-02 3.577419828925958861e-02 5.964255143457802236e-05 6.074770907648244602e-05
4.100000000000000000e+01 1.840909654708999116e-02 3.434918805038145867e-02 5.837838889193410668e-05 6.075160722197175538e-05
4.200000000000000000e+01 1.866098000387171260e-02 3.376720849909845001e-02 5.719355449910360156e-05 6.068505677514541592e-05
4.300000000000000000e+01 1.940153074714559903e-02 3.395931793304535901e-02 5.597073693230898646e-05 6.039634794869890852e-05
4.400000000000000000e+01 2.031594432377688275e-02 3.481047270197602100e-02 5.457450921705188303e-05 5.975270519203384307e-05
4.500000000000000000e+01 2.052823236228774537e-02 3.617717434835961143e-02 5.291079988517927824e-05 5.865446767893289797e-05
4.600000000000000000e+01 2.092700266001271125e-02 3.803494368326112290e-02 5.099434644578826966e-05 5.714180993109407608e-05
4.700000000000000000e+01 2.179859963299165398e-02 4.052373886193331998e-02 4.898222710780787399e-05 5.542869061520986810e-05
