# freqs 	 pli 	 dpli 	 meanpower(thalamus)	 meanpower(scalp)	pli
8.000000000000000000e+00 -2.786286210016674161e-02 -6.498911260610747143e-02 9.046801825609692631e-05 2.432961415940168353e-04
9.000000000000000000e+00 1.099153174646131867e-02 5.482142549090730788e-02 1.032118151106833481e-04 2.052789548662663059e-04
1.000000000000000000e+01 4.013120436900301236e-02 1.708663875274564203e-01 1.322242249669058217e-04 1.913527290842125656e-04
1.100000000000000000e+01 7.624593863009358763e-02 3.066560786945480288e-01 1.445761394056571767e-04 2.011697680296313051e-04
1.200000000000000000e+01 1.149476933092462155e-01 5.143299103070985145e-01 1.433528933522712468e-04 2.421716066257657428e-04
1.300000000000000000e+01 1.468921736276306289e-01 6.537012274885914964e-01 1.316963430807597320e-04 2.796591918081261043e-04
1.400000000000000000e+01 1.586367329740956122e-01 6.747253899498926177e-01 1.086111469658452086e-04 2.577956176416837364e-04
1.500000000000000000e+01 1.416616309865344203e-01 5.708128060188821795e-01 8.451817306411526392e-05 1.987794876607855345e-04
1.600000000000000000e+01 9.613119894617380701e-02 3.509215719378001030e-01 6.873186528619708053e-05 1.488187079467974004e-04
1.700000000000000000e+01 4.985963886874109074e-02 1.562700014163519446e-01 6.171611254664340854e-05 1.220628582656116141e-04
1.800000000000000000e+01 2.775032495530391219e-02 7.241284093825779700e-02 5.960634557731561565e-05 1.099473235007158219e-04
1.900000000000000000e+01 2.053270101653045104e-02 4.475680934793564714e-02 5.943281267778513657e-05 1.034543136555992173e-04
2.000000000000000000e+01 1.615198888793324336e-02 3.261148801194434926e-02 5.969204700877429128e-05 9.905378406253785171e-05
2.100000000000000000e+01 1.214407317070719493e-02 2.569757605524696648e-02 5.958296459992062937e-05 9.569363696553556697e-05
2.200000000000000000e+01 9.040484073317882688e-03 2.231680873177362134e-02 5.888872410776522679e-05 9.293865461052677865e-05
2.300000000000000000e+01 7.504178685751529583e-03 1.994368986745130926e-02 5.780994805262307538e-05 9.059065808993002839e-05
2.400000000000000000e+01 5.302360749622977293e-03 1.555383836150469462e-02 5.660830224075006403e-05 8.861285192964001760e-05
2.500000000000000000e+01 3.193054043522450258e-03 8.884754268365820801e-03 5.537028140836889749e-05 8.697789041247381908e-05
2.600000000000000000e+01 1.559818209285013507e-03 2.612733244815189284e-03 5.409389627731228802e-05 8.556805783455095514e-05
2.700000000000000000e+01 7.243975903614458152e-04 -5.879181589049792267e-04 5.279080527321132737e-05 8.424551188822355821e-05
2.800000000000000000e+01 1.337321329189732804e-03 1.071637042170268999e-04 5.153666027772706821e-05 8.296045935151159952e-05
2.900000000000000000e+01 2.677346608729846197e-03 4.112683532374975491e-03 5.042353057704055633e-05 8.178253794154877947e-05
3.000000000000000000e+01 4.881064247281827022e-03 1.031044700368752287e-02 4.948672374208371309e-05 8.079782084031419606e-05
3.100000000000000000e+01 7.866306905399078619e-03 1.747853750657992616e-02 4.870908529687578811e-05 8.002856301453908363e-05
3.200000000000000000e+01 1.122264747407486669e-02 2.452027042720189565e-02 4.805965538939751917e-05 7.942155649863387446e-05
3.300000000000000000e+01 1.458507340701650432e-02 3.069869784672143997e-02 4.750432077629638546e-05 7.888878234401218588e-05
3.400000000000000000e+01 1.684310039766567790e-02 3.569843895545455476e-02 4.701877613736063494e-05 7.837839814404350526e-05
3.500000000000000000e+01 1.886237110056781380e-02 3.960931003515320847e-02 4.658943680688723457e-05 7.786369568384523057e-05
3.600000000000000000e+01 2.007670985786631085e-02 4.267762493602044599e-02 4.620552881381474768e-05 7.735305945383382680e-05
3.700000000000000000e+01 2.146238005068633325e-02 4.526017217841222379e-02 4.585612048179838244e-05 7.686230632077067991e-05
3.800000000000000000e+01 2.250989547221807913e-02 4.768269022587923178e-02 4.553384817836461234e-05 7.641342396371155160e-05
3.900000000000000000e+01 2.361608867824373584e-02 5.022098625849603232e-02 4.523005912130211828e-05 7.601232157236289828e-05
4.000000000000000000e+01 2.496585103630320768e-02 5.304039114489849521e-02 4.493722187720681355e-05 7.564127818830555143e-05
4.100000000000000000e+01 2.583521147717940739e-02 5.617409781393734036e-02 4.463306544484763863e-05 7.525739496034398600e-05
4.200000000000000000e+01 2.822562828510607677e-02 5.954527120017194530e-02 4.426597564081786784e-05 7.477203924739698039e-05
4.300000000000000000e+01 3.036369510643171718e-02 6.303255753042109888e-02 4.375255160596674481e-05 7.404255776861001954e-05
4.400000000000000000e+01 3.225289723823329679e-02 6.652992312686017984e-02 4.300438952871131243e-05 7.291423537273203359e-05
4.500000000000000000e+01 3.391339076066259700e-02 6.996528874681283428e-02 4.196987858169196111e-05 7.129639800139059617e-05
4.600000000000000000e+01 3.573522632188855241e-02 7.334345101686054469e-02 4.068634355211232589e-05 6.925673671765696104e-05
4.700000000000000000e+01 3.746190792887783838e-02 7.672376527535003377e-02 3.930567154136504115e-05 6.706199129570939138e-05
