# freqs 	 pli 	 dpli 	 meanpower(thalamus)	 meanpower(scalp)	pli
8.000000000000000000e+00 -4.910680874215422181e-02 -1.057194685811121970e-01 6.519470903841622289e-05 4.023157807013153756e-04
9.000000000000000000e+00 -2.067058197519009918e-02 -3.142613874085415510e-02 7.083332815746298599e-05 3.941723404706981636e-04
1.000000000000000000e+01 1.583423930421436199e-02 2.963801714316408389e-02 7.742779752975750146e-05 3.348744341895882335e-04
1.100000000000000000e+01 2.669132959392572432e-02 5.006626825810479853e-02 7.833456609782345637e-05 2.968776056129316808e-04
1.200000000000000000e+01 2.679344719178683443e-02 4.806542984828787723e-02 7.386781902295280029e-05 2.678928700121329092e-04
1.300000000000000000e+01 1.314165035445106523e-02 1.949746722902380089e-02 6.825800962332845658e-05 2.403794576981776543e-04
1.400000000000000000e+01 -9.125952845391171672e-03 -2.156197412068269412e-02 6.361162621156930483e-05 2.136803854025278175e-04
1.500000000000000000e+01 -2.416481318899247818e-02 -4.645377026055075992e-02 6.013993894957800904e-05 1.916037630978875749e-04
1.600000000000000000e+01 -2.703028470956028023e-02 -4.735583963693348192e-02 5.768116511282093647e-05 1.746605204066468508e-04
1.700000000000000000e+01 -2.045679719879778952e-02 -3.675758180118520596e-02 5.602161583413979812e-05 1.612675124802037674e-04
1.800000000000000000e+01 -1.276047639803370125e-02 -2.393250684884561455e-02 5.495291322387725478e-05 1.507339917674735473e-04
1.900000000000000000e+01 -7.141398854454254937e-03 -1.269294210782803689e-02 5.432153512596484522e-05 1.431722172163378570e-04
2.000000000000000000e+01 -2.453950021373113230e-03 -4.597788942588853546e-03 5.402913574120302099e-05 1.383232521897491017e-04
2.100000000000000000e+01 1.361885314116775738e-03 -6.084016594116368982e-04 5.400356399111110815e-05 1.353744565352847911e-04
2.200000000000000000e+01 1.234932122525180323e-03 7.686748260605667446e-04 5.419064080033227218e-05 1.335050343655002085e-04
2.300000000000000000e+01 2.514177672073858189e-03 1.885613419716020362e-03 5.454958747247474902e-05 1.323842152487445130e-04
2.400000000000000000e+01 1.842411462147421205e-03 3.206364504131835411e-03 5.505298523330807151e-05 1.318827549246157625e-04
2.500000000000000000e+01 2.935622294177909607e-03 4.025359963331997561e-03 5.562940557585629791e-05 1.320174335206199083e-04
2.600000000000000000e+01 2.889448289663734595e-03 4.407886335147599526e-03 5.617851829206007744e-05 1.326816966651403159e-04
2.700000000000000000e+01 5.422527952262085928e-03 4.608658715004178980e-03 5.664489456618062083e-05 1.339148985917259366e-04
2.800000000000000000e+01 5.383011230943412009e-03 4.750158386197108132e-03 5.702626648876122620e-05 1.354838003707181779e-04
2.900000000000000000e+01 3.217899597320007885e-03 4.885527390105068660e-03 5.735145000012647007e-05 1.373294426551110786e-04
3.000000000000000000e+01 3.224154696790094716e-03 4.963636241306047629e-03 5.761469614235678697e-05 1.392483774545795743e-04
3.100000000000000000e+01 3.194554832352196772e-03 4.596482046149838116e-03 5.778588380920475937e-05 1.413220470074979238e-04
3.200000000000000000e+01 2.370002570631831243e-03 3.856008958725973355e-03 5.782282766187256677e-05 1.434684336636460388e-04
3.300000000000000000e+01 1.550351146771898397e-03 3.148385288730224264e-03 5.768334866408269580e-05 1.455766780741669009e-04
3.400000000000000000e+01 1.385999394854673435e-03 2.602186624472948868e-03 5.736899577641745582e-05 1.478003388325449627e-04
3.500000000000000000e+01 2.579752702915872904e-03 2.450876304101291727e-03 5.690035165186840523e-05 1.499332064151226408e-04
3.600000000000000000e+01 3.350758451828470159e-03 2.525926990652798462e-03 5.631769090323156788e-05 1.520422965521858218e-04
3.700000000000000000e+01 3.696206716746669885e-03 2.770057671716464817e-03 5.566683683596637254e-05 1.541150865072751363e-04
3.800000000000000000e+01 3.197548670133835286e-03 3.229464542546563698e-03 5.498927365717123548e-05 1.562634213701771585e-04
3.900000000000000000e+01 2.619273577342682430e-03 3.781721933485277399e-03 5.431109975949656422e-05 1.582474262762861926e-04
4.000000000000000000e+01 2.226840045239439261e-03 4.349758105979349872e-03 5.364365314532886560e-05 1.601337139046487147e-04
4.100000000000000000e+01 2.126819421596593419e-03 4.794871322370527003e-03 5.296741347102236323e-05 1.618311295888445408e-04
4.200000000000000000e+01 1.991704492095789855e-03 5.052341832869875621e-03 5.223065171796422888e-05 1.631316400008325839e-04
4.300000000000000000e+01 1.800838246291368945e-03 5.150654705563055200e-03 5.134015996964537231e-05 1.635787419509784641e-04
4.400000000000000000e+01 1.332418872918136139e-03 5.199231075478249857e-03 5.019316889262333514e-05 1.630363238163137448e-04
4.500000000000000000e+01 9.941918493592541081e-04 5.249704479003852210e-03 4.872353212573002958e-05 1.611514857819311224e-04
4.600000000000000000e+01 1.445055472320898315e-03 5.325829488438046759e-03 4.696459905231174331e-05 1.580841425251257207e-04
4.700000000000000000e+01 2.169378947597752887e-03 5.393929278815325426e-03 4.507698839599859857e-05 1.544755709925454555e-04
