# freqs 	 pli 	 dpli 	 meanpower(thalamus)	 meanpower(scalp)	pli
8.000000000000000000e+00 1.697101795171307784e-02 2.714594654566429566e-02 3.194519373163198713e-05 2.088301396198722140e-04
9.000000000000000000e+00 2.011626224609396052e-02 3.283236314604216083e-02 3.166661100304926044e-05 1.888200517784456784e-04
1.000000000000000000e+01 2.752594486541613816e-02 5.032530153820288787e-02 3.201732021707575103e-05 1.819860076455391518e-04
1.100000000000000000e+01 3.736158280890041622e-02 8.130484657363881706e-02 3.337956977366178437e-05 2.010553240366044119e-04
1.200000000000000000e+01 3.648918073546985469e-02 8.951276806323055224e-02 3.487002218781726736e-05 2.381198247621440123e-04
1.300000000000000000e+01 1.956096619199905462e-02 5.849922090377871614e-02 3.512998295722860809e-05 2.604559746960924860e-04
1.400000000000000000e+01 -2.200378497113476047e-03 7.030992936873213354e-03 3.398028718774073450e-05 2.449368189897818768e-04
1.500000000000000000e+01 -1.676010675057386379e-02 -3.545410587629554272e-02 3.208215660278809214e-05 2.060689653804831335e-04
1.600000000000000000e+01 -2.343341947387891228e-02 -5.845471257267841059e-02 3.017089447283042655e-05 1.682562465590165673e-04
1.700000000000000000e+01 -2.218099786625101974e-02 -5.866867100604973573e-02 2.866337594162044120e-05 1.421112206024196275e-04
1.800000000000000000e+01 -1.965540884435687183e-02 -4.729968799909019944e-02 2.758772209448600383e-05 1.263819437047692589e-04
1.900000000000000000e+01 -1.567915151527927292e-02 -3.674907215781324232e-02 2.680527691360422442e-05 1.168550108080499626e-04
2.000000000000000000e+01 -1.194893882846094144e-02 -2.872482616749951964e-02 2.620041745680527561e-05 1.105335298375176442e-04
2.100000000000000000e+01 -8.921082501411608731e-03 -2.125495940460996047e-02 2.574100765458878503e-05 1.058775178697725399e-04
2.200000000000000000e+01 -5.372795177233947658e-03 -1.393897821430008406e-02 2.540483311008401835e-05 1.021784341283608471e-04
2.300000000000000000e+01 -2.475970340674121372e-03 -7.188590600730663041e-03 2.516420761210241101e-05 9.917175062195484085e-05
2.400000000000000000e+01 5.452946106374284129e-04 -1.027280196180714675e-03 2.499302516326937272e-05 9.668539732412957080e-05
2.500000000000000000e+01 3.646473249538277096e-03 4.779532193970910912e-03 2.487264836240073000e-05 9.457350822696989853e-05
2.600000000000000000e+01 6.127830302283695380e-03 1.020456048110026000e-02 2.477510657891246975e-05 9.271129352793129098e-05
2.700000000000000000e+01 8.139044708923154348e-03 1.505370881864752548e-02 2.468129001147975586e-05 9.103521109110523295e-05
2.800000000000000000e+01 9.897559234771553111e-03 1.898347029801907698e-02 2.457957980215485488e-05 8.948073650950631361e-05
2.900000000000000000e+01 1.243376523922687903e-02 2.168717777118952736e-02 2.447489823758648003e-05 8.808014272173386933e-05
3.000000000000000000e+01 1.391847040485007583e-02 2.295708108213190615e-02 2.437608991735489835e-05 8.685518122566101835e-05
3.100000000000000000e+01 1.398367874298279620e-02 2.296889712008177292e-02 2.428988708541361360e-05 8.585078954253627615e-05
3.200000000000000000e+01 1.339667663508264418e-02 2.234757616356691096e-02 2.422307005011789237e-05 8.504746384667411082e-05
3.300000000000000000e+01 1.260799434732944382e-02 2.182170117470547122e-02 2.418033407645391809e-05 8.439906959564844741e-05
3.400000000000000000e+01 1.176710534564651134e-02 2.177946533702765364e-02 2.415938720752769915e-05 8.390838980563842110e-05
3.500000000000000000e+01 1.129806057733691999e-02 2.226759957425831701e-02 2.415304784880527143e-05 8.352164620376512831e-05
3.600000000000000000e+01 1.204278167526762547e-02 2.305726255655802040e-02 2.415740655441434649e-05 8.322994683590277166e-05
3.700000000000000000e+01 1.314082705635560670e-02 2.391572162906764262e-02 2.417283622725279894e-05 8.300841889251915748e-05
3.800000000000000000e+01 1.356450278193522922e-02 2.469667723939764081e-02 2.419832670587129095e-05 8.284511464766844467e-05
3.900000000000000000e+01 1.340525396401195772e-02 2.546639071948321106e-02 2.422976856325146044e-05 8.268505825172441982e-05
4.000000000000000000e+01 1.315195251860548815e-02 2.628697617575966386e-02 2.425987158248226589e-05 8.251464639255251022e-05
4.100000000000000000e+01 1.295105260931368220e-02 2.723419333933256581e-02 2.427393863065829490e-05 8.228697591358746842e-05
4.200000000000000000e+01 1.315211566682265507e-02 2.829469057522858433e-02 2.424076227436675109e-05 8.190057417836625533e-05
4.300000000000000000e+01 1.329101706623766511e-02 2.936676712667168898e-02 2.411110182219107655e-05 8.117793322914584225e-05
4.400000000000000000e+01 1.337547827324511197e-02 3.040380267564421479e-02 2.383163958904933476e-05 7.998851914148561229e-05
4.500000000000000000e+01 1.338495337317400016e-02 3.131808232145994603e-02 2.337238224250489326e-05 7.821398044316516353e-05
4.600000000000000000e+01 1.327694678540730991e-02 3.207300365971649941e-02 2.275602997990437275e-05 7.592693095261247535e-05
4.700000000000000000e+01 1.337447496193413556e-02 3.266950830334246214e-02 2.207287160772354153e-05 7.341854919818468551e-05
