# freqs 	 pli 	 dpli 	 meanpower(thalamus)	 meanpower(scalp)	pli
8.000000000000000000e+00 5.552204412948525541e-02 1.135486549916269461e-01 8.853514981816051411e-05 2.483004588499708410e-04
9.000000000000000000e+00 1.222230968721315682e-02 2.754262377919919347e-02 8.250763747989496339e-05 2.119043597231700705e-04
1.000000000000000000e+01 -8.184663759729938690e-03 -1.016411181106424526e-02 7.918084003294459633e-05 1.733016867690308042e-04
1.100000000000000000e+01 6.788117767357800545e-04 -4.811826556796134323e-03 7.515460636771351967e-05 1.475603655540091584e-04
1.200000000000000000e+01 4.608167189295213871e-03 8.427477470879324523e-04 7.054900585853837735e-05 1.314249867684055329e-04
1.300000000000000000e+01 5.057278408608525608e-03 3.399058952224714384e-03 6.745642383635121436e-05 1.214101123920616860e-04
1.400000000000000000e+01 8.235205508040797581e-03 9.179687883313313729e-03 6.614802113840809910e-05 1.148056074381521288e-04
1.500000000000000000e+01 1.359669713647740710e-02 1.908127941618363230e-02 6.577873929498603497e-05 1.099783249763700834e-04
1.600000000000000000e+01 1.332425870589587329e-02 2.414368552885493013e-02 6.572083450158336924e-05 1.061677572085028106e-04
1.700000000000000000e+01 9.750921861770366073e-03 2.397828943930934917e-02 6.585292218498556619e-05 1.030229307698536103e-04
1.800000000000000000e+01 8.956410818174363048e-03 1.889997374078537795e-02 6.617422185798091405e-05 1.003126525451826138e-04
1.900000000000000000e+01 5.758053418492208725e-03 7.976886118760894220e-03 6.675222328537650342e-05 9.792620430260384377e-05
2.000000000000000000e+01 -4.733911157398242270e-05 -3.326451162991891052e-03 6.738452784291945597e-05 9.571136577668405297e-05
2.100000000000000000e+01 -1.973493273110925577e-03 -6.295323920890796149e-03 6.790118977690572371e-05 9.351170052674433945e-05
2.200000000000000000e+01 4.313515203044192975e-03 4.705191298267527925e-03 6.852276657108730682e-05 9.132014405057708984e-05
2.300000000000000000e+01 1.930364119438457773e-02 3.545070553078739223e-02 6.970700214025108592e-05 8.919849457428995112e-05
2.400000000000000000e+01 4.400264843526632136e-02 8.988614500413384667e-02 7.188515483614147403e-05 8.726623954865666871e-05
2.500000000000000000e+01 6.697316964617532065e-02 1.540318198510157166e-01 7.471742753017259679e-05 8.540370191611497538e-05
2.600000000000000000e+01 7.888328325510457484e-02 1.996995083332659959e-01 7.714937305168318891e-05 8.330335085907910686e-05
2.700000000000000000e+01 7.965992211322657501e-02 2.099779186191099156e-01 7.843511344924242222e-05 8.079127239742969204e-05
2.800000000000000000e+01 6.841975813395322070e-02 1.872806534429762582e-01 7.876342085222294868e-05 7.796970485897591278e-05
2.900000000000000000e+01 5.301998191597586535e-02 1.465989710688813119e-01 7.887742462077374731e-05 7.515442082784916345e-05
3.000000000000000000e+01 3.764066660939782011e-02 1.053468970417764800e-01 7.945421668647325046e-05 7.263147454551599068e-05
3.100000000000000000e+01 2.572514467105898803e-02 7.470482052198107459e-02 8.063127571815401789e-05 7.051844082027406010e-05
3.200000000000000000e+01 1.809978632780638585e-02 5.654970145724444452e-02 8.200950513704480303e-05 6.878649725126281800e-05
3.300000000000000000e+01 1.349431602185037667e-02 4.685001239978195398e-02 8.295240924545200817e-05 6.734664148565028621e-05
3.400000000000000000e+01 1.085337374327097204e-02 4.058063434940548109e-02 8.297939630883411754e-05 6.612231882643208078e-05
3.500000000000000000e+01 8.498445755248482114e-03 3.420920702179153228e-02 8.194627370792625562e-05 6.506536583931525034e-05
3.600000000000000000e+01 5.982926465480763699e-03 2.622402615884440041e-02 8.002603033641933971e-05 6.415447808334204867e-05
3.700000000000000000e+01 2.389298888039861034e-03 1.671611586057416415e-02 7.756987564879724829e-05 6.338165544150317784e-05
3.800000000000000000e+01 -4.207121997776823051e-04 6.553219525078543030e-03 7.495379966011737817e-05 6.273599677014023764e-05
3.900000000000000000e+01 -4.167278257227033898e-03 -3.259292662497288804e-03 7.245841363304033873e-05 6.219914703333116735e-05
4.000000000000000000e+01 -7.319020891236178473e-03 -1.203547975691476521e-02 7.024682657360931343e-05 6.175085482721493716e-05
4.100000000000000000e+01 -9.755776672510789102e-03 -1.948167273056502363e-02 6.835890140566409868e-05 6.134516169662194247e-05
4.200000000000000000e+01 -1.223504017842699972e-02 -2.562090707689718833e-02 6.671392255147332137e-05 6.089114839080434763e-05
4.300000000000000000e+01 -1.427519662021113286e-02 -3.061182653647208721e-02 6.513833742440799338e-05 6.025660366428368128e-05
4.400000000000000000e+01 -1.563952996872093951e-02 -3.466654983835395359e-02 6.343074965964350586e-05 5.930487942392487010e-05
4.500000000000000000e+01 -1.687604379539867777e-02 -3.800249147065313388e-02 6.144555822292671024e-05 5.794484812380351385e-05
4.600000000000000000e+01 -1.763308984450179251e-02 -4.085799421877527038e-02 5.917835345170099405e-05 5.620899494043107614e-05
4.700000000000000000e+01 -1.873379668551368796e-02 -4.354275249670865044e-02 5.680317313189101031e-05 5.428713059560235645e-05
