# freqs 	 pli 	 dpli 	 meanpower(thalamus)	 meanpower(scalp)	pli
8.000000000000000000e+00 -2.968240020744295979e-02 -3.903423820762629698e-02 1.885588781526814780e-04 1.624646367457519588e-04
9.000000000000000000e+00 -5.662239392854468041e-03 7.448218458903817230e-03 1.677642481329684790e-04 1.504750738694066701e-04
1.000000000000000000e+01 1.162921055343110917e-02 4.374717589893113712e-02 1.560602886416334828e-04 1.460390609344384733e-04
1.100000000000000000e+01 3.207963669132003759e-02 6.964503063021117157e-02 1.503731918529327969e-04 1.487014405556085666e-04
1.200000000000000000e+01 3.227836323748334985e-02 4.083705936631951833e-02 1.480170526368789212e-04 1.664027889599455892e-04
1.300000000000000000e+01 -5.300314404077440325e-03 -5.053167372405259483e-02 1.462437320318750065e-04 2.072559479206597115e-04
1.400000000000000000e+01 -3.268937248615284147e-02 -1.171101348040253093e-01 1.401327083446839128e-04 2.266289228007667758e-04
1.500000000000000000e+01 -4.270588350194962080e-02 -1.239079958022289984e-01 1.295367656795736464e-04 2.031016235765694419e-04
1.600000000000000000e+01 -4.016403442982808408e-02 -1.015183145165589884e-01 1.193155987034681144e-04 1.645426842818077011e-04
1.700000000000000000e+01 -3.247193218051740160e-02 -8.276205161919003572e-02 1.118156642602653359e-04 1.361030474401684872e-04
1.800000000000000000e+01 -2.928777208407568403e-02 -7.310919967890336379e-02 1.060153014537637328e-04 1.210507023035966407e-04
1.900000000000000000e+01 -2.889935052180706704e-02 -6.892322377415294188e-02 1.006637568320211887e-04 1.133204429091433000e-04
2.000000000000000000e+01 -3.003804895142607803e-02 -6.733270690064163677e-02 9.545843785442281021e-05 1.086920342169504219e-04
2.100000000000000000e+01 -2.820790086719083406e-02 -6.365664131125572944e-02 9.045983409023970246e-05 1.055077146145443832e-04
2.200000000000000000e+01 -2.554890072831458511e-02 -5.598291139792226090e-02 8.577346640027558528e-05 1.027577747633154934e-04
2.300000000000000000e+01 -1.975801271739595702e-02 -4.538273673222784771e-02 8.146557468499102160e-05 9.984777706426282453e-05
2.400000000000000000e+01 -1.228781072457568908e-02 -3.308645794336673163e-02 7.761814723891101973e-05 9.673688965969183984e-05
2.500000000000000000e+01 -6.952350530606450640e-03 -2.069340903366419931e-02 7.416384653456332867e-05 9.389860146373171269e-05
2.600000000000000000e+01 -1.667945190054261062e-03 -1.016846827624490884e-02 7.102313314491996265e-05 9.198451576981176662e-05
2.700000000000000000e+01 3.253849845883967102e-03 -2.587643710992443887e-03 6.810101005083608980e-05 9.109983545032039132e-05
2.800000000000000000e+01 6.899005985852442804e-03 1.625807351546067593e-03 6.533254821911897649e-05 9.036736060046829237e-05
2.900000000000000000e+01 9.364868460809298856e-03 3.078604298793725848e-03 6.273122536466800082e-05 8.854417991319919116e-05
3.000000000000000000e+01 9.822450447165587475e-03 2.599226669503247166e-03 6.032819327985247280e-05 8.508930699734273343e-05
3.100000000000000000e+01 9.568795566094221577e-03 8.632632231662598502e-04 5.815299565448813840e-05 8.041297358630731921e-05
3.200000000000000000e+01 8.923353018584455343e-03 -1.560478994763477012e-03 5.621832042792668092e-05 7.537274559741466938e-05
3.300000000000000000e+01 8.230495051987375341e-03 -3.928136980006147021e-03 5.451643513905674954e-05 7.071506614482432141e-05
3.400000000000000000e+01 7.271411371297224931e-03 -5.459623355808117598e-03 5.301748083812379760e-05 6.679666055923623165e-05
3.500000000000000000e+01 7.199291673955807852e-03 -5.520815484385229073e-03 5.167661457033036079e-05 6.361052599992256902e-05
3.600000000000000000e+01 7.384761192768992712e-03 -4.131563130395696400e-03 5.046233611960579364e-05 6.099808953594099972e-05
3.700000000000000000e+01 7.615462664461196927e-03 -1.807607764712186290e-03 4.935891723323397031e-05 5.878745583265259386e-05
3.800000000000000000e+01 7.822961261111744877e-03 7.152994545515632425e-04 4.835100720312545747e-05 5.685769678804671647e-05
3.900000000000000000e+01 7.705982223109956834e-03 2.771105357647732012e-03 4.742617470428409630e-05 5.512236098361014214e-05
4.000000000000000000e+01 7.972556068604507926e-03 3.983890861265462942e-03 4.657352047870750596e-05 5.353077556747331861e-05
4.100000000000000000e+01 6.958983541950774371e-03 4.299142762368149233e-03 4.576392861494184104e-05 5.203058070431767530e-05
4.200000000000000000e+01 5.544539036085516757e-03 3.904939362296321482e-03 4.494703234829698261e-05 5.055229057844646341e-05
4.300000000000000000e+01 4.653484007464687121e-03 3.111035277135971566e-03 4.404245327236417805e-05 4.901036640565667674e-05
4.400000000000000000e+01 2.946940052663073878e-03 2.218488548835085682e-03 4.295950074015654675e-05 4.732321829037293377e-05
4.500000000000000000e+01 1.310078465643164545e-03 1.438942016438236968e-03 4.164185398661331448e-05 4.542811276268286439e-05
4.600000000000000000e+01 7.302939697827639902e-04 8.877103552879893463e-04 4.010918508528514987e-05 4.334069861885565215e-05
4.700000000000000000e+01 6.632063637855404887e-04 5.959993670096014719e-04 3.848933769330688801e-05 4.118754520961273764e-05
