# freqs 	 pli 	 dpli 	 meanpower(thalamus)	 meanpower(scalp)	pli
8.000000000000000000e+00 7.616147190265562528e-02 1.881601698637880293e-01 4.647938516108263940e+01 2.970658018670242200e+02
9.000000000000000000e+00 6.394709207803303541e-02 1.937017665029112934e-01 4.424591983429879605e+01 2.624072089481610988e+02
1.000000000000000000e+01 6.530220268104278136e-02 1.700044661255125933e-01 4.276103592436344059e+01 2.314417128950973677e+02
1.100000000000000000e+01 4.067816446365995348e-02 1.131750472308119537e-01 4.226366847176136332e+01 2.084331998367499637e+02
1.200000000000000000e+01 2.564780717188266945e-02 4.897370173599231019e-02 4.263604834206165606e+01 1.898618902721421193e+02
1.300000000000000000e+01 1.324190459172562388e-02 1.705906072171363159e-03 4.201194402711684006e+01 1.735429346155368364e+02
1.400000000000000000e+01 3.117234745589112887e-04 -1.468466330962021026e-02 4.013225589504190793e+01 1.586814231287764585e+02
1.500000000000000000e+01 -6.238109887132079964e-03 -2.005698168714333332e-02 3.815927154385340714e+01 1.468800087558953180e+02
1.600000000000000000e+01 -1.169891253290319087e-02 -2.547385292839206283e-02 3.666871315076988935e+01 1.377095806440688648e+02
1.700000000000000000e+01 -9.240619814656977557e-03 -2.888524117869660512e-02 3.556148528381340412e+01 1.302725954541777753e+02
1.800000000000000000e+01 -7.370118082996864745e-03 -3.131592846414460451e-02 3.466568597111306360e+01 1.244159869251535468e+02
1.900000000000000000e+01 -1.016338296248238925e-02 -3.376938562818447565e-02 3.393853747552171995e+01 1.197562691165530140e+02
2.000000000000000000e+01 -1.185567293785093172e-02 -3.007689062963325027e-02 3.329619943071887178e+01 1.157026615101784301e+02
2.100000000000000000e+01 -8.400703335130842164e-03 -1.824890900154324189e-02 3.274640313132783831e+01 1.120212931451470411e+02
2.200000000000000000e+01 -5.759566090746626394e-04 -4.306710688829482221e-03 3.228064107030171925e+01 1.085727973826440831e+02
2.300000000000000000e+01 3.548337607118591877e-03 6.909960876046974260e-03 3.194055850230542504e+01 1.053334426421923808e+02
2.400000000000000000e+01 6.414480525593339866e-03 1.684884225316617481e-02 3.170125098210815295e+01 1.023453190566629729e+02
2.500000000000000000e+01 1.213115865412475736e-02 2.754263163338040860e-02 3.151391465477669129e+01 9.969636170924162855e+01
2.600000000000000000e+01 1.691404222774576041e-02 3.618619143889344886e-02 3.137335814004485002e+01 9.732279378322932928e+01
2.700000000000000000e+01 1.660577011223300301e-02 3.849307189147158775e-02 3.125386373822152208e+01 9.500217352970037155e+01
2.800000000000000000e+01 1.462917787619015357e-02 3.350077155970639098e-02 3.113915882036530647e+01 9.264624158046825642e+01
2.900000000000000000e+01 9.391947922035608770e-03 2.434947956316173626e-02 3.101772304505594846e+01 9.029703154270711707e+01
3.000000000000000000e+01 7.764282991122487855e-03 1.540183449064604256e-02 3.090171371456951377e+01 8.807100199637727655e+01
3.100000000000000000e+01 1.066015926021063494e-02 9.174625884876627321e-03 3.081295291596920904e+01 8.607448671914180238e+01
3.200000000000000000e+01 1.296432851956504269e-02 5.371807329627239710e-03 3.073766822188530057e+01 8.433274671906239917e+01
3.300000000000000000e+01 1.068390239129371304e-02 2.092421250180776394e-03 3.064690032674566567e+01 8.282355345507522770e+01
3.400000000000000000e+01 6.130410551736949730e-03 -2.060307286055022054e-03 3.052636291518264500e+01 8.153288974076845363e+01
3.500000000000000000e+01 3.896433915916085525e-03 -6.945999315024972698e-03 3.038912357519065210e+01 8.038350348721866112e+01
3.600000000000000000e+01 9.976215573100474712e-04 -1.127482955702875829e-02 3.024196982396381017e+01 7.931102864677328057e+01
3.700000000000000000e+01 2.061761699412506272e-03 -1.390521613246077648e-02 3.007838436918724767e+01 7.829431369452129275e+01
3.800000000000000000e+01 2.075372677946400214e-03 -1.460842032835219483e-02 2.989457046316933742e+01 7.735909149619577363e+01
3.900000000000000000e+01 3.411023447940975117e-03 -1.409157785453265394e-02 2.969606781016130626e+01 7.649832093403199451e+01
4.000000000000000000e+01 4.457436573082890555e-03 -1.351029091996495436e-02 2.948730796386584885e+01 7.568867984283916428e+01
4.100000000000000000e+01 6.282837056716656862e-03 -1.375254836630971332e-02 2.926981707540896949e+01 7.491460574281900620e+01
4.200000000000000000e+01 5.180427187661380828e-03 -1.507549756950789244e-02 2.901840063785708779e+01 7.411985620867133662e+01
4.300000000000000000e+01 3.472022986589351837e-03 -1.709816815974184168e-02 2.868380633850695460e+01 7.318078853679038787e+01
4.400000000000000000e+01 1.712065625574927174e-03 -1.906236282029809617e-02 2.820455437687868638e+01 7.193857290774975866e+01
4.500000000000000000e+01 1.158600635445390615e-03 -2.039906253586517421e-02 2.754222181723742935e+01 7.025421268647862405e+01
4.600000000000000000e+01 1.414430216035832176e-03 -2.081344349587849196e-02 2.671538548069909069e+01 6.810455631808905252e+01
4.700000000000000000e+01 1.973797993773780506e-03 -2.025238740166108303e-02 2.582015132598631268e+01 6.566341481819077330e+01
