# freqs 	 pli 	 dpli 	 meanpower(thalamus)	 meanpower(scalp)	pli
8.000000000000000000e+00 -5.286259812474776443e-02 -9.442839546454431798e-02 8.890884742768124670e-05 4.106384097415211021e-04
9.000000000000000000e+00 -3.354353889032225117e-02 -6.253350608571434099e-02 8.629615947764823856e-05 2.820096460645907179e-04
1.000000000000000000e+01 -4.604801248709317063e-02 -9.447249292810563914e-02 9.444174319978080982e-05 2.078642366558033124e-04
1.100000000000000000e+01 -7.128976157186708851e-02 -1.904203518478970736e-01 1.157072868824715226e-04 1.692462506342088204e-04
1.200000000000000000e+01 -9.124814569949386833e-02 -2.813722322491337691e-01 1.211730840978308179e-04 1.597762049272698790e-04
1.300000000000000000e+01 -7.368980531863796035e-02 -2.476731828136983227e-01 1.051305646561619882e-04 1.677664379540395087e-04
1.400000000000000000e+01 -5.188900676535430911e-02 -1.602282924918772833e-01 8.551697224329989186e-05 1.705363244395196784e-04
1.500000000000000000e+01 -4.018261909451795871e-02 -1.082871024707018764e-01 7.071011336460555040e-05 1.557977568076954504e-04
1.600000000000000000e+01 -3.351239236925471904e-02 -8.413846436249823590e-02 6.042791151416560219e-05 1.316580533024864401e-04
1.700000000000000000e+01 -2.715002193838875547e-02 -6.175605981862256760e-02 5.351699502615240217e-05 1.097073907466072831e-04
1.800000000000000000e+01 -1.771659700905922966e-02 -3.962985601254274265e-02 4.915384939223692680e-05 9.442608859554548482e-05
1.900000000000000000e+01 -1.254992387298925309e-02 -2.325483328429877802e-02 4.661759335536114646e-05 8.475596677163479053e-05
2.000000000000000000e+01 -7.528677064505131383e-03 -1.191574239040319241e-02 4.551247058167041975e-05 7.850532784721658656e-05
2.100000000000000000e+01 -4.527074462164230352e-03 -4.213672779933050339e-03 4.566286082250175848e-05 7.418908532261109527e-05
2.200000000000000000e+01 -3.196637453207176651e-03 -1.658456380416929504e-03 4.647798698147991833e-05 7.106286581007262174e-05
2.300000000000000000e+01 -4.633497437132289877e-03 -4.619430398402150570e-03 4.700306112907341207e-05 6.881862586582809381e-05
2.400000000000000000e+01 -5.912129313197921066e-03 -9.696457430919741202e-03 4.662066963570445522e-05 6.726141150677531584e-05
2.500000000000000000e+01 -4.613534428028459762e-03 -1.186279294361699058e-02 4.532035890887711217e-05 6.621561068536816180e-05
2.600000000000000000e+01 -3.106917222023307563e-03 -8.637574913402338433e-03 4.346635308364803316e-05 6.545599026066042101e-05
2.700000000000000000e+01 6.652134593024054373e-05 -1.956326090953356377e-03 4.147233974095619846e-05 6.474035180243846541e-05
2.800000000000000000e+01 2.899183703454819190e-03 3.934278329136180370e-03 3.963363061041880799e-05 6.390684643727079987e-05
2.900000000000000000e+01 3.365763860996534833e-03 6.395719992152337080e-03 3.809181659379080144e-05 6.294826816822359698e-05
3.000000000000000000e+01 3.174470627036234550e-03 5.910206203751064945e-03 3.685589259901053173e-05 6.191182277425008194e-05
3.100000000000000000e+01 3.822928932553003312e-03 4.623994682241196891e-03 3.588923626780324278e-05 6.089594530004021586e-05
3.200000000000000000e+01 3.215676542106328355e-03 3.953656459326294718e-03 3.514704964917877132e-05 5.996370655262612073e-05
3.300000000000000000e+01 2.620485609654513159e-03 3.894494522584535188e-03 3.456995287672451973e-05 5.912140689209794867e-05
3.400000000000000000e+01 1.516593434778615778e-03 3.661222123961340759e-03 3.409743917361300576e-05 5.835494977307003028e-05
3.500000000000000000e+01 7.470300798502721006e-04 2.690178277698775534e-03 3.367330428253992086e-05 5.763921913958743216e-05
3.600000000000000000e+01 -5.576316620660682569e-04 9.989786018627252150e-04 3.326106542843808403e-05 5.696891008383877565e-05
3.700000000000000000e+01 -1.076153051821935247e-03 -9.779725990123082011e-04 3.284149986074647623e-05 5.636733484577674780e-05
3.800000000000000000e+01 -1.818053850590524694e-03 -2.704644753897884630e-03 3.241733119780558172e-05 5.585761327721426047e-05
3.900000000000000000e+01 -2.166359284436101488e-03 -3.884002558630501346e-03 3.199938477410416284e-05 5.543799875792505545e-05
4.000000000000000000e+01 -2.442921585817421290e-03 -4.360907348628431483e-03 3.159492959043625973e-05 5.509867819557301064e-05
4.100000000000000000e+01 -1.729181616330725162e-03 -4.228329421396537745e-03 3.119757408039769393e-05 5.480576767836171730e-05
4.200000000000000000e+01 -9.058460872857065221e-04 -3.745737186721863517e-03 3.077853175082166128e-05 5.448020045422913673e-05
4.300000000000000000e+01 -1.112301528720327070e-03 -3.245631538581590040e-03 3.028126655717141300e-05 5.400184446010285113e-05
4.400000000000000000e+01 -2.040500929277370545e-03 -2.938326787662278068e-03 2.963871464689328821e-05 5.324519552343898805e-05
4.500000000000000000e+01 -2.958562589361448617e-03 -2.983360144700466458e-03 2.880851687396828072e-05 5.212512728772141250e-05
4.600000000000000000e+01 -3.357338498394562675e-03 -3.410832942899255128e-03 2.780705224515467457e-05 5.067348560431101539e-05
4.700000000000000000e+01 -3.317400026074676569e-03 -4.162653053743727884e-03 2.672822227142157694e-05 4.907419784604948471e-05
