# freqs 	 pli 	 dpli 	 meanpower(thalamus)	 meanpower(scalp)	pli
8.000000000000000000e+00 -7.812308114412782646e-03 -1.363018729980285983e-02 6.772181442534466100e+01 5.505762086109433540e+01
9.000000000000000000e+00 -8.994773379554742848e-03 -3.004351157972656727e-02 6.339697501377592204e+01 5.783933179949458037e+01
1.000000000000000000e+01 -8.135236446330715993e-03 -3.243141436706860337e-02 5.974808550904373305e+01 5.367023530056958691e+01
1.100000000000000000e+01 -4.597076652681842887e-03 -3.804543477890980768e-02 5.690642234373100194e+01 4.760702073990800898e+01
1.200000000000000000e+01 -6.787032539785149005e-03 -3.608612852712814872e-02 5.497055913622601508e+01 4.403468052492772244e+01
1.300000000000000000e+01 -1.236630802885259339e-02 -2.326255452652142494e-02 5.412602360267036516e+01 4.236571565633857972e+01
1.400000000000000000e+01 -1.397097248246771499e-02 -2.491429325614268400e-02 5.406019097203105872e+01 4.138957177826542733e+01
1.500000000000000000e+01 -8.949451055441242503e-03 -3.539942815130299458e-02 5.400712125699496369e+01 4.060325749862034428e+01
1.600000000000000000e+01 -4.932478171575433237e-03 -3.387713005355021123e-02 5.376743372397488230e+01 3.986522065590310859e+01
1.700000000000000000e+01 -2.983824649961214995e-03 -2.277809702985931356e-02 5.353174892867122736e+01 3.907741253239329637e+01
1.800000000000000000e+01 1.063761790406968699e-03 -1.307208328738565691e-02 5.349808360598350987e+01 3.835685177130015688e+01
1.900000000000000000e+01 -2.385996234555214698e-03 -1.207887541383730057e-02 5.381511763479609556e+01 3.773679920771360941e+01
2.000000000000000000e+01 -5.877028449863429781e-03 -1.802299833812691723e-02 5.461049939340960435e+01 3.722423889500387162e+01
2.100000000000000000e+01 -9.297139856340645367e-03 -2.310141842409278376e-02 5.694708254157712446e+01 3.681689078734021336e+01
2.200000000000000000e+01 -7.982730980776777882e-03 -2.236104317135509043e-02 6.473260781292708543e+01 3.653708143825746646e+01
2.300000000000000000e+01 -8.993258307525895875e-03 -2.254740706824944624e-02 8.304068897357166179e+01 3.650395880134500715e+01
2.400000000000000000e+01 -9.795751523281706272e-03 -2.848332931397214510e-02 1.100829371196818158e+02 3.669201039529837516e+01
2.500000000000000000e+01 -8.751703943904306712e-03 -3.259654319990581278e-02 1.391452941595807431e+02 3.681412243520036753e+01
2.600000000000000000e+01 -6.093701072986994682e-04 -2.623927416068553425e-02 1.667688719769674321e+02 3.660833389573771512e+01
2.700000000000000000e+01 9.487273355050984333e-03 -9.460312338151097636e-03 1.910647685586473870e+02 3.606573162032044877e+01
2.800000000000000000e+01 1.788458945665363439e-02 1.037698030004282311e-02 2.064565541973003917e+02 3.537348786021514258e+01
2.900000000000000000e+01 2.099501711376458579e-02 2.650633071489453749e-02 2.074126151625135890e+02 3.468678238973367201e+01
3.000000000000000000e+01 2.093040604931644538e-02 3.611357308203670680e-02 1.936772167698472629e+02 3.407183490360434064e+01
3.100000000000000000e+01 1.871513325847280057e-02 3.962850980474224433e-02 1.697751695597585240e+02 3.356442695136173882e+01
3.200000000000000000e+01 1.718726647735764612e-02 3.886365060676021804e-02 1.420296019274678372e+02 3.317081322258396625e+01
3.300000000000000000e+01 1.547648819164595263e-02 3.573124026602274295e-02 1.158148725235910632e+02 3.286580381461408962e+01
3.400000000000000000e+01 1.374802643528803651e-02 3.131832155957421648e-02 9.435950817926404000e+01 3.261919369818465242e+01
3.500000000000000000e+01 1.067364389756698083e-02 2.598098285374096997e-02 7.872062337765089524e+01 3.241009677812540701e+01
3.600000000000000000e+01 6.498121580027837324e-03 1.982721583685425823e-02 6.829023428104328275e+01 3.222644543408557638e+01
3.700000000000000000e+01 4.418373917866680843e-03 1.336980728522384199e-02 6.171247281638378013e+01 3.205265583795983275e+01
3.800000000000000000e+01 5.758336069425577233e-04 7.390740142485966412e-03 5.761210675161182593e+01 3.188384450785490642e+01
3.900000000000000000e+01 -1.439671416170897446e-03 2.585325615175915713e-03 5.496532090910434931e+01 3.172453906828733849e+01
4.000000000000000000e+01 -2.197919688783036250e-03 -7.907209603242841426e-04 5.311797040102482725e+01 3.157967325145426685e+01
4.100000000000000000e+01 -2.938678462937587693e-03 -2.841176964699361138e-03 5.166944096087756577e+01 3.142966095162033469e+01
4.200000000000000000e+01 -3.112374232545254537e-03 -3.934482588276224171e-03 5.038295699977719977e+01 3.123829020652649291e+01
4.300000000000000000e+01 -4.212691700279751900e-03 -4.526847593228478135e-03 4.909486837083635891e+01 3.094762227696371326e+01
4.400000000000000000e+01 -4.830976964874366016e-03 -4.995781893492113983e-03 4.769478281054199442e+01 3.048241844649861321e+01
4.500000000000000000e+01 -4.367782877846560809e-03 -5.565937446305785699e-03 4.613732044580591918e+01 2.979109353381489100e+01
4.600000000000000000e+01 -3.603483515506975855e-03 -6.307784215783111305e-03 4.449714135595565523e+01 2.889381308065238230e+01
4.700000000000000000e+01 -2.599054969846077527e-03 -7.181415208589472972e-03 4.299039029920665911e+01 2.789640317256464286e+01
