# freqs 	 pli 	 dpli 	 meanpower(thalamus)	 meanpower(scalp)	pli
8.000000000000000000e+00 -4.878486340884612658e-03 3.208406374251695191e-03 3.531386533532449929e-05 3.002835212415986416e-04
9.000000000000000000e+00 3.631720982985838647e-02 8.811949130759931526e-02 3.546381329428620837e-05 2.988264061225418748e-04
1.000000000000000000e+01 3.132253406522703815e-02 7.436706168260706629e-02 3.470909003209084144e-05 2.741977437452120143e-04
1.100000000000000000e+01 2.322583895418244698e-02 4.828101348252203384e-02 3.463210443053292282e-05 2.330848948386675672e-04
1.200000000000000000e+01 1.757942243839833579e-02 4.111749410128969634e-02 3.472463523366773870e-05 2.044400676447482158e-04
1.300000000000000000e+01 1.343488574130324853e-02 3.382227545601140806e-02 3.452252857526514696e-05 1.908489647948605932e-04
1.400000000000000000e+01 7.657685674123127124e-03 2.098819770220064496e-02 3.425506441390219388e-05 1.828373294791265020e-04
1.500000000000000000e+01 6.748466552452423058e-03 1.588612968523157865e-02 3.414135662481437980e-05 1.768745458081160034e-04
1.600000000000000000e+01 1.159551129203995230e-02 2.143559315672154131e-02 3.416122415968315246e-05 1.724508676753861206e-04
1.700000000000000000e+01 1.637863392074660751e-02 3.008135955035983258e-02 3.423901583699535917e-05 1.691937052248211853e-04
1.800000000000000000e+01 2.059302388743791679e-02 3.889008324227896662e-02 3.441483049009276519e-05 1.665536908272694156e-04
1.900000000000000000e+01 2.500240940688453276e-02 4.864948768244380800e-02 3.470767076667339776e-05 1.641090329339562996e-04
2.000000000000000000e+01 3.014488232619447552e-02 5.893211027522857193e-02 3.507393547533985226e-05 1.614220439000454239e-04
2.100000000000000000e+01 3.504469515537986246e-02 6.852764698210159211e-02 3.542787996653666105e-05 1.581692925042649191e-04
2.200000000000000000e+01 3.886771793100796818e-02 7.449347999049800439e-02 3.567072418480976450e-05 1.541537788545294541e-04
2.300000000000000000e+01 3.962818938939896563e-02 7.473077552432880188e-02 3.574152179152864753e-05 1.493836814838125806e-04
2.400000000000000000e+01 3.717137162580646387e-02 7.000381383265938395e-02 3.566038337329330347e-05 1.440460578825812383e-04
2.500000000000000000e+01 3.345072709390856103e-02 6.229234232573945679e-02 3.550276011581834419e-05 1.384066457803975704e-04
2.600000000000000000e+01 2.783020348425395418e-02 5.317484677641738655e-02 3.534575984071322509e-05 1.327847315023699564e-04
2.700000000000000000e+01 2.297623787826219913e-02 4.418440140236726960e-02 3.523559572620845246e-05 1.276053370873754642e-04
2.800000000000000000e+01 1.905941809579798224e-02 3.682117846700996844e-02 3.517452034072061727e-05 1.230618664546247567e-04
2.900000000000000000e+01 1.630160061976439548e-02 3.186822785284357251e-02 3.515583944278987462e-05 1.192672497243141934e-04
3.000000000000000000e+01 1.492447604799199481e-02 2.896694498856509231e-02 3.515895509343155951e-05 1.161329614370020116e-04
3.100000000000000000e+01 1.388754633302581934e-02 2.712095230727233630e-02 3.517294934797067979e-05 1.135865404898348202e-04
3.200000000000000000e+01 1.332738787338190629e-02 2.552513527160871556e-02 3.518504088964399557e-05 1.114674776675257000e-04
3.300000000000000000e+01 1.257740982425272630e-02 2.374629188647911851e-02 3.518659710309091429e-05 1.096586660342005151e-04
3.400000000000000000e+01 1.217527737976564946e-02 2.167002254596681748e-02 3.517945650145080672e-05 1.081880331328894187e-04
3.500000000000000000e+01 1.162011381417996439e-02 1.934925984141815103e-02 3.515839156616517783e-05 1.069687244850950271e-04
3.600000000000000000e+01 1.115195019998162576e-02 1.696925067375621224e-02 3.512542744554168300e-05 1.060371150221848797e-04
3.700000000000000000e+01 1.046475358359614041e-02 1.480895463111295100e-02 3.508145493643151532e-05 1.053789643377394427e-04
3.800000000000000000e+01 9.615285613984355870e-03 1.316996081496938330e-02 3.502800090852120754e-05 1.050173191563601546e-04
3.900000000000000000e+01 8.865609897965582090e-03 1.206367984384512822e-02 3.496196699675424910e-05 1.048304919806621261e-04
4.000000000000000000e+01 8.018134553131705047e-03 1.144564379868359856e-02 3.488099913135562401e-05 1.048192394883600519e-04
4.100000000000000000e+01 7.602805018645660343e-03 1.109952781165119730e-02 3.476893078789886722e-05 1.049066763571866761e-04
4.200000000000000000e+01 6.793532425299179250e-03 1.080706689129200780e-02 3.458822334020221625e-05 1.049440717230635135e-04
4.300000000000000000e+01 6.419029657127650612e-03 1.039357978210559905e-02 3.427641456526504631e-05 1.046513236161129227e-04
4.400000000000000000e+01 6.338101268901490115e-03 9.945450418631788733e-03 3.376643012766260813e-05 1.038610831275121443e-04
4.500000000000000000e+01 5.875401303126583444e-03 9.455457696195717840e-03 3.301508324993935337e-05 1.023249459241122914e-04
4.600000000000000000e+01 5.476245781812874233e-03 8.986077100595388223e-03 3.205382406361485803e-05 1.000747859563241160e-04
4.700000000000000000e+01 5.524232415068578046e-03 8.592201654772476521e-03 3.100644886661123268e-05 9.745290677894313965e-05
