# freqs 	 pli 	 dpli 	 meanpower(thalamus)	 meanpower(scalp)	pli
8.000000000000000000e+00 -1.537540006876043398e-02 -2.736313056630153284e-02 8.171713922956783449e+01 3.043733135394977580e+02
9.000000000000000000e+00 1.091139026667855422e-02 6.156954336059193567e-02 7.352950090494398694e+01 3.042728056600878972e+02
1.000000000000000000e+01 1.935273155681533144e-02 7.657658406245961003e-02 6.802690996688714620e+01 2.618318162173644055e+02
1.100000000000000000e+01 2.000854044294264611e-02 6.917688175575759102e-02 6.486814736617968435e+01 2.189096448634585386e+02
1.200000000000000000e+01 1.550220106529249381e-02 5.722021580348956443e-02 6.296985421561049634e+01 1.905302757662575743e+02
1.300000000000000000e+01 1.089597994172694130e-02 4.444561687786648813e-02 6.164418276169997313e+01 1.738799586210396342e+02
1.400000000000000000e+01 2.645097448694230542e-03 3.616091539566809038e-02 6.051469595736063667e+01 1.650851228668687725e+02
1.500000000000000000e+01 1.201444479534251363e-03 2.165690848101007454e-02 5.950964734261150113e+01 1.601893929153971214e+02
1.600000000000000000e+01 -3.923738991763970826e-03 4.880269255846096492e-03 5.837204841128009036e+01 1.563349070169590220e+02
1.700000000000000000e+01 -7.926113256047325958e-03 -6.311191884582762791e-03 5.740929768689550627e+01 1.529112100798195399e+02
1.800000000000000000e+01 -9.352313652423853776e-03 -9.704683647419734549e-03 5.668327842278554130e+01 1.501549878608876156e+02
1.900000000000000000e+01 -1.076157532592539670e-02 -1.168099521421249974e-02 5.612792759497402528e+01 1.481378379164033561e+02
2.000000000000000000e+01 -1.318967644375626698e-02 -1.542691830892888027e-02 5.566702115491677461e+01 1.466392473907211240e+02
2.100000000000000000e+01 -1.191669388017993665e-02 -1.698839120799667743e-02 5.593049080956850361e+01 1.456556727261404376e+02
2.200000000000000000e+01 -8.446473037474488271e-03 -1.054179485189716582e-02 5.931910949542810130e+01 1.459986579777088878e+02
2.300000000000000000e+01 -4.469946205110345190e-03 3.194773954664711577e-03 6.920551406166605091e+01 1.491360522873839045e+02
2.400000000000000000e+01 -5.079187487583426523e-03 1.066120312418313530e-02 8.509020393480092537e+01 1.548618554531841482e+02
2.500000000000000000e+01 -8.538544288359095624e-03 8.653257986061803310e-04 1.024674478965908833e+02 1.594601773094712200e+02
2.600000000000000000e+01 -1.960053211471800283e-02 -2.731053779817388047e-02 1.184559334052761415e+02 1.586006872861542547e+02
2.700000000000000000e+01 -3.320966164502785894e-02 -6.623327975817482061e-02 1.318238446330639135e+02 1.509648643151519707e+02
2.800000000000000000e+01 -4.799784853459432982e-02 -1.038143717841020913e-01 1.396961068098432008e+02 1.387060489023081971e+02
2.900000000000000000e+01 -6.157732669149425936e-02 -1.299610090652756900e-01 1.390680578741428519e+02 1.253165059978672957e+02
3.000000000000000000e+01 -6.653171208794651792e-02 -1.387525890713657839e-01 1.298166544762865726e+02 1.134776420519418565e+02
3.100000000000000000e+01 -6.099377048740457774e-02 -1.293985798904142837e-01 1.147273203014794092e+02 1.044131526447326053e+02
3.200000000000000000e+01 -4.984337206074784810e-02 -1.065950016129251915e-01 9.769934104014362219e+01 9.803492228975301259e+01
3.300000000000000000e+01 -3.532314562835810190e-02 -7.785422866020949573e-02 8.203441834237320052e+01 9.359756360610312242e+01
3.400000000000000000e+01 -2.033138115637065854e-02 -4.986875124992377201e-02 6.961953925687107869e+01 9.041261100183159272e+01
3.500000000000000000e+01 -1.017123757303992071e-02 -2.681149100939072064e-02 6.087252869404623112e+01 8.800382842386378002e+01
3.600000000000000000e+01 -2.587022984554196870e-03 -1.022032653424279243e-02 5.518631357741692511e+01 8.605586465111615269e+01
3.700000000000000000e+01 1.969288895126455625e-03 6.640610200350752397e-04 5.163186968786262554e+01 8.433712800028999368e+01
3.800000000000000000e+01 4.821214456410156945e-03 7.461476352118003030e-03 4.939273790065981018e+01 8.273740323485566250e+01
3.900000000000000000e+01 5.451267272264160961e-03 1.175688359782132292e-02 4.790620006932708463e+01 8.120955248852126829e+01
4.000000000000000000e+01 5.761646279944301723e-03 1.435548889111509969e-02 4.682393227700958249e+01 7.973516734687336793e+01
4.100000000000000000e+01 7.111822293340445099e-03 1.563548133170496179e-02 4.594674284863061331e+01 7.828848800780275496e+01
4.200000000000000000e+01 8.110847321143459937e-03 1.577564717158158603e-02 4.513622543286232514e+01 7.681993470741680596e+01
4.300000000000000000e+01 8.930539936412733304e-03 1.495709227409753976e-02 4.427295271458140036e+01 7.520915332781058282e+01
4.400000000000000000e+01 8.895211905873393748e-03 1.326495982518205441e-02 4.326118900030139258e+01 7.332677318403212041e+01
4.500000000000000000e+01 7.684241479369059713e-03 1.081117340507886139e-02 4.205186166132587289e+01 7.106640424581978266e+01
4.600000000000000000e+01 6.499368917932712639e-03 7.534214889846085721e-03 4.070366130485721357e+01 6.844981483121775057e+01
4.700000000000000000e+01 4.482530215645898035e-03 3.271779109900994822e-03 3.941558126573053045e+01 6.567521450702071206e+01
