# freqs 	 pli 	 dpli 	 meanpower(thalamus)	 meanpower(scalp)	pli
8.000000000000000000e+00 -7.306542676851543851e-04 8.124958978123598963e-02 4.325983486169901227e+01 3.687864901108080744e+02
9.000000000000000000e+00 -6.191315757103612455e-02 -4.746362841514910336e-02 4.326240624925719658e+01 3.647421185899074771e+02
1.000000000000000000e+01 -5.973357902414679760e-02 -1.649607304846138212e-01 4.194738923690209020e+01 3.074919024992775007e+02
1.100000000000000000e+01 -3.866906474820144130e-02 -9.813924076049553025e-02 3.940994567830153272e+01 2.640773664536617957e+02
1.200000000000000000e+01 -1.012705467252463833e-02 1.273172225799519032e-02 3.783861609989143915e+01 2.464703662627651681e+02
1.300000000000000000e+01 3.263808420239474456e-02 5.954816991029202727e-02 3.723552862259363394e+01 2.381409772533022817e+02
1.400000000000000000e+01 1.000979551855026364e-02 2.092418514107025757e-02 3.697636075010335333e+01 2.257659195533841796e+02
1.500000000000000000e+01 -7.335969774040369470e-03 -1.355816632324923247e-03 3.660919568215484077e+01 2.127171849488906901e+02
1.600000000000000000e+01 -2.134498801635415291e-02 -1.685289114026483973e-03 3.606645939048484450e+01 2.000420284835373650e+02
1.700000000000000000e+01 -1.578289688145170094e-02 1.037683348658366596e-02 3.533870576570953403e+01 1.854938113609633490e+02
1.800000000000000000e+01 -4.960461046565176405e-03 9.941151419006621567e-03 3.450191263278421872e+01 1.705807926356862652e+02
1.900000000000000000e+01 -1.222774168895682072e-02 3.294039473123941842e-03 3.371512800478461003e+01 1.584614172502652991e+02
2.000000000000000000e+01 -1.531207345824544055e-02 5.358478010945161296e-03 3.311430578496368327e+01 1.494661686031938359e+02
2.100000000000000000e+01 1.018669566793547164e-02 8.587764572681493708e-03 3.274022685861319815e+01 1.428028869426035783e+02
2.200000000000000000e+01 1.578504861037100318e-02 4.384691475980018877e-03 3.252413582600845388e+01 1.384061355399566651e+02
2.300000000000000000e+01 1.096198684561578568e-02 -9.114896445235373679e-03 3.236723015610306931e+01 1.362350797630191153e+02
2.400000000000000000e+01 -5.770366668181198602e-03 -2.616332579638821695e-02 3.223657073409587071e+01 1.351459354366865853e+02
2.500000000000000000e+01 -9.149018953921405489e-03 -3.461489627405699848e-02 3.213006043635817832e+01 1.346724597551689442e+02
2.600000000000000000e+01 -4.031109650564136150e-03 -2.827520483765229992e-02 3.203921222758419418e+01 1.346679865002859060e+02
2.700000000000000000e+01 3.396586270076825103e-03 -1.079128198537327929e-02 3.197273272173005054e+01 1.348201306648198283e+02
2.800000000000000000e+01 1.112541957820515487e-02 5.565783745499377003e-03 3.193206035976669810e+01 1.339870504839886394e+02
2.900000000000000000e+01 8.234046534838749751e-03 1.243519782101187160e-02 3.190199962541733214e+01 1.319774221541161978e+02
3.000000000000000000e+01 -2.197666140464914902e-03 5.489293154030331148e-03 3.186251461561461440e+01 1.290220687282612744e+02
3.100000000000000000e+01 -1.732283464566929110e-02 -9.245410311341763915e-03 3.182032257444239676e+01 1.258579970692218524e+02
3.200000000000000000e+01 -1.576536022247564117e-02 -2.356705962163303456e-02 3.178318608755650487e+01 1.226520254604582334e+02
3.300000000000000000e+01 -1.791332135803816797e-02 -2.897383899667524410e-02 3.174873562400625104e+01 1.194535081692789760e+02
3.400000000000000000e+01 -8.915928555385201418e-03 -2.177692067861960318e-02 3.171157361905735428e+01 1.166334961633353657e+02
3.500000000000000000e+01 1.704831647874772461e-03 -4.453679865177890586e-03 3.167043518942648817e+01 1.141959777583639664e+02
3.600000000000000000e+01 1.314297792210287683e-02 1.762941870278117440e-02 3.162549162221203503e+01 1.124041010762377510e+02
3.700000000000000000e+01 1.794136422970282058e-02 3.912336724149551026e-02 3.157965582360319701e+01 1.110289285875808929e+02
3.800000000000000000e+01 2.071563088512241163e-02 5.713238436467861503e-02 3.153089277577332439e+01 1.099616255855449225e+02
3.900000000000000000e+01 2.522085667307638612e-02 7.047003898436889069e-02 3.147934624112791013e+01 1.090134495411194564e+02
4.000000000000000000e+01 3.360957642725598271e-02 8.005732741512733286e-02 3.141889229886873380e+01 1.083264865998819886e+02
4.100000000000000000e+01 4.335207359813084138e-02 8.651720490904551975e-02 3.132600300091339562e+01 1.078644807854432486e+02
4.200000000000000000e+01 5.106240558656185979e-02 9.103551877493402944e-02 3.115925624381607406e+01 1.074779627708045524e+02
4.300000000000000000e+01 5.513292507530460906e-02 9.468828578071748769e-02 3.086145443237688468e+01 1.067861208146453862e+02
4.400000000000000000e+01 5.619750253242853516e-02 9.727553071394547113e-02 3.037361449651337253e+01 1.058659353808523491e+02
4.500000000000000000e+01 5.392008811981452432e-02 9.913051723218051225e-02 2.966343870486238998e+01 1.042827523601429931e+02
4.600000000000000000e+01 4.832236031405133525e-02 1.003343533660120412e-01 2.875913448299885644e+01 1.019196876350795264e+02
4.700000000000000000e+01 4.481673018392388214e-02 1.004523978908098830e-01 2.777113969948652539e+01 9.910698971488123732e+01
