# freqs 	 pli 	 dpli 	 meanpower(thalamus)	 meanpower(scalp)	pli
8.000000000000000000e+00 -1.497121902291617505e-02 -4.059245403482160397e-02 9.064675896238190010e-05 1.390578309133860227e-04
9.000000000000000000e+00 -9.762260106574782020e-03 -4.750297953201197687e-02 8.372261591845200543e-05 1.284181717812576918e-04
1.000000000000000000e+01 -1.733370696212081438e-02 -5.345956219060993969e-02 8.001203128346641013e-05 1.269334551093511104e-04
1.100000000000000000e+01 -3.487850095364739694e-02 -8.471383805236927522e-02 7.792367160769291348e-05 1.354594428722272995e-04
1.200000000000000000e+01 -4.374043217366035269e-02 -1.039114231685764334e-01 7.605624837577176409e-05 1.373274367868075911e-04
1.300000000000000000e+01 -3.609474225196905584e-02 -7.296919614912185381e-02 7.419797476697646745e-05 1.247421973438444512e-04
1.400000000000000000e+01 -1.952486711868226671e-02 -3.325567916256444434e-02 7.221878023276884749e-05 1.091262150185797489e-04
1.500000000000000000e+01 -6.449005688517975114e-03 -1.098674289381088888e-02 7.006803998476741696e-05 9.626540748014110124e-05
1.600000000000000000e+01 1.081815393661243437e-03 -1.279057943404665046e-03 6.775341840187120064e-05 8.622039363145983623e-05
1.700000000000000000e+01 -3.146538549541495582e-03 5.029558768841245822e-03 6.543600920314260349e-05 7.864118135400246156e-05
1.800000000000000000e+01 7.985130899720776837e-04 1.164716379799589883e-02 6.348099465267174511e-05 7.342235768820787214e-05
1.900000000000000000e+01 5.007768526789380462e-03 1.392129220574672005e-02 6.207222810150343599e-05 7.024565814725752062e-05
2.000000000000000000e+01 4.425053058933456178e-03 9.808780970498210891e-03 6.119376505789413383e-05 6.853753290752107421e-05
2.100000000000000000e+01 7.792965026967022587e-04 3.924739324192403830e-03 6.058034294058072444e-05 6.769116214943203742e-05
2.200000000000000000e+01 -2.194041744310652482e-03 6.042124257629220103e-04 5.999892200448791188e-05 6.699191707756507492e-05
2.300000000000000000e+01 -2.138519321480355975e-03 6.718667958672253342e-04 5.925675851384692332e-05 6.608399769402114601e-05
2.400000000000000000e+01 5.982358688932857795e-05 1.958211177419479782e-03 5.830864708121475358e-05 6.497356060076496325e-05
2.500000000000000000e+01 -1.243388636729722335e-03 1.939261314436124557e-03 5.727601947739920449e-05 6.383776824301314241e-05
2.600000000000000000e+01 4.631845311769397836e-04 -2.712060126202718168e-04 5.625994393981988817e-05 6.275540628840969935e-05
2.700000000000000000e+01 -8.901490355988401918e-04 -3.312038793370645443e-03 5.530963958802161189e-05 6.180696000818382589e-05
2.800000000000000000e+01 -2.112277922680905282e-03 -5.151976895691249420e-03 5.442911629740182023e-05 6.103836346040048303e-05
2.900000000000000000e+01 -1.099700156049576369e-03 -5.091681833627667575e-03 5.361249997293499552e-05 6.043988429529802001e-05
3.000000000000000000e+01 -2.163602741216142863e-03 -3.831556007629636357e-03 5.285559360371931464e-05 6.001079790129118421e-05
3.100000000000000000e+01 -1.046120973668012528e-03 -1.996407711943782963e-03 5.214868641991563425e-05 5.976076793265911000e-05
3.200000000000000000e+01 -1.200398402496828681e-04 2.001089578136572473e-04 5.146924085277025500e-05 5.962362906179760158e-05
3.300000000000000000e+01 6.122680373407913884e-04 2.695631126664513495e-03 5.080381608030776306e-05 5.956072314302624643e-05
3.400000000000000000e+01 8.661410964840269991e-04 5.636584632209917269e-03 5.016369597668162127e-05 5.957438488741993179e-05
3.500000000000000000e+01 2.815429715844774018e-03 8.738063042464496236e-03 4.955352578110062181e-05 5.961939174465585183e-05
3.600000000000000000e+01 4.251633138050881812e-03 1.188889329406747804e-02 4.898613639657155625e-05 5.970227605918808090e-05
3.700000000000000000e+01 4.137953208226606734e-03 1.475993963040124653e-02 4.846772096567806328e-05 5.981726422994168509e-05
3.800000000000000000e+01 4.659367240620365842e-03 1.703118069983425298e-02 4.800942916963327661e-05 5.997950906134518406e-05
3.900000000000000000e+01 5.701746900041815974e-03 1.860464786140134802e-02 4.761047687513405332e-05 6.016080871823873847e-05
4.000000000000000000e+01 5.857843972598071255e-03 1.943182158023344652e-02 4.726854118289980600e-05 6.035404963841404412e-05
4.100000000000000000e+01 5.807613434020609047e-03 1.949564628897640720e-02 4.695432993937243173e-05 6.050312898649098947e-05
4.200000000000000000e+01 4.705352763439239229e-03 1.886525297620931726e-02 4.660643172104334187e-05 6.050837769738536844e-05
4.300000000000000000e+01 3.200956358702460557e-03 1.776593305334793829e-02 4.612180413844569249e-05 6.021783343447725101e-05
4.400000000000000000e+01 2.431052602848046609e-03 1.629550714339269082e-02 4.539417860547563700e-05 5.952414161462936691e-05
4.500000000000000000e+01 1.907517417671177875e-03 1.478242739423211646e-02 4.435835565829497439e-05 5.834470410949834946e-05
4.600000000000000000e+01 2.049161924997186784e-03 1.342621920902365568e-02 4.304468036430033592e-05 5.673835555373165734e-05
4.700000000000000000e+01 1.909218254236143926e-03 1.234830958655300411e-02 4.160785130164858968e-05 5.493020549450167508e-05
