# freqs 	 pli 	 dpli 	 meanpower(thalamus)	 meanpower(scalp)	pli
8.000000000000000000e+00 5.903539185611141743e-02 8.651263826032194737e-02 2.903911390330040751e-05 2.113181256995245452e-04
9.000000000000000000e+00 5.534454762613802425e-02 8.105664196938239252e-02 2.706012242227763933e-05 1.930774524356078804e-04
1.000000000000000000e+01 4.169995171998464728e-02 7.190981950979548343e-02 2.676037270515772943e-05 1.722186548571607635e-04
1.100000000000000000e+01 2.879070242267865731e-02 5.674074868149959344e-02 2.719659550998118635e-05 1.571382348849257443e-04
1.200000000000000000e+01 2.782165905424550598e-02 6.588977779772915710e-02 2.835823181413283617e-05 1.495497932619296280e-04
1.300000000000000000e+01 2.441638743526908586e-02 5.664865119636355861e-02 2.966994277663124161e-05 1.468568854971657772e-04
1.400000000000000000e+01 1.601329411037456796e-02 2.756351061536620878e-02 3.052444971834428466e-05 1.441810059718767007e-04
1.500000000000000000e+01 1.040929913142837546e-02 1.497928977272234424e-02 3.078994387589095223e-05 1.408191595763063600e-04
1.600000000000000000e+01 1.398020098515291923e-02 2.177519262344118980e-02 3.073144707777270560e-05 1.380507209020730033e-04
1.700000000000000000e+01 2.069185564578874745e-02 3.267381316440306355e-02 3.050507004640862853e-05 1.356855131086134045e-04
1.800000000000000000e+01 2.034994626105572635e-02 3.735937927202976488e-02 3.008147215142296187e-05 1.342980928949164302e-04
1.900000000000000000e+01 2.119657194360973981e-02 3.596736184808291964e-02 2.947352024681906807e-05 1.336809753981875470e-04
2.000000000000000000e+01 2.006520524250004350e-02 3.536485341033764052e-02 2.876811316159938052e-05 1.324836652391248525e-04
2.100000000000000000e+01 2.132986897143099997e-02 3.975631233579073748e-02 2.807709390411333215e-05 1.298969781088217242e-04
2.200000000000000000e+01 2.504588007211528550e-02 4.764427636690836410e-02 2.746844737094519896e-05 1.258839204804032444e-04
2.300000000000000000e+01 2.802997828736532998e-02 5.449485765072072802e-02 2.695299271762367614e-05 1.208806329099398110e-04
2.400000000000000000e+01 2.796809248387014876e-02 5.795559648129006841e-02 2.652797664348555151e-05 1.154391228956231795e-04
2.500000000000000000e+01 2.897934341176327394e-02 5.860715327583940898e-02 2.617359461290933386e-05 1.100532747634882862e-04
2.600000000000000000e+01 2.881252410663641406e-02 5.731252802697636012e-02 2.587538771445440242e-05 1.050793762690649928e-04
2.700000000000000000e+01 2.812889465380582696e-02 5.492043086950484237e-02 2.563121826196323696e-05 1.006847152384495624e-04
2.800000000000000000e+01 2.837079829244935208e-02 5.304988145522141624e-02 2.543320235555940093e-05 9.696970487162502952e-05
2.900000000000000000e+01 2.880481154457128004e-02 5.361742010877420389e-02 2.527945705739774077e-05 9.392277165406177452e-05
3.000000000000000000e+01 3.036010676201140665e-02 5.759282471082851490e-02 2.518280764274541704e-05 9.146496944961954333e-05
3.100000000000000000e+01 3.432312586537217269e-02 6.436136983669171752e-02 2.514547906078352233e-05 8.946827769899054364e-05
3.200000000000000000e+01 3.725447079775491555e-02 7.186865259938161887e-02 2.515912782972388819e-05 8.779388699034155867e-05
3.300000000000000000e+01 4.042271599562770323e-02 7.757602843413706484e-02 2.519933800787803159e-05 8.632380219316162227e-05
3.400000000000000000e+01 4.112028378258501121e-02 7.982194207690060384e-02 2.524163293265446287e-05 8.495206842197267321e-05
3.500000000000000000e+01 3.981971470428814081e-02 7.842344247362058318e-02 2.527476065855983038e-05 8.363249555754567049e-05
3.600000000000000000e+01 3.757634727741949315e-02 7.434892106724345917e-02 2.529720489258278427e-05 8.238862329026648383e-05
3.700000000000000000e+01 3.449493044910287992e-02 6.902696574630329263e-02 2.530754561383100171e-05 8.125438706266430069e-05
3.800000000000000000e+01 3.188155341883713856e-02 6.371184925935310939e-02 2.530800920244243656e-05 8.026116792033606583e-05
3.900000000000000000e+01 3.018578967777085786e-02 5.916446574077896536e-02 2.530185696367780911e-05 7.941417431942252622e-05
4.000000000000000000e+01 2.911331408127396450e-02 5.560719950788891447e-02 2.528592062111505309e-05 7.871150661838936943e-05
4.100000000000000000e+01 2.759279191379893428e-02 5.299328531921707747e-02 2.524906647436201716e-05 7.811850610718566062e-05
4.200000000000000000e+01 2.592821357988735545e-02 5.114542999424034897e-02 2.516527784186092158e-05 7.754336468352700121e-05
4.300000000000000000e+01 2.580308441576105102e-02 4.984645785547061475e-02 2.498967111193359434e-05 7.683132603818325107e-05
4.400000000000000000e+01 2.587712951367317216e-02 4.888620025729226853e-02 2.466965539820075156e-05 7.579845497106835607e-05
4.500000000000000000e+01 2.498974566715904400e-02 4.811256359663639015e-02 2.417288251031704329e-05 7.429639119511423362e-05
4.600000000000000000e+01 2.440270667322821246e-02 4.740342657604035975e-02 2.351927015303551430e-05 7.232100005418132401e-05
4.700000000000000000e+01 2.455766645597552353e-02 4.670722496516387101e-02 2.279854911714431038e-05 7.006918804932479232e-05
