# freqs 	 pli 	 dpli 	 meanpower(thalamus)	 meanpower(scalp)	pli
8.000000000000000000e+00 5.386431129667628576e-02 1.461178389642627529e-01 8.741044613862593900e-05 3.002835212415986416e-04
9.000000000000000000e+00 4.223650995459486343e-03 3.908197974252176909e-02 7.865086400578430426e-05 2.988264061225418748e-04
1.000000000000000000e+01 1.869890048060251228e-03 1.439344414478075686e-02 7.071381572764119509e-05 2.741977437452120143e-04
1.100000000000000000e+01 -4.526513769499068002e-03 -1.718395788266655067e-02 6.640571241450486943e-05 2.330848948386675672e-04
1.200000000000000000e+01 -2.199928944242577483e-02 -5.693705197649786415e-02 6.447972848399954079e-05 2.044400676447482158e-04
1.300000000000000000e+01 -2.972825141980755745e-02 -6.775329058633937362e-02 6.337656202022683681e-05 1.908489647948605932e-04
1.400000000000000000e+01 -2.387392372879938024e-02 -5.257203309215058989e-02 6.221453735516018965e-05 1.828373294791265020e-04
1.500000000000000000e+01 -1.396981445262763209e-02 -2.965951888792108318e-02 6.094266302298007899e-05 1.768745458081160034e-04
1.600000000000000000e+01 -5.711835298163589481e-03 -1.155685467790430396e-02 5.984103972849664788e-05 1.724508676753861206e-04
1.700000000000000000e+01 5.075862958005553571e-04 1.947751292783959790e-03 5.908003279031637771e-05 1.691937052248211853e-04
1.800000000000000000e+01 5.865048358405579830e-03 1.255611626784180514e-02 5.854667880992392513e-05 1.665536908272694156e-04
1.900000000000000000e+01 9.677480920101897907e-03 1.930974656094004011e-02 5.797375297534617967e-05 1.641090329339562996e-04
2.000000000000000000e+01 1.156736522489377507e-02 2.124691950574724916e-02 5.728420098261301457e-05 1.614220439000454239e-04
2.100000000000000000e+01 1.026319863252451482e-02 1.973097713151579849e-02 5.660704154919620769e-05 1.581692925042649191e-04
2.200000000000000000e+01 9.880028348969196322e-03 1.690383543460267229e-02 5.609582845882056539e-05 1.541537788545294541e-04
2.300000000000000000e+01 8.997092127418461135e-03 1.416732588683892319e-02 5.579249770155515038e-05 1.493836814838125806e-04
2.400000000000000000e+01 7.352251177802446996e-03 1.217407695465817959e-02 5.564602775756917426e-05 1.440460578825812383e-04
2.500000000000000000e+01 6.527520791347970856e-03 1.100416134352834481e-02 5.558564648741983524e-05 1.384066457803975704e-04
2.600000000000000000e+01 6.049513273439947186e-03 1.039783563861697464e-02 5.555968972818805081e-05 1.327847315023699564e-04
2.700000000000000000e+01 5.491419507289327720e-03 9.805001148518951298e-03 5.555062977322538533e-05 1.276053370873754642e-04
2.800000000000000000e+01 5.052952262280023532e-03 8.896705823257109597e-03 5.555274387248470018e-05 1.230618664546247567e-04
2.900000000000000000e+01 5.531702229561101351e-03 7.620445269464253858e-03 5.556428366541118667e-05 1.192672497243141934e-04
3.000000000000000000e+01 5.695153567643883828e-03 6.285008555868633155e-03 5.558436161556106478e-05 1.161329614370020116e-04
3.100000000000000000e+01 5.364000304302909104e-03 5.157089347402591187e-03 5.562210320165975974e-05 1.135865404898348202e-04
3.200000000000000000e+01 4.830066722956077863e-03 4.389291339296223088e-03 5.567993006657760013e-05 1.114674776675257000e-04
3.300000000000000000e+01 4.627020288480953453e-03 3.857837208820240858e-03 5.575802962202839903e-05 1.096586660342005151e-04
3.400000000000000000e+01 4.553799516649005563e-03 3.302167121835966612e-03 5.585694610585860968e-05 1.081880331328894187e-04
3.500000000000000000e+01 4.688194109027148115e-03 2.527325432772219074e-03 5.597474656108965106e-05 1.069687244850950271e-04
3.600000000000000000e+01 4.456320842888453204e-03 1.473131818568286207e-03 5.610637691984624709e-05 1.060371150221848797e-04
3.700000000000000000e+01 4.396962632947947446e-03 1.975383787489540526e-04 5.624230059377612881e-05 1.053789643377394427e-04
3.800000000000000000e+01 4.057012243732349005e-03 -1.170637665706924894e-03 5.636897519886522999e-05 1.050173191563601546e-04
3.900000000000000000e+01 3.883858069308054103e-03 -2.619741598547535404e-03 5.646774757377152280e-05 1.048304919806621261e-04
4.000000000000000000e+01 3.831043493414233204e-03 -4.074542707749142720e-03 5.651389129354391960e-05 1.048192394883600519e-04
4.100000000000000000e+01 3.564546093341038491e-03 -5.499567805991447539e-03 5.646757631140542441e-05 1.049066763571866761e-04
4.200000000000000000e+01 3.313231506710173635e-03 -6.849166203030360167e-03 5.626141073204652765e-05 1.049440717230635135e-04
4.300000000000000000e+01 3.189726918530888002e-03 -8.084843522883938816e-03 5.579512141229204153e-05 1.046513236161129227e-04
4.400000000000000000e+01 2.395806773326275736e-03 -9.107173122408716501e-03 5.496140973280880937e-05 1.038610831275121443e-04
4.500000000000000000e+01 1.927155995029604342e-03 -9.898054124402267881e-03 5.369983082841731705e-05 1.023249459241122914e-04
4.600000000000000000e+01 1.647504390539699043e-03 -1.043820394117102833e-02 5.206413992886828513e-05 1.000747859563241160e-04
4.700000000000000000e+01 1.496320521990742499e-03 -1.071336569736055892e-02 5.025277331452601400e-05 9.745290677894313965e-05
