# freqs 	 pli 	 dpli 	 meanpower(thalamus)	 meanpower(scalp)	pli
8.000000000000000000e+00 -1.948238982514918305e-03 -1.310468875622476312e-02 7.508396411501033307e-05 2.486668761903107158e-04
9.000000000000000000e+00 -6.470514691470653779e-02 -1.756515250050017518e-01 7.294217070908386614e-05 1.994063214738922194e-04
1.000000000000000000e+01 -1.272616313087381879e-01 -3.078996065537411564e-01 7.765645422338622898e-05 1.851552353964810061e-04
1.100000000000000000e+01 -1.753170820436133759e-01 -3.362803456459380613e-01 8.851384088724401588e-05 1.948857132695723678e-04
1.200000000000000000e+01 -1.888451578825317834e-01 -3.565557461431274056e-01 9.785172653304928026e-05 2.092652135862741651e-04
1.300000000000000000e+01 -1.638872951124176469e-01 -3.374304738942088266e-01 9.950396231064519050e-05 2.184410976628828175e-04
1.400000000000000000e+01 -1.214189499284966667e-01 -2.475402938354270832e-01 9.411833146734526639e-05 2.207342939280955852e-04
1.500000000000000000e+01 -7.100450649735529085e-02 -1.346239743014780721e-01 8.598822035637032114e-05 2.187419004838602734e-04
1.600000000000000000e+01 -3.052602623783326127e-02 -4.413817501396635062e-02 7.871917116036200970e-05 2.161847329567577491e-04
1.700000000000000000e+01 -6.821962569350254434e-03 6.954496090024152311e-03 7.390697039213030501e-05 2.150141026340886719e-04
1.800000000000000000e+01 7.293896899383475480e-04 2.410180782391912677e-02 7.184797930904919647e-05 2.150644593149198111e-04
1.900000000000000000e+01 1.301660435842101832e-03 2.077404875133585446e-02 7.226870667790067911e-05 2.153735305251760492e-04
2.000000000000000000e+01 -3.841135569028506901e-03 2.458044964961182514e-03 7.435146910045151061e-05 2.145856552048632578e-04
2.100000000000000000e+01 -1.313640520940147736e-02 -2.852945531298877596e-02 7.683365020002386843e-05 2.109888687430047053e-04
2.200000000000000000e+01 -2.447866437884348156e-02 -6.079199460005411948e-02 7.820713461222736243e-05 2.026879049041531075e-04
2.300000000000000000e+01 -3.200316607580617340e-02 -8.106753162067589780e-02 7.725479467983321197e-05 1.890024945590979292e-04
2.400000000000000000e+01 -3.394112787695237332e-02 -8.524933982957859369e-02 7.394519371555474381e-05 1.716655032624245084e-04
2.500000000000000000e+01 -3.340236728791687315e-02 -7.762382687128967229e-02 6.939764478328595387e-05 1.539304005022208905e-04
2.600000000000000000e+01 -3.032253828218513247e-02 -6.546989455300572525e-02 6.495479331251121117e-05 1.384673814847861442e-04
2.700000000000000000e+01 -2.578845933205400898e-02 -5.411521394888238468e-02 6.143277167444009064e-05 1.265202695535504347e-04
2.800000000000000000e+01 -2.235363802663786759e-02 -4.497622531107031696e-02 5.893690791513488472e-05 1.178212396012206278e-04
2.900000000000000000e+01 -1.926990647420553926e-02 -3.723029728362666629e-02 5.719261858656946333e-05 1.116440468510245421e-04
3.000000000000000000e+01 -1.624056250622008327e-02 -2.990418425070691041e-02 5.588868505248432105e-05 1.071421430454129562e-04
3.100000000000000000e+01 -1.197408757502171212e-02 -2.269872549176702933e-02 5.482563879273526523e-05 1.037944397306542356e-04
3.200000000000000000e+01 -8.983091324027399002e-03 -1.592452690810728863e-02 5.389903901861341364e-05 1.011853210380855888e-04
3.300000000000000000e+01 -6.000870455029389330e-03 -1.012409872426306943e-02 5.305655568413703227e-05 9.904481484339556661e-05
3.400000000000000000e+01 -4.061457879911791954e-03 -5.769491903634840421e-03 5.227426853873086518e-05 9.731126828747673830e-05
3.500000000000000000e+01 -2.814516664976990986e-03 -3.258935023342164703e-03 5.153446843136091194e-05 9.581909547827143294e-05
3.600000000000000000e+01 -2.815547025917423864e-03 -2.660966073349714609e-03 5.084248550796620613e-05 9.451898801924652795e-05
3.700000000000000000e+01 -2.916470523911190906e-03 -3.725422944818728398e-03 5.019657654720650024e-05 9.332712932880636786e-05
3.800000000000000000e+01 -3.969568248371282450e-03 -5.868198170951719611e-03 4.959365202224587827e-05 9.222205634954629811e-05
3.900000000000000000e+01 -5.315754812101759763e-03 -8.269495358509159830e-03 4.902616494668743380e-05 9.106446203512633911e-05
4.000000000000000000e+01 -5.957767737904051328e-03 -1.014094908272179622e-02 4.848218389770756907e-05 8.986504407842861835e-05
4.100000000000000000e+01 -5.896828001345393207e-03 -1.090422979801586312e-02 4.793454861273241038e-05 8.858881524639517142e-05
4.200000000000000000e+01 -5.584511258976639948e-03 -1.032199087250967005e-02 4.733564986894759572e-05 8.717600120143641825e-05
4.300000000000000000e+01 -4.795203427594287721e-03 -8.537065241277827510e-03 4.660478394511913036e-05 8.547669230365031285e-05
4.400000000000000000e+01 -3.704377883501118636e-03 -5.762742019721997858e-03 4.565499183485714459e-05 8.345414238074653362e-05
4.500000000000000000e+01 -1.762895817550076683e-03 -2.367717479980055353e-03 4.443423246066364199e-05 8.098966938507465242e-05
4.600000000000000000e+01 4.843507604796285794e-04 1.383301767699480350e-03 4.297420084487397476e-05 7.814232612513678181e-05
4.700000000000000000e+01 3.402088563511782536e-03 5.239148070443686370e-03 4.141637404792313968e-05 7.515194199359858860e-05
