# freqs 	 pli 	 dpli 	 meanpower(thalamus)	 meanpower(scalp)	pli
8.000000000000000000e+00 -1.719399953688075314e-02 -8.436441858300296193e-02 1.329313242931860057e-04 3.726014545424681372e-04
9.000000000000000000e+00 -2.361499475707794574e-02 -2.292054479619771643e-02 1.354052983975317090e-04 4.651687304231934077e-04
1.000000000000000000e+01 -5.948801649342840003e-02 -7.357476643913372916e-02 1.402019030683470259e-04 4.102274631410340834e-04
1.100000000000000000e+01 -8.079748718097738702e-02 -4.106478947182564364e-03 1.485736414232834265e-04 3.812486805059272089e-04
1.200000000000000000e+01 -9.446191228536716944e-02 1.225663574891445312e-02 1.551381068210995777e-04 3.981553651142436066e-04
1.300000000000000000e+01 -6.678765505934274038e-02 -4.820229144030416940e-02 1.560652129039967776e-04 4.067941646588812922e-04
1.400000000000000000e+01 -2.602226689661506567e-02 -3.593808486097817972e-02 1.544310092731881871e-04 4.024734257724917877e-04
1.500000000000000000e+01 1.578338886232604626e-02 6.688340181602667189e-02 1.543424736865459546e-04 3.909554681130055116e-04
1.600000000000000000e+01 5.733266790890372694e-02 1.641940034734951093e-01 1.559523478863537307e-04 3.782991694778169980e-04
1.700000000000000000e+01 7.228960645561144371e-02 1.955161645469070120e-01 1.587913658767115010e-04 3.618304395638575859e-04
1.800000000000000000e+01 7.631694148548080758e-02 1.757597361717233853e-01 1.635153804289097104e-04 3.377864371971452074e-04
1.900000000000000000e+01 6.894111402706926128e-02 1.386862830058248341e-01 1.692447495989049284e-04 3.088879741914053192e-04
2.000000000000000000e+01 4.909497561750651023e-02 1.054867995780938844e-01 1.777436129767115804e-04 2.811678502309373313e-04
2.100000000000000000e+01 3.336891062966951954e-02 7.450223815238353475e-02 1.991037899905985801e-04 2.574598134702578184e-04
2.200000000000000000e+01 1.963613824228718774e-02 4.563203447945089752e-02 2.352021592975750788e-04 2.379250304464406124e-04
2.300000000000000000e+01 1.567890905846981708e-02 2.856946889420607094e-02 2.650686115909415500e-04 2.209727438457875890e-04
2.400000000000000000e+01 1.737925868662836687e-02 2.568982432147498551e-02 2.679794375957212727e-04 2.058538860721823244e-04
2.500000000000000000e+01 2.036650140796588543e-02 3.332041164432282543e-02 2.437399624671489535e-04 1.925841709539085115e-04
2.600000000000000000e+01 2.821023729395277096e-02 4.591334471366216585e-02 2.070237412514916919e-04 1.813341635689248255e-04
2.700000000000000000e+01 3.415858733977781420e-02 5.735868453875497819e-02 1.734466366909532750e-04 1.721660965806708879e-04
2.800000000000000000e+01 3.400848792812229127e-02 6.173425359636824233e-02 1.504268730661062535e-04 1.647735444898437587e-04
2.900000000000000000e+01 3.297625954594553960e-02 5.869438844741421690e-02 1.372384830209017891e-04 1.584825418288444510e-04
3.000000000000000000e+01 3.134603564843269768e-02 5.329330269308928808e-02 1.302222110220710612e-04 1.527317162184366076e-04
3.100000000000000000e+01 3.554810568178082969e-02 5.063741044538765113e-02 1.264012823291541399e-04 1.472925299248262004e-04
3.200000000000000000e+01 3.755572978222965902e-02 5.274582634685574811e-02 1.239914351241135516e-04 1.420780459427144671e-04
3.300000000000000000e+01 3.792410505654734282e-02 5.891081597710162709e-02 1.220407536358045230e-04 1.370862372585827027e-04
3.400000000000000000e+01 4.141444020282152028e-02 6.703596788718232946e-02 1.201034377011518650e-04 1.323354768274881649e-04
3.500000000000000000e+01 4.414654280366007988e-02 7.467432536828287615e-02 1.180111388641774054e-04 1.276957195513217546e-04
3.600000000000000000e+01 4.660664787790710917e-02 7.979317464461746501e-02 1.158080779291497460e-04 1.232072841439313263e-04
3.700000000000000000e+01 4.685533643739990539e-02 8.183893865514166310e-02 1.136162223810338937e-04 1.189797820951620845e-04
3.800000000000000000e+01 4.351662362740161411e-02 8.104241082025726017e-02 1.115491637283019924e-04 1.151030567892260712e-04
3.900000000000000000e+01 4.361540962513575648e-02 7.829741800844655653e-02 1.096775871854425760e-04 1.115630073494583110e-04
4.000000000000000000e+01 3.988011794847005215e-02 7.463365160906532125e-02 1.080289910551831401e-04 1.083325177860600325e-04
4.100000000000000000e+01 3.838411691713773666e-02 7.092994057721373202e-02 1.065352095715164270e-04 1.053021902960709228e-04
4.200000000000000000e+01 3.930393452249871661e-02 6.782605754260920272e-02 1.050396010727984219e-04 1.023349264107818680e-04
4.300000000000000000e+01 4.002881156867062890e-02 6.581774580258982488e-02 1.032820247120807753e-04 9.919353328797021784e-05
4.400000000000000000e+01 3.876345317151362602e-02 6.465234909784299544e-02 1.009759249806621481e-04 9.579204404962364278e-05
4.500000000000000000e+01 3.869267360499962366e-02 6.431603823949906540e-02 9.786446298603108842e-05 9.192826403524572559e-05
4.600000000000000000e+01 3.801870131292526406e-02 6.441592456872709260e-02 9.384439498617079653e-05 8.758762241962968502e-05
4.700000000000000000e+01 3.639423941984225308e-02 6.449979370670783085e-02 8.904011898440537820e-05 8.297065243741545454e-05
