# freqs 	 pli 	 dpli 	 meanpower(thalamus)	 meanpower(scalp)	pli
8.000000000000000000e+00 -1.364760753621726275e-01 -2.336543317184621715e-01 6.514879389278986654e-05 3.426532596038420046e-04
9.000000000000000000e+00 -1.403205436903718906e-01 -2.200192583015939396e-01 6.050212934032857910e-05 3.204135288834412975e-04
1.000000000000000000e+01 -1.171930542117595314e-01 -2.121277859487102069e-01 5.792138699504003447e-05 2.938412091058713793e-04
1.100000000000000000e+01 -1.048338659377045373e-01 -1.981003853064073894e-01 5.534881057598298187e-05 2.627197122942996231e-04
1.200000000000000000e+01 -9.274497294305743267e-02 -1.807181914985879490e-01 5.160105638299208229e-05 2.287411237612359304e-04
1.300000000000000000e+01 -6.566478846484104237e-02 -1.319707113152489009e-01 4.840386194940278020e-05 1.981192165754736380e-04
1.400000000000000000e+01 -2.928295422208978746e-02 -7.499238324517754073e-02 4.681467899244851164e-05 1.740701450213389507e-04
1.500000000000000000e+01 -1.292585697809639153e-02 -3.775525800046724417e-02 4.593093756969405747e-05 1.562872868590754370e-04
1.600000000000000000e+01 -1.235398896832097179e-02 -1.968513827834100782e-02 4.494728652745489468e-05 1.434212884027543907e-04
1.700000000000000000e+01 -9.992997928036276289e-03 -2.078594859297031722e-02 4.383185679629605577e-05 1.341227848942594511e-04
1.800000000000000000e+01 -1.505889540100418048e-02 -2.897105717514980930e-02 4.276753475970496821e-05 1.271761356217135700e-04
1.900000000000000000e+01 -1.425968848065165342e-02 -3.015889501055162708e-02 4.196682720510850636e-05 1.215331524782480759e-04
2.000000000000000000e+01 -5.432539376139722785e-03 -2.230366089893819417e-02 4.139538464821337894e-05 1.167382761040002920e-04
2.100000000000000000e+01 -3.027548980941112324e-03 -9.173624737884078506e-03 4.093354223314387249e-05 1.125412258503555806e-04
2.200000000000000000e+01 -1.484506004203084949e-03 3.341434495289076576e-03 4.052716980147906377e-05 1.086867110057633621e-04
2.300000000000000000e+01 4.007907312741452316e-03 1.033342137869077901e-02 4.019740898046566554e-05 1.048833811317895453e-04
2.400000000000000000e+01 3.229749848977087490e-03 1.080511171824166672e-02 3.992339271381084917e-05 1.008405764994258511e-04
2.500000000000000000e+01 2.944876513920413087e-03 7.181377803197642150e-03 3.967613413808438594e-05 9.657954426416486275e-05
2.600000000000000000e+01 1.989572094659144454e-03 2.685069704510624315e-03 3.948937086315731004e-05 9.242440981200869077e-05
2.700000000000000000e+01 8.560757147187063971e-04 -1.085239060703999467e-04 3.938027724380865246e-05 8.855272318760646754e-05
2.800000000000000000e+01 1.562492579347552531e-03 2.516776924544891574e-04 3.931359517111053054e-05 8.499677087615521091e-05
2.900000000000000000e+01 3.613028933667447509e-03 4.186564795966254970e-03 3.927838463059301987e-05 8.180804409718064614e-05
3.000000000000000000e+01 5.739122014018838321e-03 1.155545376525256469e-02 3.927896286954100864e-05 7.901867744047986011e-05
3.100000000000000000e+01 7.728556175109740217e-03 2.197565454876148489e-02 3.933331768859436194e-05 7.660161530586706970e-05
3.200000000000000000e+01 1.231838611399180099e-02 3.457195936042676415e-02 3.941526921605941294e-05 7.455076087240793516e-05
3.300000000000000000e+01 1.839169655740302209e-02 4.753745700707020377e-02 3.948791865390499113e-05 7.284480555798202354e-05
3.400000000000000000e+01 2.284898690780457972e-02 5.817161089024213555e-02 3.953059535295821942e-05 7.140565277816153359e-05
3.500000000000000000e+01 2.480158542020272777e-02 6.417905742225794852e-02 3.953051691912302777e-05 7.011558686210775360e-05
3.600000000000000000e+01 2.549925292194740734e-02 6.424699928394950188e-02 3.946070062380709032e-05 6.886960318551646183e-05
3.700000000000000000e+01 2.246092916868494202e-02 5.854207672519674832e-02 3.930422442431209627e-05 6.761716112371553874e-05
3.800000000000000000e+01 1.799808391903941901e-02 4.864947007817416180e-02 3.905842232954911058e-05 6.631218401320404564e-05
3.900000000000000000e+01 1.174098581834443801e-02 3.684122961993753498e-02 3.872933834735465164e-05 6.495517046402184906e-05
4.000000000000000000e+01 6.746758770691670473e-03 2.516895833381892558e-02 3.834644199701178047e-05 6.357131691560037557e-05
4.100000000000000000e+01 3.044171746600643318e-03 1.511324572941969736e-02 3.792285076893274086e-05 6.217942806913904358e-05
4.200000000000000000e+01 -4.128952098473613673e-04 7.436836150345693848e-03 3.744067614347385231e-05 6.076436959677760410e-05
4.300000000000000000e+01 -2.185692991577316713e-03 2.202238178761535981e-03 3.686059627859960549e-05 5.924419117700151352e-05
4.400000000000000000e+01 -2.899269785480547684e-03 -1.050646725685527643e-03 3.611810031978186883e-05 5.751905034328209709e-05
4.500000000000000000e+01 -4.163597772598262928e-03 -2.927000271159092056e-03 3.516351995399935950e-05 5.550492178008488805e-05
4.600000000000000000e+01 -3.672614788143133482e-03 -4.027120598998022542e-03 3.402129866465207654e-05 5.321558746999194864e-05
4.700000000000000000e+01 -3.844268330308014524e-03 -4.828730805509597220e-03 3.281055450579532432e-05 5.079639576714830781e-05
