# freqs 	 pli 	 dpli 	 meanpower(thalamus)	 meanpower(scalp)	pli
8.000000000000000000e+00 3.243972530413669758e-02 4.935092508765764885e-02 5.942289408057240327e-05 1.843415773339523219e-04
9.000000000000000000e+00 7.594775406180312265e-03 -1.419026861905805549e-02 5.580442562562718027e-05 1.549998526894606364e-04
1.000000000000000000e+01 -1.988585700497384756e-02 -7.538653484111038083e-02 5.648572046451261924e-05 1.458457559241463006e-04
1.100000000000000000e+01 -3.275016088608179166e-02 -1.034832018981565044e-01 6.191949651036063199e-05 1.531234611721920863e-04
1.200000000000000000e+01 -2.847298893005592579e-02 -8.679316512604849654e-02 6.981070356348870252e-05 1.678847617393305826e-04
1.300000000000000000e+01 -1.527209532282503522e-02 -5.135570924528534698e-02 7.607530336335443534e-05 1.840570752064565440e-04
1.400000000000000000e+01 -2.648975636442490317e-03 -2.297496081270509333e-02 7.793236638036931980e-05 1.975092968110418181e-04
1.500000000000000000e+01 1.205058523263070024e-02 1.544978773919757423e-02 7.566130458415116047e-05 2.049723401457666846e-04
1.600000000000000000e+01 3.607784693058584125e-02 6.545660468096044238e-02 7.058186080028739425e-05 2.067841022765911176e-04
1.700000000000000000e+01 5.655736052208862330e-02 1.121945996202019513e-01 6.454432236632735506e-05 2.064067900588542376e-04
1.800000000000000000e+01 7.530718535321616336e-02 1.477250064492509896e-01 5.926188006976524649e-05 2.066286924823449182e-04
1.900000000000000000e+01 8.400234113607696340e-02 1.650888421368272296e-01 5.542504763823318713e-05 2.078047524602623028e-04
2.000000000000000000e+01 7.987405424530830134e-02 1.607020203707743566e-01 5.258573140257394161e-05 2.089670485794457844e-04
2.100000000000000000e+01 7.327400352979300535e-02 1.449221792684864396e-01 5.010167943279077049e-05 2.090963794460477755e-04
2.200000000000000000e+01 6.523723156830750491e-02 1.292166339202696079e-01 4.756528497771434877e-05 2.074135716053478401e-04
2.300000000000000000e+01 5.722592413622171886e-02 1.129714938887170089e-01 4.481743589155567350e-05 2.031639768860366284e-04
2.400000000000000000e+01 4.502659970188375993e-02 9.089335871017949209e-02 4.203918224900000516e-05 1.968048241028448251e-04
2.500000000000000000e+01 3.413692521929902884e-02 6.458250648536581484e-02 3.961712131162956871e-05 1.901369002920778775e-04
2.600000000000000000e+01 2.136303724647857852e-02 3.950783939739010292e-02 3.779984640920277150e-05 1.849709674296349767e-04
2.700000000000000000e+01 1.162382717811684049e-02 1.992009017377408334e-02 3.656864963687842999e-05 1.821000002136710487e-04
2.800000000000000000e+01 3.543514284291901864e-03 6.955893150782154442e-03 3.576455691482597395e-05 1.812258007900567158e-04
2.900000000000000000e+01 -2.140617891264785973e-03 -7.603748972202064096e-04 3.521078954065583964e-05 1.815537975182069253e-04
3.000000000000000000e+01 -5.521789324481413130e-03 -5.438370401685359984e-03 3.477282895692941091e-05 1.823377102356248689e-04
3.100000000000000000e+01 -7.221944481690288457e-03 -8.479021463556068311e-03 3.437134435511694471e-05 1.832423295635682129e-04
3.200000000000000000e+01 -8.766919755724458460e-03 -1.042231251432728344e-02 3.398286525856878803e-05 1.841758081391962865e-04
3.300000000000000000e+01 -9.733824986368030951e-03 -1.120532503146211278e-02 3.360721794259889628e-05 1.851693402326218089e-04
3.400000000000000000e+01 -1.032207023229536093e-02 -1.084528746225871254e-02 3.325674617462509380e-05 1.863392061895419681e-04
3.500000000000000000e+01 -1.032577853443995136e-02 -9.992186335945686324e-03 3.293343733681708142e-05 1.877441167760671658e-04
3.600000000000000000e+01 -8.628725451216252146e-03 -9.417019518674294917e-03 3.264381490372622347e-05 1.894088346716854055e-04
3.700000000000000000e+01 -7.036633122383529997e-03 -9.532851820978559612e-03 3.237852100218023489e-05 1.912662888784588547e-04
3.800000000000000000e+01 -7.558507007730361389e-03 -1.020377192979361573e-02 3.212381959242271491e-05 1.932085645076814825e-04
3.900000000000000000e+01 -7.333473558357596345e-03 -1.084749165723300490e-02 3.186539923899968255e-05 1.950283485387516559e-04
4.000000000000000000e+01 -7.092160904396608082e-03 -1.109910738322006547e-02 3.159296078079673717e-05 1.965813547698368874e-04
4.100000000000000000e+01 -7.037743389916477528e-03 -1.083962459251786373e-02 3.129328056341034743e-05 1.976661333162441536e-04
4.200000000000000000e+01 -6.859895386927215497e-03 -1.016935503719266706e-02 3.093280945246983614e-05 1.980229387249856656e-04
4.300000000000000000e+01 -5.237733451271202323e-03 -9.254098929929309436e-03 3.046636572311365115e-05 1.972452642851121320e-04
4.400000000000000000e+01 -4.379106103188355227e-03 -8.304178770200919268e-03 2.984026364846984223e-05 1.950120188830683089e-04
4.500000000000000000e+01 -3.091456699704122572e-03 -7.433855993551743979e-03 2.902477938923811367e-05 1.911072411209700989e-04
4.600000000000000000e+01 -2.732980992053087119e-03 -6.746572149881733052e-03 2.804938016305900394e-05 1.857555989383072206e-04
4.700000000000000000e+01 -3.207497126690831996e-03 -6.320073477864934959e-03 2.702078568616206078e-05 1.796847025824925873e-04
