# freqs 	 pli 	 dpli 	 meanpower(thalamus)	 meanpower(scalp)	pli
8.000000000000000000e+00 -4.809410421825126986e-02 -1.496678460573707403e-01 6.569379352828847113e-05 3.268964519836824916e-04
9.000000000000000000e+00 -1.448683490185143086e-02 -5.451374098656155964e-02 6.354136422537917986e-05 3.043549303145664923e-04
1.000000000000000000e+01 -1.503643673569836012e-02 -3.516367082658575227e-02 6.063662964690861391e-05 2.283378882832781567e-04
1.100000000000000000e+01 -1.799436558031419428e-02 -3.060236040136226840e-02 5.857168975506520342e-05 1.809151501008584716e-04
1.200000000000000000e+01 -1.629324596263567390e-02 -1.135440676907716051e-02 5.740742455397467307e-05 1.661813648964529787e-04
1.300000000000000000e+01 -1.515981328524463635e-02 -2.937218952317525306e-03 5.699212083028459266e-05 1.666433338601877427e-04
1.400000000000000000e+01 -1.296162347739939630e-02 -1.201605873601410863e-02 5.739668212936972351e-05 1.701593585038876498e-04
1.500000000000000000e+01 -8.766907871435799388e-03 -1.730184962355388670e-02 5.864547061787476730e-05 1.705840758023241532e-04
1.600000000000000000e+01 -6.553485859000528213e-03 -1.290510427587434998e-02 6.010627145548348840e-05 1.666466536525853495e-04
1.700000000000000000e+01 -3.398498340530257001e-03 -6.598977906592726900e-03 6.083388016613670927e-05 1.598253045645774107e-04
1.800000000000000000e+01 -1.338167259057353392e-03 -1.703063751858328954e-03 6.058809809970043119e-05 1.518319000624800629e-04
1.900000000000000000e+01 7.005870261290360205e-04 2.144047683608093363e-03 5.986259527646820456e-05 1.443846728450532519e-04
2.000000000000000000e+01 2.127706057095330675e-03 5.708352969665356560e-03 5.925315941116511879e-05 1.386517618371696818e-04
2.100000000000000000e+01 4.376203956341181978e-03 9.902886265462726087e-03 5.903506989559176912e-05 1.348555030977474309e-04
2.200000000000000000e+01 7.605460748397657733e-03 1.616125061466368654e-02 5.921019838035548855e-05 1.324583243465651881e-04
2.300000000000000000e+01 1.362005189672797767e-02 2.663204864864243682e-02 5.972296512028331503e-05 1.309976923459258899e-04
2.400000000000000000e+01 2.249857102060113731e-02 4.405734592461375831e-02 6.063067369401585737e-05 1.301760580284387387e-04
2.500000000000000000e+01 3.664969413590206393e-02 6.952174228628744956e-02 6.203653460648610131e-05 1.298320562760604444e-04
2.600000000000000000e+01 5.208259189022663993e-02 9.771149150606660283e-02 6.386767646242164499e-05 1.296086725048271860e-04
2.700000000000000000e+01 6.304740454330329258e-02 1.177244285500560761e-01 6.575596151936385415e-05 1.291712671035404850e-04
2.800000000000000000e+01 6.462969408701854657e-02 1.215430965043957229e-01 6.728276752577034051e-05 1.281606951134897101e-04
2.900000000000000000e+01 5.759018741040426020e-02 1.092672394748021303e-01 6.830930586479156937e-05 1.266768607875688193e-04
3.000000000000000000e+01 4.577779282822305729e-02 8.759508731949035287e-02 6.897573093416941496e-05 1.250090704939510445e-04
3.100000000000000000e+01 3.388577323626864451e-02 6.447938439159107971e-02 6.948608180367152147e-05 1.235734785634463894e-04
3.200000000000000000e+01 2.449735427510402533e-02 4.549406425929593267e-02 6.991803194935532879e-05 1.224861349709886423e-04
3.300000000000000000e+01 1.805586750500976639e-02 3.241467780076910665e-02 7.020427110462658913e-05 1.216994942653218419e-04
3.400000000000000000e+01 1.376089256292060449e-02 2.455493331411777794e-02 7.023436251248078692e-05 1.212527377528088463e-04
3.500000000000000000e+01 1.122986682428626058e-02 2.045492018887068095e-02 6.993648760484497194e-05 1.209608137930950661e-04
3.600000000000000000e+01 9.882994517788179500e-03 1.881654733743149538e-02 6.932726010809263915e-05 1.208089552955508747e-04
3.700000000000000000e+01 9.634975324226104781e-03 1.869836032779391075e-02 6.848756719004529369e-05 1.207473271751508643e-04
3.800000000000000000e+01 9.824389996714651130e-03 1.949763167549455403e-02 6.752987003298131145e-05 1.208106586318247422e-04
3.900000000000000000e+01 1.008282451667985927e-02 2.084164903350693709e-02 6.654569034418854638e-05 1.208546846767152855e-04
4.000000000000000000e+01 1.127668266120840715e-02 2.247931643674084407e-02 6.559376850595928933e-05 1.209039597465378084e-04
4.100000000000000000e+01 1.270525990832353097e-02 2.421573893590530172e-02 6.467797655562919931e-05 1.208765289497216555e-04
4.200000000000000000e+01 1.377233571863013470e-02 2.591082320538091663e-02 6.374026462467117095e-05 1.206142576174491906e-04
4.300000000000000000e+01 1.494191097336998973e-02 2.743734153010886356e-02 6.266462937027222891e-05 1.198196848249442561e-04
4.400000000000000000e+01 1.630590820726629531e-02 2.880296252909691698e-02 6.132174873355253895e-05 1.183489726219255709e-04
4.500000000000000000e+01 1.707112534898816425e-02 2.996222364465426016e-02 5.962075557568170781e-05 1.159644734416475156e-04
4.600000000000000000e+01 1.793122767174164245e-02 3.091565495538572961e-02 5.759587894494262581e-05 1.127401286060891516e-04
4.700000000000000000e+01 1.821497662410898749e-02 3.162563294423380300e-02 5.544560944590583919e-05 1.090758044167446767e-04
