# freqs 	 pli 	 dpli 	 meanpower(thalamus)	 meanpower(scalp)	pli
8.000000000000000000e+00 1.028915319349731246e-02 2.389000097581447934e-02 4.489448660940500649e-05 2.341031651812427257e-04
9.000000000000000000e+00 -1.543337494931815330e-02 -1.971912693658143048e-02 4.207226224693969241e-05 1.965484610202301050e-04
1.000000000000000000e+01 -3.838256183884914199e-03 -1.037592447155877154e-03 4.146160786209553974e-05 1.674107156622776471e-04
1.100000000000000000e+01 1.137807537366442023e-02 1.589813302378455945e-02 4.267697724636296345e-05 1.432485955253883154e-04
1.200000000000000000e+01 1.432437915320405875e-02 1.806571987895112114e-02 4.417186394191108820e-05 1.259409515534901677e-04
1.300000000000000000e+01 1.592988090564578796e-02 2.710259257123755552e-02 4.544862389620848867e-05 1.164370278473773277e-04
1.400000000000000000e+01 1.665248882573056727e-02 3.555863185945865035e-02 4.789877443947699866e-05 1.114552602911617350e-04
1.500000000000000000e+01 1.852400565924071027e-02 4.387774755647352171e-02 4.876211937886884914e-05 1.052980116878489246e-04
1.600000000000000000e+01 1.740015661707126210e-02 4.298341775839188000e-02 4.620026983736066515e-05 9.812043243960178937e-05
1.700000000000000000e+01 1.391263234193698337e-02 3.149463900349155215e-02 4.210306034372116295e-05 9.229366768105263662e-05
1.800000000000000000e+01 1.522978277299656159e-02 2.371812614884387382e-02 3.888651558590397429e-05 8.827397985242115225e-05
1.900000000000000000e+01 1.404323466561524861e-02 1.784887248318317576e-02 3.720321690380057388e-05 8.548022550619906992e-05
2.000000000000000000e+01 5.056382406783582403e-03 1.525546181688093410e-02 3.651443663222639715e-05 8.331832956563898411e-05
2.100000000000000000e+01 7.180317619349965708e-03 1.883611905664404548e-02 3.619619056178941517e-05 8.158866444567453892e-05
2.200000000000000000e+01 9.575015929265334041e-03 2.404501422567157862e-02 3.600641787437326789e-05 8.002522116106497332e-05
2.300000000000000000e+01 1.527113210599791333e-02 2.778087415713178729e-02 3.585880327271097622e-05 7.824571464532674209e-05
2.400000000000000000e+01 1.695928957570807388e-02 3.098772135577535641e-02 3.573526177556024942e-05 7.610702681760688653e-05
2.500000000000000000e+01 1.642615384764116448e-02 3.411393259578254789e-02 3.571023809649614110e-05 7.364871700133201516e-05
2.600000000000000000e+01 1.527272867793178120e-02 3.432632297174155467e-02 3.582557010234813208e-05 7.105943098678492822e-05
2.700000000000000000e+01 1.217330211676873747e-02 2.737675058325144198e-02 3.610867937918674475e-05 6.851838327623248532e-05
2.800000000000000000e+01 8.036230060110191240e-03 1.124242342417375133e-02 3.655329666389355177e-05 6.610202583475927051e-05
2.900000000000000000e+01 6.391278872544484818e-03 -1.212109372627803022e-02 3.708367700036304759e-05 6.382833761882451200e-05
3.000000000000000000e+01 1.771619977399562429e-03 -3.762420552640520499e-02 3.753345720028481445e-05 6.170892121144600569e-05
3.100000000000000000e+01 -2.825454310911644767e-03 -5.883603250707240134e-02 3.772132718183110049e-05 5.980364651151389674e-05
3.200000000000000000e+01 -2.247212629027137837e-03 -7.050928095698520692e-02 3.755645367088652012e-05 5.812203366078150214e-05
3.300000000000000000e+01 -3.368648203692146178e-03 -7.073393905516800473e-02 3.702750704071689744e-05 5.662858727299743106e-05
3.400000000000000000e+01 -2.305336483991893282e-03 -6.121261673152041810e-02 3.621736541877531256e-05 5.528486153185970220e-05
3.500000000000000000e+01 -5.917364390530680321e-04 -4.588586576780055021e-02 3.524196030738592175e-05 5.407041907468489584e-05
3.600000000000000000e+01 2.295994061720084758e-03 -2.943910209003449893e-02 3.420723557247434176e-05 5.298551504717742837e-05
3.700000000000000000e+01 6.387292225818713698e-03 -1.508043656908999129e-02 3.321000308076712285e-05 5.202147845539906791e-05
3.800000000000000000e+01 1.073370998839339591e-02 -4.181487152566647041e-03 3.230475760970938430e-05 5.116870592174967326e-05
3.900000000000000000e+01 1.203486091973531187e-02 3.077039419821687560e-03 3.150451311734304380e-05 5.039117684546527964e-05
4.000000000000000000e+01 1.201038279860131355e-02 7.474715090593987005e-03 3.079755314121364275e-05 4.968149984955969994e-05
4.100000000000000000e+01 1.187094029460322026e-02 9.956437899931069174e-03 3.015457907141439148e-05 4.902230219950110630e-05
4.200000000000000000e+01 1.318176506535327988e-02 1.132052747788016116e-02 2.953904785205592191e-05 4.836111760603730830e-05
4.300000000000000000e+01 1.428327864078971811e-02 1.211884823642724388e-02 2.888638019098214193e-05 4.759936679671890287e-05
4.400000000000000000e+01 1.573829824922562751e-02 1.257854764691966089e-02 2.813415053227786116e-05 4.665313739354232575e-05
4.500000000000000000e+01 1.471325801227444871e-02 1.279171499822775657e-02 2.723992846168433028e-05 4.543745715517473065e-05
4.600000000000000000e+01 1.375784696727452329e-02 1.270614081197707357e-02 2.621338887519449488e-05 4.395577353099053102e-05
4.700000000000000000e+01 1.342864739853432549e-02 1.217907171043262730e-02 2.513690541611828815e-05 4.232827310218686663e-05
