# freqs 	 pli 	 dpli 	 meanpower(thalamus)	 meanpower(scalp)	pli
8.000000000000000000e+00 -3.665689534693795243e-02 -1.056814614187159412e-01 6.315380074307099477e-05 2.711591089599918914e-04
9.000000000000000000e+00 -4.319700261571528255e-02 -9.492844557367594027e-02 6.548023713218972851e-05 2.761337564585050145e-04
1.000000000000000000e+01 -9.603425122809088055e-02 -2.450543155260208605e-01 7.049059617544195131e-05 3.196608384522304277e-04
1.100000000000000000e+01 -1.726543003701199452e-01 -4.571260620825410292e-01 7.789540887554526364e-05 3.738489104617945822e-04
1.200000000000000000e+01 -2.096384654818699844e-01 -4.984129579771996443e-01 8.114452512462839984e-05 3.869496281861615474e-04
1.300000000000000000e+01 -2.027014280155393366e-01 -4.464013947098880442e-01 7.961919002176398737e-05 3.690997529875102460e-04
1.400000000000000000e+01 -1.766018309127802277e-01 -3.752034488686594171e-01 7.494660608591390276e-05 3.393448720308975741e-04
1.500000000000000000e+01 -1.341176566190966091e-01 -2.748412639050826778e-01 6.827602418102689946e-05 3.004285931243078512e-04
1.600000000000000000e+01 -7.772904297299736143e-02 -1.559307402667900189e-01 6.140125838487526719e-05 2.615147154684871532e-04
1.700000000000000000e+01 -3.182709147635671976e-02 -5.756066406713448297e-02 5.554159385428387909e-05 2.310938312494162014e-04
1.800000000000000000e+01 9.323665191724024267e-05 6.872720920255042873e-03 5.100145883354869903e-05 2.095797370349759044e-04
1.900000000000000000e+01 1.832949158985594171e-02 4.736808925399834530e-02 4.768599491763180246e-05 1.939996279813351293e-04
2.000000000000000000e+01 2.933771919915078782e-02 7.096695905532374171e-02 4.534535437404969740e-05 1.819831184678279232e-04
2.100000000000000000e+01 3.274203292707069529e-02 7.740115167321796885e-02 4.364884516044125157e-05 1.717085025488262735e-04
2.200000000000000000e+01 2.858797736014312418e-02 6.863622818656624214e-02 4.224388402669923754e-05 1.617233974998234314e-04
2.300000000000000000e+01 2.069102319352371724e-02 5.086053562198680073e-02 4.093638452773086685e-05 1.513478131526856476e-04
2.400000000000000000e+01 1.200115633353528340e-02 3.014013359300669534e-02 3.975870625251565205e-05 1.407908539731898910e-04
2.500000000000000000e+01 4.054985952828157186e-03 1.022270165618408347e-02 3.880949233694474599e-05 1.307202311422592180e-04
2.600000000000000000e+01 -3.341799920685403248e-03 -6.618172301327968077e-03 3.810980324514155401e-05 1.217136455894416656e-04
2.700000000000000000e+01 -8.583297955979389549e-03 -1.869574993950634187e-02 3.761172419711244428e-05 1.139492164444901821e-04
2.800000000000000000e+01 -1.127052419339293413e-02 -2.553960456527140654e-02 3.722967994912186043e-05 1.073594613524619029e-04
2.900000000000000000e+01 -1.319661672455434143e-02 -2.806390968090296048e-02 3.690154004108511804e-05 1.017947665031232831e-04
3.000000000000000000e+01 -1.388927832891973316e-02 -2.773416664100743223e-02 3.658813862897097624e-05 9.711936388743678747e-05
3.100000000000000000e+01 -1.257758508901921264e-02 -2.554296101706343344e-02 3.628362283141179577e-05 9.324743017036266578e-05
3.200000000000000000e+01 -1.024507519068943752e-02 -2.200135838449508718e-02 3.599785613266979069e-05 9.008294442319479569e-05
3.300000000000000000e+01 -7.754822962443502256e-03 -1.770517171411034943e-02 3.573879970670775820e-05 8.752490048205180981e-05
3.400000000000000000e+01 -5.972235623752815241e-03 -1.354208767914292025e-02 3.550788807389058016e-05 8.546762506447263424e-05
3.500000000000000000e+01 -4.077205673134688159e-03 -1.030028554239295971e-02 3.530253458811271136e-05 8.376280670953726714e-05
3.600000000000000000e+01 -3.134634461299150212e-03 -8.246729452208752600e-03 3.511818643623501927e-05 8.224317541853717742e-05
3.700000000000000000e+01 -2.392188342086783766e-03 -7.013459620428257046e-03 3.494188329039194261e-05 8.074081576432982823e-05
3.800000000000000000e+01 -1.955622942959858376e-03 -5.913073873962304897e-03 3.476195272769108609e-05 7.913953956876136370e-05
3.900000000000000000e+01 -5.278169341458864745e-04 -4.333486024170352460e-03 3.457226964617313392e-05 7.739891728796525073e-05
4.000000000000000000e+01 8.069544557214899765e-04 -2.006752542820849135e-03 3.436327427276507232e-05 7.555876682133620312e-05
4.100000000000000000e+01 2.273794758387775745e-03 9.568619696157528538e-04 3.411966442554579463e-05 7.367549074594514414e-05
4.200000000000000000e+01 2.812320790082402811e-03 4.204916284717815679e-03 3.381082270250696648e-05 7.176193411809220983e-05
4.300000000000000000e+01 3.598054044900142901e-03 7.329820770298510653e-03 3.338297771073238217e-05 6.975875948785433987e-05
4.400000000000000000e+01 4.843462509010175790e-03 1.005758134693609911e-02 3.277274789142381700e-05 6.757049510892554280e-05
4.500000000000000000e+01 6.017640406158018991e-03 1.226349629718880008e-02 3.194308904452818906e-05 6.510978942910799680e-05
4.600000000000000000e+01 6.493328473653697461e-03 1.397211587676176411e-02 3.092384283889298621e-05 6.239917197321307829e-05
4.700000000000000000e+01 7.024036117513498927e-03 1.529559857482134209e-02 2.983074339935462484e-05 5.961729677269202149e-05
