# freqs 	 pli 	 dpli 	 meanpower(thalamus)	 meanpower(scalp)	pli
8.000000000000000000e+00 -3.495713357084468884e-03 -7.823911111139025820e-02 1.329313242931860057e-04 2.231081255772346655e-04
9.000000000000000000e+00 2.505133694512408360e-02 1.016796694644219075e-02 1.354052983975317090e-04 2.554770508688398415e-04
1.000000000000000000e+01 1.192981702602869190e-02 -2.894577019377335414e-02 1.402019030683470259e-04 2.235183908249951663e-04
1.100000000000000000e+01 5.418199974110990066e-03 -3.600524859246249237e-02 1.485736414232834265e-04 2.075271607416777743e-04
1.200000000000000000e+01 8.551420630823699381e-03 -1.080619060189320912e-02 1.551381068210995777e-04 2.221356309246888365e-04
1.300000000000000000e+01 1.659637653512616162e-02 3.241415413125499356e-02 1.560652129039967776e-04 2.376616845776482448e-04
1.400000000000000000e+01 1.873092976028899875e-02 7.078344833946936809e-02 1.544310092731881871e-04 2.448578187438352790e-04
1.500000000000000000e+01 4.165306902038761611e-02 1.339675279418014731e-01 1.543424736865459546e-04 2.447002287297638467e-04
1.600000000000000000e+01 4.938268508788869193e-02 2.011703112024356699e-01 1.559523478863537307e-04 2.412585785027531880e-04
1.700000000000000000e+01 5.190425105598132222e-02 1.946011827503869585e-01 1.587913658767115010e-04 2.344126559152463025e-04
1.800000000000000000e+01 3.715062313424530305e-02 1.240735062503003500e-01 1.635153804289097104e-04 2.229084843073942247e-04
1.900000000000000000e+01 2.819960880291726840e-02 6.041671150964530307e-02 1.692447495989049284e-04 2.076208443566561750e-04
2.000000000000000000e+01 1.799293579887803821e-02 5.256338074038601621e-02 1.777436129767115804e-04 1.923216621437709016e-04
2.100000000000000000e+01 2.009428388737476145e-02 9.297131543813147436e-02 1.991037899905985801e-04 1.793269653059850451e-04
2.200000000000000000e+01 3.874929179156154369e-02 1.437372670292290378e-01 2.352021592975750788e-04 1.682122141798914549e-04
2.300000000000000000e+01 6.084709025197643922e-02 1.773661332346412600e-01 2.650686115909415500e-04 1.580986068616509546e-04
2.400000000000000000e+01 7.099351548864310524e-02 1.848230412908690445e-01 2.679794375957212727e-04 1.486675314525944750e-04
2.500000000000000000e+01 6.961423169046743187e-02 1.707652326612461580e-01 2.437399624671489535e-04 1.400146525944124198e-04
2.600000000000000000e+01 6.555376533735020328e-02 1.455352592458219740e-01 2.070237412514916919e-04 1.323191067910651315e-04
2.700000000000000000e+01 5.608310435975190356e-02 1.180484116371113557e-01 1.734466366909532750e-04 1.259663901929646695e-04
2.800000000000000000e+01 4.300739500092259915e-02 9.052714687999505183e-02 1.504268730661062535e-04 1.209677115069377270e-04
2.900000000000000000e+01 3.067438361139806016e-02 6.448476144378549602e-02 1.372384830209017891e-04 1.171231185181881258e-04
3.000000000000000000e+01 2.445560665682319779e-02 4.190315170813341261e-02 1.302222110220710612e-04 1.139571851371635412e-04
3.100000000000000000e+01 1.822245385695303241e-02 2.497227844201498764e-02 1.264012823291541399e-04 1.111278403393810971e-04
3.200000000000000000e+01 1.089436792772973533e-02 1.461862546880757750e-02 1.239914351241135516e-04 1.084182328794592513e-04
3.300000000000000000e+01 6.407140854285447475e-03 1.034219157089459433e-02 1.220407536358045230e-04 1.056810186945951680e-04
3.400000000000000000e+01 9.612361212364008145e-03 1.019882964292537220e-02 1.201034377011518650e-04 1.028056028177353203e-04
3.500000000000000000e+01 1.216384331872245872e-02 1.184998068520378041e-02 1.180111388641774054e-04 9.960833610881903919e-05
3.600000000000000000e+01 1.551697720740840419e-02 1.361391929274953505e-02 1.158080779291497460e-04 9.610591243753048162e-05
3.700000000000000000e+01 1.608196960672295464e-02 1.486268767020027318e-02 1.136162223810338937e-04 9.250581449368565487e-05
3.800000000000000000e+01 1.308732428199880886e-02 1.606355864991086332e-02 1.115491637283019924e-04 8.904569747468512957e-05
3.900000000000000000e+01 1.026801052396138225e-02 1.777420848467384240e-02 1.096775871854425760e-04 8.581155968509702374e-05
4.000000000000000000e+01 1.010296321361241374e-02 2.051264170337289625e-02 1.080289910551831401e-04 8.290644170549015890e-05
4.100000000000000000e+01 1.253274507100510075e-02 2.425044789235980200e-02 1.065352095715164270e-04 8.028240639752080756e-05
4.200000000000000000e+01 1.341481318358658109e-02 2.864335612642714482e-02 1.050396010727984219e-04 7.781663547615959710e-05
4.300000000000000000e+01 1.487833076414886609e-02 3.318504874113669539e-02 1.032820247120807753e-04 7.530563200803923069e-05
4.400000000000000000e+01 1.484314174490496824e-02 3.756954984944923387e-02 1.009759249806621481e-04 7.260758405749264126e-05
4.500000000000000000e+01 1.570611214863545935e-02 4.145818776633415637e-02 9.786446298603108842e-05 6.955165874395460629e-05
4.600000000000000000e+01 1.810805507258281613e-02 4.476471009077143820e-02 9.384439498617079653e-05 6.613790511894243607e-05
4.700000000000000000e+01 2.110223594873511868e-02 4.745647383637045108e-02 8.904011898440537820e-05 6.251257931790075301e-05
