# freqs 	 pli 	 dpli 	 meanpower(thalamus)	 meanpower(scalp)	pli
8.000000000000000000e+00 3.999342303581705088e-02 6.075228945391773772e-02 4.854437837682789772e-05 2.689882563492321048e-04
9.000000000000000000e+00 -2.241858585417269567e-02 -5.811130630150426052e-02 4.808478062670426447e-05 2.237598144059455376e-04
1.000000000000000000e+01 -4.857306606900814450e-02 -1.337569766543562078e-01 5.087060591105067501e-05 2.128171501288635701e-04
1.100000000000000000e+01 -8.374373535382975686e-02 -2.122356877410895015e-01 5.675057070513151288e-05 2.245455455930239243e-04
1.200000000000000000e+01 -9.830262641570096382e-02 -2.346424608433301251e-01 6.330593594042005989e-05 2.447787733432160370e-04
1.300000000000000000e+01 -8.521084801618170057e-02 -2.002772646944344370e-01 6.709759042656570965e-05 2.616754537421298109e-04
1.400000000000000000e+01 -5.740868211613646410e-02 -1.378154513349133248e-01 6.674338711922345819e-05 2.692000520984985678e-04
1.500000000000000000e+01 -1.969988107919173545e-02 -6.536302339716483500e-02 6.335350584471736535e-05 2.673958913825228313e-04
1.600000000000000000e+01 9.157815636881595778e-03 -2.605598562883259736e-03 5.879263231056766354e-05 2.587861964914787939e-04
1.700000000000000000e+01 2.748243673573084328e-02 4.506211592488503642e-02 5.459023495957089411e-05 2.473017481923661448e-04
1.800000000000000000e+01 4.434816081355689305e-02 8.108310457199502386e-02 5.126826870637720139e-05 2.365764949954876661e-04
1.900000000000000000e+01 5.516509017417801225e-02 1.050111796175895035e-01 4.883641358363652698e-05 2.277523947294219568e-04
2.000000000000000000e+01 5.478983277400724383e-02 1.101058217286946528e-01 4.705447642124174551e-05 2.198758553931229158e-04
2.100000000000000000e+01 4.322375780126427175e-02 9.462386097333971846e-02 4.549524773845732957e-05 2.119567477906829063e-04
2.200000000000000000e+01 2.960386332066792733e-02 6.620172593385338644e-02 4.394837034046672833e-05 2.029968291180486240e-04
2.300000000000000000e+01 1.705369131106938482e-02 3.747601754272767566e-02 4.239697580657874763e-05 1.915766926140087588e-04
2.400000000000000000e+01 9.659890250389130406e-03 1.674772124452243716e-02 4.097973279011706053e-05 1.776663935349390817e-04
2.500000000000000000e+01 7.078520829549218201e-04 5.227102026181344382e-03 3.984960503052963472e-05 1.631535767210869309e-04
2.600000000000000000e+01 -1.747929673420166264e-03 7.239086585091353450e-04 3.902854430210017683e-05 1.503499037007202470e-04
2.700000000000000000e+01 -2.905199252732768543e-03 4.081436956642179345e-04 3.845008619510149119e-05 1.404403920359065087e-04
2.800000000000000000e+01 -3.406634046426946019e-03 1.658879824959630812e-03 3.804139088531190166e-05 1.333137693368233352e-04
2.900000000000000000e+01 -2.011786366770691725e-03 2.652116093550541381e-03 3.773199883410874756e-05 1.283284652140046704e-04
3.000000000000000000e+01 -1.179346380028490834e-03 3.143346585220610674e-03 3.747531933627689337e-05 1.248667440874055758e-04
3.100000000000000000e+01 8.648990403527793058e-04 3.576873718323101900e-03 3.723582498847625419e-05 1.224348424145805712e-04
3.200000000000000000e+01 1.381504175355616291e-03 4.249959624057022406e-03 3.702206643030227088e-05 1.206309147257735763e-04
3.300000000000000000e+01 7.103315753255390807e-04 4.839294322003003315e-03 3.683149444553112241e-05 1.191767610507988228e-04
3.400000000000000000e+01 2.121547274938158281e-03 4.718392151904905393e-03 3.665358735106506526e-05 1.179854708100714603e-04
3.500000000000000000e+01 1.756591874809355219e-03 3.381422910314379679e-03 3.648291643438999115e-05 1.169604356481203529e-04
3.600000000000000000e+01 1.237116326611121305e-03 9.136616338146285677e-04 3.631910664632003941e-05 1.161001447057933851e-04
3.700000000000000000e+01 8.025337199321280410e-04 -2.125069342114597765e-03 3.617347030739791929e-05 1.153905939977888404e-04
3.800000000000000000e+01 -1.516141391368668523e-03 -4.789700772252506768e-03 3.603674718048357334e-05 1.148352598351992220e-04
3.900000000000000000e+01 -3.976071832327470260e-03 -6.507555232917402316e-03 3.589417621383419972e-05 1.143082110657739391e-04
4.000000000000000000e+01 -4.729911599705332106e-03 -6.822594416454629863e-03 3.572559231381634257e-05 1.137769351101305943e-04
4.100000000000000000e+01 -5.263849749465891389e-03 -5.896810618044161581e-03 3.550922539394770253e-05 1.131565511357019891e-04
4.200000000000000000e+01 -5.036879444549413089e-03 -4.263268635442026000e-03 3.520771145676525625e-05 1.123023915266471864e-04
4.300000000000000000e+01 -3.386386575519340861e-03 -2.545959621482449253e-03 3.476350907500791649e-05 1.109897137003235080e-04
4.400000000000000000e+01 -2.150417763220468549e-03 -1.041484224980526252e-03 3.411540282291228900e-05 1.090727047706408967e-04
4.500000000000000000e+01 -1.544412473120942812e-03 1.250486689589592169e-04 3.323273081149710284e-05 1.064036795395788000e-04
4.600000000000000000e+01 -9.563953578346819908e-04 1.150552585110054373e-03 3.215121045333195758e-05 1.030874699458829327e-04
4.700000000000000000e+01 -5.923479257213383427e-05 2.374365862085182129e-03 3.099441416556038991e-05 9.951204343171713112e-05
