# freqs 	 pli 	 dpli 	 meanpower(thalamus)	 meanpower(scalp)	pli
8.000000000000000000e+00 -3.448671402748652165e-02 -6.282819069791652222e-02 8.624151316889387003e-05 1.603744592337838872e-04
9.000000000000000000e+00 -3.216199535644660712e-02 -5.566555484492213823e-02 8.296284249645153252e-05 1.340526297465797904e-04
1.000000000000000000e+01 -5.385812358032763397e-02 -1.068394197138917423e-01 8.728702858818286636e-05 1.219113303212078107e-04
1.100000000000000000e+01 -8.018073116478664775e-02 -2.131431414532777568e-01 9.391778316146376913e-05 1.199472911516453230e-04
1.200000000000000000e+01 -8.538746508629745102e-02 -2.429867516807429073e-01 8.856524925433185871e-05 1.224980515981480007e-04
1.300000000000000000e+01 -9.463975728876362903e-02 -2.538400285606630113e-01 7.698282119653131021e-05 1.307370993897072581e-04
1.400000000000000000e+01 -1.108594566976884160e-01 -2.951627189150342612e-01 6.774629579556069154e-05 1.357515956099610997e-04
1.500000000000000000e+01 -1.060349156884673599e-01 -2.967761931502094219e-01 6.090805754118157729e-05 1.277037021268781838e-04
1.600000000000000000e+01 -8.333334922942427225e-02 -2.429571921528850265e-01 5.508450736757955284e-05 1.106277991538380176e-04
1.700000000000000000e+01 -5.439003972495846939e-02 -1.643721158438377905e-01 5.035869680574338965e-05 9.390512051410176628e-05
1.800000000000000000e+01 -3.124737388402576421e-02 -9.182602479666032713e-02 4.693456455343847762e-05 8.232131268926342520e-05
1.900000000000000000e+01 -1.438183517153711691e-02 -3.981392536042813179e-02 4.461001263416585042e-05 7.556287086810750556e-05
2.000000000000000000e+01 -3.921580573848881639e-03 -1.090451060982504210e-02 4.308190964863364272e-05 7.138034359534599328e-05
2.100000000000000000e+01 3.463885002063105399e-05 4.144037648314524941e-04 4.208856159066964593e-05 6.802549742407863883e-05
2.200000000000000000e+01 1.629268457891601494e-03 2.173784504338975316e-03 4.126663036752455089e-05 6.477053766925128958e-05
2.300000000000000000e+01 1.007939305277025461e-03 -4.737342359778078929e-04 4.029947187759978116e-05 6.162032576279606133e-05
2.400000000000000000e+01 -9.601051494837509496e-04 -5.496619988790706762e-03 3.913306756070308461e-05 5.881791189023224573e-05
2.500000000000000000e+01 -4.440586646379008316e-03 -1.131301873444360596e-02 3.795090420804157863e-05 5.649579782590134601e-05
2.600000000000000000e+01 -5.886868650775625190e-03 -1.572329630782189416e-02 3.693197279813302525e-05 5.461625134070841866e-05
2.700000000000000000e+01 -7.043421671408959910e-03 -1.703395705192798856e-02 3.611906614330011057e-05 5.305258926582209078e-05
2.800000000000000000e+01 -4.557971035141761100e-03 -1.498864445259358476e-02 3.548784219303083726e-05 5.167687192547186465e-05
2.900000000000000000e+01 -3.032093006471022964e-03 -1.060123801061040559e-02 3.499225575692053802e-05 5.041154819347991772e-05
3.000000000000000000e+01 -1.301481691231112878e-03 -5.238171623610079174e-03 3.460783231760169017e-05 4.923967255258340927e-05
3.100000000000000000e+01 8.307078219258636062e-04 -1.632613845815649117e-04 3.432383929890146578e-05 4.815760688711474716e-05
3.200000000000000000e+01 3.698609722922249245e-03 3.911212966019430096e-03 3.412029516095721108e-05 4.717013503026146496e-05
3.300000000000000000e+01 5.145983835802304777e-03 6.894889138878431724e-03 3.397827036652093191e-05 4.627669011679203637e-05
3.400000000000000000e+01 5.068841852475807104e-03 9.086640243211126580e-03 3.388185962120499121e-05 4.546270041047670052e-05
3.500000000000000000e+01 5.380291317166588719e-03 1.073033033979464701e-02 3.381257249077830173e-05 4.471226884758491588e-05
3.600000000000000000e+01 5.968888463867903608e-03 1.185770919643345904e-02 3.376414379956337958e-05 4.401982317450645743e-05
3.700000000000000000e+01 6.390218840616005216e-03 1.238305604914106961e-02 3.373467680961678649e-05 4.338468093639793538e-05
3.800000000000000000e+01 6.133396004557700731e-03 1.229516957736264370e-02 3.372526322394100252e-05 4.280414935512643010e-05
3.900000000000000000e+01 5.684587696695041562e-03 1.169072841974892751e-02 3.373786648574478043e-05 4.227147060256981426e-05
4.000000000000000000e+01 4.335632825644674879e-03 1.074610333331114768e-02 3.376389770858157890e-05 4.177772322305196536e-05
4.100000000000000000e+01 3.551846510776804095e-03 9.627271225467999918e-03 3.377642501080948797e-05 4.129668565500422146e-05
4.200000000000000000e+01 2.843685285682486224e-03 8.463481848726842408e-03 3.372904426291716554e-05 4.077868296746719573e-05
4.300000000000000000e+01 2.539180780494722928e-03 7.351410842913079675e-03 3.355299222824644487e-05 4.014590808832974077e-05
4.400000000000000000e+01 2.280134430674490929e-03 6.362445118342558402e-03 3.317225215650897077e-05 3.931563226129120670e-05
4.500000000000000000e+01 2.230610681567482198e-03 5.509458644006948527e-03 3.254195236083546954e-05 3.823481120733790255e-05
4.600000000000000000e+01 1.930327753882453120e-03 4.762081978486560480e-03 3.169169916553569370e-05 3.693141985726773661e-05
4.700000000000000000e+01 2.504954662727574850e-03 4.051998788715729244e-03 3.074489194805166158e-05 3.553370929919914839e-05
