# freqs 	 pli 	 dpli 	 meanpower(thalamus)	 meanpower(scalp)	pli
8.000000000000000000e+00 3.640529117049571845e-03 -2.313164653965423846e-03 9.190998974530298501e-05 1.014992388848767491e-04
9.000000000000000000e+00 -1.500398966032939763e-02 -2.212490461232621136e-02 8.175694532117751886e-05 1.016641243266138989e-04
1.000000000000000000e+01 -9.191902426181468647e-03 -2.193131663707250864e-02 7.509305425825345607e-05 9.672250412612250648e-05
1.100000000000000000e+01 1.006783958124797020e-02 2.521195067716858543e-02 7.050628096705764951e-05 8.990039954419821241e-05
1.200000000000000000e+01 2.788333040058211046e-02 5.206693906209435008e-02 6.662364618485417604e-05 8.229712125872247930e-05
1.300000000000000000e+01 2.611628669292198959e-02 4.607444836317716591e-02 6.243113549423906440e-05 7.402424604668368657e-05
1.400000000000000000e+01 1.657410316551037599e-02 3.389624004115322775e-02 5.915717672451486716e-05 6.728743281867893584e-05
1.500000000000000000e+01 1.286814396917791703e-02 2.925816161434066989e-02 5.714058068254256924e-05 6.259002146655678542e-05
1.600000000000000000e+01 1.122066292802530868e-02 1.942185119067613500e-02 5.571336808422573081e-05 5.913243833905795159e-05
1.700000000000000000e+01 -4.385337628375312723e-04 2.745418442099227356e-03 5.447021029010256352e-05 5.624688563580669873e-05
1.800000000000000000e+01 -1.015555185314208700e-02 -1.189874660744445235e-02 5.341822880945564466e-05 5.369261116271438369e-05
1.900000000000000000e+01 -9.449849945314245034e-03 -1.881993385462962451e-02 5.247307010487552875e-05 5.158689322943685107e-05
2.000000000000000000e+01 -1.193566599427473875e-02 -1.664741597342749360e-02 5.162464310622306594e-05 4.997273901884252928e-05
2.100000000000000000e+01 -6.373027216285910915e-03 -9.006180701204180572e-03 5.095202123207409183e-05 4.873022821366710994e-05
2.200000000000000000e+01 2.740357720627144885e-04 -4.879106983628419300e-04 5.040002044087820956e-05 4.765216193935019833e-05
2.300000000000000000e+01 4.290507606157473869e-03 6.546675412469147443e-03 4.986799253730165768e-05 4.660847690392669383e-05
2.400000000000000000e+01 7.758438340434533308e-03 1.158544184066790002e-02 4.933231317459624938e-05 4.552952437282816947e-05
2.500000000000000000e+01 7.831320751867206637e-03 1.524550449595557002e-02 4.879196440508975087e-05 4.443032027513063494e-05
2.600000000000000000e+01 8.522276835262406619e-03 1.774061114934342639e-02 4.833142904137649774e-05 4.336877207529231208e-05
2.700000000000000000e+01 9.277918666787428673e-03 1.854261742342995858e-02 4.795909687406195362e-05 4.240593846130913619e-05
2.800000000000000000e+01 9.232429332488190088e-03 1.747115231099665919e-02 4.767321975590196827e-05 4.156184464162922558e-05
2.900000000000000000e+01 9.967786227291931117e-03 1.541246343120625251e-02 4.745781475592671008e-05 4.085757491395868279e-05
3.000000000000000000e+01 6.956859550265148684e-03 1.345133334603788519e-02 4.730514750625851170e-05 4.024836772921862858e-05
3.100000000000000000e+01 5.537455598542953203e-03 1.211126146324512272e-02 4.723263902479848101e-05 3.968311536488801139e-05
3.200000000000000000e+01 4.267607651534001748e-03 1.160583224790318752e-02 4.720328380442042325e-05 3.916178735487679905e-05
3.300000000000000000e+01 4.137075737699974498e-03 1.187131740605851075e-02 4.717117813869827706e-05 3.867081879588654160e-05
3.400000000000000000e+01 4.352840086830679980e-03 1.256923243707726637e-02 4.712365981518239964e-05 3.821026118467342562e-05
3.500000000000000000e+01 4.875190415045920975e-03 1.320725424813502281e-02 4.704830102046752546e-05 3.778170026519473784e-05
3.600000000000000000e+01 4.982013321163242248e-03 1.327991371205953369e-02 4.692682329728567659e-05 3.738193651120228704e-05
3.700000000000000000e+01 7.133559753687807731e-03 1.246410359416611977e-02 4.675059631183442905e-05 3.701573164699648445e-05
3.800000000000000000e+01 7.760901703405869746e-03 1.076705733011092299e-02 4.653262404372320509e-05 3.667292474723050910e-05
3.900000000000000000e+01 8.148835107309472178e-03 8.558805531925763044e-03 4.628305386791324675e-05 3.634728173905134210e-05
4.000000000000000000e+01 6.893915787471957893e-03 6.418683650353656893e-03 4.600535420192286210e-05 3.603404145792663796e-05
4.100000000000000000e+01 6.782025420593825078e-03 4.868321584545799892e-03 4.568462763766200182e-05 3.572011848632963127e-05
4.200000000000000000e+01 6.000039529672195407e-03 4.197893754980443898e-03 4.528223575800656642e-05 3.536124961478888341e-05
4.300000000000000000e+01 4.710619269962248827e-03 4.456017655386752298e-03 4.471611187886668880e-05 3.489263968825461414e-05
4.400000000000000000e+01 4.184943051084161203e-03 5.552222034405644886e-03 4.390309001316754982e-05 3.423806452524793078e-05
4.500000000000000000e+01 5.099059510983349787e-03 7.339507782850999626e-03 4.279787216995438503e-05 3.334795938169400609e-05
4.600000000000000000e+01 5.542535265333234026e-03 9.643668820458075816e-03 4.143838106313675260e-05 3.224409826593817042e-05
4.700000000000000000e+01 7.190048513777555321e-03 1.220906740889887883e-02 3.997186983141226834e-05 3.104037869197660870e-05
