# freqs 	 pli 	 dpli 	 meanpower(thalamus)	 meanpower(scalp)	pli
8.000000000000000000e+00 -1.710187700929926280e-01 -3.354808423354470603e-01 1.280624469479905482e-04 4.596675758379215916e-04
9.000000000000000000e+00 -6.602687182256999909e-02 -1.179381662187612007e-01 9.699053288481703384e-05 3.209858685447761163e-04
1.000000000000000000e+01 -5.767467943533167475e-03 -3.470341176252288856e-03 8.316541928548920257e-05 2.422852919931257388e-04
1.100000000000000000e+01 3.043398512917347420e-02 5.762228159321661214e-02 7.758988696525615696e-05 2.216543906791319785e-04
1.200000000000000000e+01 3.054980878941759154e-02 6.288079438574219193e-02 7.433580944894733545e-05 2.188695105493731856e-04
1.300000000000000000e+01 2.013853496284894254e-02 4.034587854558970010e-02 7.184526020006208602e-05 2.215315103764645512e-04
1.400000000000000000e+01 9.839220691314329650e-03 2.721429015705838575e-02 7.012925843841956908e-05 2.235881029057889126e-04
1.500000000000000000e+01 2.042415040702933240e-02 4.005398106061518193e-02 6.922863830321652492e-05 2.223595084258615144e-04
1.600000000000000000e+01 2.436021704155966194e-02 4.434245003172467697e-02 6.898047364132580620e-05 2.186311308770563452e-04
1.700000000000000000e+01 1.648931640435463697e-02 3.230645559527036553e-02 6.876622442752064706e-05 2.137135769463646305e-04
1.800000000000000000e+01 8.204146680317318807e-03 2.509474685136300551e-02 6.813085625774890864e-05 2.081174228665701154e-04
1.900000000000000000e+01 8.968456881519091747e-03 2.665632155779196211e-02 6.723143722821278961e-05 2.025599019887289567e-04
2.000000000000000000e+01 1.260723509457605147e-02 2.794403719314586532e-02 6.643972544130508225e-05 1.970411164058441240e-04
2.100000000000000000e+01 1.104623760376287692e-02 2.307731188786833754e-02 6.592694702401593449e-05 1.903784863167037303e-04
2.200000000000000000e+01 6.386370639153791245e-03 1.365510458990445639e-02 6.559817590812047194e-05 1.819779637123008478e-04
2.300000000000000000e+01 -1.064165971817686816e-03 4.035669773541855111e-03 6.525603404390067377e-05 1.723390989599448439e-04
2.400000000000000000e+01 -6.238852429838944412e-03 -3.757260546595874145e-03 6.474326626619893589e-05 1.621533727994698467e-04
2.500000000000000000e+01 -9.096986187871313606e-03 -1.007166485514727344e-02 6.401315885279547238e-05 1.520843295014695149e-04
2.600000000000000000e+01 -4.208857642683275398e-03 -1.515126255574616304e-02 6.314751614248024743e-05 1.426676768961160032e-04
2.700000000000000000e+01 -6.761149274125475943e-03 -1.761622910656577765e-02 6.223990450589067622e-05 1.344148808452456381e-04
2.800000000000000000e+01 -6.503642039542143448e-03 -1.694884881001052987e-02 6.136025203395411329e-05 1.274155898543792879e-04
2.900000000000000000e+01 -6.736203461292510769e-03 -1.363965850937317627e-02 6.056058723117484281e-05 1.217902611956950346e-04
3.000000000000000000e+01 -1.950610396975076049e-03 -8.972182122105079941e-03 5.987033032785559183e-05 1.174413510767475101e-04
3.100000000000000000e+01 -1.975888275844306027e-03 -3.633310206423270676e-03 5.929114551308017417e-05 1.142836245456388958e-04
3.200000000000000000e+01 -1.339411684946918181e-03 2.066526621253208552e-03 5.880370638789401229e-05 1.121157464312848572e-04
3.300000000000000000e+01 3.104897253135068588e-03 7.558675300854787206e-03 5.837839258059148454e-05 1.107290395339413229e-04
3.400000000000000000e+01 2.619510023245078412e-03 1.166884627164355495e-02 5.798298230930957234e-05 1.100308055211749787e-04
3.500000000000000000e+01 7.256891411936482010e-03 1.342400550682775091e-02 5.759143793144979586e-05 1.098206506812513677e-04
3.600000000000000000e+01 9.226166190670475123e-03 1.267067424231496479e-02 5.718959242521612000e-05 1.099441009517889101e-04
3.700000000000000000e+01 8.928644128979959863e-03 1.032853175511096178e-02 5.677453694860771708e-05 1.102074279622914293e-04
3.800000000000000000e+01 3.792341811604385982e-03 7.761354142726126747e-03 5.634949263880566342e-05 1.105122701447470415e-04
3.900000000000000000e+01 2.725236480777735136e-03 6.156204678063447594e-03 5.590915483153115754e-05 1.107287003112898758e-04
4.000000000000000000e+01 3.529943535252799778e-03 5.872698198442758734e-03 5.544590280727679449e-05 1.108011449567496457e-04
4.100000000000000000e+01 3.913939853822310556e-03 6.648935761731338510e-03 5.493821232632205325e-05 1.106359680966192814e-04
4.200000000000000000e+01 1.407027279902007969e-03 7.853715264808876911e-03 5.432940580465477314e-05 1.101088536615487952e-04
4.300000000000000000e+01 5.685247283258874733e-03 8.925436256056165987e-03 5.352928396046945228e-05 1.089835644854567195e-04
4.400000000000000000e+01 6.248424533015998344e-03 9.467244715179885459e-03 5.244334951968431240e-05 1.071246573821184805e-04
4.500000000000000000e+01 5.085723273737744604e-03 9.414224639111956616e-03 5.101742708825268566e-05 1.044120213086591447e-04
4.600000000000000000e+01 2.586054808049483619e-03 8.821388309016778631e-03 4.929842994401808571e-05 1.009818389605050181e-04
4.700000000000000000e+01 -1.220519587570511547e-04 7.819065644213392743e-03 4.746574441040408065e-05 9.722326270251421603e-05
