# freqs 	 pli 	 dpli 	 meanpower(thalamus)	 meanpower(scalp)	pli
8.000000000000000000e+00 -2.416300299784608294e-02 -5.609898651463927910e-02 1.822420262127614208e-04 2.227841911695722379e-04
9.000000000000000000e+00 -6.528196003416290860e-02 -1.415537101462431557e-01 1.988045109259551518e-04 2.305753319249428067e-04
1.000000000000000000e+01 -5.604947388416373077e-02 -5.976641703514908727e-02 2.365188377651547622e-04 2.603329065914455789e-04
1.100000000000000000e+01 4.325941326160421402e-03 2.589085112940057720e-01 2.977064610887603926e-04 3.028297803429383351e-04
1.200000000000000000e+01 3.022495807545417298e-03 2.819286188062338216e-01 2.915307586418331874e-04 3.403722367288162100e-04
1.300000000000000000e+01 -2.337285578201643912e-02 1.050175590432418649e-01 2.316288284032140261e-04 3.787993404462003952e-04
1.400000000000000000e+01 -3.375265782251372915e-02 -1.797621454314944286e-02 1.856027158680734136e-04 3.844586678970159706e-04
1.500000000000000000e+01 -3.334891122509953815e-02 -6.425342698160713129e-02 1.679195117522024527e-04 3.490943750129978573e-04
1.600000000000000000e+01 -2.727358054169483695e-02 -7.189111895443488220e-02 1.595987757572129423e-04 3.043783422921541530e-04
1.700000000000000000e+01 -1.979336053325449207e-02 -6.182201295728373402e-02 1.484444298215134952e-04 2.693067614813678427e-04
1.800000000000000000e+01 -9.783817203232047718e-03 -4.196332289517384906e-02 1.353100139274058362e-04 2.439445726042028574e-04
1.900000000000000000e+01 3.916197745543224112e-03 -2.077955010851607193e-02 1.244472810542675831e-04 2.242064243448044540e-04
2.000000000000000000e+01 1.426252505937857309e-02 -2.849993726448549203e-03 1.184593379293237233e-04 2.078564827224427172e-04
2.100000000000000000e+01 2.158594519849324489e-02 1.227157205975360280e-02 1.172383127313860937e-04 1.938705904004511425e-04
2.200000000000000000e+01 2.385562468150357468e-02 2.549370092475333055e-02 1.175604442065169262e-04 1.816132122679505693e-04
2.300000000000000000e+01 2.789719445126034869e-02 3.584368808245688709e-02 1.154102632732476117e-04 1.707787968183854810e-04
2.400000000000000000e+01 3.094574998788367226e-02 4.265742385122806707e-02 1.095146431160267097e-04 1.611917797306447518e-04
2.500000000000000000e+01 3.284899131203063150e-02 4.689540690686037905e-02 1.013597715480526231e-04 1.527606437455816292e-04
2.600000000000000000e+01 3.358742065442260616e-02 5.005786213158376630e-02 9.324666242380323720e-05 1.453890054332952254e-04
2.700000000000000000e+01 3.430407513144696080e-02 5.313199827080766074e-02 8.662154696730597079e-05 1.388118216027893253e-04
2.800000000000000000e+01 3.451711812692531689e-02 5.669052820558735661e-02 8.167801395257943433e-05 1.326930923253225156e-04
2.900000000000000000e+01 3.443681277107395189e-02 6.074019699478296064e-02 7.794999318339789146e-05 1.268253179839356028e-04
3.000000000000000000e+01 3.462570203215733361e-02 6.511756921732293757e-02 7.495206963008541263e-05 1.211286948454759667e-04
3.100000000000000000e+01 3.498944494055198501e-02 6.942964933767775682e-02 7.242308530782361133e-05 1.156602099087750141e-04
3.200000000000000000e+01 3.467042772521131827e-02 7.328308089517072965e-02 7.025061457236425838e-05 1.105154237617582359e-04
3.300000000000000000e+01 3.317077259265806960e-02 7.656531736140173572e-02 6.832617538249949416e-05 1.057612223795246993e-04
3.400000000000000000e+01 3.270400505569160537e-02 7.955920485782590201e-02 6.648985123512105326e-05 1.014606364713322025e-04
3.500000000000000000e+01 3.329276056699999320e-02 8.234829235357599142e-02 6.461737509577107511e-05 9.762248528810604092e-05
3.600000000000000000e+01 3.429837912504545006e-02 8.479462732148437820e-02 6.268245057645394894e-05 9.422443713857185242e-05
3.700000000000000000e+01 3.532836455244169060e-02 8.658499523581700275e-02 6.073128370021362222e-05 9.123348772089562406e-05
3.800000000000000000e+01 3.657137559399513405e-02 8.733662273762332617e-02 5.884800610876700551e-05 8.861609080626947936e-05
3.900000000000000000e+01 3.757220319181753948e-02 8.685939973220821453e-02 5.710107813809817920e-05 8.631255797079846737e-05
4.000000000000000000e+01 3.773173741492802380e-02 8.535634278818812759e-02 5.551873795584526836e-05 8.426281567394063629e-05
4.100000000000000000e+01 3.767912733402820763e-02 8.325275695698547418e-02 5.408039581349985251e-05 8.237041277461422503e-05
4.200000000000000000e+01 3.764676385205139447e-02 8.096431013190530379e-02 5.271755875050756964e-05 8.049426669071811234e-05
4.300000000000000000e+01 3.685121977351592248e-02 7.890015130352660833e-02 5.132105761102894256e-05 7.845429565275704184e-05
4.400000000000000000e+01 3.623522331818766068e-02 7.713123891755888084e-02 4.977193173646382276e-05 7.608215516852419628e-05
4.500000000000000000e+01 3.690637863772393973e-02 7.568948022939983589e-02 4.798535002412307780e-05 7.326280618104450608e-05
4.600000000000000000e+01 3.759973224557187216e-02 7.453338680071477929e-02 4.596931716760158289e-05 7.002352633276273696e-05
4.700000000000000000e+01 3.801288320700454970e-02 7.359052432803847577e-02 4.385127883174898099e-05 6.655229131296674623e-05
