# freqs 	 pli 	 dpli 	 meanpower(thalamus)	 meanpower(scalp)	pli
8.000000000000000000e+00 8.682617579102140659e-02 1.548049247993311950e-01 1.098626771038270944e-04 2.559411565165847758e-04
9.000000000000000000e+00 3.718828123107890266e-02 6.958690134062750499e-02 9.930591111133458399e-05 1.614795677789714523e-04
1.000000000000000000e+01 1.807334713492743383e-02 3.654381838666112547e-02 9.243500521880594276e-05 1.377793338498764378e-04
1.100000000000000000e+01 -1.988610743764115431e-03 -6.547851935558068014e-03 8.811718014465109191e-05 1.352797494659771027e-04
1.200000000000000000e+01 -4.685482960901689309e-03 -1.741841585596923259e-02 8.883526236604833315e-05 1.440367307398031686e-04
1.300000000000000000e+01 -1.980095510489329486e-03 -9.594912072409556361e-03 9.379369411595853243e-05 1.617214969479612756e-04
1.400000000000000000e+01 -4.848885706671632496e-03 -1.096677331818437032e-02 9.490773207764987543e-05 1.716068851992820759e-04
1.500000000000000000e+01 -8.454335167903007792e-03 -2.538329856270346574e-02 9.175865475535689123e-05 1.651699016483089704e-04
1.600000000000000000e+01 -2.054458427108758409e-02 -4.082558993172150791e-02 8.893709745086286907e-05 1.535327764334598773e-04
1.700000000000000000e+01 -2.352373898930051541e-02 -4.864066106596449945e-02 8.787644554071239356e-05 1.448479251354660414e-04
1.800000000000000000e+01 -2.541566608487107887e-02 -4.961114954863505427e-02 8.799670912431864815e-05 1.394162899517535604e-04
1.900000000000000000e+01 -2.481133205558217619e-02 -4.649443587657965671e-02 8.846458820160371498e-05 1.366008528794141873e-04
2.000000000000000000e+01 -2.014137414576358878e-02 -3.586738661870807199e-02 8.892339724849961384e-05 1.362505495119659105e-04
2.100000000000000000e+01 -9.939123487054155048e-03 -1.382807736853391110e-02 8.962401772210107050e-05 1.376960061123364443e-04
2.200000000000000000e+01 1.967123402482568850e-03 1.437288521492156336e-02 9.155165595821824923e-05 1.398429568958012780e-04
2.300000000000000000e+01 1.369021813220081332e-02 3.711484598796156026e-02 9.750158534403127525e-05 1.416909131693264579e-04
2.400000000000000000e+01 1.826126698820331948e-02 4.732910277224516155e-02 1.112218173777031850e-04 1.427000214424654239e-04
2.500000000000000000e+01 1.856921076739937934e-02 4.846112738403617060e-02 1.313116721441489362e-04 1.420861146412997437e-04
2.600000000000000000e+01 1.957644358032482185e-02 4.619682151376714591e-02 1.487834245549827378e-04 1.386068590803563256e-04
2.700000000000000000e+01 2.079737816420627189e-02 4.268521890198836988e-02 1.548396058281140879e-04 1.316374969485305984e-04
2.800000000000000000e+01 2.051938310800079102e-02 3.846868737020422285e-02 1.475649682643918274e-04 1.219081057486354062e-04
2.900000000000000000e+01 1.846866542120915305e-02 3.383008944286279573e-02 1.312977807133532051e-04 1.109295232137688273e-04
3.000000000000000000e+01 1.538150658898131823e-02 2.903518123665071657e-02 1.124683630888290983e-04 1.001305973067190242e-04
3.100000000000000000e+01 1.434104017818055819e-02 2.430203701371048963e-02 9.603280420272409927e-05 9.052946960132902791e-05
3.200000000000000000e+01 1.017968726642150268e-02 1.987517807825135707e-02 8.405685756792653860e-05 8.260333348100925438e-05
3.300000000000000000e+01 7.541791532247711996e-03 1.577483739652328631e-02 7.628101828222051521e-05 7.638617693921154314e-05
3.400000000000000000e+01 5.424435917004701360e-03 1.182227421588208545e-02 7.148535463834037934e-05 7.166622828772357858e-05
3.500000000000000000e+01 4.692815267133828433e-03 8.177202990755014222e-03 6.850442587693104457e-05 6.805512040083758630e-05
3.600000000000000000e+01 3.638703076250147765e-03 5.378740320898116149e-03 6.655710192276800233e-05 6.525506174428348483e-05
3.700000000000000000e+01 4.380304274707653989e-03 3.871698383792177098e-03 6.520085595959270060e-05 6.304646953421775950e-05
3.800000000000000000e+01 5.123770301034795763e-03 3.575775880989018503e-03 6.416761917895302076e-05 6.128587952189771539e-05
3.900000000000000000e+01 2.698132892038709180e-03 3.817012429592868492e-03 6.327204292262102387e-05 5.979251259568417367e-05
4.000000000000000000e+01 1.701041762959918692e-03 3.774028570543387726e-03 6.238436834180408378e-05 5.849201681096723182e-05
4.100000000000000000e+01 2.022159101597035408e-03 2.916795100855487828e-03 6.142113704496899446e-05 5.731349556319438083e-05
4.200000000000000000e+01 -2.993036787943343505e-05 1.165648628173432139e-03 6.032037023629553170e-05 5.616693043814270105e-05
4.300000000000000000e+01 -1.816362521310715267e-03 -1.228023887663799414e-03 5.901681631829877031e-05 5.490701018131529195e-05
4.400000000000000000e+01 -3.320293160735116392e-03 -3.851354174802153630e-03 5.743621088601729791e-05 5.346415405101876935e-05
4.500000000000000000e+01 -4.598596673475069917e-03 -6.352039173242364327e-03 5.553831953984238325e-05 5.172856396204254906e-05
4.600000000000000000e+01 -5.865436550224078019e-03 -8.490378157982573018e-03 5.337400615600942574e-05 4.972263023090322040e-05
4.700000000000000000e+01 -5.411675555944158236e-03 -1.008884371929564920e-02 5.112501437894602775e-05 4.761379490602253583e-05
