# freqs 	 pli 	 dpli 	 meanpower(thalamus)	 meanpower(scalp)	pli
8.000000000000000000e+00 2.001851685433986977e-02 5.065367138137021746e-02 8.981814249123044370e-05 2.855813533008519280e-04
9.000000000000000000e+00 3.825815586442049554e-02 9.180366405282282261e-02 9.513750585238570296e-05 3.054215587256266392e-04
1.000000000000000000e+01 8.909004874918910466e-02 2.460255362553109282e-01 1.108021602649575691e-04 3.683346008325812798e-04
1.100000000000000000e+01 1.497376108690069985e-01 4.504012891751231207e-01 1.435543098255718836e-04 4.510190300347192180e-04
1.200000000000000000e+01 1.435241230366128273e-01 4.149548013421005543e-01 1.514875613941864632e-04 4.792527847391814580e-04
1.300000000000000000e+01 9.850201784334469690e-02 2.475362699160659763e-01 1.372579439513233065e-04 4.875644249152507269e-04
1.400000000000000000e+01 6.462336500146230456e-02 1.411098528798984952e-01 1.239093347221146993e-04 4.755373731097107680e-04
1.500000000000000000e+01 4.550323906556751757e-02 8.349649931532711344e-02 1.148414022621141423e-04 4.299256848955069544e-04
1.600000000000000000e+01 3.399000132141126451e-02 5.005645851368661220e-02 1.071339655541199811e-04 3.779248390799267647e-04
1.700000000000000000e+01 2.815267802100060099e-02 4.624590053333582640e-02 9.988541409071576070e-05 3.373455397486222786e-04
1.800000000000000000e+01 2.431498404489235501e-02 5.111398857529553946e-02 9.350245641873712848e-05 3.078438799101151208e-04
1.900000000000000000e+01 2.118045718838513364e-02 4.946573165038876257e-02 8.833077225603226418e-05 2.848875850864395821e-04
2.000000000000000000e+01 1.806100679714132615e-02 4.603613841895651954e-02 8.415686946426401247e-05 2.655610471013551384e-04
2.100000000000000000e+01 2.011499174751815028e-02 4.703320529040420223e-02 8.061782052796420857e-05 2.483485023857589309e-04
2.200000000000000000e+01 2.233033516529428844e-02 5.143935220286024318e-02 7.742456748454431019e-05 2.325312346975123064e-04
2.300000000000000000e+01 2.461139660772546783e-02 5.550189413405724054e-02 7.433898596819167256e-05 2.180461691589148003e-04
2.400000000000000000e+01 2.660897723617716010e-02 5.720148592265966725e-02 7.128598194202657036e-05 2.051561816485690016e-04
2.500000000000000000e+01 2.650884669124161513e-02 5.632178285093357439e-02 6.836033802226231014e-05 1.941827944841452934e-04
2.600000000000000000e+01 2.641321419136452922e-02 5.371123017116926496e-02 6.567819131829210439e-05 1.850668910708989587e-04
2.700000000000000000e+01 2.302051021014880558e-02 5.071934958830581069e-02 6.324998946781135937e-05 1.773073072779117216e-04
2.800000000000000000e+01 1.988724732416656885e-02 4.858919756282956831e-02 6.101630773560435330e-05 1.702642803081000496e-04
2.900000000000000000e+01 1.844721417898409141e-02 4.832356295445771471e-02 5.890136662429817162e-05 1.634172822069552709e-04
3.000000000000000000e+01 1.809981040638192901e-02 4.995686135541020645e-02 5.685584530941816943e-05 1.565236106014600108e-04
3.100000000000000000e+01 1.872138742919945975e-02 5.243837944512848293e-02 5.485459782519293460e-05 1.495451319008607905e-04
3.200000000000000000e+01 1.943723612817154639e-02 5.407077748784203108e-02 5.290561805724090739e-05 1.425743073038214623e-04
3.300000000000000000e+01 1.988699049808647853e-02 5.377100718499838033e-02 5.105381488927597175e-05 1.357693287283911272e-04
3.400000000000000000e+01 2.019361933570973378e-02 5.160299907611536063e-02 4.934720934059727972e-05 1.292957855382651877e-04
3.500000000000000000e+01 1.972587257037571387e-02 4.834750956284139534e-02 4.781786645158726275e-05 1.232593975457862414e-04
3.600000000000000000e+01 1.822850344984801654e-02 4.489119909935589126e-02 4.647232488517700713e-05 1.177472063574626484e-04
3.700000000000000000e+01 1.709166062505345501e-02 4.183938883564317091e-02 4.530061346799105676e-05 1.128023677399274529e-04
3.800000000000000000e+01 1.581584462431148003e-02 3.943388116713025110e-02 4.428384959621735562e-05 1.084173968619469398e-04
3.900000000000000000e+01 1.523241973185937050e-02 3.781114996757461988e-02 4.339524197442437792e-05 1.045512432712447106e-04
4.000000000000000000e+01 1.520512520161108709e-02 3.699355975198714841e-02 4.260055767284972461e-05 1.011224036792688708e-04
4.100000000000000000e+01 1.557291844944593516e-02 3.701292811710452102e-02 4.185768301867107702e-05 9.801917413119170923e-05
4.200000000000000000e+01 1.711111255189524255e-02 3.782996387570548846e-02 4.110866082341526197e-05 9.506861090184421260e-05
4.300000000000000000e+01 1.861673197020746739e-02 3.931968325154817229e-02 4.027545079404840799e-05 9.205344944825531359e-05
4.400000000000000000e+01 2.009640498664362618e-02 4.118846107207142782e-02 3.927438138987801629e-05 8.875092871743215706e-05
4.500000000000000000e+01 2.162876069019090478e-02 4.321256385984113824e-02 3.804914965036628496e-05 8.500785879560386615e-05
4.600000000000000000e+01 2.228641250887719236e-02 4.519763573402629103e-02 3.661644467114230465e-05 8.082172657677410567e-05
4.700000000000000000e+01 2.257722355136871847e-02 4.703770878796091626e-02 3.509314296777480308e-05 7.636942591469741807e-05
