# freqs 	 pli 	 dpli 	 meanpower(thalamus)	 meanpower(scalp)	pli
8.000000000000000000e+00 -3.122829588586102656e-02 -1.222718627971873112e-01 3.615585184054738861e-05 1.594939813883762168e-04
9.000000000000000000e+00 -2.963474072348672855e-02 -1.039924040121785465e-01 3.354574635036086601e-05 1.368924822320930195e-04
1.000000000000000000e+01 -2.217346805788980579e-02 -6.258732273065362173e-02 3.200948527595335078e-05 1.241732890647392049e-04
1.100000000000000000e+01 -6.383509470008092226e-03 -1.295196417081703917e-02 3.128605759391254754e-05 1.165611085052391878e-04
1.200000000000000000e+01 5.300015743810939858e-03 7.904403592428345046e-03 3.106386181754195613e-05 1.105852988496502123e-04
1.300000000000000000e+01 2.215127788974299416e-03 -6.056790738443040487e-03 3.086400537529329039e-05 1.044698195184577260e-04
1.400000000000000000e+01 -3.190995283260430592e-03 -2.697291380605454370e-02 3.069698753019967579e-05 9.956585475366877699e-05
1.500000000000000000e+01 -1.423752727204772792e-02 -4.229385608396121071e-02 3.062219547185989583e-05 9.552007104103593530e-05
1.600000000000000000e+01 -2.076696192530566587e-02 -4.426733501537064019e-02 3.059287369821998110e-05 9.158828623161110376e-05
1.700000000000000000e+01 -1.928159828853386742e-02 -4.328194110569451303e-02 3.057855126775323179e-05 8.771283788779766762e-05
1.800000000000000000e+01 -1.877750723047200837e-02 -4.624198450924200260e-02 3.062793502735150128e-05 8.467431372513388010e-05
1.900000000000000000e+01 -1.909982862696515266e-02 -4.928997991104430709e-02 3.083525713658123881e-05 8.316014974199762030e-05
2.000000000000000000e+01 -2.145717550599668400e-02 -5.051766657097943314e-02 3.115906145970469374e-05 8.284858411138946869e-05
2.100000000000000000e+01 -2.447399904649677493e-02 -5.075306530347139383e-02 3.148051888445423314e-05 8.282436341471369201e-05
2.200000000000000000e+01 -2.447350192545787520e-02 -4.894594391457303406e-02 3.172933897507203852e-05 8.232340205885417756e-05
2.300000000000000000e+01 -2.248767029163531786e-02 -4.348422653456452541e-02 3.193370153271056554e-05 8.114524786489142280e-05
2.400000000000000000e+01 -1.908999665068288748e-02 -3.445014186191579231e-02 3.220951886708159345e-05 7.946263986981662970e-05
2.500000000000000000e+01 -1.492325963064393066e-02 -2.276608954736262722e-02 3.264633918271871458e-05 7.765848351859535486e-05
2.600000000000000000e+01 -1.025201443864898025e-02 -1.011241992027996431e-02 3.319169929536035479e-05 7.608248909261147079e-05
2.700000000000000000e+01 -6.286371837932994491e-03 3.831282661447921807e-04 3.369522115436463921e-05 7.493336825113864404e-05
2.800000000000000000e+01 -2.671162237641972435e-03 5.355535468470433262e-03 3.400822417126799153e-05 7.414535639347664964e-05
2.900000000000000000e+01 1.955179423211147256e-04 4.821433389749087139e-03 3.410027227734892377e-05 7.370299220767510470e-05
3.000000000000000000e+01 -1.290844709799894617e-03 1.570189750082598293e-03 3.403294456177965153e-05 7.351093751690868897e-05
3.100000000000000000e+01 -2.035295493041225368e-03 -1.292853135504351937e-03 3.387224301568056699e-05 7.355367828362080343e-05
3.200000000000000000e+01 -2.267300773549675574e-03 -2.633282398480350523e-03 3.367234573994727030e-05 7.367989114420427045e-05
3.300000000000000000e+01 -3.649785192114471909e-03 -2.804112063767321816e-03 3.347458051614020228e-05 7.376282979944339443e-05
3.400000000000000000e+01 -4.617398226983848372e-03 -2.751414087343730108e-03 3.331011430030425210e-05 7.389476280625393385e-05
3.500000000000000000e+01 -6.587711847965267882e-03 -2.917322960119002068e-03 3.318967965247121495e-05 7.399040120064780558e-05
3.600000000000000000e+01 -7.340715302717065217e-03 -3.161136027790458457e-03 3.311766843263965089e-05 7.410977784312785795e-05
3.700000000000000000e+01 -6.653550118145645439e-03 -3.045919798315074433e-03 3.309344388102010523e-05 7.426645408418434003e-05
3.800000000000000000e+01 -4.252670773654008106e-03 -2.335060780954727449e-03 3.312015850149490975e-05 7.449141021522324231e-05
3.900000000000000000e+01 -1.462562934323704926e-03 -1.061959701352883879e-03 3.319139417911603221e-05 7.467322673806347285e-05
4.000000000000000000e+01 2.002170887153911370e-04 5.683033222243208307e-04 3.329013656273222720e-05 7.487887533856139725e-05
4.100000000000000000e+01 -3.923341322166025631e-04 2.340248722349181406e-03 3.338420578001933761e-05 7.507356524387742453e-05
4.200000000000000000e+01 4.933582904150649907e-04 4.095377296461664984e-03 3.341913389234627940e-05 7.516236933675374949e-05
4.300000000000000000e+01 1.509878608314497604e-03 5.727696946883213333e-03 3.331892487952716679e-05 7.493577864549222649e-05
4.400000000000000000e+01 1.702456872686619344e-03 6.924518870696998174e-03 3.300636599256337255e-05 7.431642448478830050e-05
4.500000000000000000e+01 2.090136888051419544e-03 7.617460880711432111e-03 3.243697167673484746e-05 7.312750553113780440e-05
4.600000000000000000e+01 2.098376909168138231e-03 7.760285009193954205e-03 3.164215565458943701e-05 7.140497039663421897e-05
4.700000000000000000e+01 1.517006173247498375e-03 7.398861702658776282e-03 3.075014979948359023e-05 6.938916990587252955e-05
