# freqs 	 pli 	 dpli 	 meanpower(thalamus)	 meanpower(scalp)	pli
8.000000000000000000e+00 -1.042184045485050059e-01 -2.171962465650056351e-01 1.288373768526451725e-04 2.969621376126934374e-04
9.000000000000000000e+00 -1.070463747405668437e-01 -2.202306880083908236e-01 1.041056097047074100e-04 2.570528246766365138e-04
1.000000000000000000e+01 -5.869156210006781088e-02 -1.048265812303093292e-01 8.778266459773029066e-05 2.209314075723427674e-04
1.100000000000000000e+01 -2.406395772378156286e-02 -1.706753605170753182e-02 8.176474895450788045e-05 1.898064880645652084e-04
1.200000000000000000e+01 -5.386051247242491444e-03 4.794204335593771349e-03 7.913602596364164644e-05 1.700025406298260255e-04
1.300000000000000000e+01 4.633335594600094566e-03 -2.186628950206270794e-03 7.579958307836403100e-05 1.610741576676904098e-04
1.400000000000000000e+01 8.926240706776552430e-03 4.426975754591762000e-03 7.269796745503417381e-05 1.599181046214865460e-04
1.500000000000000000e+01 9.336071462459166054e-03 1.491890895170056019e-02 7.103099298692307738e-05 1.634243401944464650e-04
1.600000000000000000e+01 1.033159333493670687e-03 3.009093014421456661e-03 7.085623469064198873e-05 1.691275695115386046e-04
1.700000000000000000e+01 -1.263405268308540400e-02 -2.651971238299953570e-02 7.165046251304742642e-05 1.754714745747651340e-04
1.800000000000000000e+01 -2.041652279297761011e-02 -6.302216959422325682e-02 7.254689677642397311e-05 1.806640252044795390e-04
1.900000000000000000e+01 -3.154496197750801534e-02 -9.318057031403056967e-02 7.276723584275168960e-05 1.824039742036987041e-04
2.000000000000000000e+01 -3.775998051097780028e-02 -1.070137211215351214e-01 7.220643112893023764e-05 1.798638520612228159e-04
2.100000000000000000e+01 -3.870509437791759544e-02 -1.045528970455696510e-01 7.105604215423937380e-05 1.738062600869352879e-04
2.200000000000000000e+01 -3.633731745097640992e-02 -9.367904185133224537e-02 6.969610202596671371e-05 1.653932994357308020e-04
2.300000000000000000e+01 -3.410870013627249203e-02 -8.610416459878114659e-02 6.840939814101682046e-05 1.556156527686975279e-04
2.400000000000000000e+01 -3.435568718135962457e-02 -8.686470151210397284e-02 6.721088046824611091e-05 1.452488922243014692e-04
2.500000000000000000e+01 -4.193074075951934432e-02 -9.165077693293038896e-02 6.605168607942341129e-05 1.347952844816450004e-04
2.600000000000000000e+01 -4.427763676858758463e-02 -9.300462524268922337e-02 6.486514865404820098e-05 1.246763466794843518e-04
2.700000000000000000e+01 -4.491788876123538332e-02 -8.665707228712196675e-02 6.371587236318641747e-05 1.153936087289853614e-04
2.800000000000000000e+01 -4.119900803438093090e-02 -7.461823403960445023e-02 6.264949469407211306e-05 1.072547182113432220e-04
2.900000000000000000e+01 -3.588645246725694765e-02 -6.109616150267727086e-02 6.166366107333963334e-05 1.003071913962140228e-04
3.000000000000000000e+01 -2.903691092667470483e-02 -4.895159898971799400e-02 6.077791340492802577e-05 9.446132229564372111e-05
3.100000000000000000e+01 -2.462872833756083596e-02 -3.911633007414076074e-02 5.996567360155126625e-05 8.950235872845901800e-05
3.200000000000000000e+01 -2.006639267586798545e-02 -3.138655081104317623e-02 5.920523546557519937e-05 8.521285598718511480e-05
3.300000000000000000e+01 -1.751554179315654644e-02 -2.567447933816585995e-02 5.850607534338069605e-05 8.144924906498295157e-05
3.400000000000000000e+01 -1.352231942385803166e-02 -2.206752054347601785e-02 5.790055248207877435e-05 7.816020150216534653e-05
3.500000000000000000e+01 -1.091840903182679165e-02 -2.037586077692816675e-02 5.740335267772547626e-05 7.527080285539918978e-05
3.600000000000000000e+01 -1.354750064986141866e-02 -2.039507945556829835e-02 5.697018569669948430e-05 7.269008626615183874e-05
3.700000000000000000e+01 -1.431961571309458246e-02 -2.196296835416157792e-02 5.656156671403261079e-05 7.032282153684248321e-05
3.800000000000000000e+01 -1.487459370791522836e-02 -2.502372515750904067e-02 5.615563168107462179e-05 6.812045368058060291e-05
3.900000000000000000e+01 -1.464071522830133303e-02 -2.915098019096103166e-02 5.574880752264335345e-05 6.602809818362323122e-05
4.000000000000000000e+01 -1.774113533816824503e-02 -3.364177282939176394e-02 5.533273232709849692e-05 6.400682580974356879e-05
4.100000000000000000e+01 -2.015273151850764666e-02 -3.752514109979037532e-02 5.486854052549675461e-05 6.204590254916944115e-05
4.200000000000000000e+01 -2.195325232742941640e-02 -3.996127375214563598e-02 5.428984978307770142e-05 6.010671550811638904e-05
4.300000000000000000e+01 -2.208147605759270063e-02 -4.060645720579037637e-02 5.350899924304881574e-05 5.810214163173499304e-05
4.400000000000000000e+01 -2.103739493955333884e-02 -3.951265026348663167e-02 5.242541236744250021e-05 5.593018007067716152e-05
4.500000000000000000e+01 -1.911962671686960255e-02 -3.698701825980932334e-02 5.098902433366301685e-05 5.351967098881401096e-05
4.600000000000000000e+01 -1.689849097723814669e-02 -3.347525192174741898e-02 4.924956736689904311e-05 5.088478071980525420e-05
4.700000000000000000e+01 -1.375334388082459329e-02 -2.934536889421202749e-02 4.739387706953148192e-05 4.815614486994229329e-05
