# freqs 	 pli 	 dpli 	 meanpower(thalamus)	 meanpower(scalp)	pli
8.000000000000000000e+00 2.391402749094796113e-04 -4.793085201089153369e-02 1.103370826643870653e-04 3.019975244333525681e-04
9.000000000000000000e+00 1.645020218561324757e-02 4.513547121151855607e-03 9.307770996853501533e-05 2.404711642147416264e-04
1.000000000000000000e+01 1.037572194136393046e-02 1.429458240548456098e-02 8.572349830197047930e-05 2.106375781510194461e-04
1.100000000000000000e+01 1.903132424892062247e-02 4.970619338967999234e-02 8.158683241140980843e-05 1.933134067878771974e-04
1.200000000000000000e+01 3.163241906855684960e-02 9.523593173231614806e-02 7.736658867019824415e-05 1.844777412175179756e-04
1.300000000000000000e+01 2.533238425817264244e-02 9.196952726525520205e-02 7.228142920330472756e-05 1.901290832035412606e-04
1.400000000000000000e+01 1.387036873317601220e-02 5.483813536432115970e-02 6.676533456127773151e-05 1.973567512355088713e-04
1.500000000000000000e+01 1.018688000680368494e-02 2.258786215538179099e-02 6.155048880186446826e-05 1.885828405262516454e-04
1.600000000000000000e+01 1.112271105718703676e-02 1.514914997060874159e-02 5.755406364179802003e-05 1.672039894935383126e-04
1.700000000000000000e+01 1.025508184324076463e-02 2.240275110834744413e-02 5.502142640229396069e-05 1.452926010167121919e-04
1.800000000000000000e+01 1.278600679036374574e-02 2.860287856183208952e-02 5.356335286394849153e-05 1.298193784931393215e-04
1.900000000000000000e+01 1.131602616964768292e-02 3.000280097899540518e-02 5.267067483937452860e-05 1.206043866519185167e-04
2.000000000000000000e+01 1.061892307044934661e-02 2.799817730459862666e-02 5.204248675575372604e-05 1.147806261558429234e-04
2.100000000000000000e+01 1.112948604607747610e-02 2.452712817850607324e-02 5.150190704254528737e-05 1.100694441710532289e-04
2.200000000000000000e+01 1.060129989088507210e-02 2.181356162777153135e-02 5.096317319300302292e-05 1.054094446212848241e-04
2.300000000000000000e+01 1.117258357199878670e-02 2.012177139826387684e-02 5.045238377506631598e-05 1.006379380046346235e-04
2.400000000000000000e+01 1.115303362757833448e-02 1.825633742274585664e-02 5.000013555341250481e-05 9.597819315008907089e-05
2.500000000000000000e+01 9.847838026827556920e-03 1.574740780454951181e-02 4.959123194355317011e-05 9.170158395342690907e-05
2.600000000000000000e+01 9.283987946354087598e-03 1.310877372480221716e-02 4.921731066169581062e-05 8.798347260687979323e-05
2.700000000000000000e+01 7.641709742082098897e-03 1.095411081578884921e-02 4.887544940174679551e-05 8.477734832987924142e-05
2.800000000000000000e+01 6.979900572729813915e-03 9.490673312337339837e-03 4.855471015268366389e-05 8.183780032564587999e-05
2.900000000000000000e+01 6.747059027657285879e-03 8.736766929480690308e-03 4.825393019294740127e-05 7.893809705789514998e-05
3.000000000000000000e+01 5.885945280105484012e-03 8.896852333325454276e-03 4.799140639498072550e-05 7.600246826865176815e-05
3.100000000000000000e+01 5.797845582750784516e-03 1.023959510153274466e-02 4.777181646859193434e-05 7.306608641662421736e-05
3.200000000000000000e+01 7.113539485381828800e-03 1.271864363309699146e-02 4.759977327268898674e-05 7.021711093967149362e-05
3.300000000000000000e+01 8.980977766062419460e-03 1.587160347627075349e-02 4.746609126033884740e-05 6.754564781619127939e-05
3.400000000000000000e+01 1.020560673771174487e-02 1.907842782562715195e-02 4.735974470158740905e-05 6.510754499663734974e-05
3.500000000000000000e+01 1.135278875130419501e-02 2.192081086250428565e-02 4.726991735966529305e-05 6.290930299410454137e-05
3.600000000000000000e+01 1.211456990173749235e-02 2.424191877006002388e-02 4.717530582266818933e-05 6.092278196250991142e-05
3.700000000000000000e+01 1.299426184851231597e-02 2.599287207546454800e-02 4.706342506724843505e-05 5.912132515693695086e-05
3.800000000000000000e+01 1.366269996081417165e-02 2.713763218275412614e-02 4.692880661037850132e-05 5.747462828737849588e-05
3.900000000000000000e+01 1.356531986240241267e-02 2.763183672465933244e-02 4.677102509142344236e-05 5.595909174527044928e-05
4.000000000000000000e+01 1.373774900536479243e-02 2.753357315936567906e-02 4.657983886924953193e-05 5.453930455696160068e-05
4.100000000000000000e+01 1.298525332367663626e-02 2.703218877572662743e-02 4.633385838599635517e-05 5.317072198351135428e-05
4.200000000000000000e+01 1.304058572621526711e-02 2.634500686954426713e-02 4.598675457477284691e-05 5.179787391910933245e-05
4.300000000000000000e+01 1.286594894646204620e-02 2.565680718659869158e-02 4.546333803442667110e-05 5.033571338303396585e-05
4.400000000000000000e+01 1.258936784645794081e-02 2.504544413342082998e-02 4.467802273230935645e-05 4.869183251265600629e-05
4.500000000000000000e+01 1.201489693400311851e-02 2.451564008391483515e-02 4.358042519582026371e-05 4.680232203718731897e-05
4.600000000000000000e+01 1.150877022816276449e-02 2.403866530623041328e-02 4.221860155981143253e-05 4.468258348893966361e-05
4.700000000000000000e+01 1.088808144066005963e-02 2.359746919607970742e-02 4.075984502769346309e-05 4.245561884002661915e-05
