# freqs 	 pli 	 dpli 	 meanpower(thalamus)	 meanpower(scalp)	pli
8.000000000000000000e+00 -5.910362236192689273e-02 -1.174452330910728121e-01 6.198700169006108338e-05 2.640342801280118378e-04
9.000000000000000000e+00 -4.057229566858415459e-02 -9.452557167386672898e-02 5.516429449324509993e-05 2.126830533042935656e-04
1.000000000000000000e+01 -1.228438034057080692e-02 -3.447581776187593622e-02 5.142083119094454903e-05 1.777416938056442615e-04
1.100000000000000000e+01 5.017740547122672388e-03 3.851233704641647548e-02 5.210529640197466368e-05 1.499516268885144890e-04
1.200000000000000000e+01 5.716743855819756900e-03 1.215762373359506182e-01 5.306220227866644039e-05 1.304364474596665646e-04
1.300000000000000000e+01 9.840067883070418089e-03 1.598169572346604395e-01 5.132189835665155239e-05 1.197621022070473464e-04
1.400000000000000000e+01 1.988289512999669509e-02 1.160045012436016210e-01 4.844981948413695826e-05 1.138557979328286843e-04
1.500000000000000000e+01 1.567273118487584951e-02 6.227517770072814318e-02 4.549004799537008858e-05 1.069490572057264386e-04
1.600000000000000000e+01 1.225674573948113549e-02 3.763492489012985193e-02 4.320101660793986524e-05 9.890374234472290875e-05
1.700000000000000000e+01 1.337027920664632732e-02 3.228569628250357870e-02 4.189201470092225382e-05 9.201677157084255771e-05
1.800000000000000000e+01 1.586703705447525814e-02 3.310769737488372666e-02 4.126449463398429435e-05 8.726331835272962978e-05
1.900000000000000000e+01 1.156815359969919250e-02 2.969760334973751276e-02 4.097207386711964895e-05 8.424681869137888341e-05
2.000000000000000000e+01 9.592405865350392066e-03 2.132406415043751682e-02 4.094782864333983065e-05 8.219736522735004427e-05
2.100000000000000000e+01 1.165957288917400698e-02 1.345874953654054539e-02 4.117824903903726734e-05 8.077649451162004842e-05
2.200000000000000000e+01 6.794559670396553737e-03 7.217009976346440252e-03 4.161971317671509418e-05 7.971455663464117425e-05
2.300000000000000000e+01 -3.449156125954607409e-04 2.822388873169486803e-04 4.215532906895171289e-05 7.863185389197282224e-05
2.400000000000000000e+01 -4.464455170037636735e-03 -9.723582603536970112e-03 4.265447499984597002e-05 7.713502871998804337e-05
2.500000000000000000e+01 -7.359746754711404826e-03 -2.196364964694083946e-02 4.304119539040765334e-05 7.518369787354617112e-05
2.600000000000000000e+01 -1.150086368202511526e-02 -3.278042620947605595e-02 4.339316806029833309e-05 7.299059017779255926e-05
2.700000000000000000e+01 -1.529357076102958596e-02 -3.998353893547533511e-02 4.387265505966322660e-05 7.074760879732864931e-05
2.800000000000000000e+01 -1.558507300866289989e-02 -4.521114152890983590e-02 4.454684823178516170e-05 6.860294279872031057e-05
2.900000000000000000e+01 -1.539931526296867310e-02 -5.127699860756523842e-02 4.533661891209229923e-05 6.661066127310813088e-05
3.000000000000000000e+01 -1.139780529766425479e-02 -5.831140729802723743e-02 4.603440359324569025e-05 6.472891491967696059e-05
3.100000000000000000e+01 -8.989823407614488254e-03 -6.339236128024544614e-02 4.638559484701819749e-05 6.303131181391435629e-05
3.200000000000000000e+01 -8.310029589547799495e-03 -6.269099651997334099e-02 4.624307275749363095e-05 6.154952189384503786e-05
3.300000000000000000e+01 -4.687726626635337936e-03 -5.464396245551224329e-02 4.562788745091189262e-05 6.026478099728040837e-05
3.400000000000000000e+01 -1.670610492670667607e-03 -4.125672550895109758e-02 4.467167220482003880e-05 5.915324758934620216e-05
3.500000000000000000e+01 5.119120979316819703e-04 -2.584023573063617268e-02 4.354116962934185213e-05 5.818750881322107255e-05
3.600000000000000000e+01 4.952124953051847099e-03 -1.181935802635706613e-02 4.240395385145155291e-05 5.736054804663187975e-05
3.700000000000000000e+01 8.263649208959718967e-03 -7.996262076231812387e-04 4.136739623270173165e-05 5.664699329973474037e-05
3.800000000000000000e+01 9.994415934742626600e-03 7.330016847932606036e-03 4.048083790284157812e-05 5.603597894763045947e-05
3.900000000000000000e+01 1.064334386098867401e-02 1.341633908013110422e-02 3.975234382262971103e-05 5.548713983427832453e-05
4.000000000000000000e+01 1.123010782946580639e-02 1.808288920053021873e-02 3.915980097159695250e-05 5.498493896508180811e-05
4.100000000000000000e+01 1.279134065349705161e-02 2.151822142140334682e-02 3.864561893871173857e-05 5.450453201233054377e-05
4.200000000000000000e+01 1.272973272279921166e-02 2.368756504478141539e-02 3.814325256907141477e-05 5.399673565771913195e-05
4.300000000000000000e+01 1.379094502785441559e-02 2.465695063920355506e-02 3.756021138208569683e-05 5.335482848888555972e-05
4.400000000000000000e+01 1.276443362879563746e-02 2.480351189339992726e-02 3.680126594523786627e-05 5.249601977488297776e-05
4.500000000000000000e+01 1.259125896231090211e-02 2.444650910631739060e-02 3.580785909692420579e-05 5.133206570032984974e-05
4.600000000000000000e+01 1.271832874503896725e-02 2.387840266593334662e-02 3.460525222859280747e-05 4.986146990015773438e-05
4.700000000000000000e+01 1.200683467453083665e-02 2.322231455640185946e-02 3.331613005633827531e-05 4.822123955134868540e-05
