# freqs 	 pli 	 dpli 	 meanpower(thalamus)	 meanpower(scalp)	pli
8.000000000000000000e+00 9.514299350196408697e-03 3.575176804128035735e-02 7.881243547855439147e+01 3.702421569140913107e+02
9.000000000000000000e+00 3.179071721934004918e-02 7.611632767721815407e-02 7.353093496497962178e+01 3.601716486671668918e+02
1.000000000000000000e+01 2.794499193524508165e-02 6.641228941298212007e-02 6.902477303774394102e+01 3.085246161973640255e+02
1.100000000000000000e+01 1.906183832482066104e-02 4.966026085311986416e-02 6.565955163297027752e+01 2.383802834628132246e+02
1.200000000000000000e+01 1.669509457893875171e-02 4.791330388201731766e-02 6.354004940772605892e+01 1.906746366639624171e+02
1.300000000000000000e+01 2.000973966980502255e-02 5.497370742627517154e-02 6.244319258714593701e+01 1.699506154131062772e+02
1.400000000000000000e+01 2.224985001090214187e-02 6.550558762001666702e-02 6.213449978096158333e+01 1.598791509004154818e+02
1.500000000000000000e+01 2.423541593245609818e-02 7.098162430393531452e-02 6.206935169729719348e+01 1.518328622749535270e+02
1.600000000000000000e+01 2.397524568256767519e-02 6.953664105813682494e-02 6.161058625758577278e+01 1.441148614485738904e+02
1.700000000000000000e+01 2.330067044015061983e-02 6.153943631915629459e-02 6.065074622781553870e+01 1.375910671987303431e+02
1.800000000000000000e+01 1.686813418183923802e-02 4.331166142760863730e-02 5.954922046425259197e+01 1.320314375678439092e+02
1.900000000000000000e+01 2.141151886419061408e-03 1.686929204625660372e-02 5.872558591617458745e+01 1.262420332335752988e+02
2.000000000000000000e+01 -1.045639638300201527e-02 -8.755184290134609970e-03 5.834521355681238219e+01 1.196902918105391080e+02
2.100000000000000000e+01 -1.574694196073468319e-02 -2.383939634160648496e-02 5.884918155976464504e+01 1.128389774964062156e+02
2.200000000000000000e+01 -6.156788539655282978e-03 -8.948454732436572981e-03 6.312743884316197551e+01 1.072326259940928992e+02
2.300000000000000000e+01 2.563167156932009277e-02 5.223865288348335245e-02 7.830451998027496074e+01 1.055940642255300901e+02
2.400000000000000000e+01 5.644849829163231525e-02 1.146059430781645461e-01 1.076615093315413816e+02 1.100472801584423905e+02
2.500000000000000000e+01 6.760357988810301866e-02 1.379833349507160467e-01 1.419373709914237622e+02 1.180389641076870930e+02
2.600000000000000000e+01 6.167112608206870572e-02 1.279594029960559598e-01 1.674386499830181094e+02 1.234300925675007647e+02
2.700000000000000000e+01 4.865263944372762162e-02 1.007701140759850872e-01 1.768986830533306147e+02 1.219662979283472310e+02
2.800000000000000000e+01 3.312373535455808565e-02 6.704776921175710502e-02 1.713707081686750939e+02 1.137312553269418203e+02
2.900000000000000000e+01 1.783540775677319723e-02 3.306924309409012275e-02 1.561393245526334113e+02 1.018097596594632392e+02
3.000000000000000000e+01 3.606145758009011732e-03 3.177470319615972958e-03 1.365361914386002411e+02 8.970809704796192818e+01
3.100000000000000000e+01 -7.503646453405245741e-03 -1.900581412885773633e-02 1.163964197329969750e+02 7.977908836667322134e+01
3.200000000000000000e+01 -1.455819414141215455e-02 -3.159423151229060617e-02 9.820771676791912341e+01 7.269752222893410476e+01
3.300000000000000000e+01 -1.662519835972232560e-02 -3.527189284021199633e-02 8.336134872395406603e+01 6.803996997373252498e+01
3.400000000000000000e+01 -1.672460223361423026e-02 -3.289608583355933119e-02 7.227212971275014297e+01 6.506482878243080847e+01
3.500000000000000000e+01 -1.411213746844178739e-02 -2.778757158718822215e-02 6.461072600958101475e+01 6.307106733720738845e+01
3.600000000000000000e+01 -1.077619826977907133e-02 -2.222829478058361077e-02 5.964263405847382415e+01 6.162708757807903481e+01
3.700000000000000000e+01 -8.662466645342783295e-03 -1.725601384688908724e-02 5.654710399966943157e+01 6.047882601259563984e+01
3.800000000000000000e+01 -7.768553654609111798e-03 -1.307254302391344485e-02 5.462967516752271990e+01 5.951456836412919671e+01
3.900000000000000000e+01 -6.006960580773939781e-03 -9.691061340998645066e-03 5.337544787691050630e+01 5.864389638051746090e+01
4.000000000000000000e+01 -4.682643298275110562e-03 -7.074989684972486995e-03 5.243878990885009017e+01 5.784331796205108844e+01
4.100000000000000000e+01 -3.348274906534613911e-03 -5.283992949307800280e-03 5.160348876126050754e+01 5.707580219144402633e+01
4.200000000000000000e+01 -2.471782676749464686e-03 -4.347625221628704899e-03 5.072618942018036847e+01 5.627630448151762010e+01
4.300000000000000000e+01 -2.108123029091852566e-03 -4.230558754109717094e-03 4.969789949862924061e+01 5.532655809668278124e+01
4.400000000000000000e+01 -2.458830870118429955e-03 -4.800048921179544438e-03 4.844337780247848002e+01 5.414023448905435743e+01
4.500000000000000000e+01 -2.663609048270470896e-03 -5.986999125707982879e-03 4.694451571612839302e+01 5.263045009978296918e+01
4.600000000000000000e+01 -3.180271313038228291e-03 -7.799020515219252936e-03 4.529304746706716145e+01 5.083620550320408427e+01
4.700000000000000000e+01 -4.327532755497138194e-03 -1.027480740268136433e-02 4.370602193967585691e+01 4.893559451589798215e+01
