# freqs 	 pli 	 dpli 	 meanpower(thalamus)	 meanpower(scalp)	pli
8.000000000000000000e+00 -5.522093419691824490e-02 -1.252773300182732086e-01 4.876191879588776370e-05 2.020309904863505602e-04
9.000000000000000000e+00 -1.787409881421547775e-02 -3.801957897975753037e-02 4.748844943009450262e-05 1.557648059523939019e-04
1.000000000000000000e+01 -7.035247453427012632e-03 -2.341303975120518494e-03 4.944091407709364682e-05 1.329710387782978315e-04
1.100000000000000000e+01 -9.504310915396630213e-03 -4.099266602304253194e-03 5.383562138005232046e-05 1.269119110317722436e-04
1.200000000000000000e+01 -2.490548650098639832e-03 9.511801240343795497e-03 5.869740779939892184e-05 1.287679136611774859e-04
1.300000000000000000e+01 1.266744680245125189e-02 3.941466066656403727e-02 6.158266054974660859e-05 1.323178310042978591e-04
1.400000000000000000e+01 3.067579049838982039e-02 7.294556567034178596e-02 6.163096641638305382e-05 1.342388255174355356e-04
1.500000000000000000e+01 3.921798537048470229e-02 9.688187169837049473e-02 5.932344498837519616e-05 1.334184644697921653e-04
1.600000000000000000e+01 4.154619974914163655e-02 1.065930498295634687e-01 5.584784887214584324e-05 1.305359624409768867e-04
1.700000000000000000e+01 3.954886128809059764e-02 1.022524250701201676e-01 5.236767520554563133e-05 1.265524718084079796e-04
1.800000000000000000e+01 2.911171337477665502e-02 7.773919550263198863e-02 4.958239695072783591e-05 1.221697436787749628e-04
1.900000000000000000e+01 9.273760435783132486e-03 3.043021442169006538e-02 4.772967095573402304e-05 1.178331674148273438e-04
2.000000000000000000e+01 -1.660367770493980169e-02 -2.826027694725562547e-02 4.659241670683321435e-05 1.137783291891598930e-04
2.100000000000000000e+01 -4.033511642624564020e-02 -8.083574722621926500e-02 4.568623622966412189e-05 1.101020890908408623e-04
2.200000000000000000e+01 -5.370245757433028677e-02 -1.146857265143080840e-01 4.464282286077727560e-05 1.066318412613031488e-04
2.300000000000000000e+01 -5.713322827765902889e-02 -1.242511161215529569e-01 4.339366769340913694e-05 1.030381013387692972e-04
2.400000000000000000e+01 -5.100555614632071300e-02 -1.112882169605361460e-01 4.213076340881816704e-05 9.920450703488366392e-05
2.500000000000000000e+01 -3.834305311882729023e-02 -8.521265019454656031e-02 4.107473040196272114e-05 9.541538249542776704e-05
2.600000000000000000e+01 -2.696306937122691649e-02 -5.793143108841521810e-02 4.033551142572992359e-05 9.206370803708356935e-05
2.700000000000000000e+01 -1.748060105860712102e-02 -3.707389694112953743e-02 3.987812657027538552e-05 8.938521796364626260e-05
2.800000000000000000e+01 -1.105978449982229946e-02 -2.434038675091573442e-02 3.959506110594448536e-05 8.731826826635980302e-05
2.900000000000000000e+01 -8.300852052224990882e-03 -1.794744859030688103e-02 3.937854903481870878e-05 8.576429060086222236e-05
3.000000000000000000e+01 -7.513248290721841714e-03 -1.539355563967779658e-02 3.914923549384306822e-05 8.460081299239787292e-05
3.100000000000000000e+01 -6.355463065954773325e-03 -1.467737872923390550e-02 3.888441506123217197e-05 8.379714638092494337e-05
3.200000000000000000e+01 -5.973342710217771287e-03 -1.462506057884747045e-02 3.858471711164850705e-05 8.325788186787929127e-05
3.300000000000000000e+01 -5.989024403275909972e-03 -1.484419399063871721e-02 3.826387916007200236e-05 8.289296363119185525e-05
3.400000000000000000e+01 -6.970313823186653074e-03 -1.547702792672803890e-02 3.793736262889272010e-05 8.269435593354934903e-05
3.500000000000000000e+01 -7.487760125849258520e-03 -1.674130288037870007e-02 3.761486788444296479e-05 8.257919221421743962e-05
3.600000000000000000e+01 -7.779843984959323999e-03 -1.870123327620298523e-02 3.731311480110778160e-05 8.252812993399817859e-05
3.700000000000000000e+01 -8.602975654093066721e-03 -2.114583349915165680e-02 3.704178372301372566e-05 8.250933488263215566e-05
3.800000000000000000e+01 -9.567454574690464897e-03 -2.364063561820549733e-02 3.679825708961371284e-05 8.251602922633460326e-05
3.900000000000000000e+01 -1.003363763293366184e-02 -2.564345780634309444e-02 3.657064467956438835e-05 8.246914598308506246e-05
4.000000000000000000e+01 -1.009748329054883063e-02 -2.662655610055845307e-02 3.634294045598975513e-05 8.235909533337354882e-05
4.100000000000000000e+01 -9.364121524208792249e-03 -2.630296525462721968e-02 3.609404941363117668e-05 8.213202400942290070e-05
4.200000000000000000e+01 -8.688516613111742226e-03 -2.472315088249550305e-02 3.578585825615545262e-05 8.170324989670597611e-05
4.300000000000000000e+01 -7.307265777245861710e-03 -2.226257050376517777e-02 3.536176921466511769e-05 8.092041699643395586e-05
4.400000000000000000e+01 -5.771571523814766382e-03 -1.932119190231300701e-02 3.476138761763285733e-05 7.968798976421096348e-05
4.500000000000000000e+01 -4.727465283600036823e-03 -1.632392206047788771e-02 3.395038289515153051e-05 7.789464769822240417e-05
4.600000000000000000e+01 -3.963306129462842130e-03 -1.347330777745652658e-02 3.295699206727009748e-05 7.561205223081559994e-05
4.700000000000000000e+01 -2.837831789087328326e-03 -1.076950341216523048e-02 3.189167330453315693e-05 7.312920201059131681e-05
