# freqs 	 pli 	 dpli 	 meanpower(thalamus)	 meanpower(scalp)	pli
8.000000000000000000e+00 4.363836070988282717e-02 5.558305359271398238e-02 3.135961945620222387e-05 2.152138213257732220e-04
9.000000000000000000e+00 1.020166941954651386e-02 2.046570295407195567e-02 2.963079365574743763e-05 1.752700518990590460e-04
1.000000000000000000e+01 -2.885145742288599494e-03 -2.792156986545856617e-02 3.107198277615220099e-05 1.548514356249984069e-04
1.100000000000000000e+01 -2.966895878407289910e-02 -1.240737550763441055e-01 3.420952357961788438e-05 1.518842312867676222e-04
1.200000000000000000e+01 -7.446850787799806637e-02 -2.169256668350428574e-01 3.713124986198987728e-05 1.597398265920717774e-04
1.300000000000000000e+01 -1.266010176003632970e-01 -3.199896190336878887e-01 3.940301247800277751e-05 1.730187542995472913e-04
1.400000000000000000e+01 -1.656132119007142356e-01 -3.650859769087832496e-01 4.051292149832035245e-05 1.866222096975816221e-04
1.500000000000000000e+01 -1.256840336234259503e-01 -2.887982140750793847e-01 4.081595110588948896e-05 1.979068318611505186e-04
1.600000000000000000e+01 -2.679281320096830663e-02 -7.952073044048862949e-02 4.170661413490319336e-05 2.065175542125726458e-04
1.700000000000000000e+01 9.120357582301684418e-02 1.720970372624154865e-01 4.347181372533587648e-05 2.119073127254489191e-04
1.800000000000000000e+01 1.736823910195976484e-01 3.322220428191415276e-01 4.492722532247358212e-05 2.114366983650672860e-04
1.900000000000000000e+01 1.937595333108775020e-01 3.660199297125444340e-01 4.567801526277013175e-05 2.038162070865666192e-04
2.000000000000000000e+01 1.543333707681252276e-01 2.936969864043713074e-01 4.720968924762522311e-05 1.903148346143970922e-04
2.100000000000000000e+01 9.424427808614865842e-02 1.718549347262735005e-01 5.036527692107149891e-05 1.731649659054984992e-04
2.200000000000000000e+01 4.900817656344407663e-02 7.345880173960130100e-02 5.326628885328534713e-05 1.543755643269854221e-04
2.300000000000000000e+01 1.995757809487080578e-02 2.028866656415864722e-02 5.419292195931385081e-05 1.360483981450450049e-04
2.400000000000000000e+01 7.632340703604812912e-03 -2.607695690470803948e-03 5.292936517567859675e-05 1.200105397035116430e-04
2.500000000000000000e+01 -3.626607941834451908e-04 -1.364285412890325552e-02 4.994797569552559559e-05 1.073611356986114502e-04
2.600000000000000000e+01 -4.718635189698446725e-03 -2.043089888878890995e-02 4.601194512246769842e-05 9.813637547820752358e-05
2.700000000000000000e+01 -3.291445075871768117e-03 -2.214287365909040420e-02 4.192634906231493264e-05 9.156415588188876996e-05
2.800000000000000000e+01 -1.253297434985649068e-03 -1.753225446791182446e-02 3.830491475682189678e-05 8.667748002729759853e-05
2.900000000000000000e+01 1.627598266698469581e-03 -8.518666158035894526e-03 3.545408820170437968e-05 8.282631215714744395e-05
3.000000000000000000e+01 5.469485949478993317e-03 1.215214511641847647e-03 3.339036971035037784e-05 7.960122800533909538e-05
3.100000000000000000e+01 9.850918709651265009e-03 9.258963579598504870e-03 3.194689641819297972e-05 7.676081615333472453e-05
3.200000000000000000e+01 1.367471548072674362e-02 1.561146768221144746e-02 3.093502711706831010e-05 7.415582102497136798e-05
3.300000000000000000e+01 1.423599440535178000e-02 2.147442560952331561e-02 3.020778620662686452e-05 7.177672699207022047e-05
3.400000000000000000e+01 1.864372143670529197e-02 2.742805444241288790e-02 2.966149901315677417e-05 6.964487889834018698e-05
3.500000000000000000e+01 1.965986414196673610e-02 3.290378510021361308e-02 2.923073764777805758e-05 6.780942017706232023e-05
3.600000000000000000e+01 2.103277511875435019e-02 3.666137948498803673e-02 2.886869663500716591e-05 6.628976855184768018e-05
3.700000000000000000e+01 2.105458965829010848e-02 3.785821237973818060e-02 2.854984863284240479e-05 6.499427155213053514e-05
3.800000000000000000e+01 1.957976680601452787e-02 3.659821206176708946e-02 2.825282062575026166e-05 6.373390008708275573e-05
3.900000000000000000e+01 1.847983056435833008e-02 3.356407291973083351e-02 2.796769560077963881e-05 6.228339680437109923e-05
4.000000000000000000e+01 1.620313240892708520e-02 2.990688572083489982e-02 2.768613518364550959e-05 6.051774667426059866e-05
4.100000000000000000e+01 1.337212981767761828e-02 2.656111916004005175e-02 2.739050758322028768e-05 5.843550952067087936e-05
4.200000000000000000e+01 1.192624017228069259e-02 2.409408942197937067e-02 2.705268300890513472e-05 5.610120598602272367e-05
4.300000000000000000e+01 1.230145095880012980e-02 2.265267531046586541e-02 2.663380552414926921e-05 5.359128825319357429e-05
4.400000000000000000e+01 1.087624188807938264e-02 2.225242112897713592e-02 2.608086278350476030e-05 5.095533950269737428e-05
4.500000000000000000e+01 1.029620528934426481e-02 2.251920167086231966e-02 2.536028853916164028e-05 4.820874428365870150e-05
4.600000000000000000e+01 1.108609576658554398e-02 2.300765925388329261e-02 2.449197642776057928e-05 4.539289518224463079e-05
4.700000000000000000e+01 1.168077148755528732e-02 2.325766927518441163e-02 2.356180383489300356e-05 4.262027082946040219e-05
