# freqs 	 pli 	 dpli 	 meanpower(thalamus)	 meanpower(scalp)	pli
8.000000000000000000e+00 -3.595374167157373152e-02 -8.976820742693096544e-02 6.315380074307099477e-05 2.704074628452563314e-04
9.000000000000000000e+00 -4.787341959104671196e-02 -1.029401652716805948e-01 6.548023713218972851e-05 2.665792652601931207e-04
1.000000000000000000e+01 -9.852916423423488390e-02 -2.406819718908094485e-01 7.049059617544195131e-05 2.912997577486900382e-04
1.100000000000000000e+01 -1.656016165641185089e-01 -4.150145124722781076e-01 7.789540887554526364e-05 3.289771594515813785e-04
1.200000000000000000e+01 -1.811816374925259709e-01 -4.214271915172843053e-01 8.114452512462839984e-05 3.441746399319087755e-04
1.300000000000000000e+01 -1.590480464560705132e-01 -3.558743141821906764e-01 7.961919002176398737e-05 3.385649390001147169e-04
1.400000000000000000e+01 -1.347818743796581620e-01 -2.974083486996391135e-01 7.494660608591390276e-05 3.196840997324871723e-04
1.500000000000000000e+01 -1.018303950877313818e-01 -2.207533606088601663e-01 6.827602418102689946e-05 2.882583543795408528e-04
1.600000000000000000e+01 -5.946104942093401874e-02 -1.270389597323073883e-01 6.140125838487526719e-05 2.536509948260044648e-04
1.700000000000000000e+01 -2.372794859601711978e-02 -5.041484109185420670e-02 5.554159385428387909e-05 2.248071278603285981e-04
1.800000000000000000e+01 -1.695747645388065959e-03 -4.629492882044035709e-03 5.100145883354869903e-05 2.037308810042206696e-04
1.900000000000000000e+01 8.963660319693067188e-03 1.848662079697960259e-02 4.768599491763180246e-05 1.884336693232540509e-04
2.000000000000000000e+01 1.265802740702677044e-02 2.706870360667855066e-02 4.534535437404969740e-05 1.767037621081385651e-04
2.100000000000000000e+01 1.048421884572531444e-02 2.480816384444342604e-02 4.364884516044125157e-05 1.668378756572747740e-04
2.200000000000000000e+01 5.631785508287484414e-03 1.609599595004796227e-02 4.224388402669923754e-05 1.577184337136289726e-04
2.300000000000000000e+01 8.605059049190662366e-04 6.014293604005510954e-03 4.093638452773086685e-05 1.488781285168984511e-04
2.400000000000000000e+01 -2.881284537241357319e-03 -1.886330764905857051e-03 3.975870625251565205e-05 1.405522391080449198e-04
2.500000000000000000e+01 -4.317674286332019370e-03 -6.509767389663247486e-03 3.880949233694474599e-05 1.331239839029658750e-04
2.600000000000000000e+01 -4.364616896323210080e-03 -8.896420929550978227e-03 3.810980324514155401e-05 1.267627500520036236e-04
2.700000000000000000e+01 -4.344570414815380685e-03 -1.049861899530320740e-02 3.761172419711244428e-05 1.213701768201254480e-04
2.800000000000000000e+01 -5.985604632424659788e-03 -1.218625667333473987e-02 3.722967994912186043e-05 1.167220802807309815e-04
2.900000000000000000e+01 -7.978294121552650248e-03 -1.411219307804188056e-02 3.690154004108511804e-05 1.126787236399395364e-04
3.000000000000000000e+01 -9.207904029899743534e-03 -1.599718442632023715e-02 3.658813862897097624e-05 1.091870425543802229e-04
3.100000000000000000e+01 -1.020588456876341844e-02 -1.721513687722444480e-02 3.628362283141179577e-05 1.062728619722480290e-04
3.200000000000000000e+01 -1.063460785840737895e-02 -1.715829861904305531e-02 3.599785613266979069e-05 1.039088102238779342e-04
3.300000000000000000e+01 -9.981439086715612058e-03 -1.573787844452679066e-02 3.573879970670775820e-05 1.020360471007296041e-04
3.400000000000000000e+01 -8.206551643977795865e-03 -1.352567558078789263e-02 3.550788807389058016e-05 1.005954496797296997e-04
3.500000000000000000e+01 -6.586521967253903403e-03 -1.129000671959118005e-02 3.530253458811271136e-05 9.947342784866262770e-05
3.600000000000000000e+01 -5.373177669371308196e-03 -9.497195174591467962e-03 3.511818643623501927e-05 9.856603875990251876e-05
3.700000000000000000e+01 -4.407949751721888278e-03 -8.094345017916988391e-03 3.494188329039194261e-05 9.773815840104516106e-05
3.800000000000000000e+01 -3.744050086740641648e-03 -6.750580753885244110e-03 3.476195272769108609e-05 9.688842861910446742e-05
3.900000000000000000e+01 -2.868151830333227296e-03 -5.134478544653270880e-03 3.457226964617313392e-05 9.594335520556298755e-05
4.000000000000000000e+01 -1.566463646485234630e-03 -3.135086698147373282e-03 3.436327427276507232e-05 9.490762962261228462e-05
4.100000000000000000e+01 -3.825102274574213013e-04 -8.201338439357985398e-04 3.411966442554579463e-05 9.377135754696322184e-05
4.200000000000000000e+01 6.492931672189700132e-04 1.635530671422137780e-03 3.381082270250696648e-05 9.248080750971402570e-05
4.300000000000000000e+01 1.541638281740121156e-03 4.040769214606547421e-03 3.338297771073238217e-05 9.090546789385851628e-05
4.400000000000000000e+01 2.392194426602618079e-03 6.234129242872306180e-03 3.277274789142381700e-05 8.891689227377644474e-05
4.500000000000000000e+01 3.309355895444363559e-03 8.142112651523619737e-03 3.194308904452818906e-05 8.640133671681278613e-05
4.600000000000000000e+01 4.327250364980986773e-03 9.752814755053840906e-03 3.092384283889298621e-05 8.342854804362933273e-05
4.700000000000000000e+01 5.127285706879538933e-03 1.109244457381338561e-02 2.983074339935462484e-05 8.029501709300386795e-05
