# freqs 	 pli 	 dpli 	 meanpower(thalamus)	 meanpower(scalp)	pli
8.000000000000000000e+00 1.193524330615713114e-01 2.727058604377136097e-01 2.638184557580606593e-04 5.621998617416587053e-04
9.000000000000000000e+00 8.185448667205259821e-02 1.653309607728255803e-01 2.342873600403075059e-04 4.389810104281973314e-04
1.000000000000000000e+01 1.447698479059281694e-02 2.175042631669604418e-02 2.061424970169431514e-04 3.365387516523084786e-04
1.100000000000000000e+01 -4.336808988095922079e-02 -9.855334920453633074e-02 1.953013648255972419e-04 2.835347413419938146e-04
1.200000000000000000e+01 -5.702680344574722476e-02 -1.737592290940567774e-01 1.849634942578670942e-04 2.760128637709405829e-04
1.300000000000000000e+01 -4.925270276090795707e-02 -1.614158583193356367e-01 1.577552668471534606e-04 2.825682889599532102e-04
1.400000000000000000e+01 -3.001953452579445361e-02 -1.030342809118284103e-01 1.284643678792873715e-04 2.558886186584262597e-04
1.500000000000000000e+01 -8.231431583243476943e-03 -3.653264087203431792e-02 1.087589913363140544e-04 2.080329398250848922e-04
1.600000000000000000e+01 4.296746175186674788e-03 1.925659236568430565e-03 9.823223241862403708e-05 1.674829644034782664e-04
1.700000000000000000e+01 8.798637525495622488e-03 1.048693623194545468e-02 9.272518391221467161e-05 1.418584949016182177e-04
1.800000000000000000e+01 6.734089463678487493e-03 6.358089201315317643e-03 8.872096006878323971e-05 1.262741276756244987e-04
1.900000000000000000e+01 4.025694678487373723e-03 3.888863188834502070e-04 8.443331400310346278e-05 1.159672467425630773e-04
2.000000000000000000e+01 -8.391023938313193261e-04 -4.556591267164846262e-03 7.999951827265861274e-05 1.086518474155532160e-04
2.100000000000000000e+01 -4.762474467143975460e-03 -9.950367635636420127e-03 7.661120464580692163e-05 1.032316262197814080e-04
2.200000000000000000e+01 -5.764729034902596125e-03 -1.549937987453109053e-02 7.471335776477510879e-05 9.899431165893885799e-05
2.300000000000000000e+01 -4.697404338111873211e-03 -1.874602330325848484e-02 7.349517111992542645e-05 9.541483078619932088e-05
2.400000000000000000e+01 -2.325116215805349620e-03 -1.768561528861801319e-02 7.169035761322088251e-05 9.219513345431328162e-05
2.500000000000000000e+01 -1.124243724205263280e-03 -1.253121280887765400e-02 6.876102331800636755e-05 8.903195753343110745e-05
2.600000000000000000e+01 2.851937065260698023e-03 -5.465994240114383299e-03 6.501660683757140623e-05 8.568503549870475533e-05
2.700000000000000000e+01 4.804693023681386350e-03 1.342782897253594170e-03 6.123937606540851052e-05 8.210224825154602323e-05
2.800000000000000000e+01 4.956560366111919906e-03 7.175773516776068860e-03 5.793970553726377317e-05 7.846678892124205886e-05
2.900000000000000000e+01 6.336269252697930565e-03 1.211084733102089570e-02 5.534578738833150326e-05 7.504676446314987302e-05
3.000000000000000000e+01 5.794444535380485761e-03 1.641749039380008615e-02 5.336421204646166054e-05 7.204061188737572331e-05
3.100000000000000000e+01 5.602286448402453781e-03 1.971242003544988047e-02 5.185700345879199071e-05 6.952288782246105934e-05
3.200000000000000000e+01 9.721972587026195614e-03 2.198280091467585615e-02 5.065966524082931194e-05 6.747957122197038198e-05
3.300000000000000000e+01 1.037164821140649888e-02 2.341369657050275388e-02 4.966093585646742375e-05 6.583219483221041269e-05
3.400000000000000000e+01 9.685002444748191247e-03 2.388713452757258715e-02 4.881906561388741223e-05 6.449246298222607583e-05
3.500000000000000000e+01 1.044205444618243397e-02 2.391954094028189010e-02 4.803020202388998675e-05 6.338530546570311027e-05
3.600000000000000000e+01 7.978535831393830657e-03 2.357964247016017256e-02 4.726419227278155864e-05 6.247996643070072092e-05
3.700000000000000000e+01 7.011693746800828041e-03 2.297741718870532912e-02 4.649929567279694538e-05 6.176770858572376761e-05
3.800000000000000000e+01 7.170080405222651124e-03 2.199667685879948265e-02 4.575464959910966774e-05 6.124870431579263895e-05
3.900000000000000000e+01 7.991365560861130382e-03 2.096372072737926959e-02 4.502811181277093227e-05 6.092017098149224940e-05
4.000000000000000000e+01 6.839310402102599835e-03 1.976004356086543193e-02 4.435391300304571826e-05 6.076534610026973243e-05
4.100000000000000000e+01 6.877418355914799095e-03 1.850573998758632890e-02 4.373022135374889151e-05 6.071674610399898319e-05
4.200000000000000000e+01 6.540990742452674860e-03 1.735514733241862520e-02 4.312208523962834890e-05 6.066080499510536999e-05
4.300000000000000000e+01 6.613781647665814209e-03 1.634525138077683529e-02 4.244742813898315766e-05 6.042196236110808344e-05
4.400000000000000000e+01 6.802076219624260400e-03 1.568817416354966951e-02 4.163781549243864743e-05 5.981329760103914697e-05
4.500000000000000000e+01 6.994314889744338709e-03 1.529331859766495244e-02 4.061464495321714940e-05 5.870729619538272016e-05
4.600000000000000000e+01 6.099913283897948763e-03 1.503587937616178254e-02 3.938534707220898182e-05 5.712408371339193535e-05
4.700000000000000000e+01 5.298549769786487645e-03 1.472584816089587793e-02 3.806285034723132536e-05 5.525627175568546731e-05
