# freqs 	 pli 	 dpli 	 meanpower(thalamus)	 meanpower(scalp)	pli
8.000000000000000000e+00 -6.846543884898366461e-02 -2.672539449820323099e-01 2.996917002472191882e+01 2.615199171672856551e+02
9.000000000000000000e+00 -8.951275390652607689e-02 -2.230424193694733881e-01 3.119821974995799252e+01 2.416442869785399239e+02
1.000000000000000000e+01 -8.132549716987269584e-02 -2.234146689686873355e-01 3.405498699358825121e+01 2.269636503820117923e+02
1.100000000000000000e+01 -8.209144105653683188e-02 -1.982343538903299784e-01 3.663729268006699158e+01 2.129232620613206564e+02
1.200000000000000000e+01 -7.724192423689624221e-02 -1.922542352121889009e-01 3.787212136818867947e+01 1.983797961527937161e+02
1.300000000000000000e+01 -7.200622402391335108e-02 -1.873790021124487060e-01 3.764725725876159146e+01 1.818272117872561466e+02
1.400000000000000000e+01 -6.364222215767090240e-02 -1.640993933317001219e-01 3.638533795392618941e+01 1.654497988294158120e+02
1.500000000000000000e+01 -5.841394894541562799e-02 -1.358773117359337868e-01 3.498887944567631081e+01 1.513090511683043928e+02
1.600000000000000000e+01 -5.800401789163711630e-02 -1.146302597621731006e-01 3.385281111584198044e+01 1.394627985577791378e+02
1.700000000000000000e+01 -4.215369311116637374e-02 -9.400812501763017304e-02 3.286669300873883515e+01 1.300521746864944248e+02
1.800000000000000000e+01 -3.257416899242406710e-02 -7.249570596966950498e-02 3.190200359990511458e+01 1.226770402576873948e+02
1.900000000000000000e+01 -2.838550359927757491e-02 -5.399433928632368929e-02 3.106298292509340087e+01 1.162167710466675459e+02
2.000000000000000000e+01 -2.018281926551558289e-02 -3.756970814765137057e-02 3.041123385238675070e+01 1.101491000367701645e+02
2.100000000000000000e+01 -1.370817148888347700e-02 -2.469082237564972082e-02 2.993917110070361076e+01 1.044287227037701484e+02
2.200000000000000000e+01 -8.092739808806353324e-03 -1.831782532666320282e-02 2.966505695587740732e+01 9.930453300317103071e+01
2.300000000000000000e+01 -5.829034202762469440e-03 -1.671776838452516262e-02 2.951222401696144715e+01 9.481992435108665518e+01
2.400000000000000000e+01 -2.549657539724432126e-03 -1.671013380886488334e-02 2.936593016855912808e+01 9.076779799122837744e+01
2.500000000000000000e+01 -4.068835575562262594e-03 -1.670007588100594700e-02 2.919489870621193006e+01 8.687928036972535040e+01
2.600000000000000000e+01 -4.719091548245520941e-03 -1.567185256560267581e-02 2.900120740689429866e+01 8.305444287296309369e+01
2.700000000000000000e+01 -5.615746660094557592e-03 -1.323546626036824041e-02 2.878514704360248189e+01 7.936291974965085672e+01
2.800000000000000000e+01 -6.033725011120357438e-03 -9.843812625946640402e-03 2.856096057884250072e+01 7.587911760414141327e+01
2.900000000000000000e+01 -4.635598160227035955e-03 -6.031373184858745962e-03 2.834908042768237024e+01 7.265312730268993846e+01
3.000000000000000000e+01 -1.798333537165737071e-03 -2.042502460177472810e-03 2.817111358858702630e+01 6.968581133601475130e+01
3.100000000000000000e+01 1.808202926928829555e-03 2.029292285238908696e-03 2.803630073940625778e+01 6.704069754162819095e+01
3.200000000000000000e+01 1.784061603785313393e-03 5.578317129282727924e-03 2.794988172070480559e+01 6.474134239639863608e+01
3.300000000000000000e+01 1.111214985042153873e-03 7.851332517840852593e-03 2.789576258306947310e+01 6.276226619930501727e+01
3.400000000000000000e+01 2.414745878260278564e-03 8.550879727849580031e-03 2.786394453669829829e+01 6.107045840977391293e+01
3.500000000000000000e+01 4.184029344473758245e-03 7.853181393979844285e-03 2.784145436228688908e+01 5.960199905459269587e+01
3.600000000000000000e+01 3.434821189747334826e-03 6.555081666559749165e-03 2.782015846098460088e+01 5.831218954379210118e+01
3.700000000000000000e+01 1.900634287612342800e-03 5.570711116293793931e-03 2.779697272645868011e+01 5.717563100659016584e+01
3.800000000000000000e+01 1.806476797433805839e-03 5.604436564551147984e-03 2.776382148839528696e+01 5.615097005249234030e+01
3.900000000000000000e+01 3.139178001998044372e-03 6.519530751184223274e-03 2.770562094792184382e+01 5.520528863379788476e+01
4.000000000000000000e+01 3.413114034483160763e-03 7.996762696539021914e-03 2.761759501721029153e+01 5.434113711592907237e+01
4.100000000000000000e+01 3.941339970784473075e-03 9.408548165564595972e-03 2.749346617428471617e+01 5.351992752474387061e+01
4.200000000000000000e+01 3.640533605781612423e-03 1.020933720540694555e-02 2.730691938256259377e+01 5.266224690054184521e+01
4.300000000000000000e+01 3.049145613925385422e-03 1.019710677729510247e-02 2.701361473579412120e+01 5.164828610539776577e+01
4.400000000000000000e+01 2.420127321584484084e-03 9.435720886638482990e-03 2.656249957344493495e+01 5.037691308470537876e+01
4.500000000000000000e+01 1.503240070299514562e-03 8.232463335502652330e-03 2.592572736550084400e+01 4.878898373014592948e+01
4.600000000000000000e+01 3.389212982380329056e-04 7.002203411628294197e-03 2.513224913826507034e+01 4.691444430354675887e+01
4.700000000000000000e+01 6.522742770979724934e-04 6.156864181628696198e-03 2.428048786086171162e+01 4.489914700650349744e+01
