# freqs 	 pli 	 dpli 	 meanpower(thalamus)	 meanpower(scalp)	pli
8.000000000000000000e+00 -2.956606717884118982e-02 -5.770072581486233865e-02 3.732405823842480157e-05 2.856500452241700892e-04
9.000000000000000000e+00 1.243364174500495275e-03 6.227553498867120611e-03 3.542001033758217276e-05 2.488594471696427149e-04
1.000000000000000000e+01 4.726295441377383576e-03 9.009252901632696167e-03 3.467435734175640524e-05 2.287388715702933450e-04
1.100000000000000000e+01 1.422586158229554448e-03 9.021529961531824350e-04 3.480821579605322333e-05 2.130313391039454450e-04
1.200000000000000000e+01 -2.035879428578407559e-03 -5.729921147392814766e-03 3.539561976555477692e-05 2.033370313699932948e-04
1.300000000000000000e+01 -6.489978266119294549e-03 -9.812493994422908858e-03 3.620786101244895440e-05 1.984318008898562494e-04
1.400000000000000000e+01 -9.850990707511829078e-03 -1.781723623945885918e-02 3.692542029038805993e-05 1.968096011921474078e-04
1.500000000000000000e+01 -1.445689302490647116e-02 -2.863862407055626363e-02 3.722730788862548467e-05 1.968579479236466027e-04
1.600000000000000000e+01 -1.660604241662710923e-02 -3.468207703617037785e-02 3.718050295633924194e-05 1.980998724732037385e-04
1.700000000000000000e+01 -1.472274430837613307e-02 -3.390573602595416125e-02 3.721645393493847032e-05 1.998539618709329452e-04
1.800000000000000000e+01 -1.315533822741664360e-02 -2.941370770427950351e-02 3.771590729949176988e-05 2.010801442213951270e-04
1.900000000000000000e+01 -1.063466737785979423e-02 -2.214605090153887873e-02 3.861113857525589818e-05 2.014446582839535835e-04
2.000000000000000000e+01 -6.713930258226552018e-03 -1.345788204187387677e-02 3.946397388781147121e-05 2.012902780090722711e-04
2.100000000000000000e+01 -3.577823350540980298e-03 -6.434830734730436104e-03 3.989424569885762970e-05 2.011179314950159198e-04
2.200000000000000000e+01 -1.130166602715535840e-03 -2.577356500930481822e-03 3.988550589860751953e-05 2.009000040277960047e-04
2.300000000000000000e+01 -1.137422681298848684e-04 -1.080696062109702061e-03 3.965572805036559251e-05 2.003627409081849462e-04
2.400000000000000000e+01 -3.725917841739328986e-04 -9.098948140719879474e-04 3.941122829397363615e-05 1.992373714212970152e-04
2.500000000000000000e+01 -8.630431015829089381e-04 -1.900761865493230413e-03 3.925366073031029993e-05 1.974878630036827458e-04
2.600000000000000000e+01 -1.891048052933381411e-03 -4.378921043700129481e-03 3.922590767435683005e-05 1.952857066471535370e-04
2.700000000000000000e+01 -4.389397356349156523e-03 -8.638159033681249918e-03 3.938182352868070218e-05 1.931446926591846673e-04
2.800000000000000000e+01 -7.426931950723231375e-03 -1.499658792582076947e-02 3.979572691546817492e-05 1.913246568354043311e-04
2.900000000000000000e+01 -1.193152669119376501e-02 -2.394082994831168987e-02 4.062120154442890832e-05 1.900615289160062569e-04
3.000000000000000000e+01 -1.763003100480334262e-02 -3.596298042945911266e-02 4.212743440777139717e-05 1.893137543227948821e-04
3.100000000000000000e+01 -2.438994145484024365e-02 -5.026523156896382794e-02 4.450497095168414526e-05 1.892078901034078837e-04
3.200000000000000000e+01 -3.192542518505774030e-02 -6.394536940382028467e-02 4.750062149045643846e-05 1.895957815401576806e-04
3.300000000000000000e+01 -3.805237693944833050e-02 -7.314515969517529359e-02 5.032839122434917101e-05 1.902693530519306443e-04
3.400000000000000000e+01 -3.991949837810163798e-02 -7.537483073550017842e-02 5.206772620781604453e-05 1.912439518787432654e-04
3.500000000000000000e+01 -3.794781839903053899e-02 -7.040727763853318888e-02 5.218900371492043864e-05 1.922518734267007832e-04
3.600000000000000000e+01 -3.292696539954927115e-02 -5.984378372011675551e-02 5.076291289044699174e-05 1.933116945692892562e-04
3.700000000000000000e+01 -2.636605658009178246e-02 -4.614548753499659456e-02 4.831106638594934199e-05 1.943771043224060190e-04
3.800000000000000000e+01 -1.863728567147843879e-02 -3.177483180262304779e-02 4.550431409116494552e-05 1.955362633267412236e-04
3.900000000000000000e+01 -1.189853550466201185e-02 -1.864011739297941408e-02 4.289396618985691242e-05 1.966044862929391479e-04
4.000000000000000000e+01 -6.214549517660204400e-03 -7.920532394476077764e-03 4.077485550272292951e-05 1.976391128697679985e-04
4.100000000000000000e+01 -2.117040902837890107e-03 7.712546908013649690e-06 3.919342807072014257e-05 1.985268969337207392e-04
4.200000000000000000e+01 9.971936215656083957e-04 5.353760527283688876e-03 3.802496190566210399e-05 1.990371275886735117e-04
4.300000000000000000e+01 2.885788221151554343e-03 8.641734949025257559e-03 3.707119321161461993e-05 1.986776517681149786e-04
4.400000000000000000e+01 4.160510855303854727e-03 1.046446176830131622e-02 3.613568103132553657e-05 1.971804813544213891e-04
4.500000000000000000e+01 4.485168215743551810e-03 1.138414240592577550e-02 3.508438712100020505e-05 1.941352167142165156e-04
4.600000000000000000e+01 5.070229739456234841e-03 1.186369376585724722e-02 3.388792736638320528e-05 1.896723060539094253e-04
4.700000000000000000e+01 5.417879260280057500e-03 1.227124466274740790e-02 3.263539493909193662e-05 1.845004114200150661e-04
