# freqs 	 pli 	 dpli 	 meanpower(thalamus)	 meanpower(scalp)	pli
8.000000000000000000e+00 -4.115364183980104590e-02 -1.045372978353473897e-01 4.025159648389947550e-05 2.549355396331580621e-04
9.000000000000000000e+00 2.403047702732951860e-02 4.305543223985441176e-02 4.007350746206432736e-05 2.236640060995908762e-04
1.000000000000000000e+01 1.578867158152635550e-02 3.035850565050944930e-02 3.927711139734472138e-05 1.639617964683803277e-04
1.100000000000000000e+01 7.246361222530851159e-04 -2.962083299445517331e-03 3.849903343998188827e-05 1.285174202528643309e-04
1.200000000000000000e+01 -6.031960117543468071e-04 -2.813723010731174201e-02 3.822698638363114239e-05 1.157591669465947193e-04
1.300000000000000000e+01 6.497029680466863714e-04 -3.707722753631118723e-02 3.887568535489051150e-05 1.142429161027666118e-04
1.400000000000000000e+01 4.232323555151786161e-03 -1.924708440740972165e-02 4.088086417233530927e-05 1.161138734823781069e-04
1.500000000000000000e+01 5.132282525082326741e-03 -1.243732668789998639e-03 4.426477985816534475e-05 1.169909376589637956e-04
1.600000000000000000e+01 5.917310762821422626e-03 7.129747090707677128e-03 4.784984690135526031e-05 1.149768552694790095e-04
1.700000000000000000e+01 5.417422100905051538e-03 1.102838249426151690e-02 4.998810951680421143e-05 1.105051876515514427e-04
1.800000000000000000e+01 5.473682251474104241e-03 1.378395965101175506e-02 5.019621228859114375e-05 1.048516898641374843e-04
1.900000000000000000e+01 6.308999241451613074e-03 1.558528561888038698e-02 4.933632994372722316e-05 9.925139589795634726e-05
2.000000000000000000e+01 6.268843069182169180e-03 1.576184646669729489e-02 4.850287740954777868e-05 9.452557107608291413e-05
2.100000000000000000e+01 5.171034941973373135e-03 1.460593703034423520e-02 4.821250201879255596e-05 9.090199358472105223e-05
2.200000000000000000e+01 5.898841058411153672e-03 1.301385714835943952e-02 4.843725867859285255e-05 8.808247758996642289e-05
2.300000000000000000e+01 5.644356667859321344e-03 1.136283099033471959e-02 4.895519854587632868e-05 8.572702937575905555e-05
2.400000000000000000e+01 3.978159916686365913e-03 8.911445381606307795e-03 4.959321483022545180e-05 8.367808284094778643e-05
2.500000000000000000e+01 2.130834525276716074e-03 4.745621562650731776e-03 5.029241503731607122e-05 8.191600601359365515e-05
2.600000000000000000e+01 1.967123173977493420e-05 -4.281125037049165593e-04 5.103397123382332341e-05 8.040286974898769518e-05
2.700000000000000000e+01 -6.459694647950939414e-04 -4.326513195101253442e-03 5.174043841459334146e-05 7.911859251612813194e-05
2.800000000000000000e+01 -1.154030788876794084e-03 -4.895469148440178934e-03 5.228745202184096724e-05 7.792989154183665892e-05
2.900000000000000000e+01 3.520741273543520167e-04 -2.082014773804582997e-03 5.262321279043413193e-05 7.685272254737589629e-05
3.000000000000000000e+01 2.040208835327634272e-03 2.786284241829467892e-03 5.279375706104234243e-05 7.588880685660482001e-05
3.100000000000000000e+01 4.388535811689901756e-03 8.116965839517013490e-03 5.289564840192987981e-05 7.518062399049284337e-05
3.200000000000000000e+01 6.705787928752106851e-03 1.279375621436086227e-02 5.299024458140002685e-05 7.470195060978186534e-05
3.300000000000000000e+01 8.866478739706924739e-03 1.625779743706883343e-02 5.307642652903284174e-05 7.436294327417563741e-05
3.400000000000000000e+01 1.073348862016597696e-02 1.835388901354506608e-02 5.312509027604247753e-05 7.417812756452271347e-05
3.500000000000000000e+01 1.166698374454469903e-02 1.923710771494197350e-02 5.310577539157581049e-05 7.400187180521226188e-05
3.600000000000000000e+01 1.168170636176141600e-02 1.928508222226902463e-02 5.301085638541869069e-05 7.385418323992150151e-05
3.700000000000000000e+01 1.176582793174397144e-02 1.903916357036605084e-02 5.285167008682994250e-05 7.373562231994213129e-05
3.800000000000000000e+01 1.109976778195042278e-02 1.901064786729395051e-02 5.264579213347554139e-05 7.370436741711314341e-05
3.900000000000000000e+01 1.112157369133774665e-02 1.958537445155885889e-02 5.239604669219498936e-05 7.367131118590201802e-05
4.000000000000000000e+01 1.230985922895200778e-02 2.076674633800766612e-02 5.209929466791490279e-05 7.368560226146109019e-05
4.100000000000000000e+01 1.344350962800277931e-02 2.235882641773685731e-02 5.173112880837659974e-05 7.370650747082255455e-05
4.200000000000000000e+01 1.470933712539931534e-02 2.407419408714473949e-02 5.123874109561267254e-05 7.362922744682764390e-05
4.300000000000000000e+01 1.569192036304935603e-02 2.570045197576136670e-02 5.053860454152953740e-05 7.323183404050566316e-05
4.400000000000000000e+01 1.700472161094309168e-02 2.702889273782585478e-02 4.954292010201667289e-05 7.243841624756887007e-05
4.500000000000000000e+01 1.786451941491702666e-02 2.799243862267505531e-02 4.820176413104008105e-05 7.107454029271943622e-05
4.600000000000000000e+01 1.807885442891664016e-02 2.850273490656430458e-02 4.656486566273230284e-05 6.918231983230814204e-05
4.700000000000000000e+01 1.799516649913382102e-02 2.847605658520431515e-02 4.480671055795123412e-05 6.700748992338463432e-05
