# freqs 	 pli 	 dpli 	 meanpower(thalamus)	 meanpower(scalp)	pli
8.000000000000000000e+00 -3.024778335280775207e-02 -7.668203643557344740e-02 2.595472158734688067e-05 1.050131233624825613e-04
9.000000000000000000e+00 -5.003572508175547356e-02 -9.513150389984731392e-02 2.569000441293751047e-05 9.924220750465332166e-05
1.000000000000000000e+01 -3.237138324393745020e-02 -6.913189060962571242e-02 2.654928008305811147e-05 9.488001615619922149e-05
1.100000000000000000e+01 -2.495331337709059960e-02 -2.164962693352486672e-02 2.712267085534606569e-05 9.252547369169131263e-05
1.200000000000000000e+01 -1.372796661358519597e-02 1.003952171194786615e-02 2.693554872733292896e-05 9.055793721011370912e-05
1.300000000000000000e+01 -3.654318615407842349e-04 2.627687441536208715e-02 2.681290998704112036e-05 8.878165651345048517e-05
1.400000000000000000e+01 6.748087412947270831e-03 2.253789857078772677e-02 2.699482321749017047e-05 8.697889019939640857e-05
1.500000000000000000e+01 -2.469711729758654198e-04 1.902760607575499979e-04 2.697461715176871470e-05 8.419040197269190000e-05
1.600000000000000000e+01 -7.970532351992975356e-03 -1.803251833365553114e-02 2.686169009258386562e-05 8.040013892447067136e-05
1.700000000000000000e+01 -1.723706320085045124e-02 -2.478555834974440625e-02 2.682099005048525973e-05 7.708884221275876685e-05
1.800000000000000000e+01 -1.278199291422752078e-02 -2.429292368344708811e-02 2.685970732842999034e-05 7.477523877272189217e-05
1.900000000000000000e+01 -9.816635567368621473e-03 -1.883242909786258731e-02 2.706664018726325906e-05 7.311019299101799245e-05
2.000000000000000000e+01 -5.904197559644051505e-03 -1.015203421252394538e-02 2.749608454398650581e-05 7.139298146000400385e-05
2.100000000000000000e+01 -2.604334043762067136e-03 -3.702836079096723243e-03 2.815908039090566256e-05 6.937520881455216243e-05
2.200000000000000000e+01 -6.521968261639669515e-03 -5.556065056568372171e-03 2.909712981116199535e-05 6.721235735681040926e-05
2.300000000000000000e+01 -1.244583597887678229e-02 -2.451182587432830864e-02 3.068944872643855170e-05 6.536642826891676014e-05
2.400000000000000000e+01 -2.334862719394071792e-02 -7.049259210390620978e-02 3.377495811659457254e-05 6.432923509667885971e-05
2.500000000000000000e+01 -3.742504581426012167e-02 -1.359250972972401161e-01 3.876648668114005778e-05 6.420233525590171391e-05
2.600000000000000000e+01 -5.077424577966442587e-02 -1.938197514628157703e-01 4.451021752476354764e-05 6.439848362230628058e-05
2.700000000000000000e+01 -5.867084481596240159e-02 -2.255345390304560604e-01 4.895533529313911367e-05 6.393919367219057486e-05
2.800000000000000000e+01 -5.914964515009914908e-02 -2.286808477632998049e-01 5.063772120835812677e-05 6.227874458477338393e-05
2.900000000000000000e+01 -5.559567158080837984e-02 -2.075965412236777941e-01 4.942070160206269976e-05 5.962314359370075390e-05
3.000000000000000000e+01 -4.554537877963773379e-02 -1.694935936618673644e-01 4.618885321111602216e-05 5.659838253027368822e-05
3.100000000000000000e+01 -3.504764351941071915e-02 -1.237001929241139248e-01 4.217606334345467862e-05 5.378367078531536471e-05
3.200000000000000000e+01 -2.480949864548548031e-02 -7.945897796774264998e-02 3.838754874795900264e-05 5.148293570125126925e-05
3.300000000000000000e+01 -1.512757332757795267e-02 -4.312788524533799073e-02 3.538255035581388121e-05 4.972727742802011172e-05
3.400000000000000000e+01 -5.882730772359986808e-03 -1.726521715923738307e-02 3.330823955971927062e-05 4.841958402760059157e-05
3.500000000000000000e+01 -2.697654582030537223e-04 -1.498333494355374041e-03 3.203570221036914452e-05 4.743471374826632107e-05
3.600000000000000000e+01 2.109261998086848708e-03 6.059109496423468327e-03 3.132670738258701347e-05 4.668340617137219789e-05
3.700000000000000000e+01 2.708667135381118748e-03 7.968860203578148615e-03 3.097581104402320849e-05 4.610196596754815565e-05
3.800000000000000000e+01 3.141845459566615546e-03 6.894690811912057744e-03 3.085943450878145050e-05 4.562249762486829825e-05
3.900000000000000000e+01 2.225531357385741437e-03 5.093164956242492158e-03 3.088731741135062551e-05 4.519297995635448382e-05
4.000000000000000000e+01 3.587829465927179821e-04 4.029077502141477536e-03 3.099736620150411292e-05 4.478326219548982187e-05
4.100000000000000000e+01 5.985291082943803957e-04 4.350236044367909900e-03 3.113140814957130045e-05 4.436537930030080970e-05
4.200000000000000000e+01 9.530015266861833600e-04 6.079519639995663478e-03 3.122369488374617495e-05 4.390515442085894015e-05
4.300000000000000000e+01 1.877746943416711738e-03 8.878185939945952912e-03 3.119430036247911053e-05 4.333478501862503089e-05
4.400000000000000000e+01 3.160332729693513584e-03 1.224587597871489887e-02 3.096602438577942818e-05 4.256570829123594807e-05
4.500000000000000000e+01 4.776782388836422512e-03 1.573485502116238333e-02 3.049719449620850938e-05 4.152802601056867127e-05
4.600000000000000000e+01 5.656837907235393210e-03 1.898858953766982896e-02 2.981428207359307280e-05 4.023051891857248570e-05
4.700000000000000000e+01 7.401585454707348619e-03 2.178351992553435520e-02 2.903759997140437907e-05 3.879416614843373757e-05
