# freqs 	 pli 	 dpli 	 meanpower(thalamus)	 meanpower(scalp)	pli
8.000000000000000000e+00 6.126034213261389444e-02 1.095961667566603265e-01 1.098626771038270944e-04 1.744411247543996063e-04
9.000000000000000000e+00 3.262972640598047619e-02 7.115020584832376649e-02 9.930591111133458399e-05 1.318346391512189013e-04
1.000000000000000000e+01 2.011165454148727133e-02 3.699138730368990713e-02 9.243500521880594276e-05 1.190027140261543613e-04
1.100000000000000000e+01 -3.734322657852971739e-03 -1.091711139057658861e-02 8.811718014465109191e-05 1.169521758874286598e-04
1.200000000000000000e+01 -1.034746153540073814e-02 -3.093087758407014540e-02 8.883526236604833315e-05 1.203229938864866381e-04
1.300000000000000000e+01 -1.955506089117239714e-03 -2.489900375544541050e-02 9.379369411595853243e-05 1.264806276687566731e-04
1.400000000000000000e+01 -3.373221641788648733e-03 -1.778534304358175833e-02 9.490773207764987543e-05 1.309151990138045707e-04
1.500000000000000000e+01 -7.529073941134242429e-03 -2.584553337691587738e-02 9.175865475535689123e-05 1.298693942295591126e-04
1.600000000000000000e+01 -1.837131898437252206e-02 -3.892584974586300178e-02 8.893709745086286907e-05 1.266542361459102779e-04
1.700000000000000000e+01 -2.373678322119096920e-02 -4.985559858536238453e-02 8.787644554071239356e-05 1.247941117595109727e-04
1.800000000000000000e+01 -3.034012777761401977e-02 -5.826337493918736649e-02 8.799670912431864815e-05 1.250658635480612880e-04
1.900000000000000000e+01 -3.381798035457594942e-02 -6.391729577618077140e-02 8.846458820160371498e-05 1.267505183439444449e-04
2.000000000000000000e+01 -3.355943174526065942e-02 -6.195809775258832169e-02 8.892339724849961384e-05 1.294849561655510013e-04
2.100000000000000000e+01 -3.184452618481624364e-02 -4.763152606267615635e-02 8.962401772210107050e-05 1.331643179068390517e-04
2.200000000000000000e+01 -2.100483522876437151e-02 -2.406718742804256697e-02 9.155165595821824923e-05 1.371559529907190778e-04
2.300000000000000000e+01 -7.194518508875245334e-03 1.606379856145125290e-03 9.750158534403127525e-05 1.408745338267039851e-04
2.400000000000000000e+01 2.528690202105548981e-03 2.383198330084967259e-02 1.112218173777031850e-04 1.441159543961864555e-04
2.500000000000000000e+01 1.167181411406304631e-02 3.941494772945323966e-02 1.313116721441489362e-04 1.462173099551174530e-04
2.600000000000000000e+01 2.028776156134904848e-02 4.808405513759472782e-02 1.487834245549827378e-04 1.459898601293586754e-04
2.700000000000000000e+01 2.281026207457843846e-02 5.137880231079530735e-02 1.548396058281140879e-04 1.430098199482823253e-04
2.800000000000000000e+01 2.215479793145389356e-02 5.064877342396888887e-02 1.475649682643918274e-04 1.374404795124508629e-04
2.900000000000000000e+01 2.058016157221545864e-02 4.737134381141083067e-02 1.312977807133532051e-04 1.296566926578431847e-04
3.000000000000000000e+01 1.995097355266133368e-02 4.220560509658500409e-02 1.124683630888290983e-04 1.201451607971057829e-04
3.100000000000000000e+01 1.594821537586910490e-02 3.586030654794549605e-02 9.603280420272409927e-05 1.101179856482880205e-04
3.200000000000000000e+01 1.335127216192782615e-02 2.921791779649057091e-02 8.405685756792653860e-05 1.008774628008284253e-04
3.300000000000000000e+01 1.132731590200865626e-02 2.297499954806641459e-02 7.628101828222051521e-05 9.332660788558349804e-05
3.400000000000000000e+01 1.041786968257048772e-02 1.751107239020965878e-02 7.148535463834037934e-05 8.793659480402883167e-05
3.500000000000000000e+01 8.110635126034335465e-03 1.273241455156600387e-02 6.850442587693104457e-05 8.432447514570079396e-05
3.600000000000000000e+01 6.504085306251079779e-03 8.909406571037651115e-03 6.655710192276800233e-05 8.211045175215761212e-05
3.700000000000000000e+01 5.286941928969383919e-03 6.182604360973989813e-03 6.520085595959270060e-05 8.082167488082619533e-05
3.800000000000000000e+01 3.759243047704109112e-03 4.444864168877262628e-03 6.416761917895302076e-05 8.020679695631216597e-05
3.900000000000000000e+01 2.720543613327773731e-03 3.340800646471728686e-03 6.327204292262102387e-05 7.980266423487854558e-05
4.000000000000000000e+01 2.036657479431761529e-03 2.494581189591170943e-03 6.238436834180408378e-05 7.955514162247854864e-05
4.100000000000000000e+01 1.970429450160832326e-03 1.699406962724773909e-03 6.142113704496899446e-05 7.935459227649482937e-05
4.200000000000000000e+01 2.445487116737237593e-03 8.406926749448962854e-04 6.032037023629553170e-05 7.907312224960630527e-05
4.300000000000000000e+01 2.148530917776584389e-03 -2.170235789995048883e-04 5.901681631829877031e-05 7.840564988504683823e-05
4.400000000000000000e+01 3.650154648205360119e-04 -1.357764724149013993e-03 5.743621088601729791e-05 7.740822437905618952e-05
4.500000000000000000e+01 -1.809725020062562381e-03 -2.568735033788129788e-03 5.553831953984238325e-05 7.586273628022774504e-05
4.600000000000000000e+01 -4.263170956016524779e-03 -3.780534988011732215e-03 5.337400615600942574e-05 7.383374686213873975e-05
4.700000000000000000e+01 -4.449884876570196074e-03 -4.793648993989847208e-03 5.112501437894602775e-05 7.161916101239520940e-05
