# freqs 	 pli 	 dpli 	 meanpower(thalamus)	 meanpower(scalp)	pli
8.000000000000000000e+00 3.630990600703980220e-02 7.672579681052994760e-02 1.321630584624997355e-04 5.246683657139432041e-05
9.000000000000000000e+00 2.984660199049068638e-02 6.465989673092549517e-02 1.164815375820818348e-04 5.172127974485621479e-05
1.000000000000000000e+01 4.528811486374581009e-03 1.450702087308448733e-02 1.060874530833208913e-04 4.885262957703711580e-05
1.100000000000000000e+01 -4.332346215404060848e-03 -1.159302393433717798e-02 9.933249538418886034e-05 4.713163823094929133e-05
1.200000000000000000e+01 -5.929062461313801963e-03 -1.229524630897455006e-02 9.721463264355282793e-05 4.582490829904660581e-05
1.300000000000000000e+01 -3.457995964034424503e-03 -4.056318577937380841e-03 9.820167996436083527e-05 4.427358825417924900e-05
1.400000000000000000e+01 1.646290597912857152e-03 3.044549013211915629e-03 9.946660441166812084e-05 4.229696408472307458e-05
1.500000000000000000e+01 2.967436369485413998e-03 5.610486907351112246e-03 9.964439395294557948e-05 4.002906614186875516e-05
1.600000000000000000e+01 1.584576884975316419e-03 5.610570047090931468e-03 9.892440780927829358e-05 3.778289449261776432e-05
1.700000000000000000e+01 3.391227615415378510e-03 3.335607426366823773e-03 9.794652649702285940e-05 3.572481583852198892e-05
1.800000000000000000e+01 2.470331365138289052e-03 1.901205510399722699e-03 9.706374437036753881e-05 3.402186686845683027e-05
1.900000000000000000e+01 2.293706877987426208e-03 4.163585318209232430e-03 9.609214581907705598e-05 3.274294379015185117e-05
2.000000000000000000e+01 3.600673198489996989e-03 8.344066608469339827e-03 9.479369644058033436e-05 3.177993958635384530e-05
2.100000000000000000e+01 3.573089356995202276e-03 1.172308087017729858e-02 9.313089276035905865e-05 3.103158986788448546e-05
2.200000000000000000e+01 5.700042863053781869e-03 1.360958188286503188e-02 9.115999799718939138e-05 3.042473784119249057e-05
2.300000000000000000e+01 6.290581552693242685e-03 1.311915672799017323e-02 8.900425602866604514e-05 2.991689736669645653e-05
2.400000000000000000e+01 4.565008721040927225e-03 9.560259560768379419e-03 8.684991265025266143e-05 2.950052900994828595e-05
2.500000000000000000e+01 2.694431064507762583e-03 4.361987741262333962e-03 8.491415559756131841e-05 2.917580880332185399e-05
2.600000000000000000e+01 7.158547762694635185e-06 3.708095573718790856e-05 8.340719350532420058e-05 2.891813464857217547e-05
2.700000000000000000e+01 -1.713335411299136317e-03 -2.268236761030731352e-03 8.260535146866212987e-05 2.871826018323334493e-05
2.800000000000000000e+01 1.310984820668612124e-04 -3.086634315665243503e-03 8.286191427216072403e-05 2.855877895368641120e-05
2.900000000000000000e+01 5.454599631155787002e-04 -3.005722216935190899e-03 8.429168362236242316e-05 2.842636445909907850e-05
3.000000000000000000e+01 1.717793464999650341e-03 -2.045364821805079752e-03 8.646122604398954071e-05 2.831103114584735257e-05
3.100000000000000000e+01 1.206646518990844895e-03 -2.509016022457851857e-04 8.838085360726321996e-05 2.821630243490330864e-05
3.200000000000000000e+01 1.861451194431183037e-03 2.013002807579285409e-03 8.906933537878504339e-05 2.813869113589501246e-05
3.300000000000000000e+01 3.560160119964641667e-03 4.089495322253736999e-03 8.805802971471312843e-05 2.807240668852089102e-05
3.400000000000000000e+01 2.868605773115164535e-03 5.465979378013552901e-03 8.546089360536132293e-05 2.801891158279929864e-05
3.500000000000000000e+01 1.897913326415315337e-03 5.827141262658150529e-03 8.178082470213296614e-05 2.796923338606611473e-05
3.600000000000000000e+01 2.286228101561928530e-03 5.374341491815566065e-03 7.766551588167905937e-05 2.792241429395552068e-05
3.700000000000000000e+01 2.691199018705918346e-03 4.568599116601307179e-03 7.366884434660299753e-05 2.787503002199051216e-05
3.800000000000000000e+01 2.435591655101590133e-03 3.922088103026469090e-03 7.013693990560284557e-05 2.782761916144678671e-05
3.900000000000000000e+01 2.745241043044556028e-03 3.538810496888706702e-03 6.720359482053324201e-05 2.777772442952936640e-05
4.000000000000000000e+01 2.108063680426855348e-03 3.370253648739851907e-03 6.484445752909028882e-05 2.772464521103633629e-05
4.100000000000000000e+01 1.760797927988997421e-03 3.181037603140972336e-03 6.295076600038634266e-05 2.765580608630002651e-05
4.200000000000000000e+01 1.295776620155312088e-03 2.801279804853049060e-03 6.134751180484490445e-05 2.753846242003766195e-05
4.300000000000000000e+01 1.531283347642447851e-03 2.185047022158142799e-03 5.982635568983305521e-05 2.731934992617694979e-05
4.400000000000000000e+01 1.419395699622587673e-03 1.526999777314825375e-03 5.819145898312881940e-05 2.694578740403401774e-05
4.500000000000000000e+01 9.827073354686892675e-04 9.413536416110663847e-04 5.631097387927449361e-05 2.637879818627022273e-05
4.600000000000000000e+01 8.984791882482639699e-04 5.722154366062713691e-04 5.418349962967633542e-05 2.563914222637429999e-05
4.700000000000000000e+01 9.700331150921800635e-04 5.398043397074829119e-04 5.197054480149332562e-05 2.481953117455710535e-05
