# freqs 	 pli 	 dpli 	 meanpower(thalamus)	 meanpower(scalp)	pli
8.000000000000000000e+00 -1.797353958947570801e-02 -4.956452086672080704e-02 1.822420262127614208e-04 1.552158783913574775e-04
9.000000000000000000e+00 -2.287958881711813983e-02 -5.014455695377686983e-02 1.988045109259551518e-04 1.589599095818189020e-04
1.000000000000000000e+01 -3.731444051225442371e-02 -9.333494809004763693e-02 2.365188377651547622e-04 1.697391841773389571e-04
1.100000000000000000e+01 -5.696034569592075408e-02 -2.148469659559170963e-01 2.977064610887603926e-04 1.846562228488056272e-04
1.200000000000000000e+01 -4.761521624453148721e-02 -1.988311108973671026e-01 2.915307586418331874e-04 2.066808854930763176e-04
1.300000000000000000e+01 -1.503215503669404034e-02 -6.133349422979531701e-02 2.316288284032140261e-04 2.399581690610726723e-04
1.400000000000000000e+01 1.225674452942474013e-02 4.259013363747429087e-02 1.856027158680734136e-04 2.514591009485017204e-04
1.500000000000000000e+01 3.394122033637021058e-02 1.062259834682107995e-01 1.679195117522024527e-04 2.302736648839544210e-04
1.600000000000000000e+01 4.127787867631486224e-02 1.337088670421755221e-01 1.595987757572129423e-04 2.003220558927754178e-04
1.700000000000000000e+01 3.127928872590946680e-02 1.089255188895694448e-01 1.484444298215134952e-04 1.784898313989148741e-04
1.800000000000000000e+01 1.715796361168527712e-02 6.237877278996056124e-02 1.353100139274058362e-04 1.651431872417446253e-04
1.900000000000000000e+01 6.836374751597621043e-03 3.250672199420321512e-02 1.244472810542675831e-04 1.558323044782015032e-04
2.000000000000000000e+01 5.422363382981383075e-03 2.591140761260690706e-02 1.184593379293237233e-04 1.480148892966015237e-04
2.100000000000000000e+01 7.626411426062937142e-03 3.365302573430826311e-02 1.172383127313860937e-04 1.408684820765576217e-04
2.200000000000000000e+01 1.416280530635592727e-02 4.704201746130023953e-02 1.175604442065169262e-04 1.342492272069254963e-04
2.300000000000000000e+01 2.092123542293550242e-02 6.018215213470588104e-02 1.154102632732476117e-04 1.280639529010894797e-04
2.400000000000000000e+01 2.660119364732101838e-02 7.013463656162104154e-02 1.095146431160267097e-04 1.223020317141107981e-04
2.500000000000000000e+01 3.196546900309232830e-02 7.625791655140298775e-02 1.013597715480526231e-04 1.169765720884176943e-04
2.600000000000000000e+01 3.534060109884612499e-02 7.887717902789526114e-02 9.324666242380323720e-05 1.120763701741833549e-04
2.700000000000000000e+01 3.661298560054085383e-02 7.834441315452798926e-02 8.662154696730597079e-05 1.074494557247071108e-04
2.800000000000000000e+01 3.578265951301071862e-02 7.529109637833916735e-02 8.167801395257943433e-05 1.028736445558303832e-04
2.900000000000000000e+01 3.345620031935021832e-02 7.057704591996201426e-02 7.794999318339789146e-05 9.822669792793609750e-05
3.000000000000000000e+01 3.245914324114701488e-02 6.504097227716573726e-02 7.495206963008541263e-05 9.354780988283754189e-05
3.100000000000000000e+01 3.071062427835895975e-02 5.891756669553263603e-02 7.242308530782361133e-05 8.898063123852452329e-05
3.200000000000000000e+01 2.805708665886041953e-02 5.226384209542325049e-02 7.025061457236425838e-05 8.464703516836724639e-05
3.300000000000000000e+01 2.345043452927017547e-02 4.536868466187146676e-02 6.832617538249949416e-05 8.062074190071560941e-05
3.400000000000000000e+01 1.898919814039491671e-02 3.908820630544080493e-02 6.648985123512105326e-05 7.689657482959291886e-05
3.500000000000000000e+01 1.646386681067896554e-02 3.417245663388985416e-02 6.461737509577107511e-05 7.344723941270151337e-05
3.600000000000000000e+01 1.480768211775324895e-02 3.097054962199181569e-02 6.268245057645394894e-05 7.025653712125036270e-05
3.700000000000000000e+01 1.480972377038745728e-02 2.936133988232311406e-02 6.073128370021362222e-05 6.732841082905177070e-05
3.800000000000000000e+01 1.584875193040433811e-02 2.895194879890045439e-02 5.884800610876700551e-05 6.467800394093397079e-05
3.900000000000000000e+01 1.699054232366258022e-02 2.928561147420431082e-02 5.710107813809817920e-05 6.230020025104255114e-05
4.000000000000000000e+01 1.809258245149887590e-02 3.014064289640005362e-02 5.551873795584526836e-05 6.017848714356058965e-05
4.100000000000000000e+01 1.838421466515442748e-02 3.148905868993746165e-02 5.408039581349985251e-05 5.825424806506625887e-05
4.200000000000000000e+01 1.970529519677963193e-02 3.339232438941663189e-02 5.271755875050756964e-05 5.643612101981527606e-05
4.300000000000000000e+01 2.056352071439348020e-02 3.587900975230105122e-02 5.132105761102894256e-05 5.459943965349279443e-05
4.400000000000000000e+01 2.151709998728652470e-02 3.877304933541935589e-02 4.977193173646382276e-05 5.262740800823517841e-05
4.500000000000000000e+01 2.293801392503219336e-02 4.186180160559766633e-02 4.798535002412307780e-05 5.042461978960217911e-05
4.600000000000000000e+01 2.422438665544835237e-02 4.491341634671371791e-02 4.596931716760158289e-05 4.798985846793702050e-05
4.700000000000000000e+01 2.562960634321841472e-02 4.773278652604623362e-02 4.385127883174898099e-05 4.543813033539047117e-05
