# freqs 	 pli 	 dpli 	 meanpower(thalamus)	 meanpower(scalp)	pli
8.000000000000000000e+00 -2.216757692948744321e-02 -7.747559821500735189e-02 1.100238003075798912e-04 1.208176759802201557e-04
9.000000000000000000e+00 -5.772530071777646002e-03 -3.447287438874389182e-02 1.017520115454175600e-04 1.102779104628376919e-04
1.000000000000000000e+01 3.650694453607332413e-02 4.823495738583899461e-02 9.724563266318446333e-05 1.044438231239595388e-04
1.100000000000000000e+01 3.081331012495439059e-02 8.999577674793614313e-02 9.782269672198664907e-05 1.008549603042419219e-04
1.200000000000000000e+01 4.756811602852965143e-02 1.435658518071225298e-01 1.020578963966128233e-04 1.014901542202042533e-04
1.300000000000000000e+01 5.804145392585002144e-02 1.919604114848499354e-01 1.058804257478515609e-04 1.084223370990104485e-04
1.400000000000000000e+01 6.408537579123806116e-02 1.922830549579519765e-01 1.057045435847780231e-04 1.162909902485825142e-04
1.500000000000000000e+01 5.386270505193797853e-02 1.506924216061203969e-01 1.008634451567408147e-04 1.178732733113713389e-04
1.600000000000000000e+01 3.670716498704836711e-02 9.078666719965777787e-02 9.454419309350737828e-05 1.135203631473067921e-04
1.700000000000000000e+01 1.347319761756600627e-02 3.832047092509915931e-02 8.982800507241307862e-05 1.085017855755330879e-04
1.800000000000000000e+01 6.829337612277886806e-03 1.343622384317207444e-02 8.740864919053043512e-05 1.061742553464905376e-04
1.900000000000000000e+01 3.595526355953559960e-03 1.020186097125615893e-02 8.650992151273465794e-05 1.064011334067878681e-04
2.000000000000000000e+01 2.805491812290962592e-03 8.574965146798152124e-03 8.613045451460893680e-05 1.074989053277618743e-04
2.100000000000000000e+01 2.327306750843500995e-03 1.084808874831029056e-03 8.578454136554171405e-05 1.077077230142550648e-04
2.200000000000000000e+01 -8.347639637001649793e-03 -1.017354172190510810e-02 8.605786171716326197e-05 1.062474694119534005e-04
2.300000000000000000e+01 -1.425739302825045421e-02 -2.722165788646851645e-02 8.877192566449697915e-05 1.032948694566159203e-04
2.400000000000000000e+01 -2.821107355400557029e-02 -5.556953830501824843e-02 9.632826489645952080e-05 9.950670757043675037e-05
2.500000000000000000e+01 -4.292241102917601636e-02 -9.116055661937581822e-02 1.080375942115383004e-04 9.598772138971314372e-05
2.600000000000000000e+01 -5.458208876084766348e-02 -1.189679027927226102e-01 1.191167522057469115e-04 9.445998893113064128e-05
2.700000000000000000e+01 -5.568758052018097510e-02 -1.261038131431564957e-01 1.244148367187713274e-04 9.581869088104033475e-05
2.800000000000000000e+01 -5.116246218319226574e-02 -1.149754983525804325e-01 1.220937003038113987e-04 9.822077465698030453e-05
2.900000000000000000e+01 -4.413201006337857252e-02 -9.571124094992297660e-02 1.138468882949756559e-04 9.845408726751015641e-05
3.000000000000000000e+01 -3.435391116925654714e-02 -7.552674103350856538e-02 1.030153585489153729e-04 9.482107206396612835e-05
3.100000000000000000e+01 -2.773138892155709717e-02 -5.700886269869987616e-02 9.263550500281764969e-05 8.795057262386676356e-05
3.200000000000000000e+01 -2.041204996326230828e-02 -4.067847948299273958e-02 8.429387118102926735e-05 7.965944102386367319e-05
3.300000000000000000e+01 -1.356032210025728997e-02 -2.617761262576604950e-02 7.814282284890421940e-05 7.175003953591480737e-05
3.400000000000000000e+01 -5.986208808832565835e-03 -1.331197373543025787e-02 7.365095902230287006e-05 6.536087152011654290e-05
3.500000000000000000e+01 -4.651752865056878444e-04 -2.573627309337665932e-03 7.022126806056448592e-05 6.072742785549853118e-05
3.600000000000000000e+01 2.804587873563353477e-03 5.693185232338495577e-03 6.745610078936716729e-05 5.754605487234730140e-05
3.700000000000000000e+01 4.739136152704454680e-03 1.151865339816917667e-02 6.514489057090578294e-05 5.534105890657236649e-05
3.800000000000000000e+01 6.817109442306924609e-03 1.530785211604713050e-02 6.319288607465615353e-05 5.374261628928332695e-05
3.900000000000000000e+01 8.543136974180480861e-03 1.759343936630299379e-02 6.154931694998650956e-05 5.249131971406005229e-05
4.000000000000000000e+01 9.482376296171147328e-03 1.889064419007197709e-02 6.013589972527917638e-05 5.143912893744696194e-05
4.100000000000000000e+01 1.026051887937819845e-02 1.956985601483673953e-02 5.885854312915902271e-05 5.048479982312090777e-05
4.200000000000000000e+01 8.973022293580025510e-03 1.976352404953931469e-02 5.762496879814039339e-05 4.953444531758206874e-05
4.300000000000000000e+01 7.239637513824271481e-03 1.941306717158901643e-02 5.631774630239040679e-05 4.847550919852812250e-05
4.400000000000000000e+01 8.319233434524290344e-03 1.861908164826445167e-02 5.480780061579567736e-05 4.720577639281042028e-05
4.500000000000000000e+01 8.483984530239067900e-03 1.746973958639973581e-02 5.303460250555008402e-05 4.565163035465521292e-05
4.600000000000000000e+01 6.393614589865153838e-03 1.615638156596571270e-02 5.103563867535139029e-05 4.384545071432362874e-05
4.700000000000000000e+01 3.997089190984928937e-03 1.485319982267044835e-02 4.898515075414648390e-05 4.194890655568900300e-05
