# freqs 	 pli 	 dpli 	 meanpower(thalamus)	 meanpower(scalp)	pli
8.000000000000000000e+00 -1.042859470047639292e-01 -2.157242139679075854e-01 9.276219686888755608e-05 1.791032807010445847e-04
9.000000000000000000e+00 -7.958376286153306944e-02 -1.676263833325805919e-01 8.542022418479359156e-05 1.425864548233503890e-04
1.000000000000000000e+01 -5.455068348977518827e-02 -1.203594829659886678e-01 8.079597874403918569e-05 1.278706204164339465e-04
1.100000000000000000e+01 -5.412427991781030429e-02 -1.195330526459159604e-01 7.751107643967672888e-05 1.229722298721835721e-04
1.200000000000000000e+01 -5.968475914870853549e-02 -1.114652354208965496e-01 7.741033446925840711e-05 1.232813718930727480e-04
1.300000000000000000e+01 -4.685108420709369059e-02 -7.517787416984131332e-02 8.117855186098184002e-05 1.250008369578921546e-04
1.400000000000000000e+01 -3.112837357245039002e-02 -3.742428009378071657e-02 8.703418096589227593e-05 1.260457226880968965e-04
1.500000000000000000e+01 -1.793640265117387930e-02 -6.029141512284477006e-03 9.322774729132737729e-05 1.257849967656903456e-04
1.600000000000000000e+01 -1.978552829930108319e-03 1.796624747160675828e-02 9.907953722690653357e-05 1.253410363072035322e-04
1.700000000000000000e+01 1.176337294112648514e-02 3.893355622188795356e-02 1.038259407989931832e-04 1.261170182798790199e-04
1.800000000000000000e+01 2.579730836993561136e-02 5.701311962934852567e-02 1.072871413653647856e-04 1.287568659190725011e-04
1.900000000000000000e+01 2.852030489823455597e-02 6.203535453030726426e-02 1.096129745698866311e-04 1.329129965415003114e-04
2.000000000000000000e+01 2.423917111714615769e-02 5.120712657247879218e-02 1.112394849415697260e-04 1.381779789074825146e-04
2.100000000000000000e+01 1.473114843041929342e-02 2.959450076836191851e-02 1.128175467304276552e-04 1.442690400053835652e-04
2.200000000000000000e+01 2.529335412138748653e-03 -3.672923933275563414e-03 1.152692890766222422e-04 1.502985892993173686e-04
2.300000000000000000e+01 -2.428498246012405354e-02 -6.636775410711916179e-02 1.221739614667699666e-04 1.551596480869935047e-04
2.400000000000000000e+01 -7.554626768137448489e-02 -1.689833786687836015e-01 1.395142056535437071e-04 1.585007109292830847e-04
2.500000000000000000e+01 -1.362163289969624547e-01 -2.765671769889725407e-01 1.669897627955387390e-04 1.601144666249248354e-04
2.600000000000000000e+01 -1.841115210310536876e-01 -3.486964026822802487e-01 1.935296031109741226e-04 1.594175560633847048e-04
2.700000000000000000e+01 -2.074981155956128753e-01 -3.732712785157826230e-01 2.065748329252217730e-04 1.564374743701628812e-04
2.800000000000000000e+01 -2.020612579511545936e-01 -3.567651578821749436e-01 2.012651467544345374e-04 1.511543103184176330e-04
2.900000000000000000e+01 -1.771622470009053540e-01 -3.112232275960984396e-01 1.812377595904423569e-04 1.432503644316850371e-04
3.000000000000000000e+01 -1.408100920858882110e-01 -2.491411765649143295e-01 1.542235040365880650e-04 1.327527914485890717e-04
3.100000000000000000e+01 -1.005773994660664195e-01 -1.798080221692761604e-01 1.276461513678316302e-04 1.209546970715551489e-04
3.200000000000000000e+01 -6.328892967727731134e-02 -1.125080381067668084e-01 1.060794100474562069e-04 1.094963806263714144e-04
3.300000000000000000e+01 -3.552147708943265147e-02 -5.610339044616018817e-02 9.081929774786814871e-05 9.968966438350277629e-05
3.400000000000000000e+01 -1.427941146495307657e-02 -1.525950746918329493e-02 8.092588611138971033e-05 9.231190461249941465e-05
3.500000000000000000e+01 -1.829715685283651860e-03 1.111336078174958615e-02 7.472154128678605534e-05 8.717638803807926896e-05
3.600000000000000000e+01 6.049903185828186744e-03 2.646063083731733587e-02 7.073671613406449241e-05 8.388460074974484339e-05
3.700000000000000000e+01 1.069516968505507086e-02 3.436068094191851302e-02 6.801215036335682830e-05 8.187469545449483710e-05
3.800000000000000000e+01 1.339649415747181348e-02 3.732903059426252723e-02 6.600819576544319893e-05 8.076998709645772539e-05
3.900000000000000000e+01 1.382039209773065769e-02 3.721445314257136594e-02 6.442129446744451326e-05 8.007977541071299146e-05
4.000000000000000000e+01 1.462827371840443383e-02 3.486412454091643992e-02 6.306857893891618897e-05 7.972242138433788456e-05
4.100000000000000000e+01 1.452313181773162015e-02 3.107229977299940868e-02 6.182160982551082509e-05 7.953562854121263800e-05
4.200000000000000000e+01 1.330184132628208643e-02 2.658261461809120416e-02 6.056403434444329630e-05 7.934680656876369161e-05
4.300000000000000000e+01 1.185214089227640440e-02 2.201261741118096249e-02 5.917982645959214547e-05 7.882609694798651124e-05
4.400000000000000000e+01 9.650224492795856854e-03 1.796156862008460586e-02 5.755777272780820454e-05 7.794602746133207929e-05
4.500000000000000000e+01 8.305618983830776250e-03 1.458071573178799582e-02 5.562853261599671350e-05 7.647615821811778374e-05
4.600000000000000000e+01 6.770478530616752706e-03 1.177025980076538969e-02 5.343291438191079084e-05 7.446895826226296235e-05
4.700000000000000000e+01 5.893146830207150570e-03 9.189649312658811423e-03 5.115038697097864053e-05 7.219957729492546385e-05
