# freqs 	 pli 	 dpli 	 meanpower(thalamus)	 meanpower(scalp)	pli
8.000000000000000000e+00 3.606933423103438757e-02 8.574651267495390916e-02 6.558968109905386368e-05 2.534517692025664115e-04
9.000000000000000000e+00 1.610832031790701210e-02 2.953509139444970150e-02 6.250265454678566085e-05 2.130224165841702573e-04
1.000000000000000000e+01 -3.005045312920113371e-02 -1.135887785733358663e-01 6.338165885621942794e-05 1.991995962876186212e-04
1.100000000000000000e+01 -8.138794411617961133e-02 -2.872538217993174103e-01 6.726956112448838191e-05 2.063350695010746365e-04
1.200000000000000000e+01 -1.090510464707674515e-01 -3.456760884081832019e-01 7.130585606563220977e-05 2.199588338387351710e-04
1.300000000000000000e+01 -1.133665048515186818e-01 -3.111840569615591523e-01 7.447115006936310387e-05 2.327302679146209924e-04
1.400000000000000000e+01 -8.390100514039010304e-02 -2.304441142534394693e-01 7.559870648211123288e-05 2.398846600426915595e-04
1.500000000000000000e+01 -3.581290405199003685e-02 -1.171305257223961699e-01 7.380909968188127711e-05 2.392374923929018425e-04
1.600000000000000000e+01 8.946739589742711690e-03 -4.582024053652810139e-03 6.989076088659931546e-05 2.331472036781322848e-04
1.700000000000000000e+01 4.024308030977419293e-02 7.343277103640587222e-02 6.573690946540268183e-05 2.253791710790284104e-04
1.800000000000000000e+01 5.481118049610739229e-02 1.118064753317875998e-01 6.275819091373069077e-05 2.182814877956341731e-04
1.900000000000000000e+01 6.237128335858777017e-02 1.297020696506627768e-01 6.139858760605788413e-05 2.121657360153537519e-04
2.000000000000000000e+01 7.064361250269195203e-02 1.464307558535524190e-01 6.153477171942635610e-05 2.064896181990354411e-04
2.100000000000000000e+01 8.085118825399892351e-02 1.720115681963300391e-01 6.275891782412977907e-05 2.006569370926518598e-04
2.200000000000000000e+01 9.314186801713328356e-02 2.011854530750264158e-01 6.420257281932285150e-05 1.938647171408621557e-04
2.300000000000000000e+01 9.465666654522174317e-02 2.130756200853305415e-01 6.464589854550796631e-05 1.852875622862301805e-04
2.400000000000000000e+01 8.469201783055485544e-02 1.924236990860139496e-01 6.339613463380204615e-05 1.751240650022726608e-04
2.500000000000000000e+01 6.479810908767962008e-02 1.439964275877601563e-01 6.079150688997069266e-05 1.646989371610879508e-04
2.600000000000000000e+01 4.189725695916165366e-02 8.715259305610729978e-02 5.779802791014311406e-05 1.555915503713858710e-04
2.700000000000000000e+01 2.194960112042569286e-02 4.108131428546731023e-02 5.523944511328173385e-05 1.486712606894644950e-04
2.800000000000000000e+01 9.608345260196783297e-03 1.305720536145162439e-02 5.341995612546106980e-05 1.437833845306270687e-04
2.900000000000000000e+01 2.657460110490646090e-03 -2.166895184741133315e-04 5.226043121966950089e-05 1.405112019437989874e-04
3.000000000000000000e+01 -6.769331247214471509e-04 -4.932000532199903690e-03 5.154131236101562699e-05 1.383182373733293118e-04
3.100000000000000000e+01 -2.121135263734685687e-03 -5.782552893274445563e-03 5.107333505321011522e-05 1.368858626091705910e-04
3.200000000000000000e+01 -2.786967237007039865e-03 -5.193862205494731085e-03 5.073743576011584266e-05 1.358662578779725870e-04
3.300000000000000000e+01 -2.146157963889185581e-03 -4.285266016468626191e-03 5.046484500179836087e-05 1.349822356133795176e-04
3.400000000000000000e+01 -1.194432717371915389e-03 -3.808678128872879619e-03 5.022447705241510731e-05 1.342341893139014177e-04
3.500000000000000000e+01 -1.399637149354358541e-03 -4.127355264085474928e-03 4.999632664243209022e-05 1.335260995777299274e-04
3.600000000000000000e+01 -2.597053090361899162e-03 -5.352711192458945930e-03 4.977095280974271177e-05 1.329344488891612459e-04
3.700000000000000000e+01 -3.414174723627727039e-03 -7.202743309283813136e-03 4.954199127307828211e-05 1.324801221138359757e-04
3.800000000000000000e+01 -4.279579252157599857e-03 -9.172335597060023160e-03 4.930914964509031724e-05 1.322013781913636732e-04
3.900000000000000000e+01 -5.406797643095301482e-03 -1.079098088808432519e-02 4.906562950377970223e-05 1.319486565436341335e-04
4.000000000000000000e+01 -6.887375897312289844e-03 -1.171458764539125459e-02 4.880198170035283386e-05 1.317112698094891900e-04
4.100000000000000000e+01 -7.642474079370754556e-03 -1.180876621653005783e-02 4.849370385107931963e-05 1.313815363968666699e-04
4.200000000000000000e+01 -7.432036665503635210e-03 -1.114141830108275263e-02 4.809557782575793721e-05 1.307801553466289980e-04
4.300000000000000000e+01 -6.924086572825200771e-03 -9.973239847711645734e-03 4.753033542925683320e-05 1.296075226181669850e-04
4.400000000000000000e+01 -6.550018331074506685e-03 -8.533747817334475655e-03 4.671673028128687686e-05 1.277101205019969259e-04
4.500000000000000000e+01 -5.742794645957158273e-03 -7.147165137748935117e-03 4.560612111994818767e-05 1.248774502000566137e-04
4.600000000000000000e+01 -4.654592142802353207e-03 -6.011373937204214819e-03 4.423593518575232313e-05 1.212301184735652441e-04
4.700000000000000000e+01 -3.826145377644426995e-03 -5.218244670562640491e-03 4.275416453172984499e-05 1.172327015528467861e-04
