# freqs 	 pli 	 dpli 	 meanpower(thalamus)	 meanpower(scalp)	pli
8.000000000000000000e+00 -1.746764581092490748e-02 -4.403831588991985457e-02 1.822420262127614208e-04 2.855813533008519280e-04
9.000000000000000000e+00 -2.499721289509490574e-02 -4.586585506242155108e-02 1.988045109259551518e-04 3.054215587256266392e-04
1.000000000000000000e+01 1.019542535166569584e-02 1.230630969950992082e-01 2.365188377651547622e-04 3.683346008325812798e-04
1.100000000000000000e+01 4.886540072102183579e-02 3.701433236826107143e-01 2.977064610887603926e-04 4.510190300347192180e-04
1.200000000000000000e+01 3.401313519299078297e-02 3.498261668230852606e-01 2.915307586418331874e-04 4.792527847391814580e-04
1.300000000000000000e+01 4.988387152136774909e-03 1.664688598473681724e-01 2.316288284032140261e-04 4.875644249152507269e-04
1.400000000000000000e+01 -9.638311057892139100e-03 4.738372690672210119e-02 1.856027158680734136e-04 4.755373731097107680e-04
1.500000000000000000e+01 7.483374747576415432e-06 3.957446952105164728e-02 1.679195117522024527e-04 4.299256848955069544e-04
1.600000000000000000e+01 8.789399800599694002e-03 6.151146541347563002e-02 1.595987757572129423e-04 3.779248390799267647e-04
1.700000000000000000e+01 1.524084292697167400e-02 6.103596634711302288e-02 1.484444298215134952e-04 3.373455397486222786e-04
1.800000000000000000e+01 2.020373397695286732e-02 5.246219046733656410e-02 1.353100139274058362e-04 3.078438799101151208e-04
1.900000000000000000e+01 2.449320721274817619e-02 5.331414032244285311e-02 1.244472810542675831e-04 2.848875850864395821e-04
2.000000000000000000e+01 2.763110742776185569e-02 5.856645669761863238e-02 1.184593379293237233e-04 2.655610471013551384e-04
2.100000000000000000e+01 2.836119711156809622e-02 5.884788026121143267e-02 1.172383127313860937e-04 2.483485023857589309e-04
2.200000000000000000e+01 2.883446608316674736e-02 5.508121197154642462e-02 1.175604442065169262e-04 2.325312346975123064e-04
2.300000000000000000e+01 3.129477356544712457e-02 5.485226114569095868e-02 1.154102632732476117e-04 2.180461691589148003e-04
2.400000000000000000e+01 3.579965285564835897e-02 6.250754698281883737e-02 1.095146431160267097e-04 2.051561816485690016e-04
2.500000000000000000e+01 4.114673833014283882e-02 7.672940275769456198e-02 1.013597715480526231e-04 1.941827944841452934e-04
2.600000000000000000e+01 4.808444988537746018e-02 9.227231017817731640e-02 9.324666242380323720e-05 1.850668910708989587e-04
2.700000000000000000e+01 5.272024485326808063e-02 1.040435985716537531e-01 8.662154696730597079e-05 1.773073072779117216e-04
2.800000000000000000e+01 5.579157741271133231e-02 1.097449852139168874e-01 8.167801395257943433e-05 1.702642803081000496e-04
2.900000000000000000e+01 5.560490819827594577e-02 1.100512094200920832e-01 7.794999318339789146e-05 1.634172822069552709e-04
3.000000000000000000e+01 5.539943635733551169e-02 1.067346257019409356e-01 7.495206963008541263e-05 1.565236106014600108e-04
3.100000000000000000e+01 5.274524985681688927e-02 1.013833788491519949e-01 7.242308530782361133e-05 1.495451319008607905e-04
3.200000000000000000e+01 4.994570044955487509e-02 9.521072649310789726e-02 7.025061457236425838e-05 1.425743073038214623e-04
3.300000000000000000e+01 4.766343869311632370e-02 8.907029740581959287e-02 6.832617538249949416e-05 1.357693287283911272e-04
3.400000000000000000e+01 4.473504431044521279e-02 8.368568104136592245e-02 6.648985123512105326e-05 1.292957855382651877e-04
3.500000000000000000e+01 4.320204488204621579e-02 7.959732133648762809e-02 6.461737509577107511e-05 1.232593975457862414e-04
3.600000000000000000e+01 4.290065540282515799e-02 7.704929021113993137e-02 6.268245057645394894e-05 1.177472063574626484e-04
3.700000000000000000e+01 4.267651534149303344e-02 7.589767202559161152e-02 6.073128370021362222e-05 1.128023677399274529e-04
3.800000000000000000e+01 4.255448841136893340e-02 7.574467053237277092e-02 5.884800610876700551e-05 1.084173968619469398e-04
3.900000000000000000e+01 4.346028762880184415e-02 7.623750080016095110e-02 5.710107813809817920e-05 1.045512432712447106e-04
4.000000000000000000e+01 4.357154853650036658e-02 7.716879407474484809e-02 5.551873795584526836e-05 1.011224036792688708e-04
4.100000000000000000e+01 4.353267703287444501e-02 7.854380591559304015e-02 5.408039581349985251e-05 9.801917413119170923e-05
4.200000000000000000e+01 4.445644623936875761e-02 8.042704356162026780e-02 5.271755875050756964e-05 9.506861090184421260e-05
4.300000000000000000e+01 4.529061957687113144e-02 8.291252043342248190e-02 5.132105761102894256e-05 9.205344944825531359e-05
4.400000000000000000e+01 4.718156116365082586e-02 8.581916676930191612e-02 4.977193173646382276e-05 8.875092871743215706e-05
4.500000000000000000e+01 4.849728106654800641e-02 8.892394907936916615e-02 4.798535002412307780e-05 8.500785879560386615e-05
4.600000000000000000e+01 4.951400350927194494e-02 9.198391771445255105e-02 4.596931716760158289e-05 8.082172657677410567e-05
4.700000000000000000e+01 4.991587783948676915e-02 9.481535457670632605e-02 4.385127883174898099e-05 7.636942591469741807e-05
