# freqs 	 pli 	 dpli 	 meanpower(thalamus)	 meanpower(scalp)	pli
8.000000000000000000e+00 -8.161179682847513606e-02 -1.739069603812620490e-01 1.034290899446710301e-04 2.559411565165847758e-04
9.000000000000000000e+00 -2.683467905386165142e-02 -8.605558066160542974e-02 9.866140037782011375e-05 1.614795677789714523e-04
1.000000000000000000e+01 -2.015819077255835267e-03 -1.717973575489315646e-02 9.589972897848755731e-05 1.377793338498764378e-04
1.100000000000000000e+01 4.526483403768615313e-03 1.662113786699906740e-02 9.525678025975541747e-05 1.352797494659771027e-04
1.200000000000000000e+01 -1.091968442112022900e-04 1.351964467451961284e-02 1.017819966356663358e-04 1.440367307398031686e-04
1.300000000000000000e+01 4.786188537910327639e-03 1.892335983535857122e-02 1.132345894725802251e-04 1.617214969479612756e-04
1.400000000000000000e+01 2.449998399948798578e-03 2.311646900020229017e-02 1.165540678353606561e-04 1.716068851992820759e-04
1.500000000000000000e+01 7.565942002713435359e-03 3.221226108389126097e-02 1.124578668380141129e-04 1.651699016483089704e-04
1.600000000000000000e+01 1.430919774071286177e-02 4.970702841129458205e-02 1.092024294859048506e-04 1.535327764334598773e-04
1.700000000000000000e+01 2.618941388649745697e-02 6.598481394117494681e-02 1.091127428748341250e-04 1.448479251354660414e-04
1.800000000000000000e+01 2.992678227842244035e-02 6.335258201884703955e-02 1.099355719507444802e-04 1.394162899517535604e-04
1.900000000000000000e+01 1.661083271900438280e-02 3.638029957546078108e-02 1.095612859931855039e-04 1.366008528794141873e-04
2.000000000000000000e+01 1.171383068280297014e-03 2.693941046716871301e-03 1.078608990033175230e-04 1.362505495119659105e-04
2.100000000000000000e+01 -9.872169953278636667e-03 -1.529257337827170243e-02 1.058998649169700187e-04 1.376960061123364443e-04
2.200000000000000000e+01 -6.710089471956890046e-03 -9.929064743585692618e-03 1.050301587602565305e-04 1.398429568958012780e-04
2.300000000000000000e+01 1.973865119420983080e-03 1.063962890270992584e-02 1.074199987257980628e-04 1.416909131693264579e-04
2.400000000000000000e+01 1.328254718333966855e-02 2.925731948153189807e-02 1.153326120990922640e-04 1.427000214424654239e-04
2.500000000000000000e+01 2.144213723454184081e-02 3.549177206206344942e-02 1.272567459920009901e-04 1.420861146412997437e-04
2.600000000000000000e+01 2.035992342364467689e-02 3.246758774087807331e-02 1.370232021699916911e-04 1.386068590803563256e-04
2.700000000000000000e+01 1.669658626629973858e-02 2.732425919340458406e-02 1.388711903788680715e-04 1.316374969485305984e-04
2.800000000000000000e+01 1.539336422086492670e-02 2.455850292911567617e-02 1.319011834406217114e-04 1.219081057486354062e-04
2.900000000000000000e+01 1.610523432130687299e-02 2.588734042193755261e-02 1.195691628304677303e-04 1.109295232137688273e-04
3.000000000000000000e+01 1.598675369552697220e-02 3.038803202784294902e-02 1.064918117417607306e-04 1.001305973067190242e-04
3.100000000000000000e+01 1.818738715887432272e-02 3.544389467311850894e-02 9.570179916890223524e-05 9.052946960132902791e-05
3.200000000000000000e+01 1.890722717066850578e-02 3.813917242381776457e-02 8.796386248515271247e-05 8.260333348100925438e-05
3.300000000000000000e+01 1.833894040618715832e-02 3.753275046359001721e-02 8.264823774204023237e-05 7.638617693921154314e-05
3.400000000000000000e+01 1.731376257939606922e-02 3.439950060245503677e-02 7.885591925188370911e-05 7.166622828772357858e-05
3.500000000000000000e+01 1.488251783002370217e-02 3.015126339810087971e-02 7.597945927273533340e-05 6.805512040083758630e-05
3.600000000000000000e+01 9.862005345472157902e-03 2.590984629643679898e-02 7.372264369837435750e-05 6.525506174428348483e-05
3.700000000000000000e+01 8.659759196264622122e-03 2.239622935167769752e-02 7.195282091881245181e-05 6.304646953421775950e-05
3.800000000000000000e+01 8.518347391101408969e-03 1.984006440500043697e-02 7.055335517475897508e-05 6.128587952189771539e-05
3.900000000000000000e+01 8.836643887605515058e-03 1.838642202862072333e-02 6.937651734393394921e-05 5.979251259568417367e-05
4.000000000000000000e+01 8.261413857298364680e-03 1.778994916234565016e-02 6.828406828009414261e-05 5.849201681096723182e-05
4.100000000000000000e+01 7.233367448380219333e-03 1.777456352041077714e-02 6.716466907868883841e-05 5.731349556319438083e-05
4.200000000000000000e+01 6.514225018020249579e-03 1.808176408530389259e-02 6.592473829398634523e-05 5.616693043814270105e-05
4.300000000000000000e+01 6.857356331329001776e-03 1.853973496548800073e-02 6.447200664837804429e-05 5.490701018131529195e-05
4.400000000000000000e+01 6.217679582557292597e-03 1.883580176284352370e-02 6.272990642296174190e-05 5.346415405101876935e-05
4.500000000000000000e+01 6.706873670093249466e-03 1.887024381900675313e-02 6.066308422891482973e-05 5.172856396204254906e-05
4.600000000000000000e+01 7.461069136366390263e-03 1.851663344681047860e-02 5.833662683817891618e-05 4.972263023090322040e-05
4.700000000000000000e+01 8.076364275087271477e-03 1.767332132209352771e-02 5.595393281542832578e-05 4.761379490602253583e-05
