# freqs 	 pli 	 dpli 	 meanpower(thalamus)	 meanpower(scalp)	pli
8.000000000000000000e+00 -1.813009253021658634e-02 -4.478720300808394957e-03 1.580752186156553977e-04 8.395776314277714940e-04
9.000000000000000000e+00 1.839762041672065446e-02 4.496305151690902641e-02 1.636379609606594676e-04 6.138211880748346404e-04
1.000000000000000000e+01 1.778758562467604512e-02 3.116939994773503669e-02 1.721030773475969980e-04 4.486334787724959722e-04
1.100000000000000000e+01 2.534733063304020397e-03 -9.448521065348653228e-03 1.671258316648109490e-04 3.830945937205560651e-04
1.200000000000000000e+01 2.474550322059489160e-02 5.832942384081424292e-02 1.539487337299673517e-04 3.882460425105032785e-04
1.300000000000000000e+01 5.526730811782894909e-02 1.873354400080009530e-01 1.375988817628348191e-04 4.071175345942980002e-04
1.400000000000000000e+01 6.032653707647388230e-02 2.053731648994855663e-01 1.197097658869086779e-04 3.701513409328188015e-04
1.500000000000000000e+01 4.482582479613419352e-02 1.375979602766226606e-01 1.049410028899399797e-04 2.977443662895637444e-04
1.600000000000000000e+01 2.133760904299071212e-02 6.594106393977859637e-02 9.569975560044989104e-05 2.358568025129796533e-04
1.700000000000000000e+01 5.508946687140270923e-04 1.599337363135690249e-02 8.986587769965334799e-05 1.977140338007892732e-04
1.800000000000000000e+01 -1.023570737839394999e-02 -1.952379378826052045e-02 8.515427002370579265e-05 1.755058662930047324e-04
1.900000000000000000e+01 -1.474036549078614616e-02 -4.058693440147995157e-02 8.080094955285873151e-05 1.608599215132223775e-04
2.000000000000000000e+01 -1.438165958338119381e-02 -4.897336640118049589e-02 7.671377545389842286e-05 1.499607630623689956e-04
2.100000000000000000e+01 -1.321514226841269748e-02 -5.182579158590198964e-02 7.286495085826038697e-05 1.411087476645690416e-04
2.200000000000000000e+01 -1.365364089584637439e-02 -5.289281548242242420e-02 6.932973306951788954e-05 1.334680169850477305e-04
2.300000000000000000e+01 -1.313176458403226068e-02 -5.220375294143717732e-02 6.619882755396185926e-05 1.268201062213459370e-04
2.400000000000000000e+01 -8.581135235899607291e-03 -4.825438561617296368e-02 6.343984508667075415e-05 1.211753633541197325e-04
2.500000000000000000e+01 -3.804498312738766215e-03 -4.005403044734709428e-02 6.101124418310756076e-05 1.163617090720575728e-04
2.600000000000000000e+01 1.788459763594657829e-03 -2.908163690933219039e-02 5.881981077923297718e-05 1.119992381323897256e-04
2.700000000000000000e+01 6.517345073782964023e-03 -1.849076614351415418e-02 5.682847899436263897e-05 1.077393468075541166e-04
2.800000000000000000e+01 1.071737241785992480e-02 -1.038166812420445589e-02 5.505463010906215483e-05 1.035015068550182942e-04
2.900000000000000000e+01 1.446622765164473114e-02 -4.803933705363363019e-03 5.349325788166692572e-05 9.937807393252058358e-05
3.000000000000000000e+01 1.558375211830553483e-02 -8.173931498317619322e-04 5.213818700552503947e-05 9.552928904413674242e-05
3.100000000000000000e+01 1.722787695755985393e-02 2.109909021361843374e-03 5.095936912569348288e-05 9.208941535140007558e-05
3.200000000000000000e+01 1.835762489508160553e-02 3.801050963026563270e-03 4.992036857307263227e-05 8.907783918216962381e-05
3.300000000000000000e+01 1.786767055350287764e-02 4.113285553712307287e-03 4.898572392159100702e-05 8.643765920667320190e-05
3.400000000000000000e+01 1.697166270655578457e-02 3.525220180955510475e-03 4.812460317535694664e-05 8.404009206815556425e-05
3.500000000000000000e+01 1.435891147447295249e-02 2.968278409884060696e-03 4.732072850264011063e-05 8.178021414249718457e-05
3.600000000000000000e+01 1.347482385869546925e-02 3.201698627038757940e-03 4.657487894257579043e-05 7.962346631661817932e-05
3.700000000000000000e+01 1.334168032051530860e-02 4.395781539920140361e-03 4.588023040928305090e-05 7.758267435246349493e-05
3.800000000000000000e+01 1.464291479212797772e-02 6.155779238806636036e-03 4.522706519009414637e-05 7.570828895143267385e-05
3.900000000000000000e+01 1.567057320226810865e-02 7.855502957426520327e-03 4.461483361950524946e-05 7.404569669073719177e-05
4.000000000000000000e+01 1.561555346468334986e-02 8.992067083073583891e-03 4.403250954472783056e-05 7.261592176068627433e-05
4.100000000000000000e+01 1.586253593618543178e-02 9.388072858660756123e-03 4.345677374640642910e-05 7.138045416597065744e-05
4.200000000000000000e+01 1.584744166167567983e-02 9.151165080981763997e-03 4.284174603847226286e-05 7.024472688113204033e-05
4.300000000000000000e+01 1.466816255718547679e-02 8.509201918144792057e-03 4.211162421931069168e-05 6.904781248964555486e-05
4.400000000000000000e+01 1.342943487390468697e-02 7.673663466120580340e-03 4.118435101076933704e-05 6.761323484451505514e-05
4.500000000000000000e+01 1.269462990444303677e-02 6.756482487027192299e-03 4.000805954103468722e-05 6.581741488458927279e-05
4.600000000000000000e+01 1.199248297873776146e-02 5.778493218355066664e-03 3.860435271859238930e-05 6.367563009470444252e-05
4.700000000000000000e+01 1.217543467027137026e-02 4.717385724690588943e-03 3.710196706579731054e-05 6.139102435004827258e-05
