# freqs 	 pli 	 dpli 	 meanpower(thalamus)	 meanpower(scalp)	pli
8.000000000000000000e+00 6.081743155706546833e-02 3.065968801103846619e-01 6.133497255972449125e+01 4.834119237551287256e+02
9.000000000000000000e+00 6.709605163811271922e-02 2.299367715021657654e-01 5.685576599722910629e+01 3.947268597798430960e+02
1.000000000000000000e+01 6.349180309330516858e-02 2.112376069836809367e-01 5.307362284739497937e+01 3.166235281623860374e+02
1.100000000000000000e+01 5.104300044585624585e-02 1.832149813844234643e-01 5.036260229697769120e+01 2.621857770868843431e+02
1.200000000000000000e+01 3.603314852766418414e-02 1.341521915167865897e-01 4.686407789151687098e+01 2.306380101269401166e+02
1.300000000000000000e+01 1.626680599853373016e-02 8.179776234760816056e-02 4.235440577633804793e+01 2.174347756775418077e+02
1.400000000000000000e+01 -5.610983520921504659e-03 2.076999064328993033e-02 3.834776358428512566e+01 2.089663013128983096e+02
1.500000000000000000e+01 -2.283589665108013908e-02 -3.409637019035652999e-02 3.556127453595578203e+01 1.945318815910922012e+02
1.600000000000000000e+01 -3.037508036135347714e-02 -6.061837791986272872e-02 3.367455181750800364e+01 1.746676225973932048e+02
1.700000000000000000e+01 -3.053344937948935037e-02 -6.198666696104783436e-02 3.235858437318660918e+01 1.550410570025334493e+02
1.800000000000000000e+01 -2.636893110848999994e-02 -5.401324472751857508e-02 3.150069892128862037e+01 1.390873670389038068e+02
1.900000000000000000e+01 -2.196512357962208603e-02 -4.656831136554644840e-02 3.095994941044098780e+01 1.268220273830939817e+02
2.000000000000000000e+01 -1.824866291886910116e-02 -4.072037845128047978e-02 3.063036310391606776e+01 1.171614509532549278e+02
2.100000000000000000e+01 -1.523245195443653256e-02 -3.532129420554843552e-02 3.042452116830671471e+01 1.094342416241800464e+02
2.200000000000000000e+01 -1.285421918837524949e-02 -3.066922719877476430e-02 3.028934511635116422e+01 1.033612009793606603e+02
2.300000000000000000e+01 -1.147541392255497714e-02 -2.714628570744752334e-02 3.019401063623391934e+01 9.878770024849026754e+01
2.400000000000000000e+01 -9.589539561530536702e-03 -2.414745291625915516e-02 3.010431101812039856e+01 9.546975532051087043e+01
2.500000000000000000e+01 -7.707902610561079108e-03 -2.114678003718022462e-02 2.999650422740026912e+01 9.313164760296707811e+01
2.600000000000000000e+01 -7.758588861325630033e-03 -1.824024289665781423e-02 2.987963528901714483e+01 9.149923442488068304e+01
2.700000000000000000e+01 -7.535002245232162547e-03 -1.567829137829658548e-02 2.976797913361440706e+01 9.039228736091281746e+01
2.800000000000000000e+01 -6.858640503088573454e-03 -1.336051775888285990e-02 2.966974957917727096e+01 8.963859098800358538e+01
2.900000000000000000e+01 -5.485241265205740256e-03 -1.110733631369693018e-02 2.958435890156171766e+01 8.917777359843205431e+01
3.000000000000000000e+01 -4.748086348414178905e-03 -8.877062489821242394e-03 2.950544444288760104e+01 8.894923326034505351e+01
3.100000000000000000e+01 -3.707140762759965694e-03 -6.915621115715735005e-03 2.942629663907024806e+01 8.896634812885051247e+01
3.200000000000000000e+01 -2.769937188006368813e-03 -5.440113611319593798e-03 2.934547663251399285e+01 8.918756557355108328e+01
3.300000000000000000e+01 -2.555318181913222766e-03 -4.474047556695035649e-03 2.926331212453899866e+01 8.955537407184930032e+01
3.400000000000000000e+01 -2.650645974993158342e-03 -3.852942015989822572e-03 2.917928171379447733e+01 9.003482382741941592e+01
3.500000000000000000e+01 -2.661703662111494610e-03 -3.361549835604456422e-03 2.908958960515648684e+01 9.049016927048421621e+01
3.600000000000000000e+01 -2.817782108688621917e-03 -2.894985747337223449e-03 2.899473033084480633e+01 9.087037742912009719e+01
3.700000000000000000e+01 -2.362339041971380123e-03 -2.442776545426561356e-03 2.889884455557614018e+01 9.112399664488665962e+01
3.800000000000000000e+01 -2.201260972301391765e-03 -2.076469359358763724e-03 2.880324949327967943e+01 9.125745704651615142e+01
3.900000000000000000e+01 -2.524691239277363029e-03 -1.897533823825022599e-03 2.870757518708854761e+01 9.122190880631737286e+01
4.000000000000000000e+01 -3.116155513514577875e-03 -1.998486009502610777e-03 2.860742386874286680e+01 9.107035639222492307e+01
4.100000000000000000e+01 -3.315412809044112740e-03 -2.401007666522785890e-03 2.848816236805260971e+01 9.079867642966820540e+01
4.200000000000000000e+01 -3.428170586953994872e-03 -3.046909098230577307e-03 2.831880218169633778e+01 9.034013104661387672e+01
4.300000000000000000e+01 -3.661120081064571635e-03 -3.817223412948632984e-03 2.804667360025504053e+01 8.951580156226316376e+01
4.400000000000000000e+01 -4.072657191990060495e-03 -4.586310890545495546e-03 2.761306535921577776e+01 8.822303006944962078e+01
4.500000000000000000e+01 -3.700663286849925192e-03 -5.264246696728386993e-03 2.698500453115040187e+01 8.632762191218549219e+01
4.600000000000000000e+01 -3.370148716689966815e-03 -5.819296127786435791e-03 2.618878517668334283e+01 8.390206809721117054e+01
4.700000000000000000e+01 -3.909954862720643395e-03 -6.253753213826369721e-03 2.532615925584629579e+01 8.126352466764568305e+01
