# freqs 	 pli 	 dpli 	 meanpower(thalamus)	 meanpower(scalp)	pli
8.000000000000000000e+00 1.017974435167871561e-01 2.752628340083392855e-01 1.281506090933190467e-04 1.836758799120672596e-04
9.000000000000000000e+00 5.310855243617008947e-02 1.224895112798483898e-01 1.183668834807877527e-04 1.386843065167226233e-04
1.000000000000000000e+01 1.825152516018675036e-02 4.089316868173321906e-02 1.148480219991753718e-04 1.129566560588759474e-04
1.100000000000000000e+01 -3.063335948154405353e-02 -8.638443898640181529e-02 1.153471892476113346e-04 9.916906703038339910e-05
1.200000000000000000e+01 -6.511716997417936470e-02 -2.714772865450397754e-01 1.183384011280783489e-04 9.427945797602337984e-05
1.300000000000000000e+01 -5.997044427676111872e-02 -3.207830765838378118e-01 1.122596475838753962e-04 9.641046311394281792e-05
1.400000000000000000e+01 -3.911913030593657664e-02 -2.364406877881570501e-01 9.584546664337364249e-05 9.806025993597536556e-05
1.500000000000000000e+01 -1.947652702022633839e-02 -1.216611838035100979e-01 7.741991432230670785e-05 9.178746157857395392e-05
1.600000000000000000e+01 -4.649750843782685453e-03 -3.636973271173545019e-02 6.395620078695692134e-05 8.003335789170877936e-05
1.700000000000000000e+01 5.051318424259270898e-03 5.441833559809043826e-03 5.657865175552577588e-05 6.871534131711527261e-05
1.800000000000000000e+01 8.266585580280575232e-03 1.829225874355792231e-02 5.293623303584148773e-05 6.059949103073073833e-05
1.900000000000000000e+01 9.475646380613760023e-03 2.153982584618574156e-02 5.078740123976339276e-05 5.541160583353191651e-05
2.000000000000000000e+01 1.300969822543304386e-02 2.580266338947976440e-02 4.917359271388649426e-05 5.207493268217499856e-05
2.100000000000000000e+01 1.751740092396494169e-02 3.179020015580833608e-02 4.785008819318607552e-05 4.976974371213020747e-05
2.200000000000000000e+01 1.950925424408790632e-02 3.560915472041423224e-02 4.691026675155520788e-05 4.801664632981750893e-05
2.300000000000000000e+01 1.861456738359755156e-02 3.515298193260594367e-02 4.651509022553295482e-05 4.664040424629054270e-05
2.400000000000000000e+01 1.820351750968200039e-02 3.271509162404301341e-02 4.645088089840092630e-05 4.556484161991954812e-05
2.500000000000000000e+01 1.829107148907412744e-02 3.228414316104517845e-02 4.622706809779576347e-05 4.470072884655750466e-05
2.600000000000000000e+01 1.932054915313076091e-02 3.556601395787754166e-02 4.549547015863715131e-05 4.392083288766392737e-05
2.700000000000000000e+01 2.024479558638784746e-02 4.095045366845120882e-02 4.419321961737758287e-05 4.312084055689015103e-05
2.800000000000000000e+01 2.076305641207300615e-02 4.518823437730131592e-02 4.250892200841549837e-05 4.223085228231103760e-05
2.900000000000000000e+01 2.111893090488432476e-02 4.589598832277629742e-02 4.072133565189204165e-05 4.125942950378364612e-05
3.000000000000000000e+01 2.093483098554711763e-02 4.288558394549505520e-02 3.905909920051279437e-05 4.025634735667092180e-05
3.100000000000000000e+01 1.924385002801259903e-02 3.763359143229171033e-02 3.765218179135015983e-05 3.928671399930196633e-05
3.200000000000000000e+01 1.707830876008692433e-02 3.196058124658487237e-02 3.653514673910071694e-05 3.840369090472474644e-05
3.300000000000000000e+01 1.484412254813350512e-02 2.709662586458250200e-02 3.568430139495357660e-05 3.763647116887572873e-05
3.400000000000000000e+01 1.303639644064569399e-02 2.355583750729566342e-02 3.504888670135437054e-05 3.697728039768407730e-05
3.500000000000000000e+01 1.187939475579011077e-02 2.124948458291274836e-02 3.455587329953140096e-05 3.640846997134663052e-05
3.600000000000000000e+01 1.052925398648965789e-02 1.975615544854619765e-02 3.414915845495694076e-05 3.591466325685110879e-05
3.700000000000000000e+01 1.043776283450668224e-02 1.859176824466060932e-02 3.377715499455063319e-05 3.548275679445478463e-05
3.800000000000000000e+01 1.022617816152296237e-02 1.740309660285633761e-02 3.340066132160544052e-05 3.510766277637002869e-05
3.900000000000000000e+01 9.713555725918632949e-03 1.610386569332705048e-02 3.299883928620152979e-05 3.478046298560353894e-05
4.000000000000000000e+01 8.615450782765593854e-03 1.481860477501083413e-02 3.256731039954242890e-05 3.449345909409924030e-05
4.100000000000000000e+01 7.381659272595722521e-03 1.377251353697636106e-02 3.210416235443867291e-05 3.422541717884729933e-05
4.200000000000000000e+01 6.471781993911830677e-03 1.310893890855217674e-02 3.159234312470518124e-05 3.393451945197540888e-05
4.300000000000000000e+01 5.367297626782103689e-03 1.282431507573607993e-02 3.099058409901490294e-05 3.355614547157084678e-05
4.400000000000000000e+01 4.518953602672578541e-03 1.280617659970993694e-02 3.024807062845744088e-05 3.301851801196279367e-05
4.500000000000000000e+01 5.112550177685840427e-03 1.290570474972367425e-02 2.933031055060860730e-05 3.227149917183834806e-05
4.600000000000000000e+01 5.622795315328396951e-03 1.297232104903847140e-02 2.825460458606578903e-05 3.133023815491349414e-05
4.700000000000000000e+01 5.116947064567941433e-03 1.286648101936665144e-02 2.711133032453383091e-05 3.029773841630679709e-05
