# freqs 	 pli 	 dpli 	 meanpower(thalamus)	 meanpower(scalp)	pli
8.000000000000000000e+00 -2.025897252348918612e-02 -5.017373973387474761e-02 1.031065289899815127e+02 1.818681284932931135e+02
9.000000000000000000e+00 -2.191733677349323381e-02 -5.211081314096160932e-02 1.090647098484697182e+02 1.798832780262980577e+02
1.000000000000000000e+01 -1.566694208840838445e-02 -3.734981567854395862e-02 1.280625158180080518e+02 1.668797332944236018e+02
1.100000000000000000e+01 -6.409739866099050352e-03 -2.054140668715854698e-02 1.573800075738551811e+02 1.575400357351928733e+02
1.200000000000000000e+01 -6.353738265754203633e-03 -4.321573721917158079e-02 1.720191006092453279e+02 1.656556300505127979e+02
1.300000000000000000e+01 -4.930184105995311789e-02 -2.139186394080352105e-01 1.710252307538210630e+02 1.957056230038985234e+02
1.400000000000000000e+01 -9.016302207386346634e-02 -3.463314511717903166e-01 1.605848041807554978e+02 2.087897500321723498e+02
1.500000000000000000e+01 -1.029228826247896161e-01 -3.330065992188426804e-01 1.396592897878031749e+02 1.835531480532902151e+02
1.600000000000000000e+01 -8.739936726523925281e-02 -2.199945698379895676e-01 1.147827872735700367e+02 1.436425962950370092e+02
1.700000000000000000e+01 -5.661024114301121957e-02 -9.300815356600410089e-02 9.471642987978428607e+01 1.130178535097974475e+02
1.800000000000000000e+01 -3.043658281910404870e-02 -2.460002109650945984e-02 8.254009242737744501e+01 9.639129149859240897e+01
1.900000000000000000e+01 -1.732698515345333645e-02 -4.227808233785280631e-03 7.681134326991066530e+01 8.804341004372399482e+01
2.000000000000000000e+01 -1.295354475578452264e-02 6.058770742102742102e-04 7.495588452295007187e+01 8.292345657098164224e+01
2.100000000000000000e+01 -1.138338087178819569e-02 1.048086187770815329e-03 7.479237629191013070e+01 7.905313004569443081e+01
2.200000000000000000e+01 -1.028548144598287993e-02 -1.256881167892810172e-03 7.479782594858743039e+01 7.585953235420664953e+01
2.300000000000000000e+01 -9.643422816835171135e-03 -7.704022877204883858e-03 7.426497122683454677e+01 7.326197565416033797e+01
2.400000000000000000e+01 -9.612385784591882115e-03 -1.935219578625041459e-02 7.335846226200402498e+01 7.129257329571869661e+01
2.500000000000000000e+01 -9.839442892475375180e-03 -3.227622156340820281e-02 7.257650115340830155e+01 6.988068317705695165e+01
2.600000000000000000e+01 -1.137390319155772052e-02 -4.003447631319578814e-02 7.202295714331245335e+01 6.880344470711129645e+01
2.700000000000000000e+01 -1.220054556885223455e-02 -4.064341028828990371e-02 7.133848979747324393e+01 6.763831089961877296e+01
2.800000000000000000e+01 -1.094522053278636567e-02 -3.663985541271754659e-02 7.012234231380899985e+01 6.599437627036812160e+01
2.900000000000000000e+01 -9.631606792930956160e-03 -3.085950090240554416e-02 6.828337985999233695e+01 6.380334721114017071e+01
3.000000000000000000e+01 -7.465404069288077149e-03 -2.455155206662594167e-02 6.601538092745838071e+01 6.132106512222014771e+01
3.100000000000000000e+01 -4.887368588645673445e-03 -1.814631169274704900e-02 6.365163897539112270e+01 5.888415111082090192e+01
3.200000000000000000e+01 -2.640027447431443110e-03 -1.209484294839534811e-02 6.148105044310097611e+01 5.673963240718605050e+01
3.300000000000000000e+01 -1.013066572378640545e-03 -6.967008872322115812e-03 5.966201430358950120e+01 5.498693350489465104e+01
3.400000000000000000e+01 2.648349170461372485e-04 -3.155413542872522251e-03 5.820739836338736239e+01 5.359831317401372530e+01
3.500000000000000000e+01 5.275699266604029014e-04 -6.778648945813341674e-04 5.705533732785260526e+01 5.249436360995817097e+01
3.600000000000000000e+01 4.209624747562016223e-04 6.675782783022596529e-04 5.613295449503534229e+01 5.158375765238377397e+01
3.700000000000000000e+01 8.074696522678945394e-04 1.139663877179320460e-03 5.538441628216251900e+01 5.080176212126399804e+01
3.800000000000000000e+01 7.911456746384570122e-04 9.382234777469345343e-04 5.477294354506614837e+01 5.010690478782726842e+01
3.900000000000000000e+01 8.288477994303693024e-04 1.771236168713149930e-04 5.426465610735437650e+01 4.947401485120600739e+01
4.000000000000000000e+01 -1.915784170365220703e-04 -1.019786548874536056e-03 5.382024703821798539e+01 4.887538081922826905e+01
4.100000000000000000e+01 -1.210039364811124878e-03 -2.482820054428277589e-03 5.338100431092269105e+01 4.827160932503340263e+01
4.200000000000000000e+01 -2.876492732558414561e-03 -3.995799984319493500e-03 5.285961817561707932e+01 4.760048533098172641e+01
4.300000000000000000e+01 -3.961772582150994634e-03 -5.352414173407150401e-03 5.213917207018096178e+01 4.677717899982675931e+01
4.400000000000000000e+01 -4.906840748874458091e-03 -6.392504982292889631e-03 5.110687331111539322e+01 4.570846573614179675e+01
4.500000000000000000e+01 -5.832174512548356053e-03 -7.059067813596934214e-03 4.970395537772162697e+01 4.433955734193919795e+01
4.600000000000000000e+01 -6.072195279122726518e-03 -7.364685457996712759e-03 4.797636132023656330e+01 4.269967351684184109e+01
4.700000000000000000e+01 -5.978663997381640331e-03 -7.372684867827643956e-03 4.609880478332383547e+01 4.093215848411527702e+01
