# freqs 	 pli 	 dpli 	 meanpower(thalamus)	 meanpower(scalp)	pli
8.000000000000000000e+00 -2.919623680550851447e-02 -1.123461039259032561e-02 2.604072706904191989e-05 2.274519004366403851e-04
9.000000000000000000e+00 -3.589761874341992204e-02 -5.813591049946425365e-02 2.394229293149992749e-05 1.880467337975913022e-04
1.000000000000000000e+01 -2.584411896931121735e-02 -3.272624962441550434e-02 2.359465879723449933e-05 1.586276054696015637e-04
1.100000000000000000e+01 -2.675604001574866456e-02 -2.877516579987313486e-02 2.422721540693869555e-05 1.346173775540893808e-04
1.200000000000000000e+01 -1.238965418372229774e-02 -6.152766624868628680e-03 2.490411435128322431e-05 1.182142647500488054e-04
1.300000000000000000e+01 1.965330554156859491e-02 1.184505102325143361e-01 2.711449055734295148e-05 1.083916825559672580e-04
1.400000000000000000e+01 4.929652178568125903e-02 2.680035013705757696e-01 2.908666053259264110e-05 1.024398101143670682e-04
1.500000000000000000e+01 4.598306306376315211e-02 2.773586700044921582e-01 2.791781979170226578e-05 9.664842970999470593e-05
1.600000000000000000e+01 3.288436669335778606e-02 1.812551999578786988e-01 2.453913899580190846e-05 8.989977356703990688e-05
1.700000000000000000e+01 1.710041059952562698e-02 7.783916158774581429e-02 2.135088677518132857e-05 8.386370973258507348e-05
1.800000000000000000e+01 9.856043784025091473e-03 3.077636766381284389e-02 1.947187212833723387e-05 7.964345904084145391e-05
1.900000000000000000e+01 1.120761685696587684e-02 2.643207073753281455e-02 1.870297224048414667e-05 7.694534638297653066e-05
2.000000000000000000e+01 1.628828981630139547e-02 3.288456787674187698e-02 1.842185140872309730e-05 7.499094996005651204e-05
2.100000000000000000e+01 1.754298155609499907e-02 3.770962333621149382e-02 1.827844106582348583e-05 7.330248924221768544e-05
2.200000000000000000e+01 1.797228331373169549e-02 3.677282369576168747e-02 1.814302792591197851e-05 7.187871615557507392e-05
2.300000000000000000e+01 1.365353963042920636e-02 2.908646249531028280e-02 1.795326110510234144e-05 7.049850732342831806e-05
2.400000000000000000e+01 4.427038338228800329e-03 1.838612457605273004e-02 1.774886968566177716e-05 6.903930592770741634e-05
2.500000000000000000e+01 3.788129440862504378e-04 7.516450262751129922e-03 1.761389355857822001e-05 6.742252031325181338e-05
2.600000000000000000e+01 -6.804905282427530725e-05 -4.885319401152513931e-03 1.759704056450446107e-05 6.565777104664665407e-05
2.700000000000000000e+01 -3.179114367681812867e-04 -1.932805146865145332e-02 1.765947401765515643e-05 6.389611022352029255e-05
2.800000000000000000e+01 -1.508206134264797414e-03 -3.158612206975375258e-02 1.772451793499210717e-05 6.219363507578169596e-05
2.900000000000000000e+01 -4.695922294441022722e-03 -3.715018840557638563e-02 1.774299318935239277e-05 6.054790912853671585e-05
3.000000000000000000e+01 -5.427824844847582014e-03 -3.623205775980380128e-02 1.771428659438662674e-05 5.898614562486087813e-05
3.100000000000000000e+01 -5.245817678692234198e-03 -3.204624410006703950e-02 1.765741289489532070e-05 5.753987198143323891e-05
3.200000000000000000e+01 -2.687191436129069289e-03 -2.688775909049136506e-02 1.757371781338694933e-05 5.624255674762660610e-05
3.300000000000000000e+01 -4.267250143912295051e-04 -2.089369401633604795e-02 1.746254740602065184e-05 5.507625981498713726e-05
3.400000000000000000e+01 4.015612135181780701e-03 -1.370044739656242974e-02 1.731984152308720429e-05 5.402330488762946024e-05
3.500000000000000000e+01 8.135555716634684797e-03 -5.401357025737713036e-03 1.714730415542027494e-05 5.307107189882841718e-05
3.600000000000000000e+01 1.135000619750002430e-02 2.874445836873149984e-03 1.695797421229744593e-05 5.221301255389146893e-05
3.700000000000000000e+01 1.180110547792046632e-02 9.964591596740565022e-03 1.677074194509820776e-05 5.145488831678429287e-05
3.800000000000000000e+01 1.549918698567437358e-02 1.521948909354797069e-02 1.660278023015787440e-05 5.079919262245689073e-05
3.900000000000000000e+01 1.629709196801145885e-02 1.868742569169513923e-02 1.646372548312320669e-05 5.022085402300237880e-05
4.000000000000000000e+01 1.628151610492595963e-02 2.076989179320896245e-02 1.635621025503569632e-05 4.970288130014296319e-05
4.100000000000000000e+01 1.655716112921399794e-02 2.202503998104625438e-02 1.626823977388450114e-05 4.921319415908584734e-05
4.200000000000000000e+01 1.765461943673039824e-02 2.287631025738813551e-02 1.617343091793378801e-05 4.869897245134261642e-05
4.300000000000000000e+01 1.849372997955500350e-02 2.359659964322408793e-02 1.603153892588032157e-05 4.806899847483911935e-05
4.400000000000000000e+01 1.896633385388827794e-02 2.417964780047586817e-02 1.580171308414618462e-05 4.724237079849759834e-05
4.500000000000000000e+01 2.050921731061229256e-02 2.462553051116033939e-02 1.545966953045636418e-05 4.612535683035343554e-05
4.600000000000000000e+01 2.060070335519437190e-02 2.485460920659794681e-02 1.501538532458508628e-05 4.471989559094483952e-05
4.700000000000000000e+01 1.989777932763160326e-02 2.473126435229138290e-02 1.452204979816958495e-05 4.315189671621521888e-05
