# freqs 	 pli 	 dpli 	 meanpower(thalamus)	 meanpower(scalp)	pli
8.000000000000000000e+00 -4.811990218620126707e-03 -2.097588925243720065e-02 5.855836806489087974e-05 4.835802374526995402e-04
9.000000000000000000e+00 -3.423959337614155413e-02 -8.171479640975776171e-02 5.688625361366982314e-05 4.933893011742222822e-04
1.000000000000000000e+01 -2.697149243124093501e-02 -5.805283001570247375e-02 5.411707489535015229e-05 4.117845122301155825e-04
1.100000000000000000e+01 -1.185909074823672874e-02 -3.673739299011327935e-03 5.204034122937310276e-05 3.371823414347752536e-04
1.200000000000000000e+01 -1.926204047488861088e-04 1.626894635861840521e-02 5.074094524811080086e-05 2.834774191455864808e-04
1.300000000000000000e+01 -2.946852252287561306e-03 -1.063639351387928207e-03 4.985695988339828249e-05 2.436305346500910963e-04
1.400000000000000000e+01 -1.049733919543224120e-02 -1.601044555986807366e-02 4.922843078040814766e-05 2.178981526979765300e-04
1.500000000000000000e+01 -1.319511271446577837e-02 -2.291303914981517725e-02 4.882862304318677944e-05 2.024933316200342359e-04
1.600000000000000000e+01 -1.204392736012223700e-02 -2.593703840734607260e-02 4.858975635213069830e-05 1.906320372169048919e-04
1.700000000000000000e+01 -9.966262483712464218e-03 -2.367460465726830415e-02 4.840759606871723129e-05 1.793535785173483812e-04
1.800000000000000000e+01 -9.051536474444088834e-03 -1.860595184457590479e-02 4.830771009636262769e-05 1.682070357656144258e-04
1.900000000000000000e+01 -6.960806532914952556e-03 -1.486551012832686494e-02 4.834872679774218700e-05 1.573010148201983900e-04
2.000000000000000000e+01 -5.310942732107619239e-03 -1.440618011083854080e-02 4.853759726647064891e-05 1.476805380872400709e-04
2.100000000000000000e+01 -7.575322457625810295e-03 -1.755890051212848774e-02 4.879938884187234096e-05 1.403858684116460382e-04
2.200000000000000000e+01 -1.048951587315681035e-02 -2.346069451475074966e-02 4.899954338878086710e-05 1.353873898162453603e-04
2.300000000000000000e+01 -1.222403438071726842e-02 -2.912602489057055863e-02 4.905666392540939329e-05 1.317267159260534994e-04
2.400000000000000000e+01 -1.300655017800140048e-02 -3.154536736072397624e-02 4.895099347802784841e-05 1.280672677303429602e-04
2.500000000000000000e+01 -1.237700275269557060e-02 -2.998414838121310488e-02 4.868140934477008626e-05 1.234530305897997484e-04
2.600000000000000000e+01 -1.142686304800257652e-02 -2.612737368361230800e-02 4.827498548887199092e-05 1.177761848088405182e-04
2.700000000000000000e+01 -9.655108148089626419e-03 -2.216392905434007646e-02 4.778547078196719973e-05 1.115452437868388641e-04
2.800000000000000000e+01 -9.416199283605432638e-03 -1.949240281516840742e-02 4.727063163460952446e-05 1.053813040012070875e-04
2.900000000000000000e+01 -8.628896320476382026e-03 -1.786737932596550033e-02 4.677732739548409854e-05 9.983190331199368679e-05
3.000000000000000000e+01 -7.853763280469300279e-03 -1.644600539650568211e-02 4.631840033071360615e-05 9.511607121371153844e-05
3.100000000000000000e+01 -6.468261583788670506e-03 -1.470078792285941550e-02 4.590579480727177778e-05 9.128468759264635581e-05
3.200000000000000000e+01 -4.975709663476604420e-03 -1.278580252330821510e-02 4.553760224404960067e-05 8.825235580223697877e-05
3.300000000000000000e+01 -4.713491398976199509e-03 -1.119901607598247292e-02 4.520387154595176916e-05 8.588749474111154918e-05
3.400000000000000000e+01 -4.289763417080901323e-03 -1.036905310668556103e-02 4.489854897197303286e-05 8.407919145384619083e-05
3.500000000000000000e+01 -4.220415655962751929e-03 -1.029322278129114754e-02 4.461275430624332721e-05 8.261533110221134352e-05
3.600000000000000000e+01 -5.194697037252211588e-03 -1.070609281986057391e-02 4.434149239786267172e-05 8.134587993058330047e-05
3.700000000000000000e+01 -5.922801383805809290e-03 -1.129845169986767005e-02 4.407565227964672564e-05 8.013801494179043745e-05
3.800000000000000000e+01 -6.323790412086572471e-03 -1.192735777324115815e-02 4.381340875988459863e-05 7.893695731865755117e-05
3.900000000000000000e+01 -6.421911161159294876e-03 -1.266513468803797358e-02 4.355211251707419556e-05 7.768277880059899494e-05
4.000000000000000000e+01 -6.726576323428712367e-03 -1.367836602146233274e-02 4.328865116334673657e-05 7.642142698972784209e-05
4.100000000000000000e+01 -6.876651867862080061e-03 -1.509867126550841834e-02 4.300683442438439370e-05 7.517180899780398452e-05
4.200000000000000000e+01 -7.190382851785782035e-03 -1.693269645558023381e-02 4.266084466304903962e-05 7.389968288058791082e-05
4.300000000000000000e+01 -7.516457085508855031e-03 -1.904140565844925082e-02 4.217411499990874506e-05 7.246763133720630521e-05
4.400000000000000000e+01 -7.768694665252124688e-03 -2.127973428563977379e-02 4.146125099113442622e-05 7.078434932717401779e-05
4.500000000000000000e+01 -8.073008142430830592e-03 -2.348435395493189345e-02 4.046642038768004520e-05 6.871315193319420657e-05
4.600000000000000000e+01 -8.384453229493266449e-03 -2.556376813833416417e-02 3.921828910648420501e-05 6.627357668842208025e-05
4.700000000000000000e+01 -8.961840468484465194e-03 -2.743797237407384973e-02 3.785790381257687724e-05 6.365891624956473765e-05
