# freqs 	 pli 	 dpli 	 meanpower(thalamus)	 meanpower(scalp)	pli
8.000000000000000000e+00 -2.988809938488378934e-02 -6.548494382872722952e-02 1.141602491029277295e-04 1.946968080396304940e-04
9.000000000000000000e+00 -3.086348607294630078e-02 -6.459592833905720977e-02 1.049169108329113959e-04 1.895791196417821809e-04
1.000000000000000000e+01 -1.460318319618882608e-02 -1.417833530643618396e-02 9.915026981344645805e-05 1.673862380860743470e-04
1.100000000000000000e+01 8.681186683146669900e-03 2.794529333310135505e-02 9.544349107586383907e-05 1.538583131780190977e-04
1.200000000000000000e+01 1.446121100491214000e-02 3.467439152229406102e-02 9.268681514693179267e-05 1.429509878930413291e-04
1.300000000000000000e+01 6.041582312286713184e-03 1.855226255708361874e-02 9.052650040008529398e-05 1.312632513852298051e-04
1.400000000000000000e+01 4.017806040080365744e-03 1.127705965149090189e-02 8.885541956970203603e-05 1.184089984304776533e-04
1.500000000000000000e+01 5.538250898511038779e-03 1.764429844413617846e-02 8.766141273123991820e-05 1.064377319109390257e-04
1.600000000000000000e+01 5.947767007600274214e-03 2.017442350330517914e-02 8.667401206397517546e-05 9.675992601635262781e-05
1.700000000000000000e+01 4.207822311404798600e-03 1.833507217782329168e-02 8.561173711911813510e-05 8.904547549958606123e-05
1.800000000000000000e+01 2.222040909028013232e-03 1.624246275436091666e-02 8.459019703206827479e-05 8.280187998494324003e-05
1.900000000000000000e+01 -6.440135283106594635e-04 1.255624899707018759e-02 8.378993782438559363e-05 7.791069139674902091e-05
2.000000000000000000e+01 -2.403142026965297221e-03 6.517502084215375663e-03 8.316277959066604411e-05 7.420927290166210463e-05
2.100000000000000000e+01 -3.878909130825238926e-03 -2.677321816057869042e-04 8.249732445751634840e-05 7.141368723202595455e-05
2.200000000000000000e+01 -4.810670560741675712e-03 -5.544624314812512597e-03 8.166874483836881657e-05 6.921048854028397492e-05
2.300000000000000000e+01 -6.907582990589928446e-03 -8.131740730276173015e-03 8.069138547048967870e-05 6.737202541762771061e-05
2.400000000000000000e+01 -7.386274996699877110e-03 -8.462491408060943479e-03 7.961127060448617329e-05 6.585755370447317130e-05
2.500000000000000000e+01 -7.883975801958570395e-03 -7.686711675922875547e-03 7.847873670110443373e-05 6.469781720704986762e-05
2.600000000000000000e+01 -8.449190296420933458e-03 -6.907263168957717032e-03 7.736675101954270208e-05 6.386410732869433676e-05
2.700000000000000000e+01 -7.907467080308811305e-03 -6.831025995031775842e-03 7.634884416648928288e-05 6.333099136948402779e-05
2.800000000000000000e+01 -6.309829157307234385e-03 -7.460601951876227877e-03 7.548111131416582946e-05 6.301682481526862402e-05
2.900000000000000000e+01 -5.403600877658233138e-03 -8.257071732701572533e-03 7.480744559244265426e-05 6.285734381329017315e-05
3.000000000000000000e+01 -4.660586815790995069e-03 -8.716585754245732495e-03 7.431788061271795949e-05 6.278966678911183810e-05
3.100000000000000000e+01 -3.266790108735513534e-03 -8.854385710888718758e-03 7.392779408949444930e-05 6.282634257031941298e-05
3.200000000000000000e+01 -3.743833883176241571e-03 -9.070496325074584379e-03 7.350527193569445720e-05 6.294952638829472483e-05
3.300000000000000000e+01 -3.636581716123745214e-03 -9.615846616385830339e-03 7.292998083042629711e-05 6.313436132785025829e-05
3.400000000000000000e+01 -3.747451051038731568e-03 -1.048278782097097385e-02 7.214574910491520522e-05 6.339826000466764931e-05
3.500000000000000000e+01 -3.874461225121997483e-03 -1.129545722727996054e-02 7.115878277570371108e-05 6.369156953756623487e-05
3.600000000000000000e+01 -5.177077278101698335e-03 -1.174204988510078700e-02 7.002327839963954053e-05 6.400343544002007736e-05
3.700000000000000000e+01 -5.508526620998026140e-03 -1.160499180024625321e-02 6.881376713332540310e-05 6.430525201375634136e-05
3.800000000000000000e+01 -4.662622973340380464e-03 -1.087459684278303286e-02 6.760078355170765125e-05 6.460919352208749225e-05
3.900000000000000000e+01 -4.097460843986996427e-03 -9.646350512138027883e-03 6.643673008532888864e-05 6.486535055777387299e-05
4.000000000000000000e+01 -3.805249378478868169e-03 -8.248657576047698642e-03 6.534421830197544446e-05 6.508017150344808761e-05
4.100000000000000000e+01 -3.344375855938226672e-03 -6.989889601734832099e-03 6.430361112149559602e-05 6.520796606526222511e-05
4.200000000000000000e+01 -3.000739172805804052e-03 -6.076216773336895992e-03 6.324453308602645942e-05 6.517255043787716843e-05
4.300000000000000000e+01 -2.213573824911372646e-03 -5.512833687614967539e-03 6.204880207764553845e-05 6.483663131917999877e-05
4.400000000000000000e+01 -2.245468874765736873e-03 -5.328454266312078989e-03 6.058537188648917005e-05 6.411977081042376334e-05
4.500000000000000000e+01 -1.539229843772099747e-03 -5.352111507770047905e-03 5.877131027901746218e-05 6.291584426527585734e-05
4.600000000000000000e+01 -1.911434473303414089e-03 -5.440981600624777460e-03 5.663822049327676272e-05 6.128077397831901269e-05
4.700000000000000000e+01 -1.572118547129427221e-03 -5.513141469354241285e-03 5.437127756546395856e-05 5.944917581604991004e-05
