# freqs 	 pli 	 dpli 	 meanpower(thalamus)	 meanpower(scalp)	pli
8.000000000000000000e+00 -1.805116811886000000e-04 -5.218781262225501323e-03 1.052937900917565422e-04 2.079996412101890290e-04
9.000000000000000000e+00 1.267998056283080321e-02 2.010044994044583866e-02 1.014491731224806496e-04 1.943982606337591541e-04
1.000000000000000000e+01 2.722281246767589008e-02 6.765298288325399811e-02 1.025145979259655906e-04 1.969691907522155003e-04
1.100000000000000000e+01 5.975581654364039985e-02 2.274349357068013999e-01 1.104166751640444722e-04 2.117261331741678184e-04
1.200000000000000000e+01 7.087448596775418330e-02 3.262167087180651293e-01 1.180141903346542727e-04 2.322772730481402763e-04
1.300000000000000000e+01 3.190935528810655980e-02 2.303788169952834253e-01 1.154856079719969480e-04 2.726838325532639240e-04
1.400000000000000000e+01 -1.735225586987771199e-02 6.660167039484285456e-02 1.039500550017541473e-04 2.895837309527810456e-04
1.500000000000000000e+01 -4.728487675288958747e-02 -5.500908171191365437e-02 9.030531899731438666e-05 2.539747443707693060e-04
1.600000000000000000e+01 -5.886660788353363649e-02 -1.051783870886871392e-01 7.979018953388594790e-05 1.999320165616711928e-04
1.700000000000000000e+01 -5.362340760723142280e-02 -1.060065214394012995e-01 7.288648371389235231e-05 1.595044319694265470e-04
1.800000000000000000e+01 -4.288961055716031257e-02 -9.330756190473162015e-02 6.796443273968065242e-05 1.373974543225771577e-04
1.900000000000000000e+01 -3.315504629502263878e-02 -8.183440339557891685e-02 6.396065700143276783e-05 1.261458149673220944e-04
2.000000000000000000e+01 -2.116514281152515053e-02 -7.029911015681050701e-02 6.066382585802100613e-05 1.199032041238063794e-04
2.100000000000000000e+01 -9.892740976742312592e-03 -5.542467309899207911e-02 5.819803524939841914e-05 1.158174346359869700e-04
2.200000000000000000e+01 -2.065748560436840228e-03 -3.800960157430954139e-02 5.651890845100092462e-05 1.124697677275510031e-04
2.300000000000000000e+01 1.420241775029352149e-03 -2.206390916690706069e-02 5.530756494139004624e-05 1.092103778218007887e-04
2.400000000000000000e+01 3.659439926181677800e-03 -1.048653916957453282e-02 5.419278801129048275e-05 1.060786067330682565e-04
2.500000000000000000e+01 4.786329676407343955e-03 -4.465755798767213902e-03 5.299117613251019625e-05 1.036237648185546191e-04
2.600000000000000000e+01 3.687914809377650007e-03 -4.444483417717724934e-03 5.166846986528307535e-05 1.025083956775799901e-04
2.700000000000000000e+01 6.345948153088898890e-04 -9.321069845347524155e-03 5.025676880236708608e-05 1.027494723362455437e-04
2.800000000000000000e+01 -3.577969254203156209e-03 -1.643006278729788883e-02 4.881834164091226896e-05 1.029730311138868761e-04
2.900000000000000000e+01 -7.626244831404556217e-03 -2.322602840656917689e-02 4.744237291615899612e-05 1.013110907085380179e-04
3.000000000000000000e+01 -1.177699000721187973e-02 -2.849873984337230812e-02 4.619203044601417993e-05 9.694558995791486471e-05
3.100000000000000000e+01 -1.310795032516030335e-02 -3.198014234644079579e-02 4.510726149770649120e-05 9.050681445173823297e-05
3.200000000000000000e+01 -1.420336964092831604e-02 -3.377629438599120959e-02 4.420273838152652298e-05 8.333446024472787996e-05
3.300000000000000000e+01 -1.372059189585582602e-02 -3.402068879711103028e-02 4.345834272262370768e-05 7.664560665912531501e-05
3.400000000000000000e+01 -1.174877377731426559e-02 -3.290932149511177629e-02 4.284161518687978914e-05 7.111947395484261145e-05
3.500000000000000000e+01 -1.155176149511841395e-02 -3.081061977661546381e-02 4.231060651002004286e-05 6.684133638791156398e-05
3.600000000000000000e+01 -1.106597856026147499e-02 -2.813793388403588655e-02 4.183487901479996692e-05 6.355123389215892491e-05
3.700000000000000000e+01 -1.115213187628184659e-02 -2.524966924836658660e-02 4.139411255346966105e-05 6.092831494097999625e-05
3.800000000000000000e+01 -1.071266250944966254e-02 -2.238976411211456366e-02 4.097747368089197279e-05 5.872781076137678559e-05
3.900000000000000000e+01 -9.067774611905792329e-03 -1.963562277837334683e-02 4.058379230655250006e-05 5.680379313535280280e-05
4.000000000000000000e+01 -7.835742081577119766e-03 -1.709333873055199002e-02 4.020905268937081148e-05 5.507361709183043378e-05
4.100000000000000000e+01 -6.150524892358679233e-03 -1.486693588463774106e-02 3.983259987209589935e-05 5.348015652955633481e-05
4.200000000000000000e+01 -5.045137600715352347e-03 -1.305059363292236478e-02 3.941498366878771949e-05 5.195068858885282346e-05
4.300000000000000000e+01 -4.419584676997422371e-03 -1.168475154580033912e-02 3.888727352491873389e-05 5.038203940438239892e-05
4.400000000000000000e+01 -3.867289699358127716e-03 -1.077781336375960471e-02 3.817007524714973376e-05 4.867493249512314617e-05
4.500000000000000000e+01 -3.800723470879792832e-03 -1.025749567042035133e-02 3.721613809766007475e-05 4.675744697204449327e-05
4.600000000000000000e+01 -4.279658091437202848e-03 -1.003127269455919221e-02 3.605476439586940697e-05 4.463785118464968691e-05
4.700000000000000000e+01 -4.209828054312411000e-03 -9.981540519239568560e-03 3.481584479997424969e-05 4.243764484198512090e-05
