# freqs 	 pli 	 dpli 	 meanpower(thalamus)	 meanpower(scalp)	pli
8.000000000000000000e+00 -8.836228156681401325e-02 -1.497866768137531557e-01 9.324402542811439758e-05 2.600341775222808627e-04
9.000000000000000000e+00 2.729229224465710632e-02 7.824200928999086591e-02 8.807787677888417302e-05 2.089445975408173335e-04
1.000000000000000000e+01 3.017533199197771493e-02 6.261264408436696682e-02 8.062226815025232986e-05 1.499476850512158064e-04
1.100000000000000000e+01 8.199339781051676393e-03 2.539002471285209048e-03 7.589813723271031387e-05 1.206618763320909749e-04
1.200000000000000000e+01 7.741116452009190203e-04 -3.998831131501723313e-02 7.299472891458995481e-05 1.120704143410705033e-04
1.300000000000000000e+01 1.389514278057778413e-04 -5.714880164965920745e-02 7.140571049887137786e-05 1.133849644298675073e-04
1.400000000000000000e+01 1.333336503092382927e-03 -4.383325331735996727e-02 7.119447857444875674e-05 1.174318408589772219e-04
1.500000000000000000e+01 -2.778394867578029385e-03 -2.841198908985010166e-02 7.208651294681933859e-05 1.193755310021505359e-04
1.600000000000000000e+01 -5.433480159219298417e-03 -2.142331342551747481e-02 7.323938927522968042e-05 1.167035152385007739e-04
1.700000000000000000e+01 -5.706500166667518963e-03 -1.611901060922534337e-02 7.399218474691471239e-05 1.108711752496607605e-04
1.800000000000000000e+01 -5.262421402169961161e-03 -1.249545127252386055e-02 7.424761607608367149e-05 1.044888165550610684e-04
1.900000000000000000e+01 -5.731424110461315162e-03 -1.324212887251263911e-02 7.437543331693238975e-05 9.917228671704601166e-05
2.000000000000000000e+01 -7.689400650190136854e-03 -1.583190615089099043e-02 7.470658461389382025e-05 9.542800916347991998e-05
2.100000000000000000e+01 -7.832954657758735978e-03 -1.565137796130890158e-02 7.537084942544964759e-05 9.301109945338326720e-05
2.200000000000000000e+01 -6.961983812450831151e-03 -1.249032757352656203e-02 7.631176926542529426e-05 9.125513992513965085e-05
2.300000000000000000e+01 -5.668302059746064062e-03 -8.977880626526593341e-03 7.747531338423408972e-05 8.965937416914432064e-05
2.400000000000000000e+01 -3.957208796188591005e-03 -5.461808131859984157e-03 7.893225587100817422e-05 8.805781325441459039e-05
2.500000000000000000e+01 -1.710600201443232158e-03 1.045484467471300338e-03 8.091395051213158475e-05 8.650337854912455032e-05
2.600000000000000000e+01 2.115716643757844465e-03 1.291494848785837597e-02 8.352231688780472436e-05 8.506272516349029774e-05
2.700000000000000000e+01 6.548100459448972198e-03 2.795877536534891947e-02 8.634618900277370764e-05 8.384136879543176016e-05
2.800000000000000000e+01 1.093647635201457947e-02 4.042096643596995026e-02 8.864083520181584796e-05 8.275686248773584503e-05
2.900000000000000000e+01 1.289155830818641477e-02 4.631713597012369898e-02 8.993787204025432773e-05 8.184929393647750215e-05
3.000000000000000000e+01 1.362655521047212784e-02 4.596929654791460235e-02 9.030172900556181052e-05 8.109568328973225826e-05
3.100000000000000000e+01 1.355036727335003945e-02 4.279406080948038732e-02 9.010077458580358707e-05 8.059566255254289597e-05
3.200000000000000000e+01 1.403258008592364429e-02 3.987258107302474319e-02 8.963517732550278360e-05 8.030867994458017688e-05
3.300000000000000000e+01 1.558325395257278805e-02 3.840361618049387832e-02 8.897243107793109717e-05 8.014399825531319098e-05
3.400000000000000000e+01 1.649774178810014744e-02 3.786113249825355520e-02 8.803845604869888581e-05 8.012674259432945082e-05
3.500000000000000000e+01 1.702874033269261358e-02 3.707025219140238498e-02 8.675999250539381661e-05 8.010558368200017276e-05
3.600000000000000000e+01 1.643588745615047128e-02 3.529992600951607773e-02 8.516615502816888173e-05 8.009194830446838761e-05
3.700000000000000000e+01 1.572001114333109600e-02 3.252182423005365447e-02 8.337817651292466544e-05 8.008002746330785163e-05
3.800000000000000000e+01 1.442286485963538076e-02 2.922294030508222618e-02 8.155377565198481716e-05 8.012357546577868585e-05
3.900000000000000000e+01 1.275387730613784798e-02 2.603908475744721313e-02 7.981374790952608920e-05 8.012407929294877414e-05
4.000000000000000000e+01 1.164035533218821077e-02 2.334872875879492535e-02 7.822507372067354493e-05 8.012313135295438392e-05
4.100000000000000000e+01 1.091535266702109083e-02 2.123921779612289104e-02 7.678069845788467569e-05 8.007931366566705192e-05
4.200000000000000000e+01 9.969918854029232239e-03 1.957480948119579706e-02 7.539165208880348364e-05 7.988831862527354989e-05
4.300000000000000000e+01 9.193742736116672365e-03 1.810873070324850800e-02 7.389621643889353970e-05 7.933476022189682344e-05
4.400000000000000000e+01 8.287446296550706262e-03 1.664028886807006336e-02 7.211585234400411581e-05 7.833904263932259769e-05
4.500000000000000000e+01 7.159674333205493998e-03 1.498216145666222097e-02 6.992667157223199619e-05 7.673177411368639557e-05
4.600000000000000000e+01 5.804775336381864936e-03 1.293429617585121864e-02 6.735206521534039951e-05 7.456793843880212371e-05
4.700000000000000000e+01 4.257002915467697490e-03 1.025186480412195247e-02 6.460510248070288795e-05 7.211486629122093529e-05
