# freqs 	 pli 	 dpli 	 meanpower(thalamus)	 meanpower(scalp)	pli
8.000000000000000000e+00 -9.303635559838463465e-02 -3.281002748670039382e-01 8.079659694313458880e-05 2.043818962668039990e-04
9.000000000000000000e+00 -8.717210208270366467e-02 -2.313905844224926622e-01 7.337709350297908070e-05 1.756816557351266125e-04
1.000000000000000000e+01 -6.691037517870100648e-02 -1.268939258869558329e-01 7.104169864027860403e-05 1.479329439213614085e-04
1.100000000000000000e+01 -2.306557163546702621e-02 -3.363286426656206252e-02 6.830523032821542108e-05 1.235492276682824799e-04
1.200000000000000000e+01 -6.093127346654343517e-03 2.501168343721293930e-02 6.305561573730424118e-05 1.078387581917551405e-04
1.300000000000000000e+01 -1.272093747566767873e-02 1.270469951003028695e-02 5.908558814142315799e-05 9.921338663958387488e-05
1.400000000000000000e+01 -2.611030694537077104e-02 -1.011368102761177890e-01 5.690087287522895904e-05 9.424847470254674425e-05
1.500000000000000000e+01 -2.690426546162014848e-02 -1.441393309890223740e-01 5.365298458425600412e-05 8.915473862875589000e-05
1.600000000000000000e+01 -1.490866052192882374e-02 -9.521070052263097550e-02 4.942380536177482555e-05 8.295125615296449352e-05
1.700000000000000000e+01 -8.275471956739350460e-03 -3.781623693995953689e-02 4.631164154132030929e-05 7.711440604544023906e-05
1.800000000000000000e+01 -3.772661027274199462e-03 -1.256474706503450493e-02 4.487460462053499872e-05 7.278345840406089638e-05
1.900000000000000000e+01 -2.096278672241343351e-03 -3.306302284978188295e-03 4.434295193013496831e-05 6.989774072095611412e-05
2.000000000000000000e+01 1.786181225293402824e-03 4.173973124956574694e-03 4.418481555715212842e-05 6.784416574467937069e-05
2.100000000000000000e+01 1.576650970571742520e-03 7.320626277310602649e-03 4.402869973378819099e-05 6.614683860425377431e-05
2.200000000000000000e+01 -1.649109106938825581e-03 1.523059916721086846e-03 4.375069508243156665e-05 6.455914540768252052e-05
2.300000000000000000e+01 -6.148646770546687887e-03 -1.041401652152070846e-02 4.334318603141314218e-05 6.297631940908090522e-05
2.400000000000000000e+01 -9.350179744852325781e-03 -2.205689301120337953e-02 4.295717393318327455e-05 6.136303897663127765e-05
2.500000000000000000e+01 -1.071281299123514469e-02 -2.803223332948877322e-02 4.274500166993836246e-05 5.966229987020802984e-05
2.600000000000000000e+01 -8.067330705100194538e-03 -2.649640829217649041e-02 4.268862428400122509e-05 5.787451757988602944e-05
2.700000000000000000e+01 -5.370848387694623916e-03 -1.980908514069941798e-02 4.273496431508819752e-05 5.607675585678449377e-05
2.800000000000000000e+01 -5.328488269401339926e-03 -1.296989122020206914e-02 4.285024994023887306e-05 5.435435419081249782e-05
2.900000000000000000e+01 -1.132608730915256713e-03 -1.038462395669723787e-02 4.305113489172417233e-05 5.276216472356816715e-05
3.000000000000000000e+01 1.636873533395654095e-03 -1.354813936658898904e-02 4.329473401152636035e-05 5.129848491996596678e-05
3.100000000000000000e+01 3.339444048820898719e-03 -2.045292625817531768e-02 4.345079221537978943e-05 4.996455144921963957e-05
3.200000000000000000e+01 3.375523406201321342e-03 -2.702641457756833551e-02 4.340492270002136880e-05 4.877311489266022748e-05
3.300000000000000000e+01 5.030782828667651994e-03 -2.946308935321987135e-02 4.307775831199630678e-05 4.770674232312097540e-05
3.400000000000000000e+01 7.266476168356847572e-03 -2.640032636533635318e-02 4.246616637792524076e-05 4.673718261771277091e-05
3.500000000000000000e+01 1.096297367687346438e-02 -1.867801479329619582e-02 4.161996688851902685e-05 4.586370032029926061e-05
3.600000000000000000e+01 1.087968798306737303e-02 -8.863872259697196110e-03 4.062249647625954338e-05 4.507740372969675749e-05
3.700000000000000000e+01 1.150870332613128030e-02 4.433398776092945404e-04 3.957549183276175958e-05 4.437026009259955434e-05
3.800000000000000000e+01 8.348175167220106899e-03 7.540397081106275240e-03 3.855696305795237042e-05 4.373597914623998618e-05
3.900000000000000000e+01 6.034015085512758544e-03 1.203088726225702391e-02 3.762486388954780600e-05 4.316233925957161879e-05
4.000000000000000000e+01 4.503922648785213534e-03 1.416071508647642752e-02 3.681465303756663949e-05 4.263435509518629968e-05
4.100000000000000000e+01 6.351198789958478579e-03 1.457578358606812820e-02 3.611087957598982688e-05 4.212211195470252174e-05
4.200000000000000000e+01 6.886470529608026275e-03 1.395020732428073514e-02 3.544788451239845237e-05 4.156921574367058336e-05
4.300000000000000000e+01 6.497297143372425011e-03 1.280511567897481447e-02 3.474568188053491272e-05 4.089317554347093674e-05
4.400000000000000000e+01 4.552856020435661934e-03 1.153555813633760224e-02 3.391769104503163681e-05 4.001464420455999675e-05
4.500000000000000000e+01 3.996497728551195831e-03 1.038494694107751359e-02 3.290464293419735202e-05 3.888005625193015021e-05
4.600000000000000000e+01 1.830247832626206387e-03 9.483624515159116281e-03 3.171601266953372243e-05 3.751113157021183177e-05
4.700000000000000000e+01 1.032392866724622226e-03 8.895897897677305585e-03 3.044509663732289370e-05 3.602251676141275617e-05
