# freqs 	 pli 	 dpli 	 meanpower(thalamus)	 meanpower(scalp)	pli
8.000000000000000000e+00 8.802048175919337941e-03 2.786252755025015598e-02 7.277828197575027160e-05 1.208176759802201557e-04
9.000000000000000000e+00 2.451322900608985875e-02 5.969913659761637292e-02 6.602302761291990003e-05 1.102779104628376919e-04
1.000000000000000000e+01 2.262192244705359817e-02 4.643064475399904384e-02 6.365025571259794906e-05 1.044438231239595388e-04
1.100000000000000000e+01 -2.237906282260140943e-04 -5.642448906697178704e-03 6.319871637392570219e-05 1.008549603042419219e-04
1.200000000000000000e+01 -1.200938090357208873e-02 -4.122344039760521273e-02 6.459640593103858235e-05 1.014901542202042533e-04
1.300000000000000000e+01 -2.030413077431656929e-02 -2.535846732896124972e-02 6.599370963004597200e-05 1.084223370990104485e-04
1.400000000000000000e+01 -2.509262236972195984e-02 -2.157890217078784270e-02 6.621050610727885271e-05 1.162909902485825142e-04
1.500000000000000000e+01 -2.504082743603701713e-02 -4.721605601083009307e-02 6.531339127847240762e-05 1.178732733113713389e-04
1.600000000000000000e+01 -3.126143620223317821e-02 -5.179082023294493548e-02 6.394122128414820791e-05 1.135203631473067921e-04
1.700000000000000000e+01 -2.318133492391745779e-02 -3.688675328677153836e-02 6.278306863521309841e-05 1.085017855755330879e-04
1.800000000000000000e+01 -1.491166935056100103e-02 -2.595600455882495633e-02 6.186191638126634334e-05 1.061742553464905376e-04
1.900000000000000000e+01 -1.488543950005643407e-02 -2.218041143470202495e-02 6.133004262447705175e-05 1.064011334067878681e-04
2.000000000000000000e+01 -9.440849569624040066e-03 -1.996468403317499390e-02 6.125655564742890397e-05 1.074989053277618743e-04
2.100000000000000000e+01 -8.482798374604741051e-03 -1.661512041894397732e-02 6.152314116373198982e-05 1.077077230142550648e-04
2.200000000000000000e+01 -3.742050956848474823e-03 -1.036477818993214277e-02 6.204919215853103224e-05 1.062474694119534005e-04
2.300000000000000000e+01 2.411773624957355699e-03 1.631608000786951554e-03 6.299644442575646835e-05 1.032948694566159203e-04
2.400000000000000000e+01 8.723507775866579453e-03 2.458155768067516941e-02 6.521744609710822358e-05 9.950670757043675037e-05
2.500000000000000000e+01 2.216580342756008237e-02 6.422271459032984076e-02 7.000996249611079363e-05 9.598772138971314372e-05
2.600000000000000000e+01 4.109504804138950501e-02 1.196804460013522059e-01 7.784697513754615004e-05 9.445998893113064128e-05
2.700000000000000000e+01 6.063682314053103067e-02 1.768603232545559734e-01 8.723078136332430637e-05 9.581869088104033475e-05
2.800000000000000000e+01 7.818814343175414794e-02 2.205662111174080953e-01 9.529011791655114772e-05 9.822077465698030453e-05
2.900000000000000000e+01 8.712588602445858754e-02 2.462852940330792773e-01 9.961491777494750979e-05 9.845408726751015641e-05
3.000000000000000000e+01 9.314542595539521130e-02 2.558922833351605086e-01 9.930582973825650842e-05 9.482107206396612835e-05
3.100000000000000000e+01 9.240663165968493464e-02 2.515459778940737912e-01 9.500117584601154683e-05 8.795057262386676356e-05
3.200000000000000000e+01 8.680057134971344568e-02 2.345367554257112019e-01 8.820253483713148541e-05 7.965944102386367319e-05
3.300000000000000000e+01 7.778029348918165387e-02 2.069310593408008048e-01 8.051669329523124187e-05 7.175003953591480737e-05
3.400000000000000000e+01 6.474000975980045980e-02 1.728703241664610590e-01 7.318757483727388014e-05 6.536087152011654290e-05
3.500000000000000000e+01 5.048033864109888885e-02 1.375501050169264106e-01 6.690287267226807091e-05 6.072742785549853118e-05
3.600000000000000000e+01 3.888147283268866827e-02 1.051241710080764030e-01 6.189459666407918831e-05 5.754605487234730140e-05
3.700000000000000000e+01 3.015489722598503966e-02 7.759909513874045650e-02 5.807731896276848289e-05 5.534105890657236649e-05
3.800000000000000000e+01 2.131317008385393702e-02 5.533261461159094674e-02 5.523481148188500432e-05 5.374261628928332695e-05
3.900000000000000000e+01 1.514958894821595049e-02 3.760249440459011855e-02 5.314858856551012432e-05 5.249131971406005229e-05
4.000000000000000000e+01 8.653408228328525811e-03 2.352043002485903339e-02 5.161745500612812949e-05 5.143912893744696194e-05
4.100000000000000000e+01 4.238055906569810662e-03 1.244515391872218386e-02 5.045382362590498536e-05 5.048479982312090777e-05
4.200000000000000000e+01 3.057233433123753789e-03 4.046193414972061066e-03 4.948274193718329934e-05 4.953444531758206874e-05
4.300000000000000000e+01 1.238655946548408195e-03 -1.867612200020213331e-03 4.852843335076719025e-05 4.847550919852812250e-05
4.400000000000000000e+01 -1.455936174016125850e-03 -5.533172323201257688e-03 4.743778419101309682e-05 4.720577639281042028e-05
4.500000000000000000e+01 -1.473235439013579002e-03 -7.318762614632625535e-03 4.611238424973827809e-05 4.565163035465521292e-05
4.600000000000000000e+01 -9.051305621448537536e-04 -7.668911178156023398e-03 4.456600215487578533e-05 4.384545071432362874e-05
4.700000000000000000e+01 -1.115285761126708899e-03 -7.016128649805895671e-03 4.295165309988527156e-05 4.194890655568900300e-05
