# freqs 	 pli 	 dpli 	 meanpower(thalamus)	 meanpower(scalp)	pli
8.000000000000000000e+00 8.979769996920322628e-02 1.221612816651602984e-01 1.103370826643870653e-04 2.975213314739906436e-04
9.000000000000000000e+00 6.624302130560148771e-02 1.020534863359309624e-01 9.307770996853501533e-05 2.435045520373363805e-04
1.000000000000000000e+01 3.396968550775295720e-02 7.546067163807328171e-02 8.572349830197047930e-05 2.155382760925939729e-04
1.100000000000000000e+01 3.291125609047654277e-02 8.027214779948949053e-02 8.158683241140980843e-05 1.961588031312878075e-04
1.200000000000000000e+01 3.032325771599197681e-02 8.868422596218382414e-02 7.736658867019824415e-05 1.875737591942698568e-04
1.300000000000000000e+01 2.210613366289206419e-02 8.146073815692055076e-02 7.228142920330472756e-05 2.002405855460586553e-04
1.400000000000000000e+01 1.672908445940820762e-02 6.114813648718710193e-02 6.676533456127773151e-05 2.131753707097830657e-04
1.500000000000000000e+01 1.536632458282554022e-02 3.693235984221263785e-02 6.155048880186446826e-05 2.036027173994668378e-04
1.600000000000000000e+01 1.339985362470447194e-02 2.440207529349763468e-02 5.755406364179802003e-05 1.771636050074212345e-04
1.700000000000000000e+01 1.099877895796753415e-02 2.474783822622753440e-02 5.502142640229396069e-05 1.501516618228357716e-04
1.800000000000000000e+01 1.259111141350830257e-02 2.925455111035042688e-02 5.356335286394849153e-05 1.312987408650165679e-04
1.900000000000000000e+01 1.468768258283074772e-02 3.078341046799767250e-02 5.267067483937452860e-05 1.203234883878736064e-04
2.000000000000000000e+01 1.585205077191068068e-02 2.800809836963849206e-02 5.204248675575372604e-05 1.137043458882857402e-04
2.100000000000000000e+01 1.338986957427125944e-02 2.355354555522009424e-02 5.150190704254528737e-05 1.085879483910424795e-04
2.200000000000000000e+01 1.308840429279224497e-02 2.009242729465521293e-02 5.096317319300302292e-05 1.037021444709097269e-04
2.300000000000000000e+01 1.259128573575412670e-02 1.791182595264886879e-02 5.045238377506631598e-05 9.886345698800371839e-05
2.400000000000000000e+01 1.209268622012499642e-02 1.601486181243122475e-02 5.000013555341250481e-05 9.431407112742899810e-05
2.500000000000000000e+01 1.198712468933025611e-02 1.419768640951563250e-02 4.959123194355317011e-05 9.027087674060480004e-05
2.600000000000000000e+01 1.099130421497393137e-02 1.315228912893815112e-02 4.921731066169581062e-05 8.682971011769295168e-05
2.700000000000000000e+01 9.854363699700437879e-03 1.344186440037044988e-02 4.887544940174679551e-05 8.394055493507910303e-05
2.800000000000000000e+01 9.887021091721631336e-03 1.503052344864997704e-02 4.855471015268366389e-05 8.137818867775356189e-05
2.900000000000000000e+01 1.018079605788249978e-02 1.743567526064137424e-02 4.825393019294740127e-05 7.892345892313537721e-05
3.000000000000000000e+01 1.045229792328111230e-02 2.015755681365804033e-02 4.799140639498072550e-05 7.648286789022172973e-05
3.100000000000000000e+01 1.172266648163888293e-02 2.279669167313429223e-02 4.777181646859193434e-05 7.407692413017303418e-05
3.200000000000000000e+01 1.159366802025561978e-02 2.505960565141527110e-02 4.759977327268898674e-05 7.176108736811097539e-05
3.300000000000000000e+01 1.241049457114565269e-02 2.667728775048811701e-02 4.746609126033884740e-05 6.961146847789449299e-05
3.400000000000000000e+01 1.289762593937182969e-02 2.759819399172675283e-02 4.735974470158740905e-05 6.767374479892804468e-05
3.500000000000000000e+01 1.282541615507283225e-02 2.803261077521998490e-02 4.726991735966529305e-05 6.594691667532234097e-05
3.600000000000000000e+01 1.334887541246086891e-02 2.832204842165264927e-02 4.717530582266818933e-05 6.440552041009597515e-05
3.700000000000000000e+01 1.346540632917953006e-02 2.868985872584705124e-02 4.706342506724843505e-05 6.301144977916223536e-05
3.800000000000000000e+01 1.445092265209552314e-02 2.913850214639049363e-02 4.692880661037850132e-05 6.175308695208662027e-05
3.900000000000000000e+01 1.475760122694070621e-02 2.951783613019970734e-02 4.677102509142344236e-05 6.059350284926273841e-05
4.000000000000000000e+01 1.523212775690699697e-02 2.970151160422127359e-02 4.657983886924953193e-05 5.951300867418524864e-05
4.100000000000000000e+01 1.622394294694419134e-02 2.960237014549468859e-02 4.633385838599635517e-05 5.846948384182834314e-05
4.200000000000000000e+01 1.627760317949819568e-02 2.918456121236367648e-02 4.598675457477284691e-05 5.738865625060365693e-05
4.300000000000000000e+01 1.656346695587995743e-02 2.843160957198317962e-02 4.546333803442667110e-05 5.616970506903596916e-05
4.400000000000000000e+01 1.598027887445452322e-02 2.745797424467111975e-02 4.467802273230935645e-05 5.470904896449935319e-05
4.500000000000000000e+01 1.568335354235233028e-02 2.630662923042316470e-02 4.358042519582026371e-05 5.292915047669716406e-05
4.600000000000000000e+01 1.476883213158026835e-02 2.507635582814321876e-02 4.221860155981143253e-05 5.086113125119747126e-05
4.700000000000000000e+01 1.349631625799702778e-02 2.388646930833289786e-02 4.075984502769346309e-05 4.866470479816717545e-05
