# freqs 	 pli 	 dpli 	 meanpower(thalamus)	 meanpower(scalp)	pli
8.000000000000000000e+00 2.891202310208431867e-02 6.202129190872585768e-02 2.699414385497214022e-05 2.162115043978604548e-04
9.000000000000000000e+00 4.675530378602722054e-02 9.371882939987868921e-02 2.752181807197257645e-05 1.909826739780943312e-04
1.000000000000000000e+01 4.388052959828437488e-02 8.848669152285394690e-02 2.774803892533063654e-05 1.659214320446295097e-04
1.100000000000000000e+01 2.657280413789607845e-02 3.547872941952232712e-02 2.787754945248028688e-05 1.531361877619664079e-04
1.200000000000000000e+01 2.082869249557849078e-02 1.832568544092429141e-02 2.905228365279955428e-05 1.575818457249803168e-04
1.300000000000000000e+01 1.155470204717195387e-02 8.644202671352822429e-03 3.127926392379251896e-05 1.732583934435535618e-04
1.400000000000000000e+01 1.137995809568770680e-03 -8.422884004019214055e-03 3.353009000380930234e-05 1.915932628981677200e-04
1.500000000000000000e+01 -4.055040888668820162e-03 -1.724118460536890399e-02 3.490940775465888220e-05 2.051162292624680655e-04
1.600000000000000000e+01 -4.065415196931324721e-03 -2.027519191257444453e-02 3.530070225153650776e-05 2.119417051159412711e-04
1.700000000000000000e+01 -7.508490997894644997e-03 -3.151363875682745841e-02 3.523192909803644365e-05 2.137158938285120828e-04
1.800000000000000000e+01 -2.151619329468597297e-02 -6.070763319219630444e-02 3.538965932488120691e-05 2.119959393610402391e-04
1.900000000000000000e+01 -4.106184789055494777e-02 -1.023044020812139271e-01 3.598031681921743101e-05 2.061591396365693185e-04
2.000000000000000000e+01 -5.371355467269606915e-02 -1.386157573152951850e-01 3.666455171981800460e-05 1.947264657973781182e-04
2.100000000000000000e+01 -5.707263736239431839e-02 -1.526648258469376351e-01 3.707865392532664136e-05 1.783463174304427063e-04
2.200000000000000000e+01 -5.329905005459256023e-02 -1.394634807680590061e-01 3.706674944073956325e-05 1.599141125860397620e-04
2.300000000000000000e+01 -4.254800948035015323e-02 -1.076124452455173575e-01 3.637617912463442856e-05 1.422627345480835873e-04
2.400000000000000000e+01 -2.944249120118467081e-02 -6.947851244464507692e-02 3.483670114810762152e-05 1.269555365951997178e-04
2.500000000000000000e+01 -1.456221689364183176e-02 -3.281430729394791551e-02 3.274808107449368180e-05 1.146471093903437226e-04
2.600000000000000000e+01 -4.033710821437705971e-04 -1.130766454613038900e-03 3.070749435303687523e-05 1.053198369358683323e-04
2.700000000000000000e+01 1.058701176745707045e-02 2.262707818756773404e-02 2.913837926077407983e-05 9.865256327885720889e-05
2.800000000000000000e+01 1.707262091801289502e-02 3.638866473981536287e-02 2.808825785901522011e-05 9.383484650754512764e-05
2.900000000000000000e+01 1.935257349139669902e-02 4.018710093058976141e-02 2.736159384074209107e-05 9.026690726696921362e-05
3.000000000000000000e+01 1.780597277467897699e-02 3.608856153596565891e-02 2.673549376057381008e-05 8.742443425948432420e-05
3.100000000000000000e+01 1.356387843924950973e-02 2.665674617476362918e-02 2.608510718225984465e-05 8.513177027912883349e-05
3.200000000000000000e+01 7.435882352343420494e-03 1.436039036559160799e-02 2.538731047629553435e-05 8.315720029652252194e-05
3.300000000000000000e+01 9.541965365214157653e-04 1.095667525868935892e-03 2.467410603819653864e-05 8.137388626733173507e-05
3.400000000000000000e+01 -5.407237684192081964e-03 -1.180579350717643992e-02 2.398958102394540070e-05 7.995057786659995412e-05
3.500000000000000000e+01 -1.078961227593148824e-02 -2.342684909571140020e-02 2.336007913928817755e-05 7.885699171847099405e-05
3.600000000000000000e+01 -1.602495078219078051e-02 -3.322370543574592466e-02 2.279873044488835274e-05 7.820965275995255927e-05
3.700000000000000000e+01 -1.936645907074689699e-02 -4.072617006482527613e-02 2.230443514143208819e-05 7.788894856823272038e-05
3.800000000000000000e+01 -2.119142995432098456e-02 -4.559948206898929712e-02 2.186895018564580692e-05 7.768182747321340711e-05
3.900000000000000000e+01 -2.190773225890652043e-02 -4.774319165953521543e-02 2.147903771382967428e-05 7.712484819687748260e-05
4.000000000000000000e+01 -2.192536993227701264e-02 -4.743643691277139168e-02 2.112017160516908816e-05 7.610100739348078813e-05
4.100000000000000000e+01 -2.085767447985954412e-02 -4.522058588793045203e-02 2.077455920498065911e-05 7.459842557163459307e-05
4.200000000000000000e+01 -1.892375772125413219e-02 -4.176760075916063908e-02 2.041552472224609201e-05 7.270499844128494517e-05
4.300000000000000000e+01 -1.667234425677975931e-02 -3.771977668098040748e-02 2.000567684906237543e-05 7.042143607988258103e-05
4.400000000000000000e+01 -1.429843717593665825e-02 -3.354283639551296214e-02 1.950761054875599040e-05 6.795049867427938560e-05
4.500000000000000000e+01 -1.207974340567786499e-02 -2.948500395069319352e-02 1.889827647491022411e-05 6.523114939772353465e-05
4.600000000000000000e+01 -1.014076806830222638e-02 -2.554948455129904539e-02 1.819209678944186655e-05 6.233363113950490385e-05
4.700000000000000000e+01 -7.975084981228274320e-03 -2.159437921547563768e-02 1.745169842601325451e-05 5.944664045186608744e-05
