# freqs 	 pli 	 dpli 	 meanpower(thalamus)	 meanpower(scalp)	pli
8.000000000000000000e+00 3.106915403652570074e-02 6.883341327979287938e-02 2.304416881217042419e-04 7.555217788154207836e-04
9.000000000000000000e+00 2.769477069961722576e-02 4.912816025953463395e-02 2.070594643181044431e-04 6.067293724903854036e-04
1.000000000000000000e+01 1.527778705417282348e-02 1.135183279430372096e-02 2.059655055113941485e-04 5.123714959891751504e-04
1.100000000000000000e+01 1.057608688407584152e-01 4.094701083394586827e-01 2.316323839167766865e-04 4.912537157379016526e-04
1.200000000000000000e+01 1.490812371136406578e-01 6.340311362952927299e-01 2.411309794992506060e-04 4.732412347904820372e-04
1.300000000000000000e+01 1.084778343780125887e-01 5.310323513632072556e-01 2.062767185985549300e-04 4.293305691849128632e-04
1.400000000000000000e+01 4.437668536132588493e-02 2.797997016525529679e-01 1.580294776033696821e-04 3.585610704084864664e-04
1.500000000000000000e+01 3.545410365396333557e-03 8.694990442875273617e-02 1.243543786338399074e-04 2.806372620730333356e-04
1.600000000000000000e+01 -7.146596511880374744e-03 1.673721145390364567e-02 1.086678262358953972e-04 2.216186633859036691e-04
1.700000000000000000e+01 -9.638490434014030869e-03 1.817925512123726639e-03 1.026750007770563049e-04 1.858706456332418367e-04
1.800000000000000000e+01 -1.185790070046804229e-02 -3.443929408579097726e-03 9.945251997915880685e-05 1.646585354918070733e-04
1.900000000000000000e+01 -1.313180242938057594e-02 -8.918814234459145410e-03 9.618578724351293380e-05 1.506594518386579690e-04
2.000000000000000000e+01 -1.428616551759783783e-02 -1.075179376706728376e-02 9.278005734100843620e-05 1.403577238996099044e-04
2.100000000000000000e+01 -7.248094562723740933e-03 4.780798395476308117e-03 9.031631835942120301e-05 1.322839510490432231e-04
2.200000000000000000e+01 5.007772561009368913e-03 4.673271060017841760e-02 8.930372047171392721e-05 1.256878738670316113e-04
2.300000000000000000e+01 2.031390144815831827e-02 1.004874380405855749e-01 8.871256064414481126e-05 1.199646945127484643e-04
2.400000000000000000e+01 3.085250454649028293e-02 1.396314531657642244e-01 8.714201950882569385e-05 1.146963804553283211e-04
2.500000000000000000e+01 3.344386362086678582e-02 1.502895041178518298e-01 8.406144503769328224e-05 1.096828019564790457e-04
2.600000000000000000e+01 2.980256879388585439e-02 1.358438688532241367e-01 7.986403694386873351e-05 1.048060823289087177e-04
2.700000000000000000e+01 2.356610088747562726e-02 1.079888107048437157e-01 7.543877705734408027e-05 1.000386389994988289e-04
2.800000000000000000e+01 1.635088649229422819e-02 7.872274142345718484e-02 7.150768335050006511e-05 9.538135974312224102e-05
2.900000000000000000e+01 9.205030019139115102e-03 5.516863764291753819e-02 6.834962613501711763e-05 9.094526572780788532e-05
3.000000000000000000e+01 3.737445056925659762e-03 3.906903468697709575e-02 6.592554282231739913e-05 8.691137531447262429e-05
3.100000000000000000e+01 1.068517237848619437e-03 2.905911543587174836e-02 6.406991314745631694e-05 8.341862300793096341e-05
3.200000000000000000e+01 -1.273505817983022976e-03 2.298852640495528329e-02 6.264136559706588486e-05 8.049237178425195890e-05
3.300000000000000000e+01 -2.834532756649573576e-03 1.893780140645157442e-02 6.151257613369151187e-05 7.807050532405075433e-05
3.400000000000000000e+01 -3.806021785523513133e-03 1.575227643235699998e-02 6.056945205122118557e-05 7.606678077133195953e-05
3.500000000000000000e+01 -3.324543325366316904e-03 1.301562005233547654e-02 5.970155790406208332e-05 7.437535095399713792e-05
3.600000000000000000e+01 -3.505501686178026134e-03 1.096788614002335537e-02 5.883872989204188837e-05 7.292395110208262294e-05
3.700000000000000000e+01 -3.771540949587278910e-03 9.851246295958621460e-03 5.794304376960734097e-05 7.167935630703727642e-05
3.800000000000000000e+01 -3.824729595730194144e-03 9.568246478466926538e-03 5.701390722079457290e-05 7.062802604724444154e-05
3.900000000000000000e+01 -3.468950211369521437e-03 9.762194373970701708e-03 5.607487549317595400e-05 6.973718055481248834e-05
4.000000000000000000e+01 -1.452422250298007885e-03 1.007909958718968164e-02 5.515334900755243037e-05 6.897763840774214417e-05
4.100000000000000000e+01 -5.281299119650258601e-04 1.037008783448959207e-02 5.425010555826030432e-05 6.828969196125990720e-05
4.200000000000000000e+01 3.730632891737147884e-04 1.066665315136278679e-02 5.332633824834207291e-05 6.756469964721435577e-05
4.300000000000000000e+01 1.372941408512293789e-04 1.100506591407447721e-02 5.229960040214162075e-05 6.664818002000781464e-05
4.400000000000000000e+01 2.408725293442102772e-04 1.134493716616925309e-02 5.106686751706010247e-05 6.539158226016480427e-05
4.500000000000000000e+01 9.550771323944642378e-04 1.150344095537822811e-02 4.955322123179775829e-05 6.369537978754652397e-05
4.600000000000000000e+01 1.121848367870399666e-03 1.123062449463816358e-02 4.778378057347988265e-05 6.159950073291208851e-05
4.700000000000000000e+01 1.363313099016925413e-03 1.026381757302081976e-02 4.590946837706039321e-05 5.932344905768087282e-05
