# freqs 	 pli 	 dpli 	 meanpower(thalamus)	 meanpower(scalp)	pli
8.000000000000000000e+00 -7.127061604895583435e-02 -1.361377717055460568e-01 1.859993119790165808e-05 3.645413251633981789e-04
9.000000000000000000e+00 -4.735391710252516428e-02 -1.114772188014712118e-01 1.809110665571182658e-05 2.626718912523024483e-04
1.000000000000000000e+01 -2.981084205793564298e-02 -7.253842473119670453e-02 1.808433509586440533e-05 1.968627426823964981e-04
1.100000000000000000e+01 -1.362465597342469963e-02 -3.363813511602879031e-02 1.837701129269873386e-05 1.614822101896820758e-04
1.200000000000000000e+01 -1.893541427735048396e-02 -4.619230438426788488e-02 1.868846685707408175e-05 1.434899170554137387e-04
1.300000000000000000e+01 -2.203836872780329942e-02 -5.026908208443248843e-02 1.900025418666680260e-05 1.357629354937908500e-04
1.400000000000000000e+01 -1.991473129137215359e-02 -3.621541035972230399e-02 1.942444777566906464e-05 1.320351951095234189e-04
1.500000000000000000e+01 -1.042325965213071991e-02 -3.612459739226725475e-02 1.970535219356327262e-05 1.258771655080596918e-04
1.600000000000000000e+01 -1.907057956620638803e-02 -3.977692841974966170e-02 1.990063996826251565e-05 1.167585182634086656e-04
1.700000000000000000e+01 -2.764209413686520220e-02 -3.579956386247807459e-02 2.012381906510334940e-05 1.057741745541695337e-04
1.800000000000000000e+01 -2.111170711008990633e-02 -3.075257245474961876e-02 2.038471763193780857e-05 9.475659536557992798e-05
1.900000000000000000e+01 -1.842602375692376643e-02 -3.161209728758360843e-02 2.062817837723828978e-05 8.578798227980432710e-05
2.000000000000000000e+01 -2.316089378321275344e-02 -3.304754859096604297e-02 2.084847955046341351e-05 7.876359540620947518e-05
2.100000000000000000e+01 -2.218897032935377572e-02 -3.224785593782235338e-02 2.109234914920912136e-05 7.322807873233378752e-05
2.200000000000000000e+01 -2.585068847160104655e-02 -2.920945850881427608e-02 2.132947393907622544e-05 6.866650228170405876e-05
2.300000000000000000e+01 -1.458376665973344470e-02 -2.360801936944385490e-02 2.155716207936355186e-05 6.459889320379787875e-05
2.400000000000000000e+01 -7.558971979810745825e-03 -1.750000098459816855e-02 2.174690275356929109e-05 6.070907856531705080e-05
2.500000000000000000e+01 3.495105253055217926e-03 -1.295040646895600014e-02 2.193284419546899177e-05 5.705095751864242286e-05
2.600000000000000000e+01 1.655443770892980025e-03 -9.645425530483021231e-03 2.217414343137499050e-05 5.373997249161093680e-05
2.700000000000000000e+01 -6.397082930183836810e-05 -7.190197111045578716e-03 2.247479057962626839e-05 5.081680286520505306e-05
2.800000000000000000e+01 -1.279314287541877607e-03 -6.909628668971477296e-03 2.275843914731487803e-05 4.821236956147076591e-05
2.900000000000000000e+01 3.437882264525052756e-04 -9.823104188167008921e-03 2.297774208431601446e-05 4.593960051797765201e-05
3.000000000000000000e+01 -4.876800818662956906e-04 -1.465958555340248284e-02 2.314328653618942394e-05 4.395698015751420425e-05
3.100000000000000000e+01 -7.386563489271896071e-03 -1.929830236888458242e-02 2.329219315646149119e-05 4.220917160906440381e-05
3.200000000000000000e+01 -6.530670972486451314e-03 -2.276148096773894167e-02 2.342628014210891809e-05 4.068965174932919133e-05
3.300000000000000000e+01 -7.145883124045816596e-03 -2.541464688849585582e-02 2.355213510498053515e-05 3.934514347745003758e-05
3.400000000000000000e+01 -1.157316751520576746e-02 -2.791338586640278174e-02 2.366183322940809404e-05 3.814633248947191230e-05
3.500000000000000000e+01 -1.532104665846134237e-02 -3.057901290731308147e-02 2.372730999097105535e-05 3.708906037694457704e-05
3.600000000000000000e+01 -1.354623702318444485e-02 -3.311595295310668097e-02 2.374988140332826911e-05 3.614346837419560478e-05
3.700000000000000000e+01 -1.402518939999360635e-02 -3.501595189164296434e-02 2.375144800144364122e-05 3.530220673464414211e-05
3.800000000000000000e+01 -1.514279778171996604e-02 -3.610857397082455761e-02 2.373650545393770175e-05 3.457486086221424814e-05
3.900000000000000000e+01 -1.693208786467114563e-02 -3.639111385899970741e-02 2.369734468232346852e-05 3.396743023191959774e-05
4.000000000000000000e+01 -1.860937100485809265e-02 -3.616232441405544534e-02 2.363770010979048518e-05 3.345131937891787963e-05
4.100000000000000000e+01 -1.631550772230078855e-02 -3.574577217945855423e-02 2.356769553121843846e-05 3.297682146918879835e-05
4.200000000000000000e+01 -1.394992090251034704e-02 -3.520179123728654075e-02 2.347143655902474228e-05 3.246704563255231515e-05
4.300000000000000000e+01 -1.337466643230373481e-02 -3.429814836889262530e-02 2.330612979049175281e-05 3.185468375099219645e-05
4.400000000000000000e+01 -1.000263647766583795e-02 -3.282338108322135212e-02 2.301128185000699759e-05 3.107836772375935017e-05
4.500000000000000000e+01 -8.244655354232575603e-03 -3.063400242335654472e-02 2.255306443067288640e-05 3.010735699850933871e-05
4.600000000000000000e+01 -5.735877996756592531e-03 -2.779412855550996569e-02 2.196520329709898404e-05 2.897425442871588938e-05
4.700000000000000000e+01 -6.390695147864709248e-03 -2.463701674019631513e-02 2.134355403324922218e-05 2.777290346173315471e-05
