# freqs 	 pli 	 dpli 	 meanpower(thalamus)	 meanpower(scalp)	pli
8.000000000000000000e+00 -1.692928434911870894e-01 -3.298728468631176303e-01 2.414337483166786313e+01 1.977570612339228262e+02
9.000000000000000000e+00 -7.267430416125349180e-02 -2.772252117926413684e-01 2.539584890297986774e+01 1.827667242292698404e+02
1.000000000000000000e+01 -1.091087024761342034e-01 -2.144835914526815601e-01 2.622157877429132355e+01 1.704884725730435093e+02
1.100000000000000000e+01 -5.604832410477166016e-02 -1.356080074554270598e-01 2.638397361759443527e+01 1.651474245731016595e+02
1.200000000000000000e+01 -6.119498611818435796e-02 -5.977744374325847515e-02 2.641241261802636231e+01 1.630575770341205555e+02
1.300000000000000000e+01 -5.107846201938105735e-02 -5.096522866501750765e-02 2.621179371899923183e+01 1.592434874814456975e+02
1.400000000000000000e+01 -3.916075579662633283e-02 -6.841874399087963243e-02 2.579076146448998230e+01 1.498730481776270267e+02
1.500000000000000000e+01 -3.634669151910531470e-02 -8.399331749130813096e-02 2.534315654346209712e+01 1.397013626867993707e+02
1.600000000000000000e+01 -2.438017097782244069e-02 -6.945848218885238012e-02 2.499385290794755576e+01 1.312414246387936032e+02
1.700000000000000000e+01 -3.950705815173366497e-02 -6.099575746698807782e-02 2.476997719062214998e+01 1.230600310173063292e+02
1.800000000000000000e+01 -4.947460595446585147e-02 -7.632677969591089573e-02 2.463686335405783723e+01 1.156569168339646865e+02
1.900000000000000000e+01 -5.818045675776862408e-02 -9.974858392719744560e-02 2.453507254557489503e+01 1.097165736920135259e+02
2.000000000000000000e+01 -5.099222523695384757e-02 -1.002515710896410978e-01 2.445973783456679129e+01 1.049675419016182900e+02
2.100000000000000000e+01 -3.021033411586161038e-02 -7.341605884015195427e-02 2.442801860309935691e+01 1.004980518138491590e+02
2.200000000000000000e+01 -1.228684017808362450e-02 -3.890750477616558567e-02 2.445663328123755420e+01 9.654053660865157838e+01
2.300000000000000000e+01 -4.533649245910602484e-03 -1.474684569100634737e-02 2.451108967597149757e+01 9.384520652399532992e+01
2.400000000000000000e+01 -1.536401673640167345e-02 -4.618571421810144240e-03 2.456853223925574525e+01 9.237385068699336443e+01
2.500000000000000000e+01 -1.662443201677735183e-02 -5.856105409979925645e-05 2.462975122029441621e+01 9.152448627620243826e+01
2.600000000000000000e+01 -3.670732101144278184e-03 7.391404078094182019e-03 2.470456444678478647e+01 9.076973348271832265e+01
2.700000000000000000e+01 6.392367071411270488e-03 1.566790358230827490e-02 2.478835664771962755e+01 8.985751898063598730e+01
2.800000000000000000e+01 1.406901703637608754e-02 1.967330308527456481e-02 2.487091100487922546e+01 8.881032892437706039e+01
2.900000000000000000e+01 1.123159153389406174e-02 1.526504922829944287e-02 2.494125016146522000e+01 8.748083045044039352e+01
3.000000000000000000e+01 9.807799584157412404e-03 7.230003239204761505e-03 2.500177556644601395e+01 8.580488141464078922e+01
3.100000000000000000e+01 2.886507326135376045e-03 1.469033915261749651e-03 2.505860478687591453e+01 8.403764125456319789e+01
3.200000000000000000e+01 1.475216365066876582e-03 1.103079362982370805e-03 2.512051435153096079e+01 8.240365471135409337e+01
3.300000000000000000e+01 6.332634044006440165e-03 4.076039656557528881e-03 2.519608969861727843e+01 8.111388566308455950e+01
3.400000000000000000e+01 1.126422432419455465e-02 8.473053988386634178e-03 2.528665434987101435e+01 8.028980697258620580e+01
3.500000000000000000e+01 9.783468129900069893e-03 1.285538521630159164e-02 2.539420797825896869e+01 7.968070683326678250e+01
3.600000000000000000e+01 1.192523576436792417e-02 1.722430677042619332e-02 2.551782588931872553e+01 7.925678481261022057e+01
3.700000000000000000e+01 1.338381944965134560e-02 2.134169723286148679e-02 2.565138348265367796e+01 7.894058296108141803e+01
3.800000000000000000e+01 1.346829281783235195e-02 2.367137703798483442e-02 2.578365928091905701e+01 7.869220757971874036e+01
3.900000000000000000e+01 1.438783158741476116e-02 2.656742809259517862e-02 2.590019214708210527e+01 7.842651151975466917e+01
4.000000000000000000e+01 1.498840075395099260e-02 2.894803288436732444e-02 2.597827001285318360e+01 7.821529675257521319e+01
4.100000000000000000e+01 1.797472220475553051e-02 3.112774299652060900e-02 2.599418349508283654e+01 7.801933976583347885e+01
4.200000000000000000e+01 1.706928330380118666e-02 3.316193086759207376e-02 2.591544970515365875e+01 7.772304051273019354e+01
4.300000000000000000e+01 1.840490797546012400e-02 3.528418205043437617e-02 2.570062001297659293e+01 7.714543923570866468e+01
4.400000000000000000e+01 2.160482931478801064e-02 3.684807879197830871e-02 2.530811805520513857e+01 7.618366058251640993e+01
4.500000000000000000e+01 2.608330563476374611e-02 3.791080196482773251e-02 2.471807005063573826e+01 7.463742746869824884e+01
4.600000000000000000e+01 2.678524990898216093e-02 3.792657824961750274e-02 2.396195935873724281e+01 7.259445894708407820e+01
4.700000000000000000e+01 2.177554438860971470e-02 3.630334618504538202e-02 2.313944485308095267e+01 7.033967257666763828e+01
