# freqs 	 pli 	 dpli 	 meanpower(thalamus)	 meanpower(scalp)	pli
8.000000000000000000e+00 3.591891446390513276e-02 1.122779872723399935e-01 6.876805521311542756e-05 2.549355396331580621e-04
9.000000000000000000e+00 8.295756571842685667e-02 1.947152157023907815e-01 6.570721312938474575e-05 2.236640060995908762e-04
1.000000000000000000e+01 5.255560085851158220e-02 1.057030048742497452e-01 6.252049102599612645e-05 1.639617964683803277e-04
1.100000000000000000e+01 1.635884377065171397e-02 3.253490078647668093e-02 6.115353588627521692e-05 1.285174202528643309e-04
1.200000000000000000e+01 2.337330523113407069e-03 -4.646389219695735463e-03 6.058018832397495769e-05 1.157591669465947193e-04
1.300000000000000000e+01 8.689639952214397046e-04 -1.176232917128336095e-02 6.054799668428795283e-05 1.142429161027666118e-04
1.400000000000000000e+01 2.785330167925486374e-03 -6.425724788068550367e-03 6.149653307481433423e-05 1.161138734823781069e-04
1.500000000000000000e+01 3.810086730538748490e-04 -6.169165560125363518e-03 6.374208206402215003e-05 1.169909376589637956e-04
1.600000000000000000e+01 -4.122761096926208339e-03 -1.044755076361648764e-02 6.646389910669223242e-05 1.149768552694790095e-04
1.700000000000000000e+01 -6.473780072982253213e-03 -1.383197398288071693e-02 6.810966801488244537e-05 1.105051876515514427e-04
1.800000000000000000e+01 -7.569329807525096779e-03 -1.677517051440886864e-02 6.797239555778077699e-05 1.048516898641374843e-04
1.900000000000000000e+01 -9.465399501880219016e-03 -2.086784890781628876e-02 6.669223652735627216e-05 9.925139589795634726e-05
2.000000000000000000e+01 -1.239881263543404430e-02 -2.430329249717044088e-02 6.524341074684816724e-05 9.452557107608291413e-05
2.100000000000000000e+01 -1.310178970960013817e-02 -2.536690402009994863e-02 6.419333888284688746e-05 9.090199358472105223e-05
2.200000000000000000e+01 -1.157953030838341189e-02 -2.379902549664933420e-02 6.367680666167883788e-05 8.808247758996642289e-05
2.300000000000000000e+01 -9.541002336423472230e-03 -2.001204054728974654e-02 6.365768017491783034e-05 8.572702937575905555e-05
2.400000000000000000e+01 -8.478066213011670182e-03 -1.564101123200931434e-02 6.416291513375240070e-05 8.367808284094778643e-05
2.500000000000000000e+01 -6.866743573100853905e-03 -1.314971744566571787e-02 6.529643975086372716e-05 8.191600601359365515e-05
2.600000000000000000e+01 -7.891093006860812331e-03 -1.373394419190548076e-02 6.695694299962043458e-05 8.040286974898769518e-05
2.700000000000000000e+01 -9.215571625478927859e-03 -1.596352599624792368e-02 6.868342399844383722e-05 7.911859251612813194e-05
2.800000000000000000e+01 -9.848597010678535046e-03 -1.750606347239255789e-02 6.994449796462418609e-05 7.792989154183665892e-05
2.900000000000000000e+01 -9.911190516555600655e-03 -1.679780757027501265e-02 7.057117002597557056e-05 7.685272254737589629e-05
3.000000000000000000e+01 -8.821677026754390361e-03 -1.391563480063598250e-02 7.078140922114026267e-05 7.588880685660482001e-05
3.100000000000000000e+01 -6.528940776851746564e-03 -9.863163869236744527e-03 7.091926646187340260e-05 7.518062399049284337e-05
3.200000000000000000e+01 -4.378686872256809873e-03 -5.829711073612711854e-03 7.118252879891167890e-05 7.470195060978186534e-05
3.300000000000000000e+01 -2.290642933305502178e-03 -2.614034618058009608e-03 7.157185598304783962e-05 7.436294327417563741e-05
3.400000000000000000e+01 -1.028326322643421508e-03 -5.055537356179444367e-04 7.199622492307798563e-05 7.417812756452271347e-05
3.500000000000000000e+01 -3.217444665453468447e-04 3.256825598425172239e-04 7.235172142801053698e-05 7.400187180521226188e-05
3.600000000000000000e+01 -3.895824398026968361e-04 2.587085794280990245e-05 7.260103570168484539e-05 7.385418323992150151e-05
3.700000000000000000e+01 -7.357594448190707924e-04 -1.109402668026744166e-03 7.274758391698063129e-05 7.373562231994213129e-05
3.800000000000000000e+01 -1.563627388088337233e-03 -2.644922304671469115e-03 7.280143061462880346e-05 7.370436741711314341e-05
3.900000000000000000e+01 -2.654042283249401050e-03 -4.222664464518262502e-03 7.275135185333666339e-05 7.367131118590201802e-05
4.000000000000000000e+01 -3.173544693584414225e-03 -5.511724960642481325e-03 7.256972043481614944e-05 7.368560226146109019e-05
4.100000000000000000e+01 -3.079543157644144824e-03 -6.354386422342746775e-03 7.219893676525874940e-05 7.370650747082255455e-05
4.200000000000000000e+01 -3.396780064175722747e-03 -6.728624830659252209e-03 7.155309840980189780e-05 7.362922744682764390e-05
4.300000000000000000e+01 -3.351720202149020052e-03 -6.769457941615961843e-03 7.051982033312320121e-05 7.323183404050566316e-05
4.400000000000000000e+01 -3.071736097894077217e-03 -6.521120035964104132e-03 6.899493701133611325e-05 7.243841624756887007e-05
4.500000000000000000e+01 -2.960026755485065282e-03 -6.178285745379517163e-03 6.692707966817254940e-05 7.107454029271943622e-05
4.600000000000000000e+01 -2.895806102719790040e-03 -5.886848939447189392e-03 6.439475585126801618e-05 6.918231983230814204e-05
4.700000000000000000e+01 -3.282511508131676168e-03 -5.762623564812868054e-03 6.163871381665001652e-05 6.700748992338463432e-05
