# freqs 	 pli 	 dpli 	 meanpower(thalamus)	 meanpower(scalp)	pli
8.000000000000000000e+00 1.366172937956953159e-01 2.924501859357878097e-01 1.309713666627457013e-04 3.823932288775647105e-04
9.000000000000000000e+00 5.319200365540052711e-02 6.544740016452116338e-02 1.247334680029359654e-04 4.249527049319732339e-04
1.000000000000000000e+01 4.509188637517397291e-02 6.860365420155135896e-02 1.113544993361014027e-04 3.361241490704195106e-04
1.100000000000000000e+01 8.180319659815807332e-02 1.704953214112130966e-01 1.001216326932097934e-04 2.601283508499698861e-04
1.200000000000000000e+01 9.938588208633908350e-02 2.061160420969561646e-01 9.318241791888580753e-05 2.124516465311252161e-04
1.300000000000000000e+01 7.821511539375056166e-02 1.543513407150679806e-01 8.896574128843619234e-05 1.765421679739494383e-04
1.400000000000000000e+01 4.077968938995697734e-02 6.782379515215765375e-02 8.648406417180933979e-05 1.526832845385712545e-04
1.500000000000000000e+01 8.585053626849740993e-03 -6.845591646056663942e-04 8.480550284091698844e-05 1.391925890132378742e-04
1.600000000000000000e+01 -1.054027973703961472e-02 -3.931274794680730128e-02 8.325071628127613096e-05 1.330699932028777256e-04
1.700000000000000000e+01 -1.832350617543218249e-02 -5.389924741574515094e-02 8.158238751376763545e-05 1.304632354521588695e-04
1.800000000000000000e+01 -1.792704718981309731e-02 -5.105344358255248238e-02 7.992462756500265245e-05 1.270634250462234101e-04
1.900000000000000000e+01 -1.269286177507222488e-02 -4.054597317459392170e-02 7.861399941035891498e-05 1.218716169765873185e-04
2.000000000000000000e+01 -1.043728968907765495e-02 -3.411889975735329927e-02 7.785953139961422739e-05 1.167861628922812908e-04
2.100000000000000000e+01 -1.414272754793751037e-02 -3.901755517028503151e-02 7.769785819196517614e-05 1.133140812239025966e-04
2.200000000000000000e+01 -2.021508502267996971e-02 -5.418201897405274664e-02 7.797749237086806491e-05 1.115846296097704822e-04
2.300000000000000000e+01 -2.708298571266246763e-02 -7.179206250304771830e-02 7.837561992721457768e-05 1.107668227761991850e-04
2.400000000000000000e+01 -3.220701222397150121e-02 -8.400619065853655310e-02 7.852310976545482974e-05 1.097964369423638456e-04
2.500000000000000000e+01 -3.371968843503790614e-02 -8.765956641809832806e-02 7.827076924575516927e-05 1.079472377077223092e-04
2.600000000000000000e+01 -3.181619849554703783e-02 -8.403021695965075255e-02 7.772636258979622175e-05 1.051297393574877659e-04
2.700000000000000000e+01 -2.866016740968778398e-02 -7.597520102750610071e-02 7.712282181390535017e-05 1.018045707354904740e-04
2.800000000000000000e+01 -2.417185151936529150e-02 -6.616442519425722035e-02 7.666702465582037073e-05 9.841951081206995054e-05
2.900000000000000000e+01 -1.808777864982884925e-02 -5.592953583348560243e-02 7.652997676880605473e-05 9.540316223673032427e-05
3.000000000000000000e+01 -1.295628587748208667e-02 -4.627144179289623127e-02 7.693543044648069971e-05 9.293049301576220055e-05
3.100000000000000000e+01 -8.802587212866778629e-03 -3.789380060807139711e-02 7.826196432358120767e-05 9.110943786141980868e-05
3.200000000000000000e+01 -6.809711053310329651e-03 -3.127830923064282842e-02 8.094346244587857493e-05 8.986910504054077583e-05
3.300000000000000000e+01 -5.568968608642320232e-03 -2.635730340581623338e-02 8.512851262516801093e-05 8.909342217554674145e-05
3.400000000000000000e+01 -4.288729915092034072e-03 -2.261904386506350187e-02 9.031924171548042250e-05 8.873819592437865280e-05
3.500000000000000000e+01 -3.423829368556452479e-03 -1.950466838153917457e-02 9.537457599371783540e-05 8.859249119641596085e-05
3.600000000000000000e+01 -2.525460070837512276e-03 -1.664669654541883759e-02 9.898520209675729965e-05 8.859002724756983205e-05
3.700000000000000000e+01 -6.362611388096749620e-04 -1.407186943685254966e-02 1.001866720359366442e-04 8.864544002258092882e-05
3.800000000000000000e+01 5.348635361338494520e-04 -1.202240233453144916e-02 9.869240762057345385e-05 8.876135977372365661e-05
3.900000000000000000e+01 4.409159676216133712e-04 -1.076453359575624789e-02 9.484437097924290551e-05 8.882912014848674018e-05
4.000000000000000000e+01 3.051496991712682465e-04 -1.037286119733662679e-02 8.940960375000853524e-05 8.890112046423219851e-05
4.100000000000000000e+01 2.568934310990286080e-04 -1.070566873295503325e-02 8.324577660784104405e-05 8.896372603314452914e-05
4.200000000000000000e+01 4.980623145832942722e-04 -1.144685990739243049e-02 7.705769231225615215e-05 8.893936792928133111e-05
4.300000000000000000e+01 3.906196182632363785e-04 -1.224013369877160161e-02 7.126430209544704726e-05 8.862017585902244175e-05
4.400000000000000000e+01 -1.752445056887138761e-04 -1.277824905388643545e-02 6.601803633598438256e-05 8.790300169433090248e-05
4.500000000000000000e+01 -3.943092482282044525e-04 -1.296415637027408321e-02 6.127888434501874214e-05 8.657195071645530399e-05
4.600000000000000000e+01 -5.867041324854788175e-04 -1.283303384104303620e-02 5.698197306945097953e-05 8.463563288645657191e-05
4.700000000000000000e+01 -4.221421136787859734e-04 -1.252075530718281711e-02 5.314678944181092909e-05 8.234178923948824713e-05
