# freqs 	 pli 	 dpli 	 meanpower(thalamus)	 meanpower(scalp)	pli
8.000000000000000000e+00 5.118184308311221620e-02 7.280387639315882842e-02 8.771806046102904907e-05 1.884391471595661790e-04
9.000000000000000000e+00 3.718527589625542779e-02 7.257886594899987109e-02 8.352304491688597237e-05 1.375691556439045677e-04
1.000000000000000000e+01 2.917519875642054367e-02 4.715222724392793135e-02 8.109908363989518467e-05 1.205350756914603800e-04
1.100000000000000000e+01 2.026145445870610948e-02 3.396978304584293007e-02 8.055600985143282651e-05 1.161505545781889043e-04
1.200000000000000000e+01 1.457098238624588045e-02 3.375085523565529710e-02 8.235592907574528572e-05 1.166147667989679955e-04
1.300000000000000000e+01 1.252776857794772429e-02 2.339782433926626201e-02 8.641158660501442406e-05 1.201594488845218240e-04
1.400000000000000000e+01 1.782385357558190567e-03 7.721699141862254853e-03 9.110212652944154276e-05 1.234139446973621455e-04
1.500000000000000000e+01 -8.981253737351061958e-03 -5.548506954128863515e-03 9.530278893665056336e-05 1.241109799657530519e-04
1.600000000000000000e+01 -8.383009477336915080e-03 -8.241770621767901747e-03 9.871643089897602749e-05 1.234613320776527321e-04
1.700000000000000000e+01 -1.039718971464089446e-02 -5.536770166300762977e-03 1.007928991840033176e-04 1.231886657742803923e-04
1.800000000000000000e+01 -1.109966510941912989e-02 -4.523356340981408118e-03 1.013694927472063304e-04 1.238201706892854770e-04
1.900000000000000000e+01 -1.296113675388711230e-02 -9.029864039380062005e-03 1.008038358254042128e-04 1.251793806476071593e-04
2.000000000000000000e+01 -1.588916664837008996e-02 -1.694111508247746548e-02 9.971564994715713262e-05 1.275470040381053167e-04
2.100000000000000000e+01 -1.818738097468077658e-02 -2.463889386138585699e-02 9.860456948467723605e-05 1.310794358304878660e-04
2.200000000000000000e+01 -2.550721391641935787e-02 -3.804966794698385474e-02 9.775974867855392306e-05 1.352607769741887933e-04
2.300000000000000000e+01 -4.949325266700966425e-02 -8.101631413415438798e-02 9.790041956717529504e-05 1.399287518978821921e-04
2.400000000000000000e+01 -1.003158704035915921e-01 -1.718763962977945814e-01 1.002430923995652759e-04 1.450639450918895037e-04
2.500000000000000000e+01 -1.651534165005782429e-01 -2.775368971904964566e-01 1.046771995566502715e-04 1.491910697491089291e-04
2.600000000000000000e+01 -2.122693861073669530e-01 -3.461447615909105657e-01 1.083401714710531321e-04 1.496094355386224034e-04
2.700000000000000000e+01 -2.217580482451718404e-01 -3.581853137155875944e-01 1.079201320932986847e-04 1.449407682990596583e-04
2.800000000000000000e+01 -1.967479417198399194e-01 -3.194601134742600657e-01 1.026485837177261293e-04 1.361040510040981448e-04
2.900000000000000000e+01 -1.497867671049601668e-01 -2.467183430358311225e-01 9.443740432426890737e-05 1.253709961470660128e-04
3.000000000000000000e+01 -9.959945202221517913e-02 -1.629799896599173348e-01 8.592941470717290928e-05 1.146564879124105011e-04
3.100000000000000000e+01 -5.579823372236448337e-02 -9.004145895264634158e-02 7.883098459615143854e-05 1.053105662100249987e-04
3.200000000000000000e+01 -2.503198132206352344e-02 -3.917343720000418528e-02 7.355503510217352415e-05 9.778136232623438188e-05
3.300000000000000000e+01 -7.411047555727391656e-03 -9.844374434448485353e-03 6.974661593293365013e-05 9.199614246203085155e-05
3.400000000000000000e+01 1.378500436485112111e-03 4.015111577970686095e-03 6.687618389945633338e-05 8.783651062023263762e-05
3.500000000000000000e+01 4.245375765510428501e-03 8.010628067289604984e-03 6.455422072432451144e-05 8.474286295730145216e-05
3.600000000000000000e+01 1.909278735542749902e-03 6.531209389430353909e-03 6.257461236284954300e-05 8.249824932855309224e-05
3.700000000000000000e+01 -8.306248390290892558e-05 2.625758963477357530e-03 6.084956715587373788e-05 8.087778726384725755e-05
3.800000000000000000e+01 -1.315184423641869473e-03 -1.717443444406993765e-03 5.934309649086722113e-05 7.978874188428951807e-05
3.900000000000000000e+01 -2.912088467546894172e-03 -5.186991817099544447e-03 5.802075414975596654e-05 7.889638823306810130e-05
4.000000000000000000e+01 -2.605670970664383974e-03 -7.464930356931843286e-03 5.683128614463343127e-05 7.818575263326446557e-05
4.100000000000000000e+01 -3.147772229548519152e-03 -8.729564899030118133e-03 5.571168269446219608e-05 7.757357107263813652e-05
4.200000000000000000e+01 -3.416430581491395647e-03 -9.353096923401089946e-03 5.459319471494188060e-05 7.693914735727598847e-05
4.300000000000000000e+01 -4.525261705446171137e-03 -9.835662678808880857e-03 5.337498798741758670e-05 7.598347799686373685e-05
4.400000000000000000e+01 -5.466262633422527481e-03 -1.010963363752481227e-02 5.195072723973781980e-05 7.474834382099883551e-05
4.500000000000000000e+01 -6.269437201255302454e-03 -1.034502535557577270e-02 5.025483741735797480e-05 7.300936632967651874e-05
4.600000000000000000e+01 -6.830071149762981589e-03 -1.043073093332707278e-02 4.831637858416408196e-05 7.082032592455812423e-05
4.700000000000000000e+01 -8.307537541984266749e-03 -1.020890423790738258e-02 4.629162006326008354e-05 6.843313207196341909e-05
