# freqs 	 pli 	 dpli 	 meanpower(thalamus)	 meanpower(scalp)	pli
8.000000000000000000e+00 -4.325801536324776903e-02 -9.454600351339992326e-02 1.176226763756102846e-04 4.366272632690731330e-04
9.000000000000000000e+00 -1.571164306877445571e-02 -3.327072576362800904e-02 1.018253490482651940e-04 2.886721420968764375e-04
1.000000000000000000e+01 -1.393057933366097581e-02 -4.492365866513421679e-02 9.367061658232044106e-05 2.165282378061944525e-04
1.100000000000000000e+01 -9.716633577169307701e-03 -2.509199449398378384e-02 8.588980209892771315e-05 1.950917956615547285e-04
1.200000000000000000e+01 -7.901611183818905634e-03 -1.240438369812918093e-02 7.958254082638755106e-05 1.904428256971413605e-04
1.300000000000000000e+01 -6.158806949340379054e-03 -1.172197258711737099e-02 7.518031589722190945e-05 1.916706752714581483e-04
1.400000000000000000e+01 -6.343987599784894210e-03 -1.567711009892135132e-02 7.220036152488590808e-05 1.921600312557126210e-04
1.500000000000000000e+01 1.672269527409558617e-03 -4.818176870997311137e-03 7.016827770527744423e-05 1.886502874235609494e-04
1.600000000000000000e+01 9.377162768183254504e-03 4.493701355583387506e-03 6.893852284314700156e-05 1.823718349041967147e-04
1.700000000000000000e+01 3.886785721364438041e-03 -8.578870616002000002e-03 6.817706004999280487e-05 1.750981018205385149e-04
1.800000000000000000e+01 -1.155148611815789809e-02 -4.191853223823254621e-02 6.758344288129963361e-05 1.683807805123224276e-04
1.900000000000000000e+01 -2.044375601710100507e-02 -7.495010854730899119e-02 6.680735224181968219e-05 1.628493085228676393e-04
2.000000000000000000e+01 -2.690299205304045455e-02 -8.698798097481440228e-02 6.581314270331689760e-05 1.581666949705328666e-04
2.100000000000000000e+01 -2.473415928113281703e-02 -7.658866274217769610e-02 6.467706172251031296e-05 1.527625250387409711e-04
2.200000000000000000e+01 -1.832056683263117575e-02 -5.717409156999807285e-02 6.355167755428648237e-05 1.458373529042047262e-04
2.300000000000000000e+01 -1.008596403339511241e-02 -3.989838039748468818e-02 6.254938323666004460e-05 1.375107125541946067e-04
2.400000000000000000e+01 -6.090780093474056252e-03 -2.577469805485767956e-02 6.171198822744721336e-05 1.284155230887634356e-04
2.500000000000000000e+01 -3.481720964934095948e-03 -1.216826198566799307e-02 6.105512837055414028e-05 1.191534212966862061e-04
2.600000000000000000e+01 1.980225895911443619e-04 -2.029469965618226654e-04 6.055238355971138910e-05 1.100653600589640189e-04
2.700000000000000000e+01 4.280399279974692571e-03 6.144578209006195529e-03 6.015181119327367302e-05 1.014927428302542814e-04
2.800000000000000000e+01 3.247785389613407504e-03 5.742510912073827203e-03 5.983176250182998358e-05 9.367340965873511205e-05
2.900000000000000000e+01 4.527421452941203864e-04 1.384050044753965892e-03 5.959117873020882767e-05 8.687410462346925296e-05
3.000000000000000000e+01 -1.260334931235978411e-03 -2.259366230317847758e-03 5.941559168979056697e-05 8.112814203743256951e-05
3.100000000000000000e+01 -1.684096606407297367e-03 -2.599370258403883513e-03 5.928837118756741671e-05 7.641662334723582964e-05
3.200000000000000000e+01 -1.574601079674081477e-03 1.268306499985193678e-04 5.916450227586223025e-05 7.258337742853721475e-05
3.300000000000000000e+01 3.151896534377258106e-03 3.919185332262624909e-03 5.902714937505671252e-05 6.946989914291135245e-05
3.400000000000000000e+01 4.345699433537942268e-03 6.916611850699505223e-03 5.886323763747257495e-05 6.694716243005041569e-05
3.500000000000000000e+01 3.627565132109359606e-03 8.222885816711262078e-03 5.866065442548343978e-05 6.485667746808494412e-05
3.600000000000000000e+01 5.371253183569515803e-03 7.912477417755494485e-03 5.841352698879086018e-05 6.306664231639519001e-05
3.700000000000000000e+01 5.051076419591406588e-03 6.630237639443564701e-03 5.813004308270632145e-05 6.149454739572883348e-05
3.800000000000000000e+01 4.810127038536885467e-03 5.216709035402799545e-03 5.781897802227230074e-05 6.011696794902419489e-05
3.900000000000000000e+01 4.720450429875685562e-03 4.300963479046219888e-03 5.749591513640516996e-05 5.886536927656628183e-05
4.000000000000000000e+01 4.325990572893210345e-03 4.376779896927414197e-03 5.716198136786697202e-05 5.772493653494748509e-05
4.100000000000000000e+01 3.859732038640285683e-03 5.461817787232263639e-03 5.678571781680964004e-05 5.663029336926639156e-05
4.200000000000000000e+01 3.252569815937770767e-03 7.292550436127566427e-03 5.630828449531638741e-05 5.549844385545709790e-05
4.300000000000000000e+01 6.083609441561804720e-03 9.420284183232518690e-03 5.562855534694839660e-05 5.420707677400146750e-05
4.400000000000000000e+01 7.478212677766818070e-03 1.145752302112836365e-02 5.463366176601330230e-05 5.267923919913407343e-05
4.500000000000000000e+01 8.701665930342225921e-03 1.300795952144753048e-02 5.326034556799610187e-05 5.083628742822267430e-05
4.600000000000000000e+01 9.266345579973555777e-03 1.387015077038949475e-02 5.156018313588640737e-05 4.871434614835017162e-05
4.700000000000000000e+01 1.014572761180825358e-02 1.386729192024024719e-02 4.972376224232092967e-05 4.646933949247179188e-05
