# freqs 	 pli 	 dpli 	 meanpower(thalamus)	 meanpower(scalp)	pli
8.000000000000000000e+00 -1.873023983648963720e-02 -1.185602505927267902e-01 1.240950894107298883e-04 7.216811665936489822e-04
9.000000000000000000e+00 1.015994125909845495e-02 3.718263961508372351e-02 1.101241783948390398e-04 5.209688653115541980e-04
1.000000000000000000e+01 -2.712838107396473302e-04 4.802665731937038988e-03 1.019406884935247277e-04 3.859876872794476164e-04
1.100000000000000000e+01 -5.998723675813656848e-03 -2.280013236580964373e-02 9.535722051054428808e-05 3.144623865711765982e-04
1.200000000000000000e+01 -1.110189497862566245e-02 -1.073003466229101137e-02 9.102463255074244532e-05 2.797714560366901292e-04
1.300000000000000000e+01 -6.506969474657905463e-03 -5.645370596716828976e-03 8.814070522092594710e-05 2.650596857016545259e-04
1.400000000000000000e+01 3.843025944411666405e-03 -6.809186407227179987e-03 8.597974924247246480e-05 2.546174764805838350e-04
1.500000000000000000e+01 5.421091233776586908e-03 -5.216858526432619284e-03 8.382059397393365745e-05 2.423814134028962617e-04
1.600000000000000000e+01 5.101634117178158742e-04 -1.078444462570937214e-02 8.171474617411553492e-05 2.257218046780366490e-04
1.700000000000000000e+01 6.296727295914301102e-03 -3.097569206720433301e-04 8.058016997151169617e-05 2.064664964826300577e-04
1.800000000000000000e+01 1.911183371588880478e-02 7.415655155062350276e-03 7.959186405206994191e-05 1.885955100702435625e-04
1.900000000000000000e+01 8.885736599671666472e-03 -2.073244032777051167e-03 7.830999261604373418e-05 1.743545983050202375e-04
2.000000000000000000e+01 -3.012192206550322760e-03 -1.064079378504230976e-02 7.723865477034403142e-05 1.630141711912303621e-04
2.100000000000000000e+01 -2.502031904890914416e-03 -7.993215593046651413e-03 7.682186678192327032e-05 1.539436736974349423e-04
2.200000000000000000e+01 -3.912225905150433850e-03 -2.405996044712493346e-03 7.717032447962180939e-05 1.452122779248623825e-04
2.300000000000000000e+01 -7.170743367062385083e-03 1.550534835334424738e-04 7.803364866840630497e-05 1.362615048451193108e-04
2.400000000000000000e+01 -6.102807610185155898e-03 4.874702969919821396e-03 7.965375612320703326e-05 1.273923248747455027e-04
2.500000000000000000e+01 5.281942607670368425e-03 2.178247806495475780e-02 8.285821609824098463e-05 1.188647877239430327e-04
2.600000000000000000e+01 1.437152462438060635e-02 5.850427171788789155e-02 8.907782922876990642e-05 1.110017498236235778e-04
2.700000000000000000e+01 3.262913042092852739e-02 1.124450434945704624e-01 9.859969965287390821e-05 1.040446417656925855e-04
2.800000000000000000e+01 4.453702523578893790e-02 1.683757775865376005e-01 1.091354492394269130e-04 9.806430424286964164e-05
2.900000000000000000e+01 4.652700334554723399e-02 2.086481985063546596e-01 1.172156160035610351e-04 9.284159814419650045e-05
3.000000000000000000e+01 4.321263003616319931e-02 2.228665309216957269e-01 1.204049131393269506e-04 8.815251924863956113e-05
3.100000000000000000e+01 3.851974575056154454e-02 2.107720807215154313e-01 1.183767666281760949e-04 8.392563356799836495e-05
3.200000000000000000e+01 3.539625647152529198e-02 1.794579850851973635e-01 1.123899908229826857e-04 8.007853032309799148e-05
3.300000000000000000e+01 2.647508602013508294e-02 1.397661019345594058e-01 1.043930915325340359e-04 7.661529201201589716e-05
3.400000000000000000e+01 2.079550160884386170e-02 1.016705603443589234e-01 9.613345892330587433e-05 7.355856628364131967e-05
3.500000000000000000e+01 1.536341770337214599e-02 7.135759633176617933e-02 8.878835694923617797e-05 7.088311098865036409e-05
3.600000000000000000e+01 1.142083466071997476e-02 5.037184845367610048e-02 8.296249518428305987e-05 6.856756603239870962e-05
3.700000000000000000e+01 1.393733772956786375e-02 3.743966858205063225e-02 7.865924973855675946e-05 6.655093796576770963e-05
3.800000000000000000e+01 1.231225013140499827e-02 3.023485959540407955e-02 7.557363750156113273e-05 6.474209864027124183e-05
3.900000000000000000e+01 1.095820591233435254e-02 2.658694935289070485e-02 7.340772377864050670e-05 6.310871886050955007e-05
4.000000000000000000e+01 1.342677391096599483e-02 2.491247162004082624e-02 7.186264907307647945e-05 6.165409548389431309e-05
4.100000000000000000e+01 1.509094384098365847e-02 2.398923522353658966e-02 7.067254226419673836e-05 6.034976587488652833e-05
4.200000000000000000e+01 1.720897638046092401e-02 2.299889787532876165e-02 6.962182111324299470e-05 5.912225667989532297e-05
4.300000000000000000e+01 1.395989615684775469e-02 2.160816307566011674e-02 6.846972989912669194e-05 5.784679209343994622e-05
4.400000000000000000e+01 1.114862712620245944e-02 1.982399271425653448e-02 6.699832421441181236e-05 5.637717130251163061e-05
4.500000000000000000e+01 7.899472837598942726e-03 1.779156130827062865e-02 6.509659739136065121e-05 5.461066928452522183e-05
4.600000000000000000e+01 8.719541328236980055e-03 1.572375856805666508e-02 6.280362046153146571e-05 5.254478321827611362e-05
4.700000000000000000e+01 8.488477648070582790e-03 1.380625719857426006e-02 6.034246863316085449e-05 5.032786892691212051e-05
