# freqs 	 pli 	 dpli 	 meanpower(thalamus)	 meanpower(scalp)	pli
8.000000000000000000e+00 -7.419874810380919228e-02 -1.277524678989913065e-01 8.239336314246841592e-05 3.683041806299235240e-04
9.000000000000000000e+00 -1.408601848034094460e-02 -1.648046195409753542e-02 7.479091379498901157e-05 3.604786529277482859e-04
1.000000000000000000e+01 -9.357585122825981885e-03 -1.540874313288028916e-02 6.841809198309944929e-05 3.066891809824171130e-04
1.100000000000000000e+01 -2.753454080351724204e-02 -6.434863160617429467e-02 6.435154457619226751e-05 2.561454492052345276e-04
1.200000000000000000e+01 -4.119640482875697868e-02 -1.040532307632298786e-01 6.200499404386932410e-05 2.224039136261203196e-04
1.300000000000000000e+01 -4.204711797696115971e-02 -1.093999992136063526e-01 6.059179607021209299e-05 2.029408430654943199e-04
1.400000000000000000e+01 -3.824454387456305282e-02 -9.241501805561259941e-02 5.987003162954657138e-05 1.918323042330770064e-04
1.500000000000000000e+01 -3.377945536780358610e-02 -7.448564619128644759e-02 6.018922527247935696e-05 1.864087025242733417e-04
1.600000000000000000e+01 -3.047943206457012777e-02 -6.552221226877850968e-02 6.250035956563857668e-05 1.835590065891802602e-04
1.700000000000000000e+01 -2.936353593871307566e-02 -6.123812740267638860e-02 6.701002035176707586e-05 1.805561143470372479e-04
1.800000000000000000e+01 -2.767907844663028416e-02 -5.650056446464368082e-02 7.150995513042940105e-05 1.770404216666397279e-04
1.900000000000000000e+01 -2.511492012518374076e-02 -5.164798082581917998e-02 7.277071694202279456e-05 1.737212908147443011e-04
2.000000000000000000e+01 -2.444960579704022821e-02 -4.861930572102918929e-02 6.998160241750511442e-05 1.705553048896951381e-04
2.100000000000000000e+01 -2.308419907691064074e-02 -4.761233423206241711e-02 6.517576691955223611e-05 1.669650152961852556e-04
2.200000000000000000e+01 -2.137115288117234085e-02 -4.676519893253751337e-02 6.072419011492603651e-05 1.625758864413294729e-04
2.300000000000000000e+01 -1.969048418691494648e-02 -4.476470837087332538e-02 5.766677900732694758e-05 1.574289016944530018e-04
2.400000000000000000e+01 -1.903059212019523119e-02 -4.191248708248631466e-02 5.588817790513676647e-05 1.516990462342243065e-04
2.500000000000000000e+01 -1.784264929464288163e-02 -3.869915647406733245e-02 5.491330394534108504e-05 1.457495788164816727e-04
2.600000000000000000e+01 -1.604215620571753514e-02 -3.491014125134188351e-02 5.436132940866639034e-05 1.399721278422197553e-04
2.700000000000000000e+01 -1.340506573881874823e-02 -3.021031194674320824e-02 5.402864815029803202e-05 1.348201177580967715e-04
2.800000000000000000e+01 -1.162791150033776026e-02 -2.472316108657832134e-02 5.381548153158966625e-05 1.305150289386233277e-04
2.900000000000000000e+01 -9.445535245889103912e-03 -1.912220704644941247e-02 5.368370436141516885e-05 1.272040984364842349e-04
3.000000000000000000e+01 -8.251090015562562510e-03 -1.414315912798579621e-02 5.362016602472489073e-05 1.248273304301607614e-04
3.100000000000000000e+01 -7.124747051624357418e-03 -1.023323616759286465e-02 5.362480900903851907e-05 1.233630883883282366e-04
3.200000000000000000e+01 -6.204802921687372838e-03 -7.568810143035367005e-03 5.369552335214769067e-05 1.225990440487860315e-04
3.300000000000000000e+01 -4.600593932081911697e-03 -6.135109299460762312e-03 5.382342995161196804e-05 1.223184471722468260e-04
3.400000000000000000e+01 -4.154434584358726590e-03 -5.731816652970256679e-03 5.399359089221252950e-05 1.224985063881237264e-04
3.500000000000000000e+01 -4.173269918802944602e-03 -6.078607975422280901e-03 5.418356274147075822e-05 1.229199006997915044e-04
3.600000000000000000e+01 -4.448287256137544755e-03 -6.755502442939244345e-03 5.436845482052719971e-05 1.235608286535011123e-04
3.700000000000000000e+01 -5.156072689379960494e-03 -7.384950003352895587e-03 5.452131276872235460e-05 1.243599974645179034e-04
3.800000000000000000e+01 -5.539979774883774764e-03 -7.771851950830395081e-03 5.461365796651636105e-05 1.253320893994935034e-04
3.900000000000000000e+01 -5.216068449296146214e-03 -7.840155880183231549e-03 5.461988455718949236e-05 1.262826130296077029e-04
4.000000000000000000e+01 -4.911775527714839877e-03 -7.640227086896903171e-03 5.452286278424297976e-05 1.272353228076985514e-04
4.100000000000000000e+01 -4.725673849986127169e-03 -7.256590898779793908e-03 5.430180480678200260e-05 1.281047971161419514e-04
4.200000000000000000e+01 -4.677006644587226522e-03 -6.742009219515439876e-03 5.391329015593916907e-05 1.287289744924094740e-04
4.300000000000000000e+01 -4.423740888322362508e-03 -6.124429737967954784e-03 5.328314340173888634e-05 1.287617634570596930e-04
4.400000000000000000e+01 -3.882912778179398172e-03 -5.465885501274090133e-03 5.232734958032847966e-05 1.280629946148053330e-04
4.500000000000000000e+01 -3.384662165029813687e-03 -4.791278714347185080e-03 5.099962749289671120e-05 1.263507892117004215e-04
4.600000000000000000e+01 -2.900204986288930711e-03 -4.137592093754169191e-03 4.935567286917506190e-05 1.237116730899875093e-04
4.700000000000000000e+01 -2.199512473343906861e-03 -3.551630572080951686e-03 4.758575646872179596e-05 1.206075108678298567e-04
