# freqs 	 pli 	 dpli 	 meanpower(thalamus)	 meanpower(scalp)	pli
8.000000000000000000e+00 4.197488858064972461e-02 8.108832026982119856e-02 2.329318771795437599e-04 3.003804494980925497e-04
9.000000000000000000e+00 2.199537879242543029e-02 1.805955061933836939e-02 2.153398701265022016e-04 2.716503604515547966e-04
1.000000000000000000e+01 4.006707730777509663e-03 -1.918554741729504992e-02 2.000074839941016981e-04 2.299685536902600276e-04
1.100000000000000000e+01 -7.999998060018657497e-04 -1.410692522136841251e-02 1.944922949416349924e-04 2.016275171041762774e-04
1.200000000000000000e+01 -8.017974097111860848e-03 -1.049861618460929541e-02 2.001749099586196427e-04 1.861904852846572715e-04
1.300000000000000000e+01 -1.408833872329615274e-02 -3.744271214746366233e-02 1.950669795269085647e-04 1.713811472134488061e-04
1.400000000000000000e+01 -1.822174764035449507e-02 -6.535492898889004587e-02 1.762188931674847549e-04 1.550110292086994887e-04
1.500000000000000000e+01 -1.710459483849659929e-02 -7.154145845037239437e-02 1.550145991039953125e-04 1.381428208581038266e-04
1.600000000000000000e+01 -1.259735713374705336e-02 -5.775817003104029290e-02 1.387101205050447772e-04 1.220866895995016709e-04
1.700000000000000000e+01 -6.236241146347994493e-03 -3.840953365425271715e-02 1.274870581621558312e-04 1.083716617264264987e-04
1.800000000000000000e+01 3.143836829726333651e-04 -2.194525271249904430e-02 1.191869099694526881e-04 9.758515219407301296e-05
1.900000000000000000e+01 3.247704039421091086e-03 -9.864053632995620560e-03 1.120131128047789453e-04 8.941466760989193771e-05
2.000000000000000000e+01 6.373300335031337888e-03 -1.837398053744329586e-03 1.052373633351501021e-04 8.323511603177666035e-05
2.100000000000000000e+01 1.058121882569674696e-02 1.792482661276669246e-03 9.900537796460924121e-05 7.839770608495774304e-05
2.200000000000000000e+01 1.043183419084053876e-02 6.865292148288657014e-04 9.373064703185375341e-05 7.443508037509933195e-05
2.300000000000000000e+01 1.010697310134814342e-02 -3.686718697382115450e-03 8.937930350782366334e-05 7.111373512580945017e-05
2.400000000000000000e+01 9.263863910012859124e-03 -8.092030240236988345e-03 8.550276985324591278e-05 6.834945374698646878e-05
2.500000000000000000e+01 8.910792867766801836e-03 -9.783763376279557000e-03 8.168892998050890982e-05 6.608897000615700278e-05
2.600000000000000000e+01 9.420842497722740211e-03 -7.972573493214845861e-03 7.782946940016193145e-05 6.431027171114072803e-05
2.700000000000000000e+01 9.319929415227601668e-03 -3.592733295430617767e-03 7.404347649487260719e-05 6.299582824678100353e-05
2.800000000000000000e+01 9.986970731458768083e-03 1.688462679344602873e-03 7.053334782415083973e-05 6.201929239649500020e-05
2.900000000000000000e+01 1.030158826842387382e-02 6.370800751058501230e-03 6.745953463660624605e-05 6.119887431567462067e-05
3.000000000000000000e+01 1.048832555222891857e-02 9.610369752457381676e-03 6.487942972018687017e-05 6.039705798736173640e-05
3.100000000000000000e+01 1.034061797389231908e-02 1.131821771829630285e-02 6.275605633892818570e-05 5.959996028163355150e-05
3.200000000000000000e+01 9.804869538287314806e-03 1.197028771903539505e-02 6.100935715096652098e-05 5.884639846367284953e-05
3.300000000000000000e+01 8.809613837718629700e-03 1.221513767948275223e-02 5.955215731214001434e-05 5.819821893575049084e-05
3.400000000000000000e+01 8.337714832557182459e-03 1.252538153972708630e-02 5.830261446476467228e-05 5.771248829513276788e-05
3.500000000000000000e+01 8.203234498943117944e-03 1.304546136549274669e-02 5.719216424365917734e-05 5.738502652219412952e-05
3.600000000000000000e+01 8.039003177502277928e-03 1.369999428002619674e-02 5.616630906672584971e-05 5.720133961979808089e-05
3.700000000000000000e+01 7.754949207218229251e-03 1.433707376201243458e-02 5.519045765083890214e-05 5.711804029244771385e-05
3.800000000000000000e+01 7.242387762532291953e-03 1.486082320516670698e-02 5.425699232968951991e-05 5.709254670302097660e-05
3.900000000000000000e+01 7.049486722955224105e-03 1.526166723774284237e-02 5.337092523338950260e-05 5.707935302993375723e-05
4.000000000000000000e+01 7.062285507691989754e-03 1.564584217513344949e-02 5.253515120549925020e-05 5.706076526848623406e-05
4.100000000000000000e+01 7.212821269153779462e-03 1.613392102436753475e-02 5.173834157139525091e-05 5.700566600536116532e-05
4.200000000000000000e+01 7.948357690465266204e-03 1.680166673743475197e-02 5.093199001523680700e-05 5.685592208188194223e-05
4.300000000000000000e+01 8.242897332910066599e-03 1.765405150629098183e-02 5.002871151964003002e-05 5.650179715929300943e-05
4.400000000000000000e+01 8.093863063262188642e-03 1.866513586988220383e-02 4.892276497852170712e-05 5.583681396192813779e-05
4.500000000000000000e+01 8.095494783934691421e-03 1.979022897327956804e-02 4.754052213777382906e-05 5.478561085752084832e-05
4.600000000000000000e+01 8.454796030775703700e-03 2.101009343453607084e-02 4.589985689563863568e-05 5.339773712941737110e-05
4.700000000000000000e+01 8.515855304528769515e-03 2.230508550631235543e-02 4.414506406136227195e-05 5.187418138777892047e-05
