# freqs 	 pli 	 dpli 	 meanpower(thalamus)	 meanpower(scalp)	pli
8.000000000000000000e+00 -1.881385152759975157e-02 2.440698665174461171e-02 3.300514472835831250e-05 7.944440438425079648e-05
9.000000000000000000e+00 -1.503364788669173460e-02 -1.485979199363687657e-02 3.361898241635040744e-05 7.372284609498512694e-05
1.000000000000000000e+01 -1.812578299448150757e-02 -3.374637973462518703e-02 3.866229338991024323e-05 7.120348895551572709e-05
1.100000000000000000e+01 -9.257502423475108197e-03 -6.676110800596564421e-02 4.277113833238381101e-05 7.067964454363758408e-05
1.200000000000000000e+01 -9.859674654876899799e-03 -7.852907226184475953e-02 4.068077552137632809e-05 7.065290248580130116e-05
1.300000000000000000e+01 -2.470617033673620788e-02 -9.491085615384343976e-02 3.674160642268761170e-05 7.015968817979028401e-05
1.400000000000000000e+01 -4.584638823111736317e-02 -1.577858066723291652e-01 3.477144650806433069e-05 6.941115609320136970e-05
1.500000000000000000e+01 -5.661716814220286303e-02 -1.809000130119644278e-01 3.386938554371997996e-05 6.745371337581225891e-05
1.600000000000000000e+01 -5.145521012427945601e-02 -1.351782102440821087e-01 3.285085927659960709e-05 6.440629608674273596e-05
1.700000000000000000e+01 -3.137993874900527752e-02 -7.958173830162613982e-02 3.195851678244155487e-05 6.151148381918802898e-05
1.800000000000000000e+01 -2.280487080282479762e-02 -4.570999614920460280e-02 3.150276938585026137e-05 5.952125987933861784e-05
1.900000000000000000e+01 -1.824690883950073200e-02 -2.497244590185901739e-02 3.148856891179019612e-05 5.813232083382400422e-05
2.000000000000000000e+01 -1.410562908006504808e-02 -1.463822589350378088e-02 3.186892386269824429e-05 5.669781090845650215e-05
2.100000000000000000e+01 -1.151129049890292806e-02 -1.478391236980083900e-02 3.264740751749488178e-05 5.511611865783052185e-05
2.200000000000000000e+01 -1.596015255230752092e-02 -2.380848833469626641e-02 3.390817872150802604e-05 5.352116518823593134e-05
2.300000000000000000e+01 -2.243416789091970051e-02 -4.743574353774601682e-02 3.623335797545698607e-05 5.209289640344291051e-05
2.400000000000000000e+01 -3.261261493844849757e-02 -9.087834084840673565e-02 4.037003536633337132e-05 5.102804719573308012e-05
2.500000000000000000e+01 -4.025084822185336086e-02 -1.372046942095190569e-01 4.605359843746233936e-05 5.044876900604145816e-05
2.600000000000000000e+01 -4.130338451478009210e-02 -1.608242628493479209e-01 5.171180221127010250e-05 5.008294753408853040e-05
2.700000000000000000e+01 -4.303768281529751077e-02 -1.554641745281155896e-01 5.548050052093448351e-05 4.940162606435654274e-05
2.800000000000000000e+01 -4.070201096892139131e-02 -1.297623334407893292e-01 5.638354278602824665e-05 4.805238238398692151e-05
2.900000000000000000e+01 -3.512688364074625924e-02 -9.480550481146431119e-02 5.456237155918770447e-05 4.612975426039755972e-05
3.000000000000000000e+01 -2.691752180903364197e-02 -5.921297361599767162e-02 5.091819716835949573e-05 4.397713000117941363e-05
3.100000000000000000e+01 -1.626345646835176267e-02 -2.857016000924854013e-02 4.654893098973991933e-05 4.192246052656480905e-05
3.200000000000000000e+01 -5.997696567989520278e-03 -5.890335951309248405e-03 4.236567801347405779e-05 4.017750488012028737e-05
3.300000000000000000e+01 2.825449169008305891e-03 8.391581244471015000e-03 3.890359399350450575e-05 3.880633640131380199e-05
3.400000000000000000e+01 8.219555093036557541e-03 1.554099214787335592e-02 3.633394079060070253e-05 3.775743535218320886e-05
3.500000000000000000e+01 1.097141343488577427e-02 1.744853726521990167e-02 3.459681688031642009e-05 3.695045058797265144e-05
3.600000000000000000e+01 1.125489450740163946e-02 1.599875861541201483e-02 3.352985671754674812e-05 3.631808253994996599e-05
3.700000000000000000e+01 8.153475568382643340e-03 1.308232780601145846e-02 3.293706258869787590e-05 3.580580977308718093e-05
3.800000000000000000e+01 4.818189244852242280e-03 1.036628274890481413e-02 3.265505758955921148e-05 3.537879438689839676e-05
3.900000000000000000e+01 2.872942999469438492e-03 8.878846737401399625e-03 3.255888203853941128e-05 3.500792956887474741e-05
4.000000000000000000e+01 2.525467495247013527e-03 8.608238306197014619e-03 3.256190782896563611e-05 3.466413337326842867e-05
4.100000000000000000e+01 2.167694049890497507e-03 8.949827406493115686e-03 3.260033967732679978e-05 3.431127216615414017e-05
4.200000000000000000e+01 2.619901102387661284e-03 9.190025366782648628e-03 3.260600309531378583e-05 3.390977055629578271e-05
4.300000000000000000e+01 3.247576784941974548e-03 8.929972386669277756e-03 3.249581732602513758e-05 3.340169310067810901e-05
4.400000000000000000e+01 2.078147637042100301e-03 8.084571562861957161e-03 3.219298189274544817e-05 3.272429260903980208e-05
4.500000000000000000e+01 2.425437778192382401e-03 6.812818359242240121e-03 3.165259307078745481e-05 3.183397093485287437e-05
4.600000000000000000e+01 2.480391153816062511e-03 5.267054377853886381e-03 3.091222296723141388e-05 3.075092854830233021e-05
4.700000000000000000e+01 2.273983649670680788e-03 3.512738650949121053e-03 3.009593635234856493e-05 2.957977090049756410e-05
