# freqs 	 pli 	 dpli 	 meanpower(thalamus)	 meanpower(scalp)	pli
8.000000000000000000e+00 9.936114700151662572e-04 9.551016777999216112e-03 8.462657382444350009e-05 1.048748564884209838e-04
9.000000000000000000e+00 1.308191570584347346e-02 3.364701043632447458e-02 8.488351040338950920e-05 9.532261443758496518e-05
1.000000000000000000e+01 3.022355624351941855e-02 1.270980373184529000e-01 1.017932287634133699e-04 9.451628324678507716e-05
1.100000000000000000e+01 4.686705880847866906e-02 2.448916168543998351e-01 1.234414487665925304e-04 1.026967414460651964e-04
1.200000000000000000e+01 3.726665366357065357e-02 1.905401518567107766e-01 1.224204808992875786e-04 1.112697179173796868e-04
1.300000000000000000e+01 8.578852663625355715e-03 3.374637144430094049e-02 1.070450347140601609e-04 1.172192805122337521e-04
1.400000000000000000e+01 -1.383951846059054865e-02 -5.369352068086139657e-02 9.251919654718205319e-05 1.170879237250708658e-04
1.500000000000000000e+01 -1.256383820461792929e-02 -4.264893260343700920e-02 8.211105155240957197e-05 1.089162925475249948e-04
1.600000000000000000e+01 6.491119500686683141e-03 1.113466618276711707e-02 7.491303499017252208e-05 9.736310336527718968e-05
1.700000000000000000e+01 2.218485105922615719e-02 5.221755844518145145e-02 7.016477743465293745e-05 8.723151830457831198e-05
1.800000000000000000e+01 2.709262499194933435e-02 6.173572758660720444e-02 6.718162190226218365e-05 7.958667553870882750e-05
1.900000000000000000e+01 2.439652507166718831e-02 4.931663658407501455e-02 6.593572398771886786e-05 7.366764897886715808e-05
2.000000000000000000e+01 1.626394791908409784e-02 2.943776290542619509e-02 6.662920369968006391e-05 6.890985947528117462e-05
2.100000000000000000e+01 9.757085762298852924e-03 1.245371245876351549e-02 6.859636804515430847e-05 6.502890641610176387e-05
2.200000000000000000e+01 6.885521039595724618e-03 3.444917401226616199e-03 6.991233437466295845e-05 6.184032230571331835e-05
2.300000000000000000e+01 4.990096367330952402e-03 2.121763275264470540e-03 6.910551753334108927e-05 5.923222596516499377e-05
2.400000000000000000e+01 5.081587566889060256e-03 4.831524362572892084e-03 6.628949404493228545e-05 5.710390353657803376e-05
2.500000000000000000e+01 5.414929685137221012e-03 7.522168812806337077e-03 6.261521669480036439e-05 5.536898480610947284e-05
2.600000000000000000e+01 4.383759545026429463e-03 8.029780857803888935e-03 5.923994076836544450e-05 5.395587339604382296e-05
2.700000000000000000e+01 2.738953193862201600e-03 6.490676561085290987e-03 5.673976133538651906e-05 5.279149142311762244e-05
2.800000000000000000e+01 1.406918734308704611e-03 4.102547789783330540e-03 5.512848888618583192e-05 5.183780476589182373e-05
2.900000000000000000e+01 1.468229375085173139e-03 1.902634895886110358e-03 5.414881301570636379e-05 5.111691409427828738e-05
3.000000000000000000e+01 2.991107378058445779e-04 3.349585008996381740e-04 5.354598190413856006e-05 5.065649662618005092e-05
3.100000000000000000e+01 -3.409449461049904469e-04 -7.608042769519797032e-04 5.314605475338178293e-05 5.043985073287400849e-05
3.200000000000000000e+01 -1.349108552504909783e-03 -1.916481356663594753e-03 5.283458107183873991e-05 5.037159675106320602e-05
3.300000000000000000e+01 -2.304762067946153174e-03 -3.695328019663461725e-03 5.253317742027959907e-05 5.030786341867416112e-05
3.400000000000000000e+01 -3.959851738469617397e-03 -6.370993231630320969e-03 5.220085047697653810e-05 5.015955560425723489e-05
3.500000000000000000e+01 -4.789825844811644411e-03 -9.725593246023029464e-03 5.181710256649367112e-05 4.989456911975039102e-05
3.600000000000000000e+01 -6.146301667718266810e-03 -1.313670491842054873e-02 5.139010721497255097e-05 4.952727355681383383e-05
3.700000000000000000e+01 -7.023080978314574438e-03 -1.580890680526537626e-02 5.094056800548141847e-05 4.909344768813680526e-05
3.800000000000000000e+01 -7.924290376198885044e-03 -1.713511121948315188e-02 5.047983030703984765e-05 4.862871245827940741e-05
3.900000000000000000e+01 -8.138178680555588698e-03 -1.690863037879070455e-02 5.001869532291243486e-05 4.814312097637774257e-05
4.000000000000000000e+01 -7.185794270774471110e-03 -1.535378639619250883e-02 4.956130319292474808e-05 4.765104774713513867e-05
4.100000000000000000e+01 -5.767229219807354194e-03 -1.296977077769908768e-02 4.909182899030245783e-05 4.714641672254903158e-05
4.200000000000000000e+01 -4.796768201465803107e-03 -1.031633037104166296e-02 4.855675595531895984e-05 4.658541403834242479e-05
4.300000000000000000e+01 -3.672778090424658019e-03 -7.834720049312467183e-03 4.786945588522172236e-05 4.588791842408234664e-05
4.400000000000000000e+01 -2.150750628027452843e-03 -5.777165896632507729e-03 4.693341047822421170e-05 4.496572412751007096e-05
4.500000000000000000e+01 -1.872971388342926143e-03 -4.224915197063900014e-03 4.569042629651794049e-05 4.375713691240814955e-05
4.600000000000000000e+01 -1.906253623256678803e-03 -3.151588925243898297e-03 4.417797523324650839e-05 4.229307074728497310e-05
4.700000000000000000e+01 -1.597784538740531233e-03 -2.479344087668338813e-03 4.255395279636492190e-05 4.071894334914912726e-05
