# freqs 	 pli 	 dpli 	 meanpower(thalamus)	 meanpower(scalp)	pli
8.000000000000000000e+00 -1.779372784466515534e-01 -3.014443612488167390e-01 1.431059368570008919e-04 6.080473358445065164e-04
9.000000000000000000e+00 -6.957923636827990921e-02 -1.467876333072203887e-01 1.100662879125380891e-04 4.381186534724309340e-04
1.000000000000000000e+01 -2.840501077156307522e-02 -4.482894593101589831e-02 9.778678227397499660e-05 3.276672952822498965e-04
1.100000000000000000e+01 -1.627313337587747363e-02 5.782167170958874176e-03 9.053727941853468718e-05 2.716140503433757273e-04
1.200000000000000000e+01 1.056753652778663968e-02 7.542172067417265979e-02 8.749453237216005437e-05 2.439505234531917015e-04
1.300000000000000000e+01 2.395457880131415113e-02 8.683303638512558653e-02 8.742207722110669702e-05 2.311954456285649851e-04
1.400000000000000000e+01 2.015595350098068825e-02 6.222342870830132461e-02 8.618805124280815564e-05 2.203675579890761540e-04
1.500000000000000000e+01 2.280047195382505984e-02 4.735174267259224107e-02 8.206476480846953167e-05 2.065446542200811508e-04
1.600000000000000000e+01 2.686329214826623998e-02 4.243212070750724402e-02 7.789473232744056116e-05 1.888333001077363907e-04
1.700000000000000000e+01 2.466882402639843097e-02 3.487763233582280575e-02 7.544155787185852940e-05 1.705638302415515199e-04
1.800000000000000000e+01 9.101632236674317422e-03 1.974961958812724433e-02 7.415222145288134618e-05 1.540095474195375517e-04
1.900000000000000000e+01 -4.008543057968473600e-03 5.397622427869749537e-03 7.309162853031113969e-05 1.409521697117393601e-04
2.000000000000000000e+01 -6.159853374770898199e-03 -5.531064685925081957e-03 7.233310754775396003e-05 1.315795148688411601e-04
2.100000000000000000e+01 -5.410444787964748502e-03 -1.092854734899242550e-02 7.178739092690453140e-05 1.238380986944942843e-04
2.200000000000000000e+01 -4.063615502294747918e-03 -7.511661407496510699e-03 7.125183472594251379e-05 1.163669935599435777e-04
2.300000000000000000e+01 -4.485698350729025452e-03 -4.035052505137861679e-04 7.080434854997908931e-05 1.090231564022871476e-04
2.400000000000000000e+01 4.923675069313872103e-03 1.158434639067354660e-03 7.066599763259811596e-05 1.019922558249619854e-04
2.500000000000000000e+01 3.035324484950845374e-03 -7.325204578552849816e-03 7.102683265961823734e-05 9.539560979397864880e-05
2.600000000000000000e+01 -1.211701161512356018e-02 -2.440908368891841346e-02 7.230877102281871045e-05 8.943797018278371079e-05
2.700000000000000000e+01 -2.534811840805531805e-02 -4.508590720303830290e-02 7.466493876554040334e-05 8.439006738186561392e-05
2.800000000000000000e+01 -3.532054550089217676e-02 -6.235529108121253689e-02 7.740269381168952609e-05 8.012111858187024899e-05
2.900000000000000000e+01 -3.887207264616854979e-02 -7.046420829977349809e-02 7.938055748469747294e-05 7.630181208515412767e-05
3.000000000000000000e+01 -3.301683898615602464e-02 -6.780329217486553983e-02 7.972445791265927225e-05 7.265670762151620954e-05
3.100000000000000000e+01 -2.681089003233874321e-02 -5.676104125979043041e-02 7.831081953629595040e-05 6.907657942675440735e-05
3.200000000000000000e+01 -1.833532457188371059e-02 -4.146712693756664236e-02 7.566981473801108937e-05 6.554489813547339019e-05
3.300000000000000000e+01 -1.166847202752644384e-02 -2.615734452416781236e-02 7.251003985113880937e-05 6.219290222823866982e-05
3.400000000000000000e+01 -5.384051737869954314e-03 -1.440479748056680380e-02 6.942275804889290393e-05 5.915628964861332248e-05
3.500000000000000000e+01 -2.676054094522053572e-03 -8.175560956375664545e-03 6.678555641537164132e-05 5.649829552188799389e-05
3.600000000000000000e+01 -5.184772220452373188e-03 -7.676351440270744869e-03 6.468466034163535526e-05 5.420086198762195598e-05
3.700000000000000000e+01 -7.327057549258533288e-03 -1.179529102829417371e-02 6.310013833902109479e-05 5.225024706466909375e-05
3.800000000000000000e+01 -7.669273529458611391e-03 -1.859238842140221656e-02 6.197782419568309011e-05 5.061198965948528970e-05
3.900000000000000000e+01 -1.442246432212028473e-02 -2.577364298991728295e-02 6.116881682607434347e-05 4.920514792557199982e-05
4.000000000000000000e+01 -2.085689256988134191e-02 -3.159063542012294917e-02 6.053016971540273346e-05 4.797761794162470726e-05
4.100000000000000000e+01 -2.474277705220909174e-02 -3.501699774725207381e-02 5.993427035840922959e-05 4.687773561465986231e-05
4.200000000000000000e+01 -2.314969659324382298e-02 -3.585261314195085230e-02 5.926500153241287788e-05 4.581209166810460640e-05
4.300000000000000000e+01 -2.062528867440712246e-02 -3.436180039501264549e-02 5.839639678966875003e-05 4.467619612010093034e-05
4.400000000000000000e+01 -1.938268458941198868e-02 -3.098772895732313654e-02 5.721179657374022225e-05 4.337480822898565237e-05
4.500000000000000000e+01 -1.541671311853987092e-02 -2.616948860004525423e-02 5.565482807128255683e-05 4.185392823534977047e-05
4.600000000000000000e+01 -9.444179009396400787e-03 -2.027871467042618309e-02 5.378362380344106825e-05 4.013217625167630033e-05
4.700000000000000000e+01 -4.475163638101001609e-03 -1.360309759761951960e-02 5.181191273441668860e-05 3.832910617835844200e-05
