# freqs 	 pli 	 dpli 	 meanpower(thalamus)	 meanpower(scalp)	pli
8.000000000000000000e+00 -1.633188988017599680e-02 -1.870131273012696355e-02 1.584479100623675698e-04 2.941030943764455551e-04
9.000000000000000000e+00 -1.346937463679803715e-02 -1.474266297296593364e-02 1.279990342483276495e-04 2.340485954430594350e-04
1.000000000000000000e+01 -3.906894843999339333e-03 6.141160930267211028e-03 1.127232942491629430e-04 2.064016875471528828e-04
1.100000000000000000e+01 -1.727767099485852040e-02 -2.519023607361466771e-02 1.068722886198612490e-04 1.892640575143483416e-04
1.200000000000000000e+01 -2.250286688053061007e-02 -5.980039448878973068e-02 1.007716282048850989e-04 1.836459399067317578e-04
1.300000000000000000e+01 -2.353208013497102083e-02 -9.957790447342766693e-02 9.255737114022929599e-05 2.001448522976081133e-04
1.400000000000000000e+01 -2.631070308511161693e-02 -1.258264381098729012e-01 8.532071355836510823e-05 2.161284577174472791e-04
1.500000000000000000e+01 -2.553508724242872438e-02 -1.072832529414185498e-01 7.982973591243186116e-05 2.067919690083883197e-04
1.600000000000000000e+01 -1.879928467080267326e-02 -6.664583537474563779e-02 7.565693856355152605e-05 1.789920431025831854e-04
1.700000000000000000e+01 -9.536118370570684927e-03 -2.653291201844636127e-02 7.255473523931461823e-05 1.507915420304243150e-04
1.800000000000000000e+01 2.208498290351103982e-03 3.319192858608415592e-03 7.028427082732537578e-05 1.315763384525682738e-04
1.900000000000000000e+01 9.621250793729845333e-03 1.960036904520358336e-02 6.851497144513931162e-05 1.208385882309753197e-04
2.000000000000000000e+01 1.230643526928463724e-02 2.432456415115911291e-02 6.699897414837440454e-05 1.146177713153620888e-04
2.100000000000000000e+01 1.094209761305909440e-02 2.166627409015155561e-02 6.567455371596134218e-05 1.097604463795595831e-04
2.200000000000000000e+01 8.209184539357596358e-03 1.535375329649144548e-02 6.439122112207091740e-05 1.048862132935454895e-04
2.300000000000000000e+01 4.715284135266862089e-03 8.240621866199787302e-03 6.305289867280631534e-05 9.979207430584679053e-05
2.400000000000000000e+01 3.035552067924494543e-03 2.246945055294143154e-03 6.163152058342752804e-05 9.478252878284882158e-05
2.500000000000000000e+01 1.854894014693358670e-03 -1.400735912794404472e-03 6.015474010134620259e-05 9.020013890007211874e-05
2.600000000000000000e+01 1.649499778397045405e-03 -2.026051628849593993e-03 5.869523080883456886e-05 8.619394273587624076e-05
2.700000000000000000e+01 2.579362543773695750e-03 4.129788126101509104e-05 5.730925008510584566e-05 8.269800659892466736e-05
2.800000000000000000e+01 4.591786517843421400e-03 3.479214605832275844e-03 5.601984158676360961e-05 7.952804954268230899e-05
2.900000000000000000e+01 5.487890469406715363e-03 6.800667571849989060e-03 5.483243151223065080e-05 7.649444195608506749e-05
3.000000000000000000e+01 5.622253939419155980e-03 9.255633379580340339e-03 5.375303717893298576e-05 7.352182058358476817e-05
3.100000000000000000e+01 6.333900531988260682e-03 1.088433941577229315e-02 5.279941185267496403e-05 7.063949037575469080e-05
3.200000000000000000e+01 7.266323163150591874e-03 1.198237672479972489e-02 5.198317452288031234e-05 6.790220801006703101e-05
3.300000000000000000e+01 7.828248351977238478e-03 1.283250533282374872e-02 5.130049516175588380e-05 6.537808970982367251e-05
3.400000000000000000e+01 8.312328875872500300e-03 1.376239266782305209e-02 5.073880340476821012e-05 6.310456515792727688e-05
3.500000000000000000e+01 8.533792877559202503e-03 1.509956893467707950e-02 5.027032098417319233e-05 6.108901079684515899e-05
3.600000000000000000e+01 9.249102121483356725e-03 1.693475763441444279e-02 4.985027971295854349e-05 5.931311648167192293e-05
3.700000000000000000e+01 9.957600651002212686e-03 1.897894972892115451e-02 4.945375639592973916e-05 5.773334314084867979e-05
3.800000000000000000e+01 1.153170623979903400e-02 2.078172180793217208e-02 4.905547019707321587e-05 5.630667535856297764e-05
3.900000000000000000e+01 1.121068535430517002e-02 2.197583176457488380e-02 4.864124435995923932e-05 5.500191290860681356e-05
4.000000000000000000e+01 1.091505420436860926e-02 2.246381176785372177e-02 4.820172320083683038e-05 5.379330645658447914e-05
4.100000000000000000e+01 1.058702594669209095e-02 2.238357630045962124e-02 4.771617224914170971e-05 5.264824398903617040e-05
4.200000000000000000e+01 1.071234701359884828e-02 2.195991014320342744e-02 4.714069560509799665e-05 5.150646447664007660e-05
4.300000000000000000e+01 1.001650932696764376e-02 2.139824329534931180e-02 4.640408505206407010e-05 5.027725914986201747e-05
4.400000000000000000e+01 9.860017589864319282e-03 2.085552310958594183e-02 4.542140750164405270e-05 4.885679600142491804e-05
4.500000000000000000e+01 9.675257869759925147e-03 2.041337426910785208e-02 4.414955884743222508e-05 4.717185190889543688e-05
4.600000000000000000e+01 9.895809350064406484e-03 2.010520918725898151e-02 4.263646504876016487e-05 4.523452549026330384e-05
4.700000000000000000e+01 9.983201236289675901e-03 1.992239207371662019e-02 4.104797469042389355e-05 4.317307211740604262e-05
