# freqs 	 pli 	 dpli 	 meanpower(thalamus)	 meanpower(scalp)	pli
8.000000000000000000e+00 2.961199228197866282e-03 4.952297511922824913e-03 8.529517456103018387e-05 1.643444138213246168e-04
9.000000000000000000e+00 7.092967477922247285e-03 -4.164104046650638283e-03 8.287669197748037241e-05 1.502990009843056601e-04
1.000000000000000000e+01 -2.257337615987191695e-02 -9.786307374147547311e-02 8.594366872389590619e-05 1.468343029067434812e-04
1.100000000000000000e+01 -5.051347618193348377e-02 -1.695925787965858744e-01 9.294107050509456392e-05 1.543166194964206242e-04
1.200000000000000000e+01 -3.381935827626215973e-02 -1.038674453805774611e-01 9.619465467172730517e-05 1.607830188653733836e-04
1.300000000000000000e+01 7.400170679165939114e-05 -3.052095651639704851e-02 9.474372220601140872e-05 1.625099210456360801e-04
1.400000000000000000e+01 2.071396869094366960e-02 1.507379116109765910e-02 8.957164106255983440e-05 1.565997211070759845e-04
1.500000000000000000e+01 3.702751402275514248e-02 7.500514423219208082e-02 8.152499197788039970e-05 1.430453390508698011e-04
1.600000000000000000e+01 5.795698221915586423e-02 1.312197597022310147e-01 7.265948814185497768e-05 1.274822024549861763e-04
1.700000000000000000e+01 6.513798532386930185e-02 1.474293415450110556e-01 6.462144237421472363e-05 1.146336931871143832e-04
1.800000000000000000e+01 5.421120441262809730e-02 1.217472811474220040e-01 5.810056976616844571e-05 1.053688128431785198e-04
1.900000000000000000e+01 3.557873524008633992e-02 7.631621010956597673e-02 5.308983558990371273e-05 9.864301679901912292e-05
2.000000000000000000e+01 1.635001524776702811e-02 3.117579884102519849e-02 4.937945583410011010e-05 9.346088627183000313e-05
2.100000000000000000e+01 3.859568913313386144e-04 -4.478594643396994340e-03 4.663001403376926973e-05 8.920977307934365688e-05
2.200000000000000000e+01 -1.105897300756327785e-02 -2.879667871723892367e-02 4.439097579165045081e-05 8.550763679048245221e-05
2.300000000000000000e+01 -1.795323273061552247e-02 -4.223255689894787890e-02 4.237143699236031182e-05 8.218019172121860186e-05
2.400000000000000000e+01 -2.047079664138918773e-02 -4.627445369723269530e-02 4.052929708330399309e-05 7.920577544755653390e-05
2.500000000000000000e+01 -2.025561244694778010e-02 -4.416377805220667030e-02 3.894542942253377397e-05 7.661856303663965430e-05
2.600000000000000000e+01 -1.832361377120716311e-02 -3.996841495710153069e-02 3.767273856583168320e-05 7.441123265126339673e-05
2.700000000000000000e+01 -1.728565663187952087e-02 -3.658473859242186710e-02 3.666039888986929405e-05 7.251994571377453215e-05
2.800000000000000000e+01 -1.555001908489957348e-02 -3.478185415211499515e-02 3.582500462999843480e-05 7.086444236973001725e-05
2.900000000000000000e+01 -1.599037686433297037e-02 -3.410655713171710512e-02 3.510647514604857004e-05 6.939901287003491666e-05
3.000000000000000000e+01 -1.691188949858103696e-02 -3.385501010566534935e-02 3.446808877195968197e-05 6.812934760876686888e-05
3.100000000000000000e+01 -1.774873591963908176e-02 -3.361301046450440588e-02 3.388608591951617862e-05 6.707292525589994385e-05
3.200000000000000000e+01 -1.782114387617185491e-02 -3.327875859439956285e-02 3.335253843941533646e-05 6.621055085572666559e-05
3.300000000000000000e+01 -1.749194263468371521e-02 -3.302516462472289416e-02 3.286742284135062668e-05 6.551738327097920674e-05
3.400000000000000000e+01 -1.746827169918590411e-02 -3.318829313183542518e-02 3.243252892721741083e-05 6.496778229843321658e-05
3.500000000000000000e+01 -1.729102599270216159e-02 -3.395671638629383510e-02 3.204554587811907657e-05 6.451576252152130871e-05
3.600000000000000000e+01 -1.749085515110813255e-02 -3.516643611576823758e-02 3.169770773933885976e-05 6.410037308620761157e-05
3.700000000000000000e+01 -1.791901440697164435e-02 -3.627678882021295736e-02 3.138034240306172227e-05 6.366046380836600524e-05
3.800000000000000000e+01 -1.761990684281336886e-02 -3.669867685051433903e-02 3.108250930647841163e-05 6.316058939002415691e-05
3.900000000000000000e+01 -1.671370156925319761e-02 -3.603248902227289274e-02 3.079364873375087003e-05 6.258014431216184399e-05
4.000000000000000000e+01 -1.584215490079175434e-02 -3.424595808502869237e-02 3.050621951794721471e-05 6.193131371630069973e-05
4.100000000000000000e+01 -1.531485142256548519e-02 -3.152984905054549702e-02 3.020734685223638291e-05 6.122030863985720192e-05
4.200000000000000000e+01 -1.314639154915844821e-02 -2.820902049423241326e-02 2.986848887968733885e-05 6.041615917801451148e-05
4.300000000000000000e+01 -1.159772831895564127e-02 -2.462678739558530824e-02 2.943922327609176191e-05 5.942550186331569697e-05
4.400000000000000000e+01 -1.026573614396326765e-02 -2.107117322773915252e-02 2.886149734399442169e-05 5.814908288386246097e-05
4.500000000000000000e+01 -8.463144315596736814e-03 -1.772285632217322424e-02 2.810224427539480952e-05 5.651415420662721201e-05
4.600000000000000000e+01 -7.372202001802307877e-03 -1.464863300293579862e-02 2.718691143895485420e-05 5.455994851523149065e-05
4.700000000000000000e+01 -6.215685709874762578e-03 -1.183461953974663909e-02 2.621786320239208930e-05 5.247445995749423097e-05
