# freqs 	 pli 	 dpli 	 meanpower(thalamus)	 meanpower(scalp)	pli
8.000000000000000000e+00 -2.191187562157062910e-02 -7.601867956850980046e-02 6.315380074307099477e-05 1.740740950517918233e-04
9.000000000000000000e+00 -1.727596379197095938e-02 -5.941193461501174944e-02 6.548023713218972851e-05 1.622708238185933429e-04
1.000000000000000000e+01 -3.621710538449636214e-03 -2.862648863637015997e-02 7.049059617544195131e-05 1.636497802709632157e-04
1.100000000000000000e+01 1.050017980357768367e-02 -4.904635137753129287e-03 7.789540887554526364e-05 1.740966697187889384e-04
1.200000000000000000e+01 1.117426279693809615e-02 -1.275037485446557477e-02 8.114452512462839984e-05 1.879704776133240575e-04
1.300000000000000000e+01 -2.469542789816341478e-04 -4.187375386286460582e-02 7.961919002176398737e-05 1.994194588153629501e-04
1.400000000000000000e+01 -1.036323540300261234e-02 -5.672838666727002960e-02 7.494660608591390276e-05 1.998608355559987402e-04
1.500000000000000000e+01 1.315675675884845090e-05 -1.938815038559515980e-02 6.827602418102689946e-05 1.875979269243134681e-04
1.600000000000000000e+01 2.337275511793611080e-02 4.613128885414555930e-02 6.140125838487526719e-05 1.712324826835047952e-04
1.700000000000000000e+01 4.061865714053746607e-02 8.962155798285044439e-02 5.554159385428387909e-05 1.579406920813963377e-04
1.800000000000000000e+01 4.355987392085821502e-02 9.703585003574471957e-02 5.100145883354869903e-05 1.489374484873062939e-04
1.900000000000000000e+01 3.546908257697700684e-02 8.350107626873951028e-02 4.768599491763180246e-05 1.427807388865382290e-04
2.000000000000000000e+01 2.797553632329964277e-02 6.519108979729498765e-02 4.534535437404969740e-05 1.380739436058866284e-04
2.100000000000000000e+01 2.175675457843000149e-02 5.017572101710128518e-02 4.364884516044125157e-05 1.338927307795570508e-04
2.200000000000000000e+01 1.826472605419982020e-02 3.902417997911594716e-02 4.224388402669923754e-05 1.295676858353274417e-04
2.300000000000000000e+01 1.414542810289369859e-02 2.972779647120912111e-02 4.093638452773086685e-05 1.248512200430778761e-04
2.400000000000000000e+01 1.049101637454326157e-02 2.179906407534549367e-02 3.975870625251565205e-05 1.200005100301964651e-04
2.500000000000000000e+01 6.992003531827285442e-03 1.609171659927004921e-02 3.880949233694474599e-05 1.154852687203872062e-04
2.600000000000000000e+01 5.731265445784962907e-03 1.271234900756986093e-02 3.810980324514155401e-05 1.116710209600947932e-04
2.700000000000000000e+01 5.548749993734255863e-03 1.076731309271826073e-02 3.761172419711244428e-05 1.087478866919297537e-04
2.800000000000000000e+01 4.785669400013107914e-03 9.439917012826501072e-03 3.722967994912186043e-05 1.067076464133788179e-04
2.900000000000000000e+01 4.435169482256479632e-03 8.430491338187833666e-03 3.690154004108511804e-05 1.054754500799383007e-04
3.000000000000000000e+01 3.763387864252093484e-03 7.799038082546669477e-03 3.658813862897097624e-05 1.049527787176428935e-04
3.100000000000000000e+01 3.983855711821334203e-03 7.607777537927384523e-03 3.628362283141179577e-05 1.050323041430931636e-04
3.200000000000000000e+01 4.346217482715451254e-03 7.768922745979668816e-03 3.599785613266979069e-05 1.055015161409006137e-04
3.300000000000000000e+01 4.109290463797454253e-03 7.987232701280901764e-03 3.573879970670775820e-05 1.061347115735372865e-04
3.400000000000000000e+01 2.749705182376695201e-03 7.952485775458538117e-03 3.550788807389058016e-05 1.067990342646523729e-04
3.500000000000000000e+01 1.873321124408647287e-03 7.692056657722368823e-03 3.530253458811271136e-05 1.073629985566170928e-04
3.600000000000000000e+01 4.526189944579447118e-04 7.419035544439202962e-03 3.511818643623501927e-05 1.077855987252171357e-04
3.700000000000000000e+01 2.406821818744751807e-04 7.419741556945584800e-03 3.494188329039194261e-05 1.080480369141961528e-04
3.800000000000000000e+01 8.109525665421473805e-04 7.871949929142647850e-03 3.476195272769108609e-05 1.081811006644858072e-04
3.900000000000000000e+01 9.486075315357143890e-04 8.847455916047386112e-03 3.457226964617313392e-05 1.081471585885201845e-04
4.000000000000000000e+01 1.260042300388964634e-03 1.023430200613051171e-02 3.436327427276507232e-05 1.079634409302963129e-04
4.100000000000000000e+01 1.735489799294237349e-03 1.181412399685691575e-02 3.411966442554579463e-05 1.076070771160980141e-04
4.200000000000000000e+01 2.520389037067827590e-03 1.332509631893790715e-02 3.381082270250696648e-05 1.069771158146912951e-04
4.300000000000000000e+01 3.460651756401522498e-03 1.452621698997958247e-02 3.338297771073238217e-05 1.058666335625895773e-04
4.400000000000000000e+01 3.756661180064584452e-03 1.536817555226743792e-02 3.277274789142381700e-05 1.041108905063025048e-04
4.500000000000000000e+01 4.231357840268165638e-03 1.585586181102037126e-02 3.194308904452818906e-05 1.015714511876356405e-04
4.600000000000000000e+01 4.744344009141430833e-03 1.608632850083075577e-02 3.092384283889298621e-05 9.833798633373692509e-05
4.700000000000000000e+01 4.982240087242823835e-03 1.618050112104006677e-02 2.983074339935462484e-05 9.477354749216833655e-05
