# freqs 	 pli 	 dpli 	 meanpower(thalamus)	 meanpower(scalp)	pli
8.000000000000000000e+00 6.187611210544716189e-02 1.126753145529300337e-01 3.061015841553356643e-05 1.995965171747514475e-04
9.000000000000000000e+00 2.567086727105622260e-02 2.056067649974934256e-02 3.096680865867686020e-05 1.717253894731989039e-04
1.000000000000000000e+01 -3.975367911437918678e-03 -4.615198429987844853e-02 3.203991399928555442e-05 1.563919772659377167e-04
1.100000000000000000e+01 -1.802722846997880171e-02 -8.831442682316911763e-02 3.336030367934586987e-05 1.567570753214127255e-04
1.200000000000000000e+01 -5.747344758928638053e-02 -1.436295422693841528e-01 3.508983151191355927e-05 1.674758746919880208e-04
1.300000000000000000e+01 -8.950113129770742582e-02 -1.915708861357591775e-01 3.689837085082897308e-05 1.822070676548553632e-04
1.400000000000000000e+01 -1.213842651743547302e-01 -2.425861958443629729e-01 3.807062865855043480e-05 1.968216458988860979e-04
1.500000000000000000e+01 -1.380655074807925486e-01 -2.860788470281369622e-01 3.880815468260866629e-05 2.083471640813965573e-04
1.600000000000000000e+01 -1.547264133720757107e-01 -3.138950031945723640e-01 3.964670893591449587e-05 2.168558689451677833e-04
1.700000000000000000e+01 -1.627604698161154162e-01 -3.297445508404764358e-01 4.057501582012502597e-05 2.215521377457888919e-04
1.800000000000000000e+01 -1.599158509646926296e-01 -3.267557869655173808e-01 4.109845413206765643e-05 2.202875243933783301e-04
1.900000000000000000e+01 -1.394904044099557205e-01 -2.960985238181836343e-01 4.099762967624152123e-05 2.127382467140664349e-04
2.000000000000000000e+01 -1.029711847026799215e-01 -2.350514778775617541e-01 4.060919425427099086e-05 2.004565273159362570e-04
2.100000000000000000e+01 -6.874773071134175628e-02 -1.567517310431120470e-01 4.026792155944733024e-05 1.848857525054004426e-04
2.200000000000000000e+01 -3.758830435994801183e-02 -8.753584323354153540e-02 3.970634319057405860e-05 1.665807992201080571e-04
2.300000000000000000e+01 -1.784128445971027224e-02 -4.229774684423244502e-02 3.874120270161557751e-05 1.470802516420789544e-04
2.400000000000000000e+01 -9.582488979473904878e-03 -1.799027505660023840e-02 3.747655882210193995e-05 1.290692411438166328e-04
2.500000000000000000e+01 -5.805129850359248313e-03 -3.940652486207266506e-03 3.599897125543057735e-05 1.145569984591717519e-04
2.600000000000000000e+01 -4.842065502342922574e-04 7.055090687741009080e-03 3.441265930658541624e-05 1.040188138601063077e-04
2.700000000000000000e+01 4.413739867580053662e-03 1.616941884710608804e-02 3.288448243324109364e-05 9.673683061720479454e-05
2.800000000000000000e+01 6.899400566711610776e-03 2.166865132306849615e-02 3.155094643880558325e-05 9.156339913089768881e-05
2.900000000000000000e+01 6.933516991749269325e-03 2.166220513567648082e-02 3.045833468323271888e-05 8.758822021176066689e-05
3.000000000000000000e+01 3.847637266850769018e-03 1.532379624032061648e-02 2.953945985558578639e-05 8.419098293656343351e-05
3.100000000000000000e+01 -7.514490030981872421e-04 3.417109952285267774e-03 2.873633667447971488e-05 8.109939773425673423e-05
3.200000000000000000e+01 -9.194094999500487461e-03 -1.195969361095613678e-02 2.804014788865041152e-05 7.828770455236685132e-05
3.300000000000000000e+01 -1.573208997794236716e-02 -2.837228519380943781e-02 2.746058018792300201e-05 7.576225722197739833e-05
3.400000000000000000e+01 -2.145115003084373945e-02 -4.414305493388899493e-02 2.699010169884638683e-05 7.353152223219802186e-05
3.500000000000000000e+01 -2.773003542333836793e-02 -5.795688472809725628e-02 2.660899585391512910e-05 7.155961884153712066e-05
3.600000000000000000e+01 -3.210859711894559904e-02 -6.893494395144715570e-02 2.628739841015860780e-05 6.980973221982543042e-05
3.700000000000000000e+01 -3.309146037674718516e-02 -7.638807771876532371e-02 2.600434795605292441e-05 6.820089226485442696e-05
3.800000000000000000e+01 -3.400205620078770169e-02 -7.989520183801891717e-02 2.575150985780804691e-05 6.663469620611398524e-05
3.900000000000000000e+01 -3.630820715892908029e-02 -8.010371368220975397e-02 2.552261034308992880e-05 6.497604820627556933e-05
4.000000000000000000e+01 -3.620514702132145851e-02 -7.785581294351272275e-02 2.529589899382636659e-05 6.315548862417421749e-05
4.100000000000000000e+01 -3.583762452439457485e-02 -7.416995204267083641e-02 2.505146498437545055e-05 6.115801371803723091e-05
4.200000000000000000e+01 -3.492139229696175629e-02 -6.987853852087681783e-02 2.476083727180784449e-05 5.900826335632366836e-05
4.300000000000000000e+01 -3.355833199104057279e-02 -6.558748419426889409e-02 2.438600253385137372e-05 5.670863501628872500e-05
4.400000000000000000e+01 -3.158014589231902119e-02 -6.161560634635226269e-02 2.387943328003071599e-05 5.425952728109521378e-05
4.500000000000000000e+01 -2.964892523878316297e-02 -5.814776348641970127e-02 2.321572903401316500e-05 5.163102587706835191e-05
4.600000000000000000e+01 -2.791831638536216437e-02 -5.515443199077591646e-02 2.241821618977872323e-05 4.885863587142743090e-05
4.700000000000000000e+01 -2.691381946441817261e-02 -5.245415708876330352e-02 2.157391680463042100e-05 4.608082078075403102e-05
