# freqs 	 pli 	 dpli 	 meanpower(thalamus)	 meanpower(scalp)	pli
8.000000000000000000e+00 -3.802816656950221749e-03 -3.000423858428815163e-02 4.362485474293038612e-05 1.552469433111569402e-04
9.000000000000000000e+00 5.128912153033984150e-03 8.028574444882311673e-03 4.209951962357040003e-05 1.277438409759512714e-04
1.000000000000000000e+01 1.547523297280102399e-02 5.599857931097686203e-02 4.362717918319896639e-05 1.139108117230632215e-04
1.100000000000000000e+01 1.674066124622510324e-02 5.483367340468856682e-02 4.638219043878955900e-05 1.113711390333034940e-04
1.200000000000000000e+01 -1.771716872349622879e-03 -6.664676411718255429e-03 4.554573143008406027e-05 1.152707592591089799e-04
1.300000000000000000e+01 -3.757290017291763096e-02 -1.284592962913842229e-01 4.203304080372081026e-05 1.248265435963562156e-04
1.400000000000000000e+01 -7.386841210909309008e-02 -2.502369213620255772e-01 3.866369205835878649e-05 1.306615664881364170e-04
1.500000000000000000e+01 -8.472226612678424029e-02 -2.985968658012655430e-01 3.605535018909184213e-05 1.233710907881711112e-04
1.600000000000000000e+01 -7.209119793412950561e-02 -2.659224417865809764e-01 3.417502921483517200e-05 1.069179640300810437e-04
1.700000000000000000e+01 -5.355020066946603041e-02 -1.936779454184344995e-01 3.292104315951530769e-05 9.031191015504326112e-05
1.800000000000000000e+01 -3.621172154766658102e-02 -1.233748477808904315e-01 3.206701481804605144e-05 7.850493111330507584e-05
1.900000000000000000e+01 -2.382113550587352385e-02 -7.500278942877161570e-02 3.159148047759369562e-05 7.150476637196802765e-05
2.000000000000000000e+01 -1.645922552716191922e-02 -4.741406167103510289e-02 3.153248962882712950e-05 6.721890353124631429e-05
2.100000000000000000e+01 -1.295620814643615344e-02 -3.276278525816287562e-02 3.179784807395868215e-05 6.383001802805242982e-05
2.200000000000000000e+01 -1.288953273174664460e-02 -2.554670421890527579e-02 3.204667339882517739e-05 6.053645075106551914e-05
2.300000000000000000e+01 -1.165806746559921482e-02 -2.211566048526148950e-02 3.197243912248017716e-05 5.735074500829844555e-05
2.400000000000000000e+01 -1.207815417796182303e-02 -2.041118328082440134e-02 3.153593107060382369e-05 5.454723432729634107e-05
2.500000000000000000e+01 -1.099141573123820284e-02 -1.998157656771320373e-02 3.091576955744033273e-05 5.228218818632944661e-05
2.600000000000000000e+01 -9.905220626517947935e-03 -2.018313129027499153e-02 3.032454435974645416e-05 5.050911257713497213e-05
2.700000000000000000e+01 -7.910465509793932967e-03 -1.962333792843603056e-02 2.988623975285530977e-05 4.906097445336764831e-05
2.800000000000000000e+01 -6.829003157910607490e-03 -1.766870908956687247e-02 2.963157532877768599e-05 4.778797810194345471e-05
2.900000000000000000e+01 -5.337444735541558433e-03 -1.486993600714183773e-02 2.954432879139304798e-05 4.661579349286298918e-05
3.000000000000000000e+01 -3.468137949351105150e-03 -1.193232555407329303e-02 2.959609828934367377e-05 4.552918317795684959e-05
3.100000000000000000e+01 -2.479774452886288495e-03 -9.210016066959272885e-03 2.974975743530073824e-05 4.453313891541709466e-05
3.200000000000000000e+01 -2.520178306477562167e-03 -6.969228131950899914e-03 2.996217175569377606e-05 4.363150022260865155e-05
3.300000000000000000e+01 -2.478963710015791647e-03 -5.551414085228835449e-03 3.018631927164432469e-05 4.282745779156419362e-05
3.400000000000000000e+01 -3.099235211796963312e-03 -5.157241735478225106e-03 3.037975134836894318e-05 4.211530537721488814e-05
3.500000000000000000e+01 -3.591286263935420352e-03 -5.628215703485650589e-03 3.052425906722773411e-05 4.147814947104063192e-05
3.600000000000000000e+01 -4.182203443149220233e-03 -6.463038318419079241e-03 3.062567667519526640e-05 4.091658432908441948e-05
3.700000000000000000e+01 -3.811247909170596259e-03 -7.086004359982305163e-03 3.070339133323532146e-05 4.041675372477945594e-05
3.800000000000000000e+01 -3.889697799815226321e-03 -7.066390458665379633e-03 3.078241568734303826e-05 3.996424499758934669e-05
3.900000000000000000e+01 -3.705827014647965646e-03 -6.269385462579288824e-03 3.087784296214800376e-05 3.954157541986732621e-05
4.000000000000000000e+01 -4.157168170735471915e-03 -4.832681908952107287e-03 3.099009503361945558e-05 3.914679108076144534e-05
4.100000000000000000e+01 -4.385288769159794223e-03 -3.107115376680609584e-03 3.110265786686699477e-05 3.875762869881221677e-05
4.200000000000000000e+01 -3.784137262433920432e-03 -1.491479640106533298e-03 3.117124238348559375e-05 3.832806074974369882e-05
4.300000000000000000e+01 -2.625269043394489344e-03 -2.754098406617374933e-04 3.112121412418698450e-05 3.778375715215215362e-05
4.400000000000000000e+01 -1.584590396623909801e-03 3.799267427891348274e-04 3.087480606942660929e-05 3.705339639763900966e-05
4.500000000000000000e+01 -7.431711978010819815e-04 5.025355028696128386e-04 3.038884877445660371e-05 3.608873828451153942e-05
4.600000000000000000e+01 7.924440460211879228e-05 2.073541701989343804e-04 2.968960409699217281e-05 3.491427159896982066e-05
4.700000000000000000e+01 5.201864137822923484e-04 -3.781911319958180823e-04 2.889551447109541850e-05 3.364741728055208330e-05
