# freqs 	 pli 	 dpli 	 meanpower(thalamus)	 meanpower(scalp)	pli
8.000000000000000000e+00 2.952148045218093778e-02 6.253400977878510736e-02 1.063039940235728059e-04 5.620298353521658262e-05
9.000000000000000000e+00 4.773417365087962577e-02 8.318695391511522763e-02 9.691873653589001326e-05 5.589637743253362667e-05
1.000000000000000000e+01 4.586283476184591090e-02 8.071433031391969659e-02 9.245518651293001397e-05 5.335049700356531957e-05
1.100000000000000000e+01 3.420803573873958808e-02 5.436237363129872019e-02 9.005290955726338018e-05 5.198704646349242529e-05
1.200000000000000000e+01 2.127015698685869385e-02 3.033746310550827427e-02 8.877017547350973803e-05 5.116401580204194634e-05
1.300000000000000000e+01 5.689418718507341204e-03 5.337657034039777065e-03 8.806390151613949083e-05 4.999011890734145956e-05
1.400000000000000000e+01 -5.302563420270136121e-03 -1.951176992754448739e-02 8.711576191160953666e-05 4.812510822304936180e-05
1.500000000000000000e+01 -1.570896723239118345e-02 -4.026745889100182690e-02 8.531237077719497016e-05 4.567440527022348455e-05
1.600000000000000000e+01 -1.994562963185064070e-02 -5.132021070458431949e-02 8.328352553864291311e-05 4.281446929510806436e-05
1.700000000000000000e+01 -2.070348871713976330e-02 -4.738763046911194377e-02 8.153944473029446768e-05 3.997013215024946170e-05
1.800000000000000000e+01 -1.348299782050468160e-02 -3.435737002907022358e-02 8.017664754058630942e-05 3.758664716880663143e-05
1.900000000000000000e+01 -8.074751657460141688e-03 -2.214721257547598923e-02 7.917833560452391408e-05 3.579995477148733597e-05
2.000000000000000000e+01 -4.388654671225658901e-03 -1.476903562181117180e-02 7.839585525000312581e-05 3.451871286080596541e-05
2.100000000000000000e+01 -5.455590914949092797e-03 -1.180403104185826814e-02 7.764314478581417196e-05 3.357685380134615690e-05
2.200000000000000000e+01 -7.076907611977585263e-03 -1.220737492710181026e-02 7.686217196589686875e-05 3.283844800599699853e-05
2.300000000000000000e+01 -8.242202629966060776e-03 -1.392740208648261292e-02 7.603940898574527616e-05 3.220620677094342853e-05
2.400000000000000000e+01 -6.907576541863145840e-03 -1.449854908049691762e-02 7.524493409254098700e-05 3.168304747399545968e-05
2.500000000000000000e+01 -4.525938934255782295e-03 -1.303569420202776129e-02 7.459231456457257115e-05 3.126440547985856287e-05
2.600000000000000000e+01 -3.531494627777309343e-03 -1.028406631286266602e-02 7.423609757856564192e-05 3.091720820540555536e-05
2.700000000000000000e+01 -3.429708469852320307e-03 -7.365814003649587619e-03 7.446166531162412929e-05 3.063939333263447770e-05
2.800000000000000000e+01 -2.675355704618669322e-03 -4.969656257397011070e-03 7.575966415545693996e-05 3.042311174041338338e-05
2.900000000000000000e+01 -1.683158304716853666e-03 -3.450275364812168365e-03 7.841740201939347444e-05 3.025050075917033938e-05
3.000000000000000000e+01 -8.500121992491559446e-04 -3.013963262596168480e-03 8.194092063785781007e-05 3.010588568072636778e-05
3.100000000000000000e+01 -9.287949285191656737e-04 -3.529679472574935323e-03 8.516721367790781221e-05 2.998647204126177857e-05
3.200000000000000000e+01 -8.394705392014076284e-04 -4.561835484937831406e-03 8.697522153416846458e-05 2.988184884109638850e-05
3.300000000000000000e+01 -4.190947112309771714e-04 -5.628941189236666420e-03 8.680334080241713230e-05 2.978634714459473960e-05
3.400000000000000000e+01 -1.317477479599339630e-04 -6.154055601675985365e-03 8.476042877559300168e-05 2.970275727815305871e-05
3.500000000000000000e+01 6.084722588398314971e-04 -6.020676086053196666e-03 8.141497895755800624e-05 2.962574757520503984e-05
3.600000000000000000e+01 5.678023694716496277e-04 -5.153741508505863163e-03 7.746015003039806500e-05 2.955542165491990738e-05
3.700000000000000000e+01 1.143040320600262815e-03 -3.778336739997380841e-03 7.349976955055142482e-05 2.949120819871790542e-05
3.800000000000000000e+01 1.338140582149929640e-03 -2.181864265262792573e-03 6.994250641416770967e-05 2.943955101523772406e-05
3.900000000000000000e+01 8.607625925699247116e-04 -8.264117897521817144e-04 6.697362380242502251e-05 2.939556392255695511e-05
4.000000000000000000e+01 7.838530673176342597e-04 1.770789662751377856e-04 6.460758172284875153e-05 2.935278148274094202e-05
4.100000000000000000e+01 9.252142157133763558e-04 8.000147499885341008e-04 6.273829454203164202e-05 2.929312338224317243e-05
4.200000000000000000e+01 1.228119084999926541e-03 1.114735859346081869e-03 6.118252655232964967e-05 2.918320266924009552e-05
4.300000000000000000e+01 1.507392680195051302e-03 1.198732865036861682e-03 5.972018773988128280e-05 2.896070862394241988e-05
4.400000000000000000e+01 6.661511838056569188e-04 1.206520517919414375e-03 5.813739187654362134e-05 2.857040872182641940e-05
4.500000000000000000e+01 4.515961283940577191e-04 1.148608876022697489e-03 5.629632717660342070e-05 2.797037232922834632e-05
4.600000000000000000e+01 1.734395630300135935e-05 1.029645062906263788e-03 5.419011906946996290e-05 2.718229321058943617e-05
4.700000000000000000e+01 -7.347728760631801886e-04 8.070717794646223211e-04 5.197557252970490233e-05 2.630594923555091359e-05
