# freqs 	 pli 	 dpli 	 meanpower(thalamus)	 meanpower(scalp)	pli
8.000000000000000000e+00 -3.130254857007983699e-02 -3.763697225941551455e-02 6.772181442534466100e+01 1.808652018989195369e+02
9.000000000000000000e+00 -2.160158371645064593e-02 -3.966723142919055534e-02 6.339697501377592204e+01 1.860520226849967855e+02
1.000000000000000000e+01 -2.162069467435187575e-02 -5.612779766834809919e-02 5.974808550904373305e+01 1.686095988587800605e+02
1.100000000000000000e+01 -1.874661161727873143e-02 -6.155729756662414731e-02 5.690642234373100194e+01 1.463999827750805593e+02
1.200000000000000000e+01 -1.976241309465155693e-02 -5.082562437202414740e-02 5.497055913622601508e+01 1.295298182213321354e+02
1.300000000000000000e+01 -1.130645472692833227e-02 -2.580532542649171049e-02 5.412602360267036516e+01 1.175736017379856833e+02
1.400000000000000000e+01 -5.354528945233441757e-03 -1.825645103720104079e-02 5.406019097203105872e+01 1.095627713897437729e+02
1.500000000000000000e+01 -1.039641998935205910e-02 -3.251568740793952389e-02 5.400712125699496369e+01 1.042486153645115223e+02
1.600000000000000000e+01 -9.123765159424946161e-03 -4.902661564810141537e-02 5.376743372397488230e+01 1.004049565736652454e+02
1.700000000000000000e+01 -7.882880306070847581e-03 -5.429048751185072685e-02 5.353174892867122736e+01 9.676229271956022160e+01
1.800000000000000000e+01 -1.116036779678040818e-02 -4.846545054315404971e-02 5.349808360598350987e+01 9.287917473598221818e+01
1.900000000000000000e+01 -1.481412742051091413e-02 -4.447064367354611886e-02 5.381511763479609556e+01 8.919671188753835622e+01
2.000000000000000000e+01 -1.777995719082244713e-02 -4.942338020005698773e-02 5.461049939340960435e+01 8.604018634583894709e+01
2.100000000000000000e+01 -2.582942124538800677e-02 -6.041434616062041352e-02 5.694708254157712446e+01 8.374161150133161868e+01
2.200000000000000000e+01 -2.941611167329298906e-02 -7.306167246252086300e-02 6.473260781292708543e+01 8.311510489790174461e+01
2.300000000000000000e+01 -3.660801776825835241e-02 -9.094224719436029558e-02 8.304068897357166179e+01 8.525149944973614424e+01
2.400000000000000000e+01 -4.505932781383668179e-02 -1.112695538548043733e-01 1.100829371196818158e+02 8.982730556613246620e+01
2.500000000000000000e+01 -4.649159500424505931e-02 -1.212721148585188952e-01 1.391452941595807431e+02 9.384039349336407554e+01
2.600000000000000000e+01 -3.962482625630489586e-02 -1.125804574656357471e-01 1.667688719769674321e+02 9.420289209507524220e+01
2.700000000000000000e+01 -2.675567417224650538e-02 -8.733066133423007804e-02 1.910647685586473870e+02 9.015465520337764360e+01
2.800000000000000000e+01 -1.639027459440025106e-02 -5.613111525907955174e-02 2.064565541973003917e+02 8.316238937390286878e+01
2.900000000000000000e+01 -7.544198633031389684e-03 -2.733976239758350441e-02 2.074126151625135890e+02 7.545060625858349113e+01
3.000000000000000000e+01 -3.419876341489545054e-03 -4.833557573738995160e-03 1.936772167698472629e+02 6.873684781047239767e+01
3.100000000000000000e+01 2.330986657342720139e-04 1.016874735764765336e-02 1.697751695597585240e+02 6.372031752597143850e+01
3.200000000000000000e+01 4.105800345592519607e-03 1.825167896728265710e-02 1.420296019274678372e+02 6.026421863658869427e+01
3.300000000000000000e+01 5.728365057812345208e-03 2.126363029272131458e-02 1.158148725235910632e+02 5.792045575485215636e+01
3.400000000000000000e+01 6.760838887258806273e-03 2.111634888219350234e-02 9.435950817926404000e+01 5.625423222031074033e+01
3.500000000000000000e+01 6.839443996326675414e-03 1.897281603424401386e-02 7.872062337765089524e+01 5.496906729523151824e+01
3.600000000000000000e+01 6.568468114874774673e-03 1.540162552030216285e-02 6.829023428104328275e+01 5.389020209644394299e+01
3.700000000000000000e+01 4.195167354700897640e-03 1.081975313974428005e-02 6.171247281638378013e+01 5.292590796085410432e+01
3.800000000000000000e+01 7.932344846846656411e-04 5.728902356296397026e-03 5.761210675161182593e+01 5.203098991141220608e+01
3.900000000000000000e+01 -1.415156887412569522e-03 6.187741073169334381e-04 5.496532090910434931e+01 5.119450838869691722e+01
4.000000000000000000e+01 -3.333910609765401191e-03 -4.083349988044849069e-03 5.311797040102482725e+01 5.041154117776716959e+01
4.100000000000000000e+01 -5.878470061656590646e-03 -8.042095396064955978e-03 5.166944096087756577e+01 4.965701603345966220e+01
4.200000000000000000e+01 -9.259243807098438764e-03 -1.100941647997484042e-02 5.038295699977719977e+01 4.887424727205726072e+01
4.300000000000000000e+01 -9.987967711411983515e-03 -1.284526203337492400e-02 4.909486837083635891e+01 4.797448339200315104e+01
4.400000000000000000e+01 -1.119036406629374779e-02 -1.359575191347739409e-02 4.769478281054199442e+01 4.685723440557894293e+01
4.500000000000000000e+01 -9.956989008302122302e-03 -1.347985281992092506e-02 4.613732044580591918e+01 4.545633081059480674e+01
4.600000000000000000e+01 -8.171154358837643544e-03 -1.287450594252536988e-02 4.449714135595565523e+01 4.379720140565648023e+01
4.700000000000000000e+01 -5.929753350682570937e-03 -1.226420783698959315e-02 4.299039029920665911e+01 4.202221932292435724e+01
