# freqs 	 pli 	 dpli 	 meanpower(thalamus)	 meanpower(scalp)	pli
8.000000000000000000e+00 -2.491125383641007267e-03 -1.924183823463376103e-02 5.487349819223079708e-05 2.642331972034805986e-04
9.000000000000000000e+00 -8.112513388377236420e-04 -3.698160684879455568e-02 5.283517263741641155e-05 2.406776856734522475e-04
1.000000000000000000e+01 -1.561951258111268954e-02 -9.273440907130355015e-02 5.359480805531955148e-05 2.385389970020105168e-04
1.100000000000000000e+01 -7.771654627905180690e-02 -2.658799254781851751e-01 5.591905665047766194e-05 2.778715972352713932e-04
1.200000000000000000e+01 -1.429510163090371710e-01 -4.159415334397446595e-01 5.631171593084407839e-05 3.242117973197249222e-04
1.300000000000000000e+01 -1.661922849466239416e-01 -4.407192507892268574e-01 5.447598292561754257e-05 3.302632620880534275e-04
1.400000000000000000e+01 -1.538581861368271686e-01 -3.977795361027440246e-01 5.133498100614174473e-05 2.945605016484906225e-04
1.500000000000000000e+01 -1.199640482634466432e-01 -3.248777183546576186e-01 4.749997887876661893e-05 2.422610437114196193e-04
1.600000000000000000e+01 -8.184470521306140556e-02 -2.406164142248191362e-01 4.377744162619004914e-05 1.957009886965521868e-04
1.700000000000000000e+01 -5.050727537346706708e-02 -1.547959457372955205e-01 4.088896397376921501e-05 1.629509074129246158e-04
1.800000000000000000e+01 -2.881331460925145097e-02 -8.460711441151039236e-02 3.907961747856126633e-05 1.427265027452269343e-04
1.900000000000000000e+01 -1.649702750992779188e-02 -4.280478419329981216e-02 3.813721474142062017e-05 1.306123370285766530e-04
2.000000000000000000e+01 -9.844134951425047297e-03 -2.375081887441024206e-02 3.764044385501208971e-05 1.230304585327535345e-04
2.100000000000000000e+01 -7.628184504444916053e-03 -1.649527721598405966e-02 3.727716323963138222e-05 1.176172472692448294e-04
2.200000000000000000e+01 -5.885349766318645481e-03 -1.355523672449000967e-02 3.690843539588016325e-05 1.129660312562610501e-04
2.300000000000000000e+01 -4.097857168152111915e-03 -1.106556834377401405e-02 3.651613832737203200e-05 1.086702285143181329e-04
2.400000000000000000e+01 -2.209169162780986150e-03 -7.656394925291993593e-03 3.611897873584233334e-05 1.047471539710752883e-04
2.500000000000000000e+01 -6.422878411782656722e-04 -3.320679124395002103e-03 3.573665750236334386e-05 1.010740098786595104e-04
2.600000000000000000e+01 1.673049451605962716e-03 1.417890701211793917e-03 3.538358269613190869e-05 9.752485809225008428e-05
2.700000000000000000e+01 3.225286397777552168e-03 5.723255936347176019e-03 3.506829634978514231e-05 9.412955778512171318e-05
2.800000000000000000e+01 4.525238718134735709e-03 8.657752898723360818e-03 3.479159527692138310e-05 9.094773273722725265e-05
2.900000000000000000e+01 4.993792692217502438e-03 9.677772230821534913e-03 3.454770190937471176e-05 8.803370621348753948e-05
3.000000000000000000e+01 5.137730947305751278e-03 8.925004280658298955e-03 3.432791838497411266e-05 8.541250846232598278e-05
3.100000000000000000e+01 4.728962181066282376e-03 7.075796168453355080e-03 3.412643113278002139e-05 8.308348335748129562e-05
3.200000000000000000e+01 3.884560336159699478e-03 4.939953318242162189e-03 3.393809443003793254e-05 8.099926289033337814e-05
3.300000000000000000e+01 3.312012036680359733e-03 3.110748193378273883e-03 3.375576489071724964e-05 7.911145896519317078e-05
3.400000000000000000e+01 2.806701758456942638e-03 1.906439218164317781e-03 3.357402772372129578e-05 7.739504998213609234e-05
3.500000000000000000e+01 2.493018223347383180e-03 1.253894537159848041e-03 3.339153446308926345e-05 7.583944934696251511e-05
3.600000000000000000e+01 1.372583989607218790e-03 9.878092863114826348e-04 3.321409883292055052e-05 7.444751415994122661e-05
3.700000000000000000e+01 1.021448631903564301e-03 9.305077118397861316e-04 3.305020754899414204e-05 7.321610223709559167e-05
3.800000000000000000e+01 1.350361287049266093e-03 9.983363150162590134e-04 3.290587691872501683e-05 7.214023621260666843e-05
3.900000000000000000e+01 1.732423973304741136e-03 1.156829495445509766e-03 3.278000665088434619e-05 7.119806867793058937e-05
4.000000000000000000e+01 1.790574736488202310e-03 1.398428629265595531e-03 3.266304743734770586e-05 7.037202516983180492e-05
4.100000000000000000e+01 2.151508341229759185e-03 1.691715694927527734e-03 3.253461754732675607e-05 6.962895191038198531e-05
4.200000000000000000e+01 2.111640740833028735e-03 2.004755430681698196e-03 3.235366565296327154e-05 6.889110512454089627e-05
4.300000000000000000e+01 2.076554742705101399e-03 2.326951160154890931e-03 3.205632265011325066e-05 6.802360385772690619e-05
4.400000000000000000e+01 2.283609559967207398e-03 2.628163594431322941e-03 3.157476556075487838e-05 6.687920451146583500e-05
4.500000000000000000e+01 1.751163826059214546e-03 2.902340568941852179e-03 3.086983765401399472e-05 6.533429116182344664e-05
4.600000000000000000e+01 1.633745206894242873e-03 3.132290959688703320e-03 2.996826469887952632e-05 6.339387657476261298e-05
4.700000000000000000e+01 1.646906671510323756e-03 3.304906522609171032e-03 2.898231476133325747e-05 6.123006404344552263e-05
