# freqs 	 pli 	 dpli 	 meanpower(thalamus)	 meanpower(scalp)	pli
8.000000000000000000e+00 -5.808004733582581430e-02 -1.247099999602269138e-01 1.537383988642506533e-04 1.565188622070256056e-04
9.000000000000000000e+00 -7.046231850955678166e-02 -1.514608546927501409e-01 1.448376815075831507e-04 1.529027845491067589e-04
1.000000000000000000e+01 -4.957753385183497064e-02 -9.875109113158647700e-02 1.348322368456377602e-04 1.380652012431468894e-04
1.100000000000000000e+01 -1.665077845061284020e-02 -1.268388530796776131e-02 1.212423727868463841e-04 1.160436607440908297e-04
1.200000000000000000e+01 1.165444404767381360e-03 2.892158397908261430e-02 1.027468105344562794e-04 9.644330945533193574e-05
1.300000000000000000e+01 1.388588061109742979e-03 1.806279817181725630e-02 8.928254698295766964e-05 8.332799804353240481e-05
1.400000000000000000e+01 -4.068961741943852121e-03 -2.102460717760788744e-03 8.709442653701445207e-05 7.669148675508838571e-05
1.500000000000000000e+01 -8.962903329301771110e-03 -1.015177957420876700e-02 8.764676873044486747e-05 7.374763973477081063e-05
1.600000000000000000e+01 -1.151723002086616800e-02 -1.449071165265023928e-02 8.312769978030807346e-05 7.051560852406620452e-05
1.700000000000000000e+01 -1.370246597493599179e-02 -1.796219194733957372e-02 7.424515242007874698e-05 6.602702648691254040e-05
1.800000000000000000e+01 -1.139742512747377208e-02 -1.904439379985749942e-02 6.489191318484993480e-05 6.155417924363256453e-05
1.900000000000000000e+01 -7.021202360697431817e-03 -1.729871834112798462e-02 5.755270494678799679e-05 5.801962526961811995e-05
2.000000000000000000e+01 -6.562930943214564418e-03 -1.527088888834536411e-02 5.266027938508937098e-05 5.551182629417698589e-05
2.100000000000000000e+01 -7.712039330834931893e-03 -1.467976983044797477e-02 4.961183037337746316e-05 5.371476683312440513e-05
2.200000000000000000e+01 -6.576092767725433101e-03 -1.469722091260005498e-02 4.765414469193305128e-05 5.233765018478807952e-05
2.300000000000000000e+01 -4.724386546789201280e-03 -1.429212242285922592e-02 4.630756664344686121e-05 5.119330500059082609e-05
2.400000000000000000e+01 -4.499775011249437275e-03 -1.329370548942863592e-02 4.531251864101806765e-05 5.016646023689582887e-05
2.500000000000000000e+01 -4.602085781651136728e-03 -1.192138409414800378e-02 4.456759977162622597e-05 4.923186901075290767e-05
2.600000000000000000e+01 -4.273594597217916097e-03 -1.057090407165953323e-02 4.406977503742681593e-05 4.837563277840647237e-05
2.700000000000000000e+01 -3.585478998510402849e-03 -9.388948262149367577e-03 4.381841869397442202e-05 4.760134368975905994e-05
2.800000000000000000e+01 -3.014547249891914686e-03 -8.117820692036590777e-03 4.375761265900213155e-05 4.690806363038502419e-05
2.900000000000000000e+01 -2.236141615303424181e-03 -6.330070695611594508e-03 4.375743402013095962e-05 4.629515976406187356e-05
3.000000000000000000e+01 -1.780083149506257647e-03 -3.939100753177242863e-03 4.369182124293341128e-05 4.574537510278713212e-05
3.100000000000000000e+01 -6.535272166631137664e-04 -1.318510890148347995e-03 4.348111837257404402e-05 4.522677363089274967e-05
3.200000000000000000e+01 7.296553071725036393e-04 9.913749153469438025e-04 4.311168764993505542e-05 4.471836172633864183e-05
3.300000000000000000e+01 1.695568483741920381e-03 2.663943321897566975e-03 4.261895509576263456e-05 4.421763221274184789e-05
3.400000000000000000e+01 2.150816015613331213e-03 3.672798709148186042e-03 4.204497828890535520e-05 4.373728800380251319e-05
3.500000000000000000e+01 2.140926547152793586e-03 4.165030239616997372e-03 4.143894351239817332e-05 4.328844618381286105e-05
3.600000000000000000e+01 2.212576324733653982e-03 4.380488928572641612e-03 4.084250273985141016e-05 4.287088730165858780e-05
3.700000000000000000e+01 1.774553768144977207e-03 4.566183976513379407e-03 4.028062720272696391e-05 4.247828202836826533e-05
3.800000000000000000e+01 1.573037396367483760e-03 4.909848510926367697e-03 3.976409359524669317e-05 4.210748863072494763e-05
3.900000000000000000e+01 1.880401512877662726e-03 5.425323004334807811e-03 3.929565935858963475e-05 4.175475201327652735e-05
4.000000000000000000e+01 2.658605557214773537e-03 6.031964280044915978e-03 3.886809098787095252e-05 4.141285371630833585e-05
4.100000000000000000e+01 2.894751215249331041e-03 6.572861609917715446e-03 3.846391922629007105e-05 4.106069809067369720e-05
4.200000000000000000e+01 3.009138531353679116e-03 6.924374247662478700e-03 3.803565505813074222e-05 4.065152218038119776e-05
4.300000000000000000e+01 2.530237678762186498e-03 7.045108861428820216e-03 3.750838164041652865e-05 4.010901174036591384e-05
4.400000000000000000e+01 2.438819659711345070e-03 6.970703234716271561e-03 3.679538581386091009e-05 3.934785690611650004e-05
4.500000000000000000e+01 2.675622084488642107e-03 6.754550579638074308e-03 3.584022028974821018e-05 3.831574124703355605e-05
4.600000000000000000e+01 2.737008557792336601e-03 6.447285431653436601e-03 3.466581597362100857e-05 3.704006283379350452e-05
4.700000000000000000e+01 2.149266627830386574e-03 6.086071853143747677e-03 3.339337088038084013e-05 3.565112057577405057e-05
