# freqs 	 pli 	 dpli 	 meanpower(thalamus)	 meanpower(scalp)	pli
8.000000000000000000e+00 -9.672210026531239649e-05 -1.951083313388765270e-02 9.688250603156552565e-05 1.208176759802201557e-04
9.000000000000000000e+00 7.188194688194688049e-03 -6.113186554502262303e-03 9.108644314687295857e-05 1.102779104628376919e-04
1.000000000000000000e+01 -1.483296819667830925e-02 -3.437008169900758470e-02 8.847750765490709811e-05 1.044438231239595388e-04
1.100000000000000000e+01 -6.294957496931208318e-03 -2.059691307496131288e-02 8.993874935931417554e-05 1.008549603042419219e-04
1.200000000000000000e+01 -1.032394065213113055e-02 -2.727766743848130185e-02 9.428257600259149244e-05 1.014901542202042533e-04
1.300000000000000000e+01 3.540456247839165408e-03 -2.003381139673298533e-02 9.993259529118505733e-05 1.084223370990104485e-04
1.400000000000000000e+01 1.770639223842556537e-02 2.149308810562347918e-02 1.045429383095345386e-04 1.162909902485825142e-04
1.500000000000000000e+01 2.662851161696427188e-02 4.180535374508557306e-02 1.051684668375567236e-04 1.178732733113713389e-04
1.600000000000000000e+01 1.780911884410908697e-02 3.302891327475134670e-02 1.020857389003621023e-04 1.135203631473067921e-04
1.700000000000000000e+01 6.472522895592269267e-03 8.405525549179016995e-03 9.815564227923333619e-05 1.085017855755330879e-04
1.800000000000000000e+01 -7.471857994051205216e-03 -2.216119265467658001e-02 9.522233827044617697e-05 1.061742553464905376e-04
1.900000000000000000e+01 -2.252649227263934031e-02 -4.647102045111930341e-02 9.309252182799181022e-05 1.064011334067878681e-04
2.000000000000000000e+01 -3.207209958791372439e-02 -6.224183172599548342e-02 9.121312979965226389e-05 1.074989053277618743e-04
2.100000000000000000e+01 -4.018041793165431225e-02 -7.124059227433598984e-02 8.915765787132507044e-05 1.077077230142550648e-04
2.200000000000000000e+01 -4.370012757335468151e-02 -7.218675118323067408e-02 8.693368833990227826e-05 1.062474694119534005e-04
2.300000000000000000e+01 -3.611862020038257570e-02 -6.109355288472247125e-02 8.539285037243622982e-05 1.032948694566159203e-04
2.400000000000000000e+01 -1.892897204488330071e-02 -3.527064971412936095e-02 8.593169133782245321e-05 9.950670757043675037e-05
2.500000000000000000e+01 1.786637662036624297e-03 -1.626216584686511056e-04 8.868605737697533376e-05 9.598772138971314372e-05
2.600000000000000000e+01 1.576227083160058537e-02 3.123215608780659583e-02 9.162692418157552642e-05 9.445998893113064128e-05
2.700000000000000000e+01 2.453654835534478662e-02 4.924956013296569179e-02 9.211902766212073934e-05 9.581869088104033475e-05
2.800000000000000000e+01 2.686549450810284817e-02 5.435078165515275228e-02 8.900741665356934958e-05 9.822077465698030453e-05
2.900000000000000000e+01 2.567862044586161074e-02 5.232337630250482458e-02 8.306331736887808607e-05 9.845408726751015641e-05
3.000000000000000000e+01 2.176370059998126300e-02 4.774260242201496668e-02 7.611407327220817600e-05 9.482107206396612835e-05
3.100000000000000000e+01 2.147846878041321031e-02 4.299515243743994714e-02 6.975980214105548997e-05 8.795057262386676356e-05
3.200000000000000000e+01 1.823726933859092306e-02 3.977077890569356844e-02 6.481133020974808132e-05 7.965944102386367319e-05
3.300000000000000000e+01 1.810260273777878834e-02 3.888021915246911431e-02 6.129640530884137054e-05 7.175003953591480737e-05
3.400000000000000000e+01 1.785714285714285615e-02 3.944009363435995591e-02 5.886524506274577810e-05 6.536087152011654290e-05
3.500000000000000000e+01 1.827776377046793493e-02 3.967036423050025740e-02 5.708525804215533786e-05 6.072742785549853118e-05
3.600000000000000000e+01 1.705674417723960709e-02 3.784679413580766677e-02 5.565877067184657874e-05 5.754605487234730140e-05
3.700000000000000000e+01 1.411603520549355173e-02 3.335418457177819623e-02 5.442203841701998739e-05 5.534105890657236649e-05
3.800000000000000000e+01 1.144836410551747057e-02 2.666797007600962485e-02 5.330031908051261673e-05 5.374261628928332695e-05
3.900000000000000000e+01 7.700119763877181188e-03 1.898073729363229656e-02 5.223994519286258260e-05 5.249131971406005229e-05
4.000000000000000000e+01 3.116877590749362725e-03 1.139448205113158426e-02 5.122471876713462674e-05 5.143912893744696194e-05
4.100000000000000000e+01 1.924969896495940316e-03 4.787190042387564140e-03 5.024032913591048189e-05 5.048479982312090777e-05
4.200000000000000000e+01 -1.475562255377414235e-03 -4.114258384021265719e-04 4.925079732912572198e-05 4.953444531758206874e-05
4.300000000000000000e+01 -4.237663578894143579e-03 -4.264076956870177168e-03 4.817771625625580655e-05 4.847550919852812250e-05
4.400000000000000000e+01 -3.920077196820001379e-03 -7.019483568823566347e-03 4.692265423710661055e-05 4.720577639281042028e-05
4.500000000000000000e+01 -3.092538822048538326e-03 -9.091126368608480265e-03 4.542871219524785071e-05 4.565163035465521292e-05
4.600000000000000000e+01 -3.003229888748276417e-03 -1.072104133751167546e-02 4.372476127347899863e-05 4.384545071432362874e-05
4.700000000000000000e+01 -3.722412368700578345e-03 -1.191523191900407258e-02 4.194152071282712218e-05 4.194890655568900300e-05
