# freqs 	 pli 	 dpli 	 meanpower(thalamus)	 meanpower(scalp)	pli
8.000000000000000000e+00 -9.685517674220518736e-02 -2.758284490915831610e-01 3.294719756621564244e+01 3.435024679321961116e+02
9.000000000000000000e+00 -8.780759472783151998e-02 -1.695049031491983049e-01 3.251337699278023052e+01 3.506800043596330170e+02
1.000000000000000000e+01 -3.664941611035225921e-02 -9.048575637534998772e-02 3.167398788568470280e+01 3.166027972922062190e+02
1.100000000000000000e+01 -1.310608920770185010e-02 -2.698116261615492867e-02 3.052763776269570073e+01 2.778829080932208058e+02
1.200000000000000000e+01 -2.115703598388680301e-02 -7.354020368666559261e-03 2.981063176389332270e+01 2.502804628079283020e+02
1.300000000000000000e+01 -1.515127222587420511e-02 -4.555934273527482287e-02 2.928517354561202879e+01 2.367803781459381014e+02
1.400000000000000000e+01 -2.761824967628912983e-02 -1.079195039290849756e-01 2.874680273927882723e+01 2.259235902947345949e+02
1.500000000000000000e+01 -2.928833584348360108e-02 -1.075689509056000359e-01 2.826230403502232846e+01 2.133205926886915620e+02
1.600000000000000000e+01 -3.858597459348170333e-02 -7.237808855853360146e-02 2.790671952446386328e+01 1.996093625115990733e+02
1.700000000000000000e+01 -3.285739325054942012e-02 -5.412428469857991781e-02 2.771888036523118615e+01 1.853426566441240482e+02
1.800000000000000000e+01 -4.059416279434031188e-02 -6.933937243610102663e-02 2.766257300427118082e+01 1.705068378662692794e+02
1.900000000000000000e+01 -5.625442053147418353e-02 -9.668811467425568462e-02 2.766230700700014467e+01 1.578996396482396278e+02
2.000000000000000000e+01 -5.444795651050955004e-02 -1.019253771471966274e-01 2.769885102882743055e+01 1.484376566559512014e+02
2.100000000000000000e+01 -2.619543615161746067e-02 -8.483787010831909947e-02 2.778521302272330118e+01 1.412356933540218336e+02
2.200000000000000000e+01 -2.169884351028642314e-02 -6.668129916309741001e-02 2.789010599459463435e+01 1.361785606484795323e+02
2.300000000000000000e+01 -1.806696146557169869e-02 -5.548663779466008611e-02 2.798199040724342979e+01 1.329215027262398507e+02
2.400000000000000000e+01 -2.839216039040626249e-02 -4.244879867616960234e-02 2.804032115228659094e+01 1.308156413746157227e+02
2.500000000000000000e+01 -2.048765459266757571e-02 -2.328494554036489653e-02 2.807372581416171542e+01 1.291330557403267107e+02
2.600000000000000000e+01 -4.412354592860007890e-03 -2.587346451083990823e-03 2.810258387005874781e+01 1.276207549666331289e+02
2.700000000000000000e+01 4.718031361655657813e-03 8.721209530106400348e-03 2.814077424770406921e+01 1.261504848478563332e+02
2.800000000000000000e+01 7.247133518514650707e-03 8.391652213601242041e-03 2.818379384962266698e+01 1.241573260127746181e+02
2.900000000000000000e+01 6.283099388143349381e-03 2.034790520467912554e-03 2.822167315160880108e+01 1.215112175285181308e+02
3.000000000000000000e+01 5.357197522423698226e-03 -6.300867659324803881e-05 2.824723243447953891e+01 1.184827243651172211e+02
3.100000000000000000e+01 -3.325262956972503681e-03 4.464378052297248746e-03 2.826267621911926753e+01 1.156698758536214768e+02
3.200000000000000000e+01 -1.147197278373353422e-03 1.282714418158681195e-02 2.827097942059720737e+01 1.131302291796953199e+02
3.300000000000000000e+01 7.367873716018012720e-03 1.964701534545706604e-02 2.827793017540056653e+01 1.106052301514676657e+02
3.400000000000000000e+01 3.967372942709590337e-03 2.238450893423756319e-02 2.828419638813796411e+01 1.083297586522328118e+02
3.500000000000000000e+01 5.275705900939286173e-03 2.179215479405763670e-02 2.828475506362313041e+01 1.063282612759057884e+02
3.600000000000000000e+01 5.517516452835206052e-03 2.015558358318227106e-02 2.827955699316114035e+01 1.047336955485582592e+02
3.700000000000000000e+01 8.523503206909217172e-03 1.906281498250500875e-02 2.827191157247812825e+01 1.034475431504446021e+02
3.800000000000000000e+01 8.242725100487154413e-03 1.775179938325410767e-02 2.826213506162648770e+01 1.024515202846757518e+02
3.900000000000000000e+01 6.822459942151416247e-03 1.546352757188490003e-02 2.824588226531955470e+01 1.015340448288202992e+02
4.000000000000000000e+01 5.415540325296489335e-03 1.148549042737681547e-02 2.821522277597440720e+01 1.008325806317795923e+02
4.100000000000000000e+01 -3.067207938655841168e-03 5.979859417870403773e-03 2.815619583830324046e+01 1.002405157902027923e+02
4.200000000000000000e+01 -9.298499722833182199e-03 -4.302651856655749160e-04 2.803616510494235214e+01 9.957450358190779127e+01
4.300000000000000000e+01 -1.968778499007563937e-02 -7.500965208899279014e-03 2.780273088407418669e+01 9.854109985835567898e+01
4.400000000000000000e+01 -2.185913396361831990e-02 -1.395676733931479341e-02 2.739919348148129430e+01 9.719044501166375483e+01
4.500000000000000000e+01 -2.253909439727458733e-02 -1.933511389309318027e-02 2.679558962291175561e+01 9.523056330876603681e+01
4.600000000000000000e+01 -2.191559147736664784e-02 -2.305100128340940857e-02 2.602157693341605338e+01 9.266346044398692072e+01
4.700000000000000000e+01 -2.190347300640467509e-02 -2.459725498553657838e-02 2.518183187633369968e+01 8.973366836710611949e+01
