# freqs 	 pli 	 dpli 	 meanpower(thalamus)	 meanpower(scalp)	pli
8.000000000000000000e+00 1.505031477907918004e-02 3.826026449676580427e-02 8.283787328904663354e-05 2.048614639920530336e-04
9.000000000000000000e+00 1.659365424969307806e-02 3.385118723916782923e-02 7.479927572866185354e-05 1.959674521006780099e-04
1.000000000000000000e+01 2.230170317896653515e-02 5.125164106703222061e-02 7.517770895132561235e-05 1.834147165483484773e-04
1.100000000000000000e+01 3.110787045545894067e-02 1.642055433752509508e-01 7.903810575492904950e-05 1.738270625176575965e-04
1.200000000000000000e+01 3.219385210359428789e-02 2.163398089848737882e-01 8.025270270979501951e-05 1.686426489053607762e-04
1.300000000000000000e+01 2.112278284400349523e-02 1.213851153572970826e-01 7.841478049779659974e-05 1.637846113708665190e-04
1.400000000000000000e+01 6.784532287695502206e-03 1.772012402410096457e-02 7.373895873145032615e-05 1.603648069315924526e-04
1.500000000000000000e+01 -1.318087919505401846e-03 -2.589123939173806552e-02 6.795770199105771769e-05 1.596176616932212116e-04
1.600000000000000000e+01 -4.304067989132432173e-03 -3.413164378205582605e-02 6.328075424639738474e-05 1.610621019526411644e-04
1.700000000000000000e+01 -4.011006708304759583e-03 -3.250391992872169594e-02 6.026749037746566181e-05 1.635549430202198548e-04
1.800000000000000000e+01 -1.803439133622240440e-03 -2.748890881648321724e-02 5.840688624700613715e-05 1.661495820406502799e-04
1.900000000000000000e+01 1.360292071794200501e-03 -1.825278622287770935e-02 5.714001491917501788e-05 1.676123001284388731e-04
2.000000000000000000e+01 5.040183660366376328e-03 -5.551305030505227986e-03 5.615488352929619796e-05 1.674389995781599950e-04
2.100000000000000000e+01 1.097332570444781857e-02 9.197740351755337787e-03 5.542920271218559338e-05 1.657456731574608098e-04
2.200000000000000000e+01 1.437506515421805089e-02 2.324602661965103137e-02 5.488709084060086130e-05 1.625625290896558423e-04
2.300000000000000000e+01 1.183010168410255844e-02 3.106569687321824105e-02 5.436008704757742656e-05 1.579169627403988196e-04
2.400000000000000000e+01 1.107925210724534752e-02 2.890653186276055317e-02 5.383863498055521917e-05 1.518169558640959757e-04
2.500000000000000000e+01 1.044122649373628586e-02 1.967475747313061213e-02 5.334229895049799505e-05 1.445424813808956208e-04
2.600000000000000000e+01 8.303042828140386189e-03 9.708716548062839083e-03 5.282750326188050702e-05 1.366621458397202242e-04
2.700000000000000000e+01 4.675313320793620352e-03 3.228035339110370619e-03 5.225118727669276158e-05 1.286440995725406122e-04
2.800000000000000000e+01 2.287971888134968101e-03 9.558490628878627124e-04 5.158015325823397512e-05 1.208675610888587177e-04
2.900000000000000000e+01 9.821091242060071315e-04 1.645473837304567422e-03 5.085122227118515914e-05 1.135609775135733041e-04
3.000000000000000000e+01 5.332909286243421411e-06 3.554190912474921183e-03 5.012439752920909826e-05 1.068465909228704367e-04
3.100000000000000000e+01 5.435477682568102924e-04 5.313969296996726675e-03 4.945010608541503195e-05 1.007531478862879213e-04
3.200000000000000000e+01 -1.621669768009247785e-04 6.340161471912532029e-03 4.884228130012557883e-05 9.526183591908950372e-05
3.300000000000000000e+01 -1.669447466117475031e-04 6.813318724839038248e-03 4.828275496019973260e-05 9.032234691531238835e-05
3.400000000000000000e+01 -1.312789983339897218e-04 7.291664976713857146e-03 4.776931605883888681e-05 8.588551546046537617e-05
3.500000000000000000e+01 -7.097986777008902888e-04 8.024131836572637871e-03 4.729140528831748551e-05 8.192345881988014164e-05
3.600000000000000000e+01 -9.796198012205264895e-04 9.047030609213356153e-03 4.684085014221497917e-05 7.839809076198889801e-05
3.700000000000000000e+01 -9.671738070496706816e-04 1.020860557563683935e-02 4.639964059960994587e-05 7.524716412388343558e-05
3.800000000000000000e+01 -3.414516787960437819e-04 1.134445637693963158e-02 4.597133393547207916e-05 7.242098475924512401e-05
3.900000000000000000e+01 4.392565588771434677e-04 1.220440767064194520e-02 4.554311559161524633e-05 6.987912146074540525e-05
4.000000000000000000e+01 8.374302633745908100e-04 1.265437117758272910e-02 4.510841668088196661e-05 6.757343793809275710e-05
4.100000000000000000e+01 1.187577748741136356e-03 1.260247381619523759e-02 4.464877909636266366e-05 6.545041021561624154e-05
4.200000000000000000e+01 1.351692253646858495e-04 1.207468018764283439e-02 4.413044817234433500e-05 6.342982619969969778e-05
4.300000000000000000e+01 7.156017813424544495e-05 1.118282459829999381e-02 4.348159432897836488e-05 6.140020080002332552e-05
4.400000000000000000e+01 4.279940374674217523e-04 1.009118760873916124e-02 4.262204079065788571e-05 5.923526490937167197e-05
4.500000000000000000e+01 1.301070759084743504e-03 8.897784085399288931e-03 4.149657381988744329e-05 5.683936505130952991e-05
4.600000000000000000e+01 7.970969498045524584e-04 7.657230132935023345e-03 4.013572553993316065e-05 5.422141730952529574e-05
4.700000000000000000e+01 7.267859724774019658e-04 6.397141072874789822e-03 3.868254952450661451e-05 5.152128892347084503e-05
