# freqs 	 pli 	 dpli 	 meanpower(thalamus)	 meanpower(scalp)	pli
8.000000000000000000e+00 4.440830061693774866e-02 1.140273431916962593e-01 1.767335267534350500e-04 2.981913321734981854e-04
9.000000000000000000e+00 4.467259667356245079e-02 1.217478332008919417e-01 1.645121536476107339e-04 3.633592377554477099e-04
1.000000000000000000e+01 5.854660756462937155e-02 1.268899035831173583e-01 1.566756551189437666e-04 3.134393205792788809e-04
1.100000000000000000e+01 5.824655586735912050e-02 1.061048267589731198e-01 1.591389308609905500e-04 2.878683899623120509e-04
1.200000000000000000e+01 4.127577282492927990e-02 8.220672753114927067e-02 1.689014585055319370e-04 3.088111050586589109e-04
1.300000000000000000e+01 6.501318114436651849e-03 2.603521074600664495e-02 1.743277414186793803e-04 3.226536261172255056e-04
1.400000000000000000e+01 -2.234270764536327308e-02 -6.848102011444912041e-02 1.749775277220559568e-04 3.255438066287764378e-04
1.500000000000000000e+01 -6.280440912586515712e-02 -1.794160423225284740e-01 1.756508230329025867e-04 3.193776808565639740e-04
1.600000000000000000e+01 -7.849367416609433212e-02 -2.556238518492703893e-01 1.775207312574932734e-04 3.102971166965034946e-04
1.700000000000000000e+01 -8.616423958117483406e-02 -2.591477520848081695e-01 1.798662898997942358e-04 2.990274503229521002e-04
1.800000000000000000e+01 -8.485263403332787835e-02 -2.059904100315341213e-01 1.825397485608216811e-04 2.819075488509948952e-04
1.900000000000000000e+01 -6.655560922236788968e-02 -1.435402790669791095e-01 1.871244221123003469e-04 2.597815660850633177e-04
2.000000000000000000e+01 -4.941733626830475956e-02 -1.093164902700979463e-01 1.975757816743240283e-04 2.368955493903550824e-04
2.100000000000000000e+01 -4.740194990894085886e-02 -1.058100517646944766e-01 2.218364191499485228e-04 2.166765958850140855e-04
2.200000000000000000e+01 -4.804704191430680255e-02 -1.118745818100563977e-01 2.586350788278220974e-04 1.996455988393359786e-04
2.300000000000000000e+01 -5.054114097707554376e-02 -1.117762177174002336e-01 2.873103690918530945e-04 1.847775033170990816e-04
2.400000000000000000e+01 -4.698613354257780150e-02 -1.042343778797372722e-01 2.882796880436340665e-04 1.714954233908244587e-04
2.500000000000000000e+01 -4.805701468501974438e-02 -9.394878165336213727e-02 2.615201495228867512e-04 1.600598105570332429e-04
2.600000000000000000e+01 -4.235137834312118627e-02 -8.511754577467194050e-02 2.216831723444085181e-04 1.505918871480187789e-04
2.700000000000000000e+01 -3.782313054604870273e-02 -7.795096649070122619e-02 1.842676999902322034e-04 1.428474723467286890e-04
2.800000000000000000e+01 -3.062751188514386755e-02 -6.896051943981927612e-02 1.569331316113917847e-04 1.364690509160081827e-04
2.900000000000000000e+01 -2.099303856563722662e-02 -5.537357083158923193e-02 1.394676900202326006e-04 1.311107700628133576e-04
3.000000000000000000e+01 -1.300454569056261854e-02 -3.793762785526284126e-02 1.284924340720129145e-04 1.264076160399698614e-04
3.100000000000000000e+01 -1.098528785501019962e-02 -1.978395644764544339e-02 1.212317884979329538e-04 1.222508063252723831e-04
3.200000000000000000e+01 -6.987004031775740677e-03 -4.594991429430406692e-03 1.160345577913529766e-04 1.184467180798378711e-04
3.300000000000000000e+01 -6.678437451703094808e-03 5.389008107794407768e-03 1.120032345775561150e-04 1.149321893456523740e-04
3.400000000000000000e+01 -5.162892526876450110e-03 1.034445028585376410e-02 1.086256182466463938e-04 1.117711701371100458e-04
3.500000000000000000e+01 -4.194357191458424755e-03 1.135191128198406556e-02 1.055592468378315976e-04 1.088085743536130155e-04
3.600000000000000000e+01 -3.231277087244481452e-03 1.008391406445972686e-02 1.026223799617974797e-04 1.060645837549100990e-04
3.700000000000000000e+01 -5.137137416103485822e-03 7.879112943120240506e-03 9.974312048344414127e-05 1.035839962066173079e-04
3.800000000000000000e+01 -3.293501179226177630e-03 5.694073056207089346e-03 9.691114231690792712e-05 1.014041629619522213e-04
3.900000000000000000e+01 4.852036006728156553e-04 3.509054267537508806e-03 9.414697953428749282e-05 9.942421773436122337e-05
4.000000000000000000e+01 -7.472945170724506299e-04 1.066587580623804161e-03 9.148520379380292798e-05 9.763772998078424855e-05
4.100000000000000000e+01 -3.129007674012198106e-03 -2.116101601945561111e-03 8.894624454865083217e-05 9.596337870755652780e-05
4.200000000000000000e+01 -6.518221601147354376e-03 -6.499637354197498537e-03 8.650700671051495992e-05 9.425109745631201187e-05
4.300000000000000000e+01 -1.017265472731953072e-02 -1.198649619568156917e-02 8.406012528118592944e-05 9.222220196536611524e-05
4.400000000000000000e+01 -1.310512549901344387e-02 -1.821995180921949856e-02 8.144200880928652222e-05 8.978672442970854646e-05
4.500000000000000000e+01 -1.576584829607914975e-02 -2.451267623325496456e-02 7.846986667728158757e-05 8.676772243334401370e-05
4.600000000000000000e+01 -1.873886972404916959e-02 -3.013338734521009074e-02 7.506441889939542125e-05 8.319545488247442606e-05
4.700000000000000000e+01 -2.026985398311872272e-02 -3.433095321438953823e-02 7.132106615825781735e-05 7.931733174320719103e-05
