# freqs 	 pli 	 dpli 	 meanpower(thalamus)	 meanpower(scalp)	pli
8.000000000000000000e+00 -1.063728869810710333e-02 -2.453508512325779101e-02 1.995056878246905907e-04 1.565188622070256056e-04
9.000000000000000000e+00 -4.475015693184997839e-02 -7.804177434923498247e-02 1.860722116497714291e-04 1.529027845491067589e-04
1.000000000000000000e+01 -5.161587217463835947e-02 -6.363038069800415475e-02 1.673746622413201861e-04 1.380652012431468894e-04
1.100000000000000000e+01 -3.155518990583679878e-02 -1.246947399187877531e-02 1.446654164216164393e-04 1.160436607440908297e-04
1.200000000000000000e+01 -1.184513095930708922e-02 1.962050632686074617e-02 1.244036672187099235e-04 9.644330945533193574e-05
1.300000000000000000e+01 -6.306993955707554216e-03 1.508107878286019804e-02 1.115077136148930227e-04 8.332799804353240481e-05
1.400000000000000000e+01 -1.739849574185413708e-02 -2.503116887702417498e-02 1.070858443900518935e-04 7.669148675508838571e-05
1.500000000000000000e+01 -2.981046176027697323e-02 -6.928457751366576267e-02 1.050595678555755889e-04 7.374763973477081063e-05
1.600000000000000000e+01 -3.458643981908258308e-02 -8.453223379584327846e-02 9.962756566524386668e-05 7.051560852406620452e-05
1.700000000000000000e+01 -3.070300494742918621e-02 -7.191348936210489873e-02 9.098821882544621089e-05 6.602702648691254040e-05
1.800000000000000000e+01 -2.267279307943857736e-02 -4.816124870062522129e-02 8.237024748269187731e-05 6.155417924363256453e-05
1.900000000000000000e+01 -1.545151864091512395e-02 -2.927432912104001653e-02 7.575267938463183361e-05 5.801962526961811995e-05
2.000000000000000000e+01 -9.490859346924569728e-03 -1.972515182363902483e-02 7.107742743621809050e-05 5.551182629417698589e-05
2.100000000000000000e+01 -6.535180128225502941e-03 -1.493826078654982882e-02 6.755112424123973700e-05 5.371476683312440513e-05
2.200000000000000000e+01 -3.818503967917833124e-03 -1.006904814705127799e-02 6.463391925095897915e-05 5.233765018478807952e-05
2.300000000000000000e+01 -5.629971755881946769e-04 -4.092490186687077099e-03 6.211173132031709142e-05 5.119330500059082609e-05
2.400000000000000000e+01 1.130070083733978898e-03 1.395334772608057636e-03 5.993073103950807319e-05 5.016646023689582887e-05
2.500000000000000000e+01 1.118661451362595264e-03 5.387848113001804731e-03 5.808223420339211001e-05 4.923186901075290767e-05
2.600000000000000000e+01 -2.198419695686479683e-04 8.341713731536547216e-03 5.658898868940314168e-05 4.837563277840647237e-05
2.700000000000000000e+01 7.437354256461781686e-04 1.078103038812137926e-02 5.547664745854043080e-05 4.760134368975905994e-05
2.800000000000000000e+01 2.158657925068981510e-03 1.247235686114652777e-02 5.468413519314853962e-05 4.690806363038502419e-05
2.900000000000000000e+01 2.060813861978098589e-03 1.284462766473667798e-02 5.406965504794096565e-05 4.629515976406187356e-05
3.000000000000000000e+01 2.612179853858981413e-03 1.184148707976050152e-02 5.346477692277255085e-05 4.574537510278713212e-05
3.100000000000000000e+01 2.607717044397136422e-03 1.008826141711232846e-02 5.276835035912358330e-05 4.522677363089274967e-05
3.200000000000000000e+01 2.095092547160441743e-03 8.446806068073299881e-03 5.196076851143516446e-05 4.471836172633864183e-05
3.300000000000000000e+01 2.217356368073351933e-03 7.429820341570820413e-03 5.107008719057330102e-05 4.421763221274184789e-05
3.400000000000000000e+01 3.143835274496529445e-03 6.979217360839761949e-03 5.014501401581518267e-05 4.373728800380251319e-05
3.500000000000000000e+01 3.554419624433146317e-03 6.777212409469137756e-03 4.922907433659459790e-05 4.328844618381286105e-05
3.600000000000000000e+01 3.711474596320119348e-03 6.621428308527464376e-03 4.833975988329461279e-05 4.287088730165858780e-05
3.700000000000000000e+01 3.942254893373166313e-03 6.612936804118495562e-03 4.748712085118875800e-05 4.247828202836826533e-05
3.800000000000000000e+01 4.094993736957600744e-03 7.001311900741504467e-03 4.667328024810839601e-05 4.210748863072494763e-05
3.900000000000000000e+01 4.270040722664501277e-03 7.965671067977459288e-03 4.589275123411532730e-05 4.175475201327652735e-05
4.000000000000000000e+01 4.804019727316585948e-03 9.451064764260596121e-03 4.513949878462864690e-05 4.141285371630833585e-05
4.100000000000000000e+01 5.250923260321405280e-03 1.121666263013866918e-02 4.439748191446823977e-05 4.106069809067369720e-05
4.200000000000000000e+01 6.185731772431903898e-03 1.294446858567696590e-02 4.362402532253589191e-05 4.065152218038119776e-05
4.300000000000000000e+01 6.812094120628831885e-03 1.435783970706557520e-02 4.274914683781148205e-05 4.010901174036591384e-05
4.400000000000000000e+01 7.215725840353797924e-03 1.531164866448748475e-02 4.168903486379581719e-05 3.934785690611650004e-05
4.500000000000000000e+01 7.376390143845997643e-03 1.578053131565375009e-02 4.039062257286570170e-05 3.831574124703355605e-05
4.600000000000000000e+01 6.984454433574237460e-03 1.582394326678060112e-02 3.888046873608033932e-05 3.704006283379350452e-05
4.700000000000000000e+01 6.664909946573380553e-03 1.553589298231113081e-02 3.728660844575758520e-05 3.565112057577405057e-05
