# freqs 	 pli 	 dpli 	 meanpower(thalamus)	 meanpower(scalp)	pli
8.000000000000000000e+00 1.181331843343498555e-02 1.447598672122215810e-02 1.171702420890239488e-04 1.200741567205190926e-04
9.000000000000000000e+00 3.233469298451247670e-02 4.983984782766710114e-02 1.026724417712490537e-04 1.114110638790868424e-04
1.000000000000000000e+01 1.522570066629670184e-02 2.673859772578330782e-02 9.595656738674624331e-05 1.064816752800814447e-04
1.100000000000000000e+01 8.956087437808268534e-03 4.474311455860771787e-03 9.315455060764982935e-05 1.038498342014185287e-04
1.200000000000000000e+01 3.475941569827777598e-03 -3.171424019435332975e-02 9.257053667208147948e-05 1.041428791028977839e-04
1.300000000000000000e+01 9.566062268707046373e-03 -5.364780060745275719e-02 9.372317797805468137e-05 1.101076862448336448e-04
1.400000000000000000e+01 6.359939277439571317e-04 -5.971263675111370545e-02 9.516379341533520535e-05 1.170269236214586126e-04
1.500000000000000000e+01 -7.427635172037138148e-03 -7.161084120388118424e-02 9.480426552866449475e-05 1.186073281791666335e-04
1.600000000000000000e+01 -1.304239043692423036e-02 -7.779252642686926289e-02 9.229979192547249655e-05 1.154007910483454525e-04
1.700000000000000000e+01 -6.506312651242453400e-03 -5.658762924314356818e-02 8.883830050099059236e-05 1.113087272184397488e-04
1.800000000000000000e+01 -1.502901665262380620e-03 -2.296163912401017609e-02 8.602807127589157143e-05 1.092415934833441271e-04
1.900000000000000000e+01 4.626339989288361446e-03 1.748403276245699862e-03 8.449271803535136818e-05 1.093141155238213074e-04
2.000000000000000000e+01 5.553868746285901999e-03 1.531439050353240912e-02 8.387867310121751652e-05 1.102216928138244177e-04
2.100000000000000000e+01 2.925378067928270393e-03 2.061357648804235110e-02 8.366860644195731967e-05 1.103916135583322543e-04
2.200000000000000000e+01 9.486233163116014784e-04 1.823467150464549991e-02 8.343784645245055172e-05 1.090009936975826942e-04
2.300000000000000000e+01 -6.832402142407354578e-03 6.813466564756460141e-03 8.368657648904929893e-05 1.060512185713297821e-04
2.400000000000000000e+01 -1.371138443261692499e-02 -1.473027743993218092e-02 8.618116633309942784e-05 1.019361242391071692e-04
2.500000000000000000e+01 -2.552516826351114085e-02 -4.251966046744964922e-02 9.174155780198736752e-05 9.737500356881846728e-05
2.600000000000000000e+01 -3.393332964394672052e-02 -6.645368363031489700e-02 9.787975315749226706e-05 9.318241906218644453e-05
2.700000000000000000e+01 -3.799172476122782138e-02 -7.699647117698205090e-02 1.008745497778719603e-04 9.002769365542259478e-05
2.800000000000000000e+01 -3.259662529055815106e-02 -7.289750584088566798e-02 9.893752847717021974e-05 8.755489441793742791e-05
2.900000000000000000e+01 -2.309939182419815454e-02 -5.932189596132363824e-02 9.289762208580934011e-05 8.470557383447853363e-05
3.000000000000000000e+01 -1.444436345338559642e-02 -4.238240850135244903e-02 8.495291322030309837e-05 8.076435686860591596e-05
3.100000000000000000e+01 -8.781311038455842655e-03 -2.620902046467763619e-02 7.720776145902501935e-05 7.590324896998940855e-05
3.200000000000000000e+01 -3.971932149389760178e-03 -1.274784346696919944e-02 7.086932621138864624e-05 7.085285027076745500e-05
3.300000000000000000e+01 1.820554411673160078e-04 -2.125960566044705555e-03 6.620286652900427265e-05 6.631724692041009867e-05
3.400000000000000000e+01 3.133655269742086687e-03 6.437892292253594335e-03 6.296867303919484894e-05 6.264962444193258569e-05
3.500000000000000000e+01 6.188592423904494544e-03 1.342815988195878232e-02 6.074968942040795964e-05 5.980055633418424310e-05
3.600000000000000000e+01 1.054620566626763428e-02 1.862626198487001006e-02 5.914322884355306800e-05 5.756099456047246877e-05
3.700000000000000000e+01 1.268202245872593163e-02 2.139975572056970060e-02 5.789219100644430442e-05 5.574395027541984753e-05
3.800000000000000000e+01 1.156500565348146485e-02 2.145469979763654778e-02 5.684738773864137835e-05 5.422828360531585035e-05
3.900000000000000000e+01 8.272119182310282842e-03 1.911701529696178611e-02 5.591192598912568285e-05 5.290046031019807833e-05
4.000000000000000000e+01 5.862242002729460034e-03 1.535579376991286563e-02 5.503910204147461428e-05 5.169853566871623749e-05
4.100000000000000000e+01 2.885985970966652766e-03 1.111653584942531858e-02 5.419221280275122906e-05 5.057022637310131338e-05
4.200000000000000000e+01 -1.312609725969280305e-04 7.048594122546721075e-03 5.330093152455483399e-05 4.943658986718530801e-05
4.300000000000000000e+01 -2.831486694590875947e-03 3.370563329010460400e-03 5.227840010335059370e-05 4.820384945305341532e-05
4.400000000000000000e+01 -4.438528489541101844e-03 1.996347115307343630e-05 5.102376017098469470e-05 4.678008572892967487e-05
4.500000000000000000e+01 -4.425908787385340187e-03 -3.183870544304761956e-03 4.947007946051908264e-05 4.509753622606089458e-05
4.600000000000000000e+01 -6.767519653682899095e-03 -6.344150323202249475e-03 4.764326339775080591e-05 4.317117880310730678e-05
4.700000000000000000e+01 -8.445380217762466640e-03 -9.431330624763189022e-03 4.569548843051502270e-05 4.114507998074601829e-05
