# freqs 	 pli 	 dpli 	 meanpower(thalamus)	 meanpower(scalp)	pli
8.000000000000000000e+00 -3.507622185223233796e-02 -1.619675791043046487e-01 1.160514408504475549e-04 1.613550393133608783e-04
9.000000000000000000e+00 -4.007786321754502196e-02 -1.078283085983844924e-01 1.153084274230738101e-04 1.538095226542399597e-04
1.000000000000000000e+01 -2.608084624983963637e-02 -5.488228960378156024e-02 1.177211947248843493e-04 1.403038247856485668e-04
1.100000000000000000e+01 -2.049136327629681384e-02 -3.970016736618923320e-02 1.183986903917403727e-04 1.402406938557639135e-04
1.200000000000000000e+01 -2.278751022460900888e-02 -4.605953180003618391e-02 1.206463264202456745e-04 1.533118000791083488e-04
1.300000000000000000e+01 -1.483705171936941167e-02 -4.218643216807207302e-02 1.266801230680434948e-04 1.667923068730452023e-04
1.400000000000000000e+01 -2.040983406417104518e-03 2.295021096851282069e-02 1.343737135518094589e-04 1.753481934996558894e-04
1.500000000000000000e+01 3.805631348451150170e-02 1.447752945933780677e-01 1.427343001780098013e-04 1.802759605926205881e-04
1.600000000000000000e+01 6.975148094820721179e-02 2.225335975972055902e-01 1.474977180617212901e-04 1.809947091617967996e-04
1.700000000000000000e+01 8.111363386625147776e-02 2.162290079729014269e-01 1.456047745375928866e-04 1.760056004666171769e-04
1.800000000000000000e+01 7.681040894311955136e-02 1.668708692197146959e-01 1.434289687075033961e-04 1.677657061089419101e-04
1.900000000000000000e+01 6.447239833680189214e-02 1.330700615871586168e-01 1.489867999347794267e-04 1.597619055690431642e-04
2.000000000000000000e+01 6.307724437157880004e-02 1.310161877501903605e-01 1.615610145228329488e-04 1.530291654187553279e-04
2.100000000000000000e+01 6.630835306753993241e-02 1.383308029543093842e-01 1.724607791399141658e-04 1.461557521912827565e-04
2.200000000000000000e+01 6.391592412305197035e-02 1.364734863306363843e-01 1.764332241179705568e-04 1.378974287057080838e-04
2.300000000000000000e+01 6.326428590647938111e-02 1.212508855442285538e-01 1.760371175194979667e-04 1.287063491783665297e-04
2.400000000000000000e+01 5.421691008461974881e-02 9.861918518078593987e-02 1.733848554649258995e-04 1.195916066710621693e-04
2.500000000000000000e+01 4.731656984551018547e-02 7.727136905493427188e-02 1.670620683877338650e-04 1.113373863017250051e-04
2.600000000000000000e+01 3.844089363000463555e-02 6.198917213441163671e-02 1.563097184083674736e-04 1.044401176226880478e-04
2.700000000000000000e+01 2.821943905450696732e-02 5.390608159892213563e-02 1.431755787009760526e-04 9.918119681000665778e-05
2.800000000000000000e+01 2.787982721248266973e-02 5.027909337814476937e-02 1.305541419044104064e-04 9.559099700128046839e-05
2.900000000000000000e+01 2.662455446046907079e-02 4.593316777520836669e-02 1.202474531844994782e-04 9.347167121324512749e-05
3.000000000000000000e+01 2.124380072137060579e-02 3.718207816025404649e-02 1.125627583204904375e-04 9.242772727786233795e-05
3.100000000000000000e+01 1.723705812614226285e-02 2.489391055317737370e-02 1.070464735124032152e-04 9.212371253805889568e-05
3.200000000000000000e+01 9.182909600544839068e-03 1.310079996532218481e-02 1.030438767124918658e-04 9.230821262194034281e-05
3.300000000000000000e+01 5.653436864797192589e-03 5.199450615912416980e-03 1.000037100555198452e-04 9.264171425041371971e-05
3.400000000000000000e+01 3.260003177062173550e-03 1.632149606278942471e-03 9.755151353095643481e-05 9.269101638907821582e-05
3.500000000000000000e+01 1.731368118092796882e-03 8.032707798010552428e-04 9.544585593981421627e-05 9.207818868107801294e-05
3.600000000000000000e+01 3.582451886266284596e-04 1.061431556876427399e-03 9.348730728122454827e-05 9.060231049318980456e-05
3.700000000000000000e+01 1.592629524036908622e-03 1.672515034764782919e-03 9.160386169694591783e-05 8.827217011818732999e-05
3.800000000000000000e+01 3.037261187619651887e-03 2.571633783701034008e-03 8.980577728541189566e-05 8.527639728599101243e-05
3.900000000000000000e+01 5.697961726422069717e-03 3.695175984168135204e-03 8.811041619698236336e-05 8.189020880308653264e-05
4.000000000000000000e+01 7.279735404761704040e-03 4.923751233930898606e-03 8.652522388493546850e-05 7.838728314277281168e-05
4.100000000000000000e+01 8.661389720471418877e-03 6.168436026453381384e-03 8.500851058024438088e-05 7.497253920779680693e-05
4.200000000000000000e+01 9.823491152129545240e-03 7.590071890210395300e-03 8.345207840879890343e-05 7.172624592030737642e-05
4.300000000000000000e+01 1.043185233363985026e-02 9.475972501924164598e-03 8.168764184345406957e-05 6.859714348535290627e-05
4.400000000000000000e+01 1.055605301988876352e-02 1.216303319958255032e-02 7.952309602497958441e-05 6.543795938412465122e-05
4.500000000000000000e+01 1.058491607433536055e-02 1.560992467199811412e-02 7.679577480562254635e-05 6.209490457977113337e-05
4.600000000000000000e+01 1.179011109508411662e-02 1.960383038480127682e-02 7.348032038604703257e-05 5.849675302800759518e-05
4.700000000000000000e+01 1.427411451770964519e-02 2.377802185400467588e-02 6.974773686578875868e-05 5.473180034802860262e-05
