# freqs 	 pli 	 dpli 	 meanpower(thalamus)	 meanpower(scalp)	pli
8.000000000000000000e+00 -1.093740606155511053e-01 -2.104235862277951397e-01 1.509974503602817461e-04 2.605114024770021925e-04
9.000000000000000000e+00 -7.465691516236634684e-02 -1.209389977217002060e-01 1.232551918956412346e-04 2.155249766605543292e-04
1.000000000000000000e+01 -2.825391407249552497e-02 -3.516282832111744527e-02 1.178309574673953820e-04 1.892764463994921816e-04
1.100000000000000000e+01 3.618569949933565701e-03 8.787451973103304476e-03 1.295166780020843103e-04 1.715790943434784691e-04
1.200000000000000000e+01 8.918656610054280162e-03 -1.286536815578743359e-02 1.277535707580863366e-04 1.614645930172102864e-04
1.300000000000000000e+01 5.873005686746015676e-04 -4.810336022498134384e-02 1.117973510012694455e-04 1.644962036948139240e-04
1.400000000000000000e+01 1.097600209682484925e-03 -6.175416182736531007e-02 9.616764000007628043e-05 1.697971085077653686e-04
1.500000000000000000e+01 2.014370391552256900e-03 -4.643595695899169901e-02 8.499713078234964400e-05 1.620976397070211230e-04
1.600000000000000000e+01 7.979390279563439506e-03 -1.256753674348182886e-02 7.712349028724983183e-05 1.437106517560448769e-04
1.700000000000000000e+01 1.373614166055677800e-02 2.164053238251029479e-02 7.180664256185236938e-05 1.245640780890539087e-04
1.800000000000000000e+01 2.104010175097039900e-02 4.323320395123023824e-02 6.872682365953241635e-05 1.107429437858790022e-04
1.900000000000000000e+01 2.369832004926236690e-02 4.906401296332404960e-02 6.733261298477493035e-05 1.023931718248398724e-04
2.000000000000000000e+01 2.152957752584917436e-02 4.642764957261469316e-02 6.730032453817711704e-05 9.720421367271184796e-05
2.100000000000000000e+01 1.907613829684506532e-02 4.174967811967385950e-02 6.828451529202974766e-05 9.321982610682165188e-05
2.200000000000000000e+01 1.774674506655462766e-02 3.725198183170708860e-02 6.929241491600332916e-05 8.945841676268895812e-05
2.300000000000000000e+01 1.520258912597589537e-02 3.345606759451166118e-02 6.902152888677786735e-05 8.568976086977931705e-05
2.400000000000000000e+01 1.376659881950089738e-02 2.967665181357917112e-02 6.700878082717734961e-05 8.204414215846406655e-05
2.500000000000000000e+01 1.247047460278856955e-02 2.532270300983322647e-02 6.377495665427439610e-05 7.874287654090134428e-05
2.600000000000000000e+01 1.040009033918067038e-02 2.097020746047218234e-02 6.015768753041890216e-05 7.587214403793897356e-05
2.700000000000000000e+01 1.048068538134345855e-02 1.781574761731452919e-02 5.681218903440265095e-05 7.334046501391647808e-05
2.800000000000000000e+01 9.919644198945533689e-03 1.651823456965259909e-02 5.405227401276450162e-05 7.097516162425049975e-05
2.900000000000000000e+01 9.489111368047168857e-03 1.678857341384881047e-02 5.192339956062128092e-05 6.862670556787187233e-05
3.000000000000000000e+01 9.510947412916713473e-03 1.779667445436392340e-02 5.036205641038680883e-05 6.623292658747829314e-05
3.100000000000000000e+01 1.035837101033794741e-02 1.868854268561458143e-02 4.926750355873948695e-05 6.382224351403391555e-05
3.200000000000000000e+01 9.392666842832166074e-03 1.902921180835146983e-02 4.851603614263531303e-05 6.147224906419042486e-05
3.300000000000000000e+01 8.968402685070098190e-03 1.883427696896101608e-02 4.797026336908636945e-05 5.926678946655191684e-05
3.400000000000000000e+01 7.833544150603636777e-03 1.841880221811758103e-02 4.748541973212416935e-05 5.724388727615273113e-05
3.500000000000000000e+01 7.771053978714242451e-03 1.809303440212643374e-02 4.695815196574307633e-05 5.540149161211093781e-05
3.600000000000000000e+01 8.887321222127328793e-03 1.800994135389942519e-02 4.634259708958813804e-05 5.372376849737327563e-05
3.700000000000000000e+01 9.430355858503493630e-03 1.814821873858877763e-02 4.564837408671673652e-05 5.220586196327337350e-05
3.800000000000000000e+01 9.306215800850302367e-03 1.841988781083338245e-02 4.491127904675104230e-05 5.083467075865570568e-05
3.900000000000000000e+01 9.551298735549789212e-03 1.876440829918311903e-02 4.417324373045854386e-05 4.959862886659471208e-05
4.000000000000000000e+01 9.669585740123550627e-03 1.923095304081073181e-02 4.345446533020224164e-05 4.846637962089841653e-05
4.100000000000000000e+01 1.064758929635164879e-02 1.988524299438917606e-02 4.275439545577709710e-05 4.739068153198119888e-05
4.200000000000000000e+01 1.106455612530804836e-02 2.073359810130691663e-02 4.203850623753298575e-05 4.630947262677946916e-05
4.300000000000000000e+01 1.139272526139847343e-02 2.170194506685530975e-02 4.123527913729319597e-05 4.514053978453525743e-05
4.400000000000000000e+01 1.207758826518377619e-02 2.267730800615973610e-02 4.026417639665106274e-05 4.379732058703212136e-05
4.500000000000000000e+01 1.256630941483481180e-02 2.358951448203389784e-02 3.908055279060197436e-05 4.222486586765294162e-05
4.600000000000000000e+01 1.263524332778839104e-02 2.440979437640451027e-02 3.772136980982731939e-05 4.044135325599454623e-05
4.700000000000000000e+01 1.291712206195496336e-02 2.513036680770164288e-02 3.633039131269781384e-05 3.856860160576233232e-05
