# freqs 	 pli 	 dpli 	 meanpower(thalamus)	 meanpower(scalp)	pli
8.000000000000000000e+00 -1.078599149429816835e-02 1.940394103775766946e-02 3.274541689146862211e+01 2.607464080855094721e+02
9.000000000000000000e+00 2.024754828600102297e-03 5.883723246744165108e-02 3.219202125104248324e+01 2.311356040316553901e+02
1.000000000000000000e+01 1.675124623882875974e-02 9.425628169014906022e-02 3.184253207781448580e+01 2.037775130431113553e+02
1.100000000000000000e+01 1.463842469212836908e-02 9.468914874613774957e-02 3.145578247811714689e+01 1.814463917150312398e+02
1.200000000000000000e+01 1.838274868139359516e-02 7.470717204980936721e-02 3.103243856388650812e+01 1.627454272534216670e+02
1.300000000000000000e+01 1.933936486732649312e-02 6.088595209405836539e-02 3.022688373922870397e+01 1.469814953030268612e+02
1.400000000000000000e+01 7.666283064090472811e-03 3.547029320765957006e-02 2.918467929637068536e+01 1.335417768289420053e+02
1.500000000000000000e+01 -1.649448924295907580e-03 1.332978879107250825e-04 2.835149021425272764e+01 1.229048587304263833e+02
1.600000000000000000e+01 -8.323780629702732040e-03 -3.116506656514344414e-02 2.781250495257014776e+01 1.143946368449656603e+02
1.700000000000000000e+01 -1.725372941695257900e-02 -5.217874689196411175e-02 2.753348445606583184e+01 1.072548925894261629e+02
1.800000000000000000e+01 -2.670500129416957663e-02 -6.210795656644559765e-02 2.748529680103241191e+01 1.009495574243205454e+02
1.900000000000000000e+01 -2.251955634393426262e-02 -5.591979556967637682e-02 2.760515574151431295e+01 9.550172561648025749e+01
2.000000000000000000e+01 -1.787879696799598780e-02 -4.203068991388415887e-02 2.773668605028507628e+01 9.084552856482629579e+01
2.100000000000000000e+01 -1.488768433058919489e-02 -3.224309625485437258e-02 2.780802594925022930e+01 8.684731182491094614e+01
2.200000000000000000e+01 -9.487686319451200251e-03 -2.673323726068400213e-02 2.783404244718526854e+01 8.336114699154090601e+01
2.300000000000000000e+01 -8.594899028360924315e-03 -2.030026654239726336e-02 2.785239240159272001e+01 8.037019300240615394e+01
2.400000000000000000e+01 -6.498856030596912928e-03 -1.240638024417467337e-02 2.790968322735172791e+01 7.780359548640244327e+01
2.500000000000000000e+01 -4.341456861570216694e-03 -4.998860988478866403e-03 2.801879157410848720e+01 7.562350541243603175e+01
2.600000000000000000e+01 -1.225359616409163596e-03 1.144596440864164080e-03 2.814153295854616132e+01 7.377922356162457618e+01
2.700000000000000000e+01 3.519454942247298834e-03 5.826537439567859231e-03 2.822953870184152692e+01 7.215190798771260461e+01
2.800000000000000000e+01 2.777887124796392989e-03 8.951586964624270309e-03 2.825480062008882953e+01 7.066232571765536363e+01
2.900000000000000000e+01 1.127060074428495526e-03 1.069794179399806595e-02 2.824643066716388873e+01 6.931000717276377543e+01
3.000000000000000000e+01 1.122460910511378787e-03 1.193025287179413918e-02 2.823638209658381371e+01 6.807479277834097786e+01
3.100000000000000000e+01 2.028957795553289548e-03 1.304002815533307318e-02 2.823186353357951361e+01 6.690805705636266509e+01
3.200000000000000000e+01 1.239980890705451354e-03 1.405147695952329266e-02 2.824359669622830893e+01 6.580623350701522156e+01
3.300000000000000000e+01 5.117592120903379123e-03 1.479056998528618418e-02 2.826178153124927661e+01 6.478840809006733537e+01
3.400000000000000000e+01 7.271786190818627094e-03 1.479749297420281454e-02 2.828142995160615314e+01 6.386624765202132181e+01
3.500000000000000000e+01 7.483718829324980532e-03 1.384445195981012962e-02 2.827843224198895200e+01 6.298429482766699294e+01
3.600000000000000000e+01 7.521682075373699490e-03 1.144340759374799961e-02 2.825268726431113819e+01 6.213699099993969099e+01
3.700000000000000000e+01 4.781190592753189680e-03 7.444380283830643458e-03 2.821349344730262487e+01 6.133494561576611659e+01
3.800000000000000000e+01 3.030874251547736875e-03 2.436991248215390846e-03 2.815997427850017942e+01 6.060371043192265716e+01
3.900000000000000000e+01 1.167718460220818367e-03 -2.399038103817602557e-03 2.809339468076728252e+01 5.994129568721174195e+01
4.000000000000000000e+01 -8.159809498610927792e-04 -5.711140342382141702e-03 2.800818691688512274e+01 5.935788594195765455e+01
4.100000000000000000e+01 -9.458575881266306556e-04 -6.729247913954240247e-03 2.789511836080881224e+01 5.880816130897580507e+01
4.200000000000000000e+01 -1.550545017631367898e-03 -5.533217081333768710e-03 2.772482548664445190e+01 5.821401181916950662e+01
4.300000000000000000e+01 -1.317857497932253992e-03 -2.932207868703360157e-03 2.745114354519163058e+01 5.744464783908402694e+01
4.400000000000000000e+01 -1.816501616665292061e-03 2.214536250903405821e-04 2.702226565828182459e+01 5.640975963533617943e+01
4.500000000000000000e+01 -2.101315541913211654e-03 3.073763205297661005e-03 2.640927219696798645e+01 5.500881805782359635e+01
4.600000000000000000e+01 -1.783646246312248001e-03 5.036199362094203463e-03 2.564046219881118205e+01 5.326081035497584537e+01
4.700000000000000000e+01 -1.697509509539116236e-03 5.792042135937918758e-03 2.481048712208299989e+01 5.133426120947145677e+01
