# freqs 	 pli 	 dpli 	 meanpower(thalamus)	 meanpower(scalp)	pli
8.000000000000000000e+00 -2.783110370610973605e-02 -6.258037573855727842e-02 1.063039940235728059e-04 1.779136344327895362e-04
9.000000000000000000e+00 -8.691588377975843424e-03 -2.597166530625749647e-02 9.691873653589001326e-05 1.725655334122662735e-04
1.000000000000000000e+01 7.544635974563260010e-03 2.817025192361452199e-02 9.245518651293001397e-05 1.667777355818395859e-04
1.100000000000000000e+01 1.862660665577219390e-02 5.399483209598810590e-02 9.005290955726338018e-05 1.655431353221088623e-04
1.200000000000000000e+01 2.302576653828403500e-02 6.442307020170506826e-02 8.877017547350973803e-05 1.640500483946956975e-04
1.300000000000000000e+01 3.021557954548601682e-02 7.398552947918976552e-02 8.806390151613949083e-05 1.610135086941786838e-04
1.400000000000000000e+01 2.518535625931174471e-02 6.214604889446348479e-02 8.711576191160953666e-05 1.541627702996743938e-04
1.500000000000000000e+01 1.458695181219265072e-02 3.405509681521655396e-02 8.531237077719497016e-05 1.428323120487911212e-04
1.600000000000000000e+01 4.072780334717578761e-04 7.621671016438956968e-03 8.328352553864291311e-05 1.294660636889569778e-04
1.700000000000000000e+01 -7.411522795881145959e-03 -6.219619363225943262e-03 8.153944473029446768e-05 1.168460398400848434e-04
1.800000000000000000e+01 -7.038363349626647683e-03 -9.460897113883022166e-03 8.017664754058630942e-05 1.067718635561074254e-04
1.900000000000000000e+01 -4.193323834795020105e-03 -6.778659133553712607e-03 7.917833560452391408e-05 9.922125690047938233e-05
2.000000000000000000e+01 -2.538683969460343946e-03 -1.862379442404437247e-03 7.839585525000312581e-05 9.331118370372183234e-05
2.100000000000000000e+01 -2.877494572167861239e-03 1.417441824185747398e-03 7.764314478581417196e-05 8.822174635147908128e-05
2.200000000000000000e+01 -9.108890985713723231e-04 1.722258409084031138e-03 7.686217196589686875e-05 8.357870841645756714e-05
2.300000000000000000e+01 -1.658630741704249364e-03 1.539482151390253527e-04 7.603940898574527616e-05 7.931167095211718915e-05
2.400000000000000000e+01 -1.511379822819932826e-03 -1.966624881248189155e-03 7.524493409254098700e-05 7.554697521401155299e-05
2.500000000000000000e+01 -1.724531566430994624e-03 -3.937345047422426310e-03 7.459231456457257115e-05 7.236786093170095055e-05
2.600000000000000000e+01 -2.861107534726692499e-03 -5.736852467807246683e-03 7.423609757856564192e-05 6.987274630309992375e-05
2.700000000000000000e+01 -4.218639972759442164e-03 -7.662026892473848896e-03 7.446166531162412929e-05 6.812197846142053646e-05
2.800000000000000000e+01 -5.674728352664374677e-03 -9.736971754735505510e-03 7.575966415545693996e-05 6.697850912791146905e-05
2.900000000000000000e+01 -6.799310005971385962e-03 -1.138325766158660227e-02 7.841740201939347444e-05 6.614805720829276771e-05
3.000000000000000000e+01 -6.625963150397065800e-03 -1.185821661069959461e-02 8.194092063785781007e-05 6.534452558915427396e-05
3.100000000000000000e+01 -6.590044566918334956e-03 -1.091554749551146113e-02 8.516721367790781221e-05 6.449048090840312083e-05
3.200000000000000000e+01 -6.597383740207200288e-03 -9.036529845301056324e-03 8.697522153416846458e-05 6.362799659345510519e-05
3.300000000000000000e+01 -6.958150680138912823e-03 -7.003853040824820075e-03 8.680334080241713230e-05 6.283486529741454660e-05
3.400000000000000000e+01 -5.631296199114271990e-03 -5.435809090950522934e-03 8.476042877559300168e-05 6.217542807441828624e-05
3.500000000000000000e+01 -3.707486955615370110e-03 -4.665302807611086157e-03 8.141497895755800624e-05 6.163819041722684892e-05
3.600000000000000000e+01 -2.866960668653484572e-03 -4.615728830700478388e-03 7.746015003039806500e-05 6.122660603379617142e-05
3.700000000000000000e+01 -2.174325412599813646e-03 -4.997318637317070371e-03 7.349976955055142482e-05 6.092920770700765916e-05
3.800000000000000000e+01 -2.134069735149064177e-03 -5.477188944452713974e-03 6.994250641416770967e-05 6.074179105342575997e-05
3.900000000000000000e+01 -2.752677642450578228e-03 -5.891230567004929024e-03 6.697362380242502251e-05 6.062675174479134030e-05
4.000000000000000000e+01 -3.831164461085721003e-03 -6.223384622769865399e-03 6.460758172284875153e-05 6.057940710963153252e-05
4.100000000000000000e+01 -4.392688116697351930e-03 -6.558813912299842584e-03 6.273829454203164202e-05 6.056695443438637848e-05
4.200000000000000000e+01 -4.495766877466876067e-03 -6.937152789625532744e-03 6.118252655232964967e-05 6.052561502060457420e-05
4.300000000000000000e+01 -3.787067333793083315e-03 -7.310141863696822430e-03 5.972018773988128280e-05 6.032906668935541117e-05
4.400000000000000000e+01 -3.829941503369991423e-03 -7.529962057579432828e-03 5.813739187654362134e-05 5.985470537479554005e-05
4.500000000000000000e+01 -3.539457967348231659e-03 -7.521271608808111075e-03 5.629632717660342070e-05 5.898349076761551891e-05
4.600000000000000000e+01 -3.617558435086579496e-03 -7.250896643270916299e-03 5.419011906946996290e-05 5.772533935893629081e-05
4.700000000000000000e+01 -3.980080793271443748e-03 -6.741914591987198738e-03 5.197557252970490233e-05 5.626289354421009037e-05
