# freqs 	 pli 	 dpli 	 meanpower(thalamus)	 meanpower(scalp)	pli
8.000000000000000000e+00 -3.361886787773921831e-02 -6.316191302087886816e-02 5.908926797482173831e-05 3.237153849416793080e-04
9.000000000000000000e+00 -2.228026254431210787e-02 -4.775753899934183366e-02 6.668876518049171825e-05 2.880666061882227900e-04
1.000000000000000000e+01 -7.604518700908233578e-03 -2.011691045125114236e-02 7.446104771043158405e-05 2.739229209182900420e-04
1.100000000000000000e+01 -6.509036661603381617e-03 -1.347805835364569368e-02 7.883567771049328785e-05 2.746670228709413922e-04
1.200000000000000000e+01 -6.152448654240674254e-03 -1.431120755381156892e-02 7.871310080832620831e-05 2.889528912954599437e-04
1.300000000000000000e+01 -6.278617508964850526e-03 -1.338825780216957445e-02 7.529821703154980549e-05 3.114590288288705930e-04
1.400000000000000000e+01 -4.560531796560189817e-03 -7.970292661033334322e-03 7.032125134294055333e-05 3.380038543144009834e-04
1.500000000000000000e+01 -4.534821365233431684e-03 -5.791452375559142697e-03 6.550552303867952352e-05 3.634576641761677585e-04
1.600000000000000000e+01 -4.505790025798869954e-03 -4.448813865120845867e-03 6.203892349537056602e-05 3.849016614054061314e-04
1.700000000000000000e+01 -3.563815703255174706e-03 -2.325559137976541751e-04 6.038779649995009130e-05 4.019885541072084007e-04
1.800000000000000000e+01 6.941514318952792537e-04 6.315964690846744695e-03 6.042953521078414599e-05 4.144267462426449544e-04
1.900000000000000000e+01 4.154076071381328401e-03 1.142956369008062308e-02 6.131643889260564263e-05 4.218826201109263639e-04
2.000000000000000000e+01 7.181067927863099033e-03 1.199051246909779364e-02 6.176364016188964174e-05 4.242609952785877697e-04
2.100000000000000000e+01 6.305946580217883062e-03 9.434681873802194113e-03 6.098807907349690209e-05 4.226799857588202976e-04
2.200000000000000000e+01 4.916877181281634722e-03 6.924180679442572782e-03 5.919258230580699224e-05 4.186810583680979645e-04
2.300000000000000000e+01 3.393279762251898233e-03 5.943949766483263598e-03 5.713355416517103724e-05 4.137747013967050928e-04
2.400000000000000000e+01 3.002733649000088965e-03 6.730592942408057493e-03 5.544102501871993804e-05 4.089215836410927275e-04
2.500000000000000000e+01 3.956608215477191992e-03 8.980820472562739409e-03 5.438367518279827253e-05 4.048984331462128516e-04
2.600000000000000000e+01 5.802746534730574175e-03 1.198596063668358122e-02 5.400750392091858336e-05 4.022308045472172623e-04
2.700000000000000000e+01 7.988938691281869536e-03 1.486019001060905932e-02 5.435386254958250561e-05 4.013158561736773267e-04
2.800000000000000000e+01 9.910118843407280526e-03 1.677103305301682126e-02 5.559554353267492162e-05 4.019325548498240449e-04
2.900000000000000000e+01 1.006298352826270892e-02 1.712273771828196761e-02 5.820588184717402148e-05 4.039722181874254303e-04
3.000000000000000000e+01 9.811504321830401276e-03 1.582716452767001653e-02 6.289995875505426559e-05 4.068857317609443245e-04
3.100000000000000000e+01 9.082005602058795812e-03 1.344660518483771668e-02 6.996810988866758777e-05 4.104129806158763965e-04
3.200000000000000000e+01 7.049151262935544893e-03 1.080612474300227110e-02 7.839259135767089796e-05 4.140464186255114797e-04
3.300000000000000000e+01 5.664557588787059658e-03 8.548546233737719033e-03 8.596692162477458099e-05 4.173760306280503447e-04
3.400000000000000000e+01 4.301976670371604472e-03 6.860926242870537747e-03 9.048583169696680173e-05 4.205292371820990461e-04
3.500000000000000000e+01 4.476157417340228054e-03 5.844634082500927558e-03 9.082677805911519749e-05 4.232408954399608609e-04
3.600000000000000000e+01 4.241436966128250656e-03 5.401493303335852363e-03 8.727283417967519224e-05 4.256613535617740718e-04
3.700000000000000000e+01 4.095142036599145989e-03 5.410249144437397593e-03 8.108162013556021786e-05 4.277613333353873139e-04
3.800000000000000000e+01 4.186580400568264831e-03 5.684000309487850094e-03 7.384841151776856661e-05 4.296047712585100622e-04
3.900000000000000000e+01 4.381161153500282533e-03 6.164420341358607495e-03 6.693494162047032342e-05 4.308867470194500493e-04
4.000000000000000000e+01 4.430327751541423241e-03 6.762227791828347677e-03 6.118103037062972652e-05 4.316387309467112831e-04
4.100000000000000000e+01 4.808699464829950185e-03 7.501991093517109375e-03 5.683925449348219865e-05 4.315925197129665209e-04
4.200000000000000000e+01 5.673469004700220676e-03 8.400176029519663273e-03 5.372421375299585625e-05 4.302572434809025649e-04
4.300000000000000000e+01 5.954485618650937583e-03 9.390906826430074628e-03 5.143008108320305246e-05 4.267057325275724422e-04
4.400000000000000000e+01 6.113125656892021316e-03 1.036773649193248499e-02 4.953330480044912333e-05 4.204582890220256238e-04
4.500000000000000000e+01 6.463259685222062095e-03 1.118654763138667886e-02 4.771607875590789789e-05 4.109285673996675267e-04
4.600000000000000000e+01 6.471282217336838706e-03 1.175983526908556259e-02 4.584288132987060060e-05 3.985374623369239227e-04
4.700000000000000000e+01 6.572680124114270959e-03 1.204994156694145710e-02 4.397221007268596355e-05 3.848140959087639279e-04
