# freqs 	 pli 	 dpli 	 meanpower(thalamus)	 meanpower(scalp)	pli
8.000000000000000000e+00 -2.425544048196196650e-02 -5.154682078429644043e-02 1.867068889393250881e-05 2.180736283180174581e-04
9.000000000000000000e+00 -5.040155605930819564e-03 -2.096161991215455059e-02 1.837624616164135850e-05 2.073224619619877518e-04
1.000000000000000000e+01 5.262007369933170654e-04 2.254572283651610359e-02 1.945090848532871544e-05 2.066197269694970869e-04
1.100000000000000000e+01 -1.263711224228469127e-02 7.966652108676549812e-03 2.072609858503501710e-05 2.248582633506911426e-04
1.200000000000000000e+01 -2.972981692319746211e-02 -6.549609663524526282e-02 2.192315793869509822e-05 2.527387542215222779e-04
1.300000000000000000e+01 -5.884374024125712394e-02 -1.372643504860577568e-01 2.370294792334165580e-05 2.816302010512712790e-04
1.400000000000000000e+01 -8.708360703667561431e-02 -1.905057452777097482e-01 2.573043724923615625e-05 3.055769526573784965e-04
1.500000000000000000e+01 -1.038128879985419639e-01 -2.088003777978054698e-01 2.778228374531182900e-05 3.208322871554883599e-04
1.600000000000000000e+01 -9.509038206501724266e-02 -1.865184793518415707e-01 2.968559397951710629e-05 3.292574508973530466e-04
1.700000000000000000e+01 -6.628557793247105701e-02 -1.321728767474255328e-01 3.109942371480492966e-05 3.296869267677448364e-04
1.800000000000000000e+01 -2.990766910498431075e-02 -7.188963501225202612e-02 3.209259822054494278e-05 3.205747553727715049e-04
1.900000000000000000e+01 -9.964503042596349613e-03 -4.258554696213389529e-02 3.400746827063417735e-05 3.038063389915049493e-04
2.000000000000000000e+01 -1.144627376892495482e-02 -5.558052820213733175e-02 3.770083776939402707e-05 2.837332587744767162e-04
2.100000000000000000e+01 -1.997876824673344709e-02 -7.241544670866037481e-02 4.155903161541179918e-05 2.621821910191697385e-04
2.200000000000000000e+01 -2.200306523622309537e-02 -6.471135897485021105e-02 4.348732115165085811e-05 2.378934511774403863e-04
2.300000000000000000e+01 -1.241493871597271550e-02 -3.712917901573595247e-02 4.321222996880812162e-05 2.105031536765520207e-04
2.400000000000000000e+01 -8.503219497373441273e-04 -5.183028908342153344e-03 4.150892900027079062e-05 1.828901966154526844e-04
2.500000000000000000e+01 1.292400092740139846e-02 2.197246368424819393e-02 3.925249182959632618e-05 1.587254346516826428e-04
2.600000000000000000e+01 2.637047447742356734e-02 4.547861925069562189e-02 3.703382712489773035e-05 1.398949032967776809e-04
2.700000000000000000e+01 3.873582739407455816e-02 7.050882653511648945e-02 3.513633719218691603e-05 1.263416153243383593e-04
2.800000000000000000e+01 5.028452779814974322e-02 9.804470996733559429e-02 3.357226427558218152e-05 1.169346790613670216e-04
2.900000000000000000e+01 6.092488162946345376e-02 1.232684198541411230e-01 3.224342943421938169e-05 1.103919870272044830e-04
3.000000000000000000e+01 6.808737471491634052e-02 1.409730634419042172e-01 3.103196564745269416e-05 1.056564725699422772e-04
3.100000000000000000e+01 7.326908513871636941e-02 1.492849485744625615e-01 2.986544714879022996e-05 1.020374603353797180e-04
3.200000000000000000e+01 7.269750396557696226e-02 1.487240703011143972e-01 2.873666252948339704e-05 9.906549809732079573e-05
3.300000000000000000e+01 6.625716613778516451e-02 1.412034311812472853e-01 2.766770267670210073e-05 9.642305941138120502e-05
3.400000000000000000e+01 5.766820438840259549e-02 1.293411040903930387e-01 2.670705284553222088e-05 9.399677387594394405e-05
3.500000000000000000e+01 5.076505450958827825e-02 1.159555362186065752e-01 2.590260022043146962e-05 9.174175323806203980e-05
3.600000000000000000e+01 4.526522227730472858e-02 1.034156094978041368e-01 2.527433058881701155e-05 8.959998307662776003e-05
3.700000000000000000e+01 4.131411336719394839e-02 9.280365966518565324e-02 2.480665595993958742e-05 8.747333437356101949e-05
3.800000000000000000e+01 3.740293431453344669e-02 8.392091403270653116e-02 2.446714245834710858e-05 8.524735731098149441e-05
3.900000000000000000e+01 3.543291959282772463e-02 7.607417967674393044e-02 2.422900059018172694e-05 8.283315588764880244e-05
4.000000000000000000e+01 3.215345794026894244e-02 6.891616935157612867e-02 2.405874714290294798e-05 8.017834032670635453e-05
4.100000000000000000e+01 2.936344805666348326e-02 6.237469260959490475e-02 2.390791977992634583e-05 7.732358639128840937e-05
4.200000000000000000e+01 2.646929015360349746e-02 5.661252884559943993e-02 2.372495974502040401e-05 7.433686057542187870e-05
4.300000000000000000e+01 2.534493860924804526e-02 5.184042321428116579e-02 2.344709706452948356e-05 7.121861971606845490e-05
4.400000000000000000e+01 2.327313322545612739e-02 4.815119082544425111e-02 2.302098893941033252e-05 6.794724485312249676e-05
4.500000000000000000e+01 2.121710027182513100e-02 4.539989953485804725e-02 2.241684556585487673e-05 6.449319327086069453e-05
4.600000000000000000e+01 2.132784750989780501e-02 4.337224605858295418e-02 2.165724696629029285e-05 6.089105886250722506e-05
4.700000000000000000e+01 2.065550655961161108e-02 4.184024844905807200e-02 2.082334787068776489e-05 5.730040750433207375e-05
