# freqs 	 pli 	 dpli 	 meanpower(thalamus)	 meanpower(scalp)	pli
8.000000000000000000e+00 3.214586167970778525e-03 3.398193392480480714e-03 3.596064406873296093e+02 5.223082662012755861e+01
9.000000000000000000e+00 -2.063550267258840165e-02 -7.191290997657731610e-02 3.425925924269650977e+02 5.192313632408350088e+01
1.000000000000000000e+01 -2.653598717426185541e-02 -8.346476574748687427e-02 3.107613280657415658e+02 4.850323813123048211e+01
1.100000000000000000e+01 -3.174875822596505415e-02 -1.105604295193512165e-01 3.253944889171332875e+02 4.555705307392852887e+01
1.200000000000000000e+01 -5.975622058801237368e-02 -2.441295935361088576e-01 3.982871231092438506e+02 4.594944592137584038e+01
1.300000000000000000e+01 -9.054699383657735523e-02 -3.705384811688369195e-01 4.690873681333641230e+02 5.099524554526934139e+01
1.400000000000000000e+01 -1.041861040340404665e-01 -4.156732301902612003e-01 4.652337215326122646e+02 5.383956585751606383e+01
1.500000000000000000e+01 -9.757306480232466606e-02 -3.685745679799677932e-01 3.817061221446645618e+02 4.981051445678460254e+01
1.600000000000000000e+01 -7.299538491233034665e-02 -2.556144170725449527e-01 2.810254483258866571e+02 4.332867323741306365e+01
1.700000000000000000e+01 -4.636867926026721348e-02 -1.516441083874098816e-01 2.087192617556861478e+02 3.880939897630004509e+01
1.800000000000000000e+01 -3.093655648003167460e-02 -1.001217953829462992e-01 1.693470911835970867e+02 3.661415739767646471e+01
1.900000000000000000e+01 -2.339010865440928344e-02 -7.845395498134505319e-02 1.491239353271742516e+02 3.555130742500845997e+01
2.000000000000000000e+01 -1.849682682965044650e-02 -6.239321904417020198e-02 1.363857002500277531e+02 3.488300374144085225e+01
2.100000000000000000e+01 -1.454067215078513019e-02 -4.697850617263019807e-02 1.267935803296327890e+02 3.435035691507264488e+01
2.200000000000000000e+01 -1.160553699284009622e-02 -3.482529534253853837e-02 1.200772313487047285e+02 3.389382393930191739e+01
2.300000000000000000e+01 -1.186662541473319440e-02 -2.765981544361456254e-02 1.168215807359276681e+02 3.350694345006898800e+01
2.400000000000000000e+01 -1.254654402003750613e-02 -2.472806781787715430e-02 1.161752967238927852e+02 3.319175702437908626e+01
2.500000000000000000e+01 -1.361096523301348268e-02 -2.497068105705163577e-02 1.159523356272224959e+02 3.294076565312121829e+01
2.600000000000000000e+01 -1.306766165638535183e-02 -2.732348799951478391e-02 1.145021342699784554e+02 3.272851269915925343e+01
2.700000000000000000e+01 -1.379087160164993268e-02 -3.011124747662867127e-02 1.112882962020231474e+02 3.252056082715701280e+01
2.800000000000000000e+01 -1.452830543869882904e-02 -3.162417069632996597e-02 1.065548469315535272e+02 3.229395906079255241e+01
2.900000000000000000e+01 -1.389186214417707614e-02 -3.138536543159668041e-02 1.010324340203993074e+02 3.205115109934777706e+01
3.000000000000000000e+01 -1.237823530947985452e-02 -2.974368296124756811e-02 9.552024971630018513e+01 3.180928900459360165e+01
3.100000000000000000e+01 -1.141328138362482543e-02 -2.721749189579143746e-02 9.063846013439038529e+01 3.158212403224567666e+01
3.200000000000000000e+01 -1.050690793938934518e-02 -2.415067577254831344e-02 8.670798534878608166e+01 3.138227987864419077e+01
3.300000000000000000e+01 -1.003465964999014463e-02 -2.094272807969736055e-02 8.378263568430605801e+01 3.121473323886193540e+01
3.400000000000000000e+01 -8.567543925055964502e-03 -1.818925096773825814e-02 8.175103541794514683e+01 3.107238258418194832e+01
3.500000000000000000e+01 -7.430146941461451653e-03 -1.627932543603052840e-02 8.035969907875693252e+01 3.094968264238180211e+01
3.600000000000000000e+01 -6.620197197737518607e-03 -1.531693596092601958e-02 7.932443860035445482e+01 3.083973831787739783e+01
3.700000000000000000e+01 -6.529466345073331283e-03 -1.508866743096003160e-02 7.837619427511137360e+01 3.073968377347108571e+01
3.800000000000000000e+01 -5.995387777296248659e-03 -1.528015974647456594e-02 7.734780370876814004e+01 3.064834500689688568e+01
3.900000000000000000e+01 -5.757246330932401859e-03 -1.559484019262694955e-02 7.614929771634939470e+01 3.056325387971691399e+01
4.000000000000000000e+01 -5.698397696881933247e-03 -1.578531981620242761e-02 7.478700716255610814e+01 3.047815649797502857e+01
4.100000000000000000e+01 -5.568077690565379455e-03 -1.570143678130505108e-02 7.328996796069070285e+01 3.037576538776712454e+01
4.200000000000000000e+01 -4.746716000365045450e-03 -1.530957691843715107e-02 7.167001151042120455e+01 3.021823767351185808e+01
4.300000000000000000e+01 -4.124286167999220015e-03 -1.464806542556824388e-02 6.988586169319997055e+01 2.994818449444977304e+01
4.400000000000000000e+01 -3.860097552235190570e-03 -1.386033786524542080e-02 6.787506347838360909e+01 2.950183337870283395e+01
4.500000000000000000e+01 -3.910822100553312634e-03 -1.299275637373610570e-02 6.556730133646702541e+01 2.884030797312559358e+01
4.600000000000000000e+01 -4.120363153955932355e-03 -1.202625772105657062e-02 6.298450829564047382e+01 2.798485164102813982e+01
4.700000000000000000e+01 -3.818073781777093535e-03 -1.085092413692790962e-02 6.028659485680966412e+01 2.703810049199675802e+01
