# freqs 	 pli 	 dpli 	 meanpower(thalamus)	 meanpower(scalp)	pli
8.000000000000000000e+00 1.149194649063911833e-01 2.329341555494436888e-01 9.190998974530298501e-05 2.522871416886002705e-04
9.000000000000000000e+00 4.064675499663148589e-02 8.024046810344416525e-02 8.175694532117751886e-05 2.276713842920160787e-04
1.000000000000000000e+01 4.347933920561968674e-03 2.986546666424840651e-02 7.509305425825345607e-05 2.014282942623961306e-04
1.100000000000000000e+01 2.479959084818048401e-02 6.661342557601854231e-02 7.050628096705764951e-05 1.781263357046250365e-04
1.200000000000000000e+01 3.543746343968916246e-02 8.936838685431890139e-02 6.662364618485417604e-05 1.557715586454555209e-04
1.300000000000000000e+01 3.860862625120548008e-02 8.424568834282225582e-02 6.243113549423906440e-05 1.360496296543595607e-04
1.400000000000000000e+01 2.950040388757212834e-02 5.977180351611781350e-02 5.915717672451486716e-05 1.208894018560131340e-04
1.500000000000000000e+01 2.092460559475448068e-02 4.000099088918442070e-02 5.714058068254256924e-05 1.108493209431958158e-04
1.600000000000000000e+01 1.006248655349646984e-02 2.493325942295925371e-02 5.571336808422573081e-05 1.038245747747256181e-04
1.700000000000000000e+01 5.209364353361602829e-05 8.291089572319606388e-03 5.447021029010256352e-05 9.843099279628027612e-05
1.800000000000000000e+01 -5.130787755782075963e-04 -5.382946420538485544e-03 5.341822880945564466e-05 9.449874084935814059e-05
1.900000000000000000e+01 -8.316397779266340370e-03 -1.483774913899812108e-02 5.247307010487552875e-05 9.159656193664797918e-05
2.000000000000000000e+01 -1.041876493613222432e-02 -1.816226410506304595e-02 5.162464310622306594e-05 8.924623426682726983e-05
2.100000000000000000e+01 -8.165263882271981896e-03 -1.711327409657343451e-02 5.095202123207409183e-05 8.727298986179806578e-05
2.200000000000000000e+01 -8.793713430398693992e-03 -1.621133165292350242e-02 5.040002044087820956e-05 8.550807800001047128e-05
2.300000000000000000e+01 -2.737536557165204214e-03 -1.618455146854234569e-02 4.986799253730165768e-05 8.376889578913355940e-05
2.400000000000000000e+01 -1.580772368778895912e-03 -1.634094249305375821e-02 4.933231317459624938e-05 8.183702439424136998e-05
2.500000000000000000e+01 -4.415973779801686885e-03 -1.637624967093321768e-02 4.879196440508975087e-05 7.975419961864017610e-05
2.600000000000000000e+01 -7.555852529691121748e-03 -1.579310324997656306e-02 4.833142904137649774e-05 7.761418075328930881e-05
2.700000000000000000e+01 -8.509947770431422129e-03 -1.397883283552465820e-02 4.795909687406195362e-05 7.557761742576661265e-05
2.800000000000000000e+01 -2.444877077013627928e-03 -1.131112478948105050e-02 4.767321975590196827e-05 7.374920176747814713e-05
2.900000000000000000e+01 1.571081537811575869e-03 -8.604889246424439128e-03 4.745781475592671008e-05 7.219850842146187516e-05
3.000000000000000000e+01 4.614647687584391700e-03 -6.532772993367747492e-03 4.730514750625851170e-05 7.094997942450711516e-05
3.100000000000000000e+01 1.538496346071178099e-03 -5.511092872460466273e-03 4.723263902479848101e-05 7.002436780574371265e-05
3.200000000000000000e+01 2.808628710594373570e-04 -5.912325121613836582e-03 4.720328380442042325e-05 6.936009611776492454e-05
3.300000000000000000e+01 -7.633328809879224002e-04 -7.706345803390036650e-03 4.717117813869827706e-05 6.890246462776822441e-05
3.400000000000000000e+01 -6.463308007718282684e-04 -1.044773921507095686e-02 4.712365981518239964e-05 6.859303448808149741e-05
3.500000000000000000e+01 -4.999543098096367356e-03 -1.351008722138325596e-02 4.704830102046752546e-05 6.838074864358120210e-05
3.600000000000000000e+01 -7.480084663141861427e-03 -1.629583835208758824e-02 4.692682329728567659e-05 6.819563090144829213e-05
3.700000000000000000e+01 -9.039860907828831463e-03 -1.841111316779497561e-02 4.675059631183442905e-05 6.797811080667575713e-05
3.800000000000000000e+01 -9.941713198806014645e-03 -1.966210991501310748e-02 4.653262404372320509e-05 6.771056201197158883e-05
3.900000000000000000e+01 -8.531091266011684229e-03 -2.001579144449749242e-02 4.628305386791324675e-05 6.738651648622165163e-05
4.000000000000000000e+01 -6.899564223184757525e-03 -1.972638264642510159e-02 4.600535420192286210e-05 6.701783736371779256e-05
4.100000000000000000e+01 -6.509050074032796986e-03 -1.909480438040779549e-02 4.568462763766200182e-05 6.661682831299806649e-05
4.200000000000000000e+01 -6.685220514393977465e-03 -1.833144841746831011e-02 4.528223575800656642e-05 6.615194005390702880e-05
4.300000000000000000e+01 -5.888979974456302023e-03 -1.739678168630872171e-02 4.471611187886668880e-05 6.553070708492254588e-05
4.400000000000000000e+01 -3.298454102552278878e-03 -1.624085142169033602e-02 4.390309001316754982e-05 6.461941137165028485e-05
4.500000000000000000e+01 -8.854428861109673275e-04 -1.470442642503715959e-02 4.279787216995438503e-05 6.330123244107942789e-05
4.600000000000000000e+01 -4.788916058486871971e-04 -1.278843167322648265e-02 4.143838106313675260e-05 6.156792170160249405e-05
4.700000000000000000e+01 5.390419728371763537e-04 -1.065225496006585483e-02 3.997186983141226834e-05 5.958200580005950877e-05
