# freqs 	 pli 	 dpli 	 meanpower(thalamus)	 meanpower(scalp)	pli
8.000000000000000000e+00 6.050512111357626843e-02 2.816628409243821518e-01 1.828065493776764459e-04 1.828706211722784796e-04
9.000000000000000000e+00 2.377427317897501738e-02 1.363422647384441022e-01 1.607047290265095824e-04 1.812109587639653633e-04
1.000000000000000000e+01 2.325358765791827459e-02 4.793840383911975728e-02 1.417060256829413302e-04 1.681866332247536030e-04
1.100000000000000000e+01 3.241115181502449843e-02 5.657236594800515300e-02 1.357009023093019471e-04 1.645401021758861263e-04
1.200000000000000000e+01 2.120519861748970322e-02 4.908202736775919839e-02 1.408670045125350718e-04 1.737897826411444234e-04
1.300000000000000000e+01 1.139123361312835946e-02 1.149760951694663025e-02 1.508520457334635776e-04 1.874822600405184338e-04
1.400000000000000000e+01 -1.229713399691360377e-02 -6.041050115743034493e-02 1.626993629428226959e-04 2.001050460556346301e-04
1.500000000000000000e+01 -4.393305133014432234e-02 -1.978131686538713296e-01 1.807348984616215020e-04 2.105247439930109355e-04
1.600000000000000000e+01 -7.609846267059333647e-02 -3.042107653194685013e-01 1.942571229239221334e-04 2.145351221401183776e-04
1.700000000000000000e+01 -9.753781258011140487e-02 -3.127465183144403915e-01 1.919380495264322490e-04 2.104480998350436219e-04
1.800000000000000000e+01 -1.025178470452619423e-01 -2.627182754428868949e-01 1.804546919461167006e-04 2.018310964340784140e-04
1.900000000000000000e+01 -1.043995340355682311e-01 -2.384554183185257359e-01 1.740471521527410992e-04 1.935778260289127578e-04
2.000000000000000000e+01 -1.327452085110573943e-01 -2.865794132633439628e-01 1.818089410790998386e-04 1.878054728494872214e-04
2.100000000000000000e+01 -1.754561768052946835e-01 -3.570285743345439355e-01 1.995148487487391790e-04 1.821464330810772941e-04
2.200000000000000000e+01 -1.974153780385122514e-01 -3.872401938699751578e-01 2.134885661816506486e-04 1.737690200438230968e-04
2.300000000000000000e+01 -1.905493456118561579e-01 -3.652736112434551985e-01 2.138445173735498530e-04 1.621958790628776808e-04
2.400000000000000000e+01 -1.604618461166083532e-01 -3.079315315765913663e-01 1.999556896220553760e-04 1.495404242049657318e-04
2.500000000000000000e+01 -1.225763745988804609e-01 -2.388754526478049367e-01 1.773877592715399694e-04 1.381803914700860923e-04
2.600000000000000000e+01 -8.474839466623723672e-02 -1.777605408206160420e-01 1.532839524347787391e-04 1.290426362948314423e-04
2.700000000000000000e+01 -6.000804204842462297e-02 -1.347265370821504049e-01 1.329499725131839602e-04 1.222032808489494657e-04
2.800000000000000000e+01 -4.655447522183830261e-02 -1.080587029701920027e-01 1.183949902279814723e-04 1.175095540159866946e-04
2.900000000000000000e+01 -3.978963909455344311e-02 -9.007886240560754321e-02 1.090884026068207082e-04 1.146155244921751276e-04
3.000000000000000000e+01 -3.695306341812970574e-02 -7.366914349271200257e-02 1.033944283058482055e-04 1.130433565081152738e-04
3.100000000000000000e+01 -2.973447474918159902e-02 -5.669133870490877802e-02 9.970766588709734654e-05 1.122568609978493148e-04
3.200000000000000000e+01 -2.193802065596570441e-02 -4.098522058242001775e-02 9.678855373174560523e-05 1.116700598556790000e-04
3.300000000000000000e+01 -1.800732307340236968e-02 -2.871932756804903425e-02 9.396943843998515819e-05 1.107900117161479236e-04
3.400000000000000000e+01 -1.290794656178721918e-02 -2.049527290773386565e-02 9.096906806809654494e-05 1.093789590792756147e-04
3.500000000000000000e+01 -1.022848375585352042e-02 -1.552352930937568772e-02 8.775482550888088487e-05 1.072441890218522664e-04
3.600000000000000000e+01 -8.850644306342534198e-03 -1.276895214488262160e-02 8.445695181703811527e-05 1.044120028527142018e-04
3.700000000000000000e+01 -8.273263199965741332e-03 -1.145413758886411684e-02 8.126464829521460329e-05 1.010154978031320704e-04
3.800000000000000000e+01 -1.014927246432208337e-02 -1.117809534591492938e-02 7.829545893088055695e-05 9.722911309054432154e-05
3.900000000000000000e+01 -1.142260798156871301e-02 -1.194706771586510549e-02 7.562425168019894554e-05 9.328154596197123314e-05
4.000000000000000000e+01 -1.154057728538488044e-02 -1.370391892832449436e-02 7.328976226356514383e-05 8.939779155929022589e-05
4.100000000000000000e+01 -1.323399527052052799e-02 -1.636193750958653270e-02 7.124140819691240608e-05 8.569697975137001401e-05
4.200000000000000000e+01 -1.577469441691443583e-02 -1.967899459800146258e-02 6.936037797211224050e-05 8.218114670403941070e-05
4.300000000000000000e+01 -1.620758005536379609e-02 -2.340615712184808059e-02 6.749532856755980053e-05 7.873342876317233918e-05
4.400000000000000000e+01 -1.554053092306597467e-02 -2.689442573136862150e-02 6.543835078779295712e-05 7.518229567974944229e-05
4.500000000000000000e+01 -1.614885976244813739e-02 -2.989168587688013912e-02 6.302796495724912016e-05 7.137523585477325259e-05
4.600000000000000000e+01 -1.657749295285882232e-02 -3.215365626115538472e-02 6.024548402488972502e-05 6.725988935785373363e-05
4.700000000000000000e+01 -1.765120669654027252e-02 -3.357330024842940241e-02 5.722346434857299076e-05 6.293386059527705020e-05
