# freqs 	 pli 	 dpli 	 meanpower(thalamus)	 meanpower(scalp)	pli
8.000000000000000000e+00 5.853548668892810669e-02 1.159768080051283012e-01 1.063039940235728059e-04 1.212988432035420671e-04
9.000000000000000000e+00 8.698326837850876847e-02 1.781647992556437965e-01 9.691873653589001326e-05 1.257070090962714463e-04
1.000000000000000000e+01 1.000765752393135560e-01 2.109854623659930817e-01 9.245518651293001397e-05 1.238532766260012615e-04
1.100000000000000000e+01 8.494797737114546943e-02 1.772255477768205911e-01 9.005290955726338018e-05 1.210703764330272507e-04
1.200000000000000000e+01 4.787610398159616171e-02 9.635327266193441376e-02 8.877017547350973803e-05 1.175324865193808657e-04
1.300000000000000000e+01 1.311937607493304618e-02 1.886456977874629778e-02 8.806390151613949083e-05 1.125154930639162232e-04
1.400000000000000000e+01 -1.054764035551248973e-02 -2.663075566910692860e-02 8.711576191160953666e-05 1.058508534303863086e-04
1.500000000000000000e+01 -2.299605666678771615e-02 -4.962853457752787467e-02 8.531237077719497016e-05 9.796173950420654754e-05
1.600000000000000000e+01 -2.540065664213004074e-02 -5.764575732740159081e-02 8.328352553864291311e-05 8.942999170020455430e-05
1.700000000000000000e+01 -2.299262737759965453e-02 -5.089095898314172084e-02 8.153944473029446768e-05 8.115801298947684223e-05
1.800000000000000000e+01 -1.475758560213692554e-02 -3.737253205826170793e-02 8.017664754058630942e-05 7.402635583495125230e-05
1.900000000000000000e+01 -9.803972735069563585e-03 -2.593242037458050667e-02 7.917833560452391408e-05 6.855144171035877491e-05
2.000000000000000000e+01 -5.485135830388412036e-03 -1.768851186778834864e-02 7.839585525000312581e-05 6.459723242046573166e-05
2.100000000000000000e+01 -4.460240509968374685e-03 -1.238281888223972602e-02 7.764314478581417196e-05 6.167856325286790494e-05
2.200000000000000000e+01 -5.972649558259639918e-03 -1.131139017897857431e-02 7.686217196589686875e-05 5.937987930559743207e-05
2.300000000000000000e+01 -6.324859130161208584e-03 -1.378142390196115431e-02 7.603940898574527616e-05 5.748182856773566328e-05
2.400000000000000000e+01 -7.479316432333200232e-03 -1.698480159530398742e-02 7.524493409254098700e-05 5.585113001532007488e-05
2.500000000000000000e+01 -9.347815087368120321e-03 -1.877262896924721328e-02 7.459231456457257115e-05 5.446134038725252921e-05
2.600000000000000000e+01 -7.020072642533717669e-03 -1.887496579120187534e-02 7.423609757856564192e-05 5.332089963032086565e-05
2.700000000000000000e+01 -6.492300156652920130e-03 -1.897710960144971190e-02 7.446166531162412929e-05 5.244623586722954849e-05
2.800000000000000000e+01 -7.985195675703358337e-03 -2.170931653774742232e-02 7.575966415545693996e-05 5.179340450958995132e-05
2.900000000000000000e+01 -1.091506386086153746e-02 -2.887250960183527018e-02 7.841740201939347444e-05 5.129855316593418316e-05
3.000000000000000000e+01 -1.357756754842314936e-02 -3.977421693183318813e-02 8.194092063785781007e-05 5.087756670107531558e-05
3.100000000000000000e+01 -1.678737232141957331e-02 -5.124383411133661553e-02 8.516721367790781221e-05 5.050781349172096926e-05
3.200000000000000000e+01 -1.816085709499967379e-02 -5.945977990593231954e-02 8.697522153416846458e-05 5.018486113806720512e-05
3.300000000000000000e+01 -1.810307471155014544e-02 -6.200459765777667498e-02 8.680334080241713230e-05 4.990889469423957694e-05
3.400000000000000000e+01 -1.575894431044774432e-02 -5.856336504873085880e-02 8.476042877559300168e-05 4.968962513113196354e-05
3.500000000000000000e+01 -1.314824920139548783e-02 -5.074659716995022496e-02 8.141497895755800624e-05 4.951620663344572415e-05
3.600000000000000000e+01 -1.000665868409104063e-02 -4.083581185509826267e-02 7.746015003039806500e-05 4.938750799954895454e-05
3.700000000000000000e+01 -8.242928418325308482e-03 -3.099965070775327972e-02 7.349976955055142482e-05 4.928547904961533120e-05
3.800000000000000000e+01 -7.486632063748782304e-03 -2.263295917964626772e-02 6.994250641416770967e-05 4.919991583479675407e-05
3.900000000000000000e+01 -6.348001713691168481e-03 -1.638103312967923234e-02 6.697362380242502251e-05 4.910638997543969757e-05
4.000000000000000000e+01 -5.871678627584139137e-03 -1.198811238272144350e-02 6.460758172284875153e-05 4.901093786882306278e-05
4.100000000000000000e+01 -4.352567775243889811e-03 -8.955706537648228799e-03 6.273829454203164202e-05 4.889196508700939585e-05
4.200000000000000000e+01 -3.624687590177003756e-03 -6.804540498219493853e-03 6.118252655232964967e-05 4.869227627597835279e-05
4.300000000000000000e+01 -4.213558708591942994e-03 -5.186583836906915983e-03 5.972018773988128280e-05 4.831328715529553029e-05
4.400000000000000000e+01 -4.269479055106714833e-03 -3.946982646730411333e-03 5.813739187654362134e-05 4.767440068200729907e-05
4.500000000000000000e+01 -3.924096661121092081e-03 -2.975748018938080119e-03 5.629632717660342070e-05 4.669809713341422605e-05
4.600000000000000000e+01 -3.831548656515159669e-03 -2.224374616508387626e-03 5.419011906946996290e-05 4.541543881664489779e-05
4.700000000000000000e+01 -3.548838221278231321e-03 -1.707803633052734507e-03 5.197557252970490233e-05 4.398488850536356662e-05
