# freqs 	 pli 	 dpli 	 meanpower(thalamus)	 meanpower(scalp)	pli
8.000000000000000000e+00 -2.346659318714163223e-01 -4.503905868490215569e-01 7.487095399567968457e+01 6.061744210821345860e+02
9.000000000000000000e+00 -9.474270080860421051e-02 -1.877128705831574984e-01 7.113904019774429344e+01 5.508514007853497105e+02
1.000000000000000000e+01 -4.377245487588372896e-02 -8.231232996522132306e-02 6.835694147134724119e+01 4.640055848152454701e+02
1.100000000000000000e+01 -2.251436742448565537e-02 -3.549275954113383785e-02 6.747095088241371741e+01 3.503034970491795548e+02
1.200000000000000000e+01 -1.070493353819177221e-02 -1.108663653593179935e-02 6.793021655141119197e+01 2.744300897851142622e+02
1.300000000000000000e+01 -6.368974086607782047e-03 -8.340172495377676243e-03 6.906548513048677762e+01 2.459151863251504722e+02
1.400000000000000000e+01 -1.134238724093872275e-02 -2.499744454692695225e-02 7.074540049980075196e+01 2.353084094985960348e+02
1.500000000000000000e+01 -1.901148449717520242e-02 -5.043719240021537348e-02 7.259353527620957891e+01 2.274246531665098132e+02
1.600000000000000000e+01 -2.907753646213571269e-02 -7.357942255532397280e-02 7.410203643193884204e+01 2.190627185424991410e+02
1.700000000000000000e+01 -3.575820974753479015e-02 -8.973091073255083649e-02 7.535438325089036482e+01 2.116130964146186386e+02
1.800000000000000000e+01 -4.389182592442566339e-02 -1.008178239417019256e-01 7.679784231963627406e+01 2.052913539749099243e+02
1.900000000000000000e+01 -5.111164965413197286e-02 -1.063648055768979389e-01 7.879233075377028683e+01 1.989341267145572658e+02
2.000000000000000000e+01 -4.917819266775509679e-02 -1.043105478018220567e-01 8.151317241328793273e+01 1.919303566926673454e+02
2.100000000000000000e+01 -4.606075362553239960e-02 -9.602697160935390330e-02 8.502517056196253975e+01 1.848333704894904201e+02
2.200000000000000000e+01 -4.727952806238927552e-02 -9.695689687760396247e-02 8.985349217734999172e+01 1.791873721321558435e+02
2.300000000000000000e+01 -7.640076570524137467e-02 -1.585586773958634066e-01 9.847916242337123549e+01 1.775900580433837774e+02
2.400000000000000000e+01 -1.524511989342031970e-01 -3.165722592111671618e-01 1.147124655734708227e+02 1.823421729571072376e+02
2.500000000000000000e+01 -2.509575143447828616e-01 -4.931476318852757723e-01 1.377346466394189974e+02 1.909893712580158649e+02
2.600000000000000000e+01 -3.278759085744435420e-01 -6.079312364297123628e-01 1.594699345665829071e+02 1.965837144941284009e+02
2.700000000000000000e+01 -3.631335188057621677e-01 -6.517085326243363674e-01 1.707363078036514139e+02 1.939680897300580398e+02
2.800000000000000000e+01 -3.549302358650375799e-01 -6.358665440367217148e-01 1.678399632478142394e+02 1.832688845906480708e+02
2.900000000000000000e+01 -3.090237300872778481e-01 -5.660176545915899249e-01 1.536751457783279875e+02 1.685620480237019763e+02
3.000000000000000000e+01 -2.362726545895757757e-01 -4.490577128685732666e-01 1.347561777813845083e+02 1.543559744657174235e+02
3.100000000000000000e+01 -1.557413680549479817e-01 -3.072195806020916464e-01 1.176751978204447653e+02 1.434299704991960880e+02
3.200000000000000000e+01 -8.761008899999499222e-02 -1.765384736164251067e-01 1.067630256189458748e+02 1.362786639424886630e+02
3.300000000000000000e+01 -4.058547060335725154e-02 -8.319093957633115488e-02 1.032963228408668357e+02 1.321488512887750346e+02
3.400000000000000000e+01 -1.378591509334797967e-02 -2.848393714804834179e-02 1.060394169120206982e+02 1.300614250162036853e+02
3.500000000000000000e+01 -9.589353711705897129e-05 2.345790156896932765e-05 1.123982804017618378e+02 1.291079520058282242e+02
3.600000000000000000e+01 5.821580764609200417e-03 1.389157115625993394e-02 1.195267511017541864e+02 1.287477392395570917e+02
3.700000000000000000e+01 9.537964899130783186e-03 1.994391612297617689e-02 1.250647395155770170e+02 1.286471536796681789e+02
3.800000000000000000e+01 1.078062891770496627e-02 2.155021484170762877e-02 1.275312105181812257e+02 1.286546809053525919e+02
3.900000000000000000e+01 9.798012894624109209e-03 2.055472139413884458e-02 1.264297692811878591e+02 1.285909666701669778e+02
4.000000000000000000e+01 7.887859812330011086e-03 1.789031590226653270e-02 1.221376008036978078e+02 1.284504036911636433e+02
4.100000000000000000e+01 6.413685540272553824e-03 1.421862994898838439e-02 1.155471351394107131e+02 1.281738389064992134e+02
4.200000000000000000e+01 4.226144179510961905e-03 1.002547886768737941e-02 1.077101664093968765e+02 1.276295061854572168e+02
4.300000000000000000e+01 2.202241659543674630e-03 5.699616835548268826e-03 9.953529260998280392e+01 1.265593454444545927e+02
4.400000000000000000e+01 1.150427960609459228e-04 1.463986539058275901e-03 9.163759282128908978e+01 1.248142454665329382e+02
4.500000000000000000e+01 -1.521041638567596473e-03 -2.482190369049620295e-03 8.431974201204980091e+01 1.222021113905152134e+02
4.600000000000000000e+01 -2.852959239345721158e-03 -6.056535682474258574e-03 7.770820181323432507e+01 1.188504522155281222e+02
4.700000000000000000e+01 -4.104551006510095967e-03 -9.230805713789326170e-03 7.191119804290453033e+01 1.152306496979017822e+02
