# freqs 	 pli 	 dpli 	 meanpower(thalamus)	 meanpower(scalp)	pli
8.000000000000000000e+00 7.183057034889474279e-02 1.526102789736904497e-01 8.888239228853473913e-05 2.742256108316398918e-04
9.000000000000000000e+00 5.818838423211817462e-02 1.394634705332211400e-01 8.252266543289463890e-05 2.218514215075116072e-04
1.000000000000000000e+01 5.938204882834451775e-02 1.496620511962917510e-01 7.902670591245180946e-05 2.111351639475452001e-04
1.100000000000000000e+01 4.324171271595672605e-02 1.026114524319682864e-01 7.889439623968363621e-05 2.260778197505351229e-04
1.200000000000000000e+01 -3.201231727020898560e-02 -7.157935687324047669e-02 8.091020410268709938e-05 2.476383681709825278e-04
1.300000000000000000e+01 -1.122937199045439260e-01 -2.452282903304404404e-01 8.319152813386876096e-05 2.622717266193034732e-04
1.400000000000000000e+01 -1.512673937434835525e-01 -3.229479729453831327e-01 8.353406913806353680e-05 2.668196763406427874e-04
1.500000000000000000e+01 -1.524795437137025089e-01 -3.318501834493227665e-01 8.159840268925478530e-05 2.646213151417280748e-04
1.600000000000000000e+01 -1.453351624609770243e-01 -3.164005229277055409e-01 7.893331082384501306e-05 2.595194303398637263e-04
1.700000000000000000e+01 -1.288639771375505449e-01 -2.782386988899241964e-01 7.666739598560876751e-05 2.533934111062659234e-04
1.800000000000000000e+01 -8.488364686493814204e-02 -1.942678937813483719e-01 7.496640937597102928e-05 2.470381592257867866e-04
1.900000000000000000e+01 -2.946405687954677111e-02 -7.565197232842850450e-02 7.366820795453149745e-05 2.408537898884969154e-04
2.000000000000000000e+01 1.394711690195384914e-02 2.648084304021915830e-02 7.241471904551467342e-05 2.336900998606344308e-04
2.100000000000000000e+01 3.136347921140236750e-02 7.220949679630359053e-02 7.102058757240730855e-05 2.241072510551672431e-04
2.200000000000000000e+01 2.946486077458843056e-02 6.285518830482315911e-02 6.922561428108047203e-05 2.113500635788171929e-04
2.300000000000000000e+01 1.670437161520853253e-02 3.012343537141057986e-02 6.679118208564502855e-05 1.948079553469078587e-04
2.400000000000000000e+01 5.076282606066097151e-03 3.356745642395043364e-03 6.385278242223069492e-05 1.755315025087611481e-04
2.500000000000000000e+01 -6.480904525526868772e-04 -7.078361689309501867e-03 6.089566719263584136e-05 1.561504482812848692e-04
2.600000000000000000e+01 -7.744047849923295151e-04 -5.364082231991846791e-03 5.831674656528061993e-05 1.392723732681005284e-04
2.700000000000000000e+01 1.475553131941715690e-03 1.291845897754256151e-04 5.625177279771117328e-05 1.261056404275813546e-04
2.800000000000000000e+01 5.281811660063474335e-03 3.904102739101480979e-03 5.464730962895972646e-05 1.163923143055837226e-04
2.900000000000000000e+01 5.127995132388267659e-03 4.632621894503259619e-03 5.336738153904434901e-05 1.092789190097883198e-04
3.000000000000000000e+01 4.725834830737684310e-04 3.372841426660029476e-03 5.231696842889493616e-05 1.039908054823835499e-04
3.100000000000000000e+01 -2.040199990303824106e-03 2.102566218312559593e-03 5.143689899109672763e-05 9.994763952160616019e-05
3.200000000000000000e+01 -2.020972591948473531e-03 2.464889070549433972e-03 5.069607375234663418e-05 9.680430271234065766e-05
3.300000000000000000e+01 1.064013241053666549e-03 4.805836353955751823e-03 5.006281466535653275e-05 9.435227857313140750e-05
3.400000000000000000e+01 4.701255074738982902e-03 8.216329909190149897e-03 4.950070521387880642e-05 9.243427058220172142e-05
3.500000000000000000e+01 7.023672641340586442e-03 1.109898891767092076e-02 4.900043958820116542e-05 9.086674653502994112e-05
3.600000000000000000e+01 6.893569258037761729e-03 1.235803084110376551e-02 4.855474234327156668e-05 8.948205190950847890e-05
3.700000000000000000e+01 7.856826428055883188e-03 1.177055229806906779e-02 4.814328336156980712e-05 8.813591986257576761e-05
3.800000000000000000e+01 5.969916165624356702e-03 9.907752288239065133e-03 4.774651783774641769e-05 8.673180365037310336e-05
3.900000000000000000e+01 5.508869634950894385e-03 7.640953996631267772e-03 4.734942121875374146e-05 8.524356243295986191e-05
4.000000000000000000e+01 4.826779157005348618e-03 5.794210116155266987e-03 4.693753323736442844e-05 8.366451757292899080e-05
4.100000000000000000e+01 3.759351830999402289e-03 4.860493439284308166e-03 4.648594431361319175e-05 8.200329346393028806e-05
4.200000000000000000e+01 3.246036635361589182e-03 4.979664167989432226e-03 4.595200099907140715e-05 8.021928437978630632e-05
4.300000000000000000e+01 3.722925687744039862e-03 6.024460762420398227e-03 4.526525149307906228e-05 7.822441709013271073e-05
4.400000000000000000e+01 4.734867786150223287e-03 7.761055911542985401e-03 4.434566505070960154e-05 7.592111543052069912e-05
4.500000000000000000e+01 6.135654170769727286e-03 9.929105917181805033e-03 4.314301397255809262e-05 7.323242462170726809e-05
4.600000000000000000e+01 7.468397483135876674e-03 1.234355836589100600e-02 4.169507325931999682e-05 7.021154016030604678e-05
4.700000000000000000e+01 8.702143193312432759e-03 1.488629540184057028e-02 4.015444958323428383e-05 6.707942408648843275e-05
