# freqs 	 pli 	 dpli 	 meanpower(thalamus)	 meanpower(scalp)	pli
8.000000000000000000e+00 -3.262624007870712495e-02 -6.849667986884010185e-02 3.687755109088598478e-05 2.006396050361013129e-04
9.000000000000000000e+00 -1.912753763533692891e-02 -4.273060323677025513e-02 3.453665042890234356e-05 1.875360597387167689e-04
1.000000000000000000e+01 -2.599997399079085475e-02 -4.815807413267848142e-02 3.420037877330384379e-05 1.676455049839783919e-04
1.100000000000000000e+01 -1.627009122573663119e-02 -4.139533622467034962e-02 3.439364459662558218e-05 1.503056546745013423e-04
1.200000000000000000e+01 -3.804617440853051702e-03 -1.961751274847951462e-02 3.490662278167100852e-05 1.407385949975525636e-04
1.300000000000000000e+01 3.567416483545537715e-03 1.251454664880274729e-02 3.573743148748511928e-05 1.361002057575048669e-04
1.400000000000000000e+01 3.378701687852611255e-03 5.010256835992391022e-02 3.638073262189628890e-05 1.316483252604054664e-04
1.500000000000000000e+01 3.876470094078162711e-03 5.675261985711343299e-02 3.638795383984700028e-05 1.262313277181464346e-04
1.600000000000000000e+01 -1.235955329176601078e-03 2.916099287158291364e-02 3.596035658520460251e-05 1.212682191150828403e-04
1.700000000000000000e+01 -8.232090157697546928e-03 -1.950374898090892180e-03 3.558134333804684646e-05 1.176461081585125195e-04
1.800000000000000000e+01 -1.197721653323820246e-02 -2.335302182950764124e-02 3.548713377497642166e-05 1.153311776855572780e-04
1.900000000000000000e+01 -1.885897575721983896e-02 -3.940679792740145460e-02 3.562074003074855509e-05 1.136241065064798458e-04
2.000000000000000000e+01 -2.476977403787840662e-02 -5.154500060269631007e-02 3.581473303488967819e-05 1.114520967022528163e-04
2.100000000000000000e+01 -2.774994106810292974e-02 -5.811724788951599247e-02 3.589738778190084751e-05 1.082774498615685766e-04
2.200000000000000000e+01 -2.830653429716436034e-02 -5.892004206261809707e-02 3.585654436529680074e-05 1.042188153245247970e-04
2.300000000000000000e+01 -2.641449906653739466e-02 -5.568472420663347217e-02 3.576404339813093965e-05 9.967504819608554714e-05
2.400000000000000000e+01 -2.368155215175530431e-02 -5.032460879756155830e-02 3.567957074178998547e-05 9.507555194031263441e-05
2.500000000000000000e+01 -2.099280478204339911e-02 -4.468887382020339527e-02 3.562864210161655851e-05 9.068080534139713210e-05
2.600000000000000000e+01 -2.004123732791924725e-02 -4.022842056611004857e-02 3.562142158750100353e-05 8.665495908654922085e-05
2.700000000000000000e+01 -1.867385196478411544e-02 -3.678020509498464846e-02 3.568236151876964069e-05 8.306904916988803729e-05
2.800000000000000000e+01 -1.536611998323304459e-02 -3.200581747175909597e-02 3.590143601930725545e-05 7.988398421321733485e-05
2.900000000000000000e+01 -9.808468282587365708e-03 -2.153760998896449286e-02 3.642576064486396031e-05 7.704459615952653285e-05
3.000000000000000000e+01 -1.254691641252450281e-03 -1.875969584805412546e-03 3.736563147984303803e-05 7.449114232952071648e-05
3.100000000000000000e+01 1.049618037418680906e-02 2.547377112493227208e-02 3.862820892457513317e-05 7.218141670264631199e-05
3.200000000000000000e+01 2.296693819340796250e-02 5.340310486990557104e-02 3.988042821962843511e-05 7.008260108799767849e-05
3.300000000000000000e+01 3.240961505517168939e-02 7.389688574835576174e-02 4.070816389246619172e-05 6.816800604151729108e-05
3.400000000000000000e+01 3.665721054385494976e-02 8.256122498236992402e-02 4.085123903346731477e-05 6.643242691716903260e-05
3.500000000000000000e+01 3.554407035171223278e-02 7.956628812573628140e-02 4.030678431845147717e-05 6.487264838223997284e-05
3.600000000000000000e+01 3.088610653259181091e-02 6.816637175415926619e-02 3.927502356135169429e-05 6.350780671922420524e-05
3.700000000000000000e+01 2.429800654161424003e-02 5.266412322876512508e-02 3.804258552085846852e-05 6.234350079488465608e-05
3.800000000000000000e+01 1.671948955203205606e-02 3.678802465573647457e-02 3.685345637042309502e-05 6.137717663058848386e-05
3.900000000000000000e+01 9.834870824623783217e-03 2.288658737800570997e-02 3.585356250829569076e-05 6.058237924280707019e-05
4.000000000000000000e+01 5.144073300360118596e-03 1.184335772297416371e-02 3.508257444641374342e-05 5.992552016837122600e-05
4.100000000000000000e+01 1.987623351853387565e-03 3.612965154788620823e-03 3.450122854119634414e-05 5.934927818581578360e-05
4.200000000000000000e+01 2.683540771034934432e-05 -2.273056860542022484e-03 3.402216631987427567e-05 5.875732048685320850e-05
4.300000000000000000e+01 -2.132952233529490909e-03 -6.367658311141480634e-03 3.353651244179677889e-05 5.801050173000105349e-05
4.400000000000000000e+01 -4.057778142104208341e-03 -9.210099254658762197e-03 3.293210953343099316e-05 5.697703374373211285e-05
4.500000000000000000e+01 -4.734443772236067265e-03 -1.119783747869252354e-02 3.213910731420150952e-05 5.556495919907268713e-05
4.600000000000000000e+01 -4.540366718085309637e-03 -1.259796930969112917e-02 3.116898922356888728e-05 5.380488737332904126e-05
4.700000000000000000e+01 -4.747696987810977147e-03 -1.351013225473011309e-02 3.012963081172263300e-05 5.188052211401481488e-05
