# freqs 	 pli 	 dpli 	 meanpower(thalamus)	 meanpower(scalp)	pli
8.000000000000000000e+00 -5.547080353823778676e-02 -1.361227755209777623e-01 2.190894865911739115e-05 2.711614023564515568e-04
9.000000000000000000e+00 -7.705472847128620739e-02 -1.950886401749746257e-01 2.351981554501958473e-05 2.788435710705623391e-04
1.000000000000000000e+01 -1.296331664098427094e-01 -2.989979628154550428e-01 2.738546427580110926e-05 3.018345940809546340e-04
1.100000000000000000e+01 -1.529478326659497456e-01 -3.236462211744970396e-01 3.058424020282648489e-05 3.355307172971848731e-04
1.200000000000000000e+01 -1.246754279132538251e-01 -2.640476303939747749e-01 3.132006223618276515e-05 3.777308181973842516e-04
1.300000000000000000e+01 -1.019402793983008038e-01 -2.195115005011515630e-01 3.078727460362524782e-05 4.047100551963686544e-04
1.400000000000000000e+01 -8.378165644188077799e-02 -1.817677351419843546e-01 2.909684065976930246e-05 3.779698487900772039e-04
1.500000000000000000e+01 -5.859177663003528602e-02 -1.243130709387616217e-01 2.678525050483099865e-05 3.195258091923353452e-04
1.600000000000000000e+01 -2.646060269354050254e-02 -4.999687535636516966e-02 2.465108964385083612e-05 2.657318759892905529e-04
1.700000000000000000e+01 5.917029771761017805e-03 2.145430558026927351e-02 2.296358936952258345e-05 2.265304943791399898e-04
1.800000000000000000e+01 2.504302697483555551e-02 6.546242336212679258e-02 2.171206758688309959e-05 1.976216569715966013e-04
1.900000000000000000e+01 2.868006025255193450e-02 7.277108532491212423e-02 2.084396657134526736e-05 1.750903101007695586e-04
2.000000000000000000e+01 2.268237888046012105e-02 5.509996209129940092e-02 2.027326183484054613e-05 1.572602464462330451e-04
2.100000000000000000e+01 1.155815915978744210e-02 2.937436478071790702e-02 1.988577989041897547e-05 1.429031866878997554e-04
2.200000000000000000e+01 2.241515954408151816e-03 6.685384232715462297e-03 1.958336109634152696e-05 1.310669913811494502e-04
2.300000000000000000e+01 -1.310622630196677831e-03 -8.757829152170092460e-03 1.934753016886935312e-05 1.213587190059407496e-04
2.400000000000000000e+01 -2.881253396495329477e-03 -1.767422965140391308e-02 1.919529306846002497e-05 1.135637143557720964e-04
2.500000000000000000e+01 -2.914091651734746196e-03 -2.308508067963622665e-02 1.912071018517869065e-05 1.073347889428944389e-04
2.600000000000000000e+01 -5.067891313590625404e-03 -2.749225095588092929e-02 1.907835865809496585e-05 1.022704714868703877e-04
2.700000000000000000e+01 -6.590874663388757160e-03 -3.169620769276321193e-02 1.901792033426419288e-05 9.808309850499680529e-05
2.800000000000000000e+01 -8.871318842869357207e-03 -3.529863262593883194e-02 1.890715209057408300e-05 9.453833132002058129e-05
2.900000000000000000e+01 -1.060704234676877571e-02 -3.744384033822464874e-02 1.873644559406811828e-05 9.139548875648047992e-05
3.000000000000000000e+01 -1.076618391544495630e-02 -3.738343249545104940e-02 1.851113361903353465e-05 8.841464465557588028e-05
3.100000000000000000e+01 -9.791779236816887735e-03 -3.485824194389947756e-02 1.823676056374289853e-05 8.547203715712001616e-05
3.200000000000000000e+01 -7.210174718050540651e-03 -3.021653263634455425e-02 1.793197836128291342e-05 8.256282189304786894e-05
3.300000000000000000e+01 -4.522017101288649046e-03 -2.411004106099895808e-02 1.762362490396951004e-05 7.975302539879470100e-05
3.400000000000000000e+01 -1.370372370900939645e-03 -1.720704697195957894e-02 1.733603923809014458e-05 7.717914009701028753e-05
3.500000000000000000e+01 2.770930058581003771e-03 -1.001802402100032512e-02 1.708369345817327520e-05 7.498629114700430885e-05
3.600000000000000000e+01 6.069280605428281974e-03 -2.931508872718807581e-03 1.687317269561161478e-05 7.326267594980332332e-05
3.700000000000000000e+01 8.127630943323346790e-03 3.678584881663178163e-03 1.670519084015355222e-05 7.196999706176433016e-05
3.800000000000000000e+01 9.812462938203194915e-03 9.436224973952881886e-03 1.657324671269403850e-05 7.096964901389814337e-05
3.900000000000000000e+01 1.094363227138925483e-02 1.402910595275914246e-02 1.646570010730553942e-05 7.007086495248219485e-05
4.000000000000000000e+01 1.223794874317015065e-02 1.731849986150553466e-02 1.637282376314641227e-05 6.913280714818279221e-05
4.100000000000000000e+01 1.232196387680374594e-02 1.937652841736242984e-02 1.628143326458296201e-05 6.806203182127529673e-05
4.200000000000000000e+01 1.258761792077575312e-02 2.044821008858104319e-02 1.617025472373040263e-05 6.679314242027280918e-05
4.300000000000000000e+01 1.300997752236914863e-02 2.085601503366881285e-02 1.600824755948924849e-05 6.525862841509240115e-05
4.400000000000000000e+01 1.292183139351982257e-02 2.094238087978129645e-02 1.576007241738665730e-05 6.338471185510276555e-05
4.500000000000000000e+01 1.268170201923474356e-02 2.095505383337658775e-02 1.540369475038723320e-05 6.112444181052652443e-05
4.600000000000000000e+01 1.205879899896492892e-02 2.107200071162101604e-02 1.494966239054087748e-05 5.854176427069536932e-05
4.700000000000000000e+01 1.178858050488190874e-02 2.140949416357467924e-02 1.445240609626151548e-05 5.584779379667666069e-05
