# freqs 	 pli 	 dpli 	 meanpower(thalamus)	 meanpower(scalp)	pli
8.000000000000000000e+00 7.517919162183011239e-04 2.434156640464113161e-02 2.996917002472191882e+01 2.607464080855094721e+02
9.000000000000000000e+00 2.296997104424478714e-02 4.577670734184799417e-02 3.119821974995799252e+01 2.311356040316553901e+02
1.000000000000000000e+01 1.859643035284422319e-02 3.472086123416506798e-02 3.405498699358825121e+01 2.037775130431113553e+02
1.100000000000000000e+01 2.850745784344477576e-02 7.808137267247067248e-02 3.663729268006699158e+01 1.814463917150312398e+02
1.200000000000000000e+01 3.179787870217850448e-02 1.025087531767861493e-01 3.787212136818867947e+01 1.627454272534216670e+02
1.300000000000000000e+01 3.956500796860402264e-02 1.131859015906931387e-01 3.764725725876159146e+01 1.469814953030268612e+02
1.400000000000000000e+01 4.469856147383573924e-02 1.075285853553413079e-01 3.638533795392618941e+01 1.335417768289420053e+02
1.500000000000000000e+01 3.159401322300196130e-02 8.448008970243746363e-02 3.498887944567631081e+01 1.229048587304263833e+02
1.600000000000000000e+01 1.830372856909829107e-02 5.763266178713801619e-02 3.385281111584198044e+01 1.143946368449656603e+02
1.700000000000000000e+01 1.125770738107693264e-02 4.109521187392073394e-02 3.286669300873883515e+01 1.072548925894261629e+02
1.800000000000000000e+01 1.514330449608351781e-02 3.660402143666451058e-02 3.190200359990511458e+01 1.009495574243205454e+02
1.900000000000000000e+01 1.443134838096705487e-02 3.189442263928385368e-02 3.106298292509340087e+01 9.550172561648025749e+01
2.000000000000000000e+01 1.192708611749612388e-02 2.150274974079176282e-02 3.041123385238675070e+01 9.084552856482629579e+01
2.100000000000000000e+01 3.303122369360014712e-03 9.302630136684694045e-03 2.993917110070361076e+01 8.684731182491094614e+01
2.200000000000000000e+01 2.812173701371495013e-03 -2.112560780485083823e-04 2.966505695587740732e+01 8.336114699154090601e+01
2.300000000000000000e+01 1.736012932069291208e-03 -6.279985005916406335e-03 2.951222401696144715e+01 8.037019300240615394e+01
2.400000000000000000e+01 -2.513401430836673806e-03 -9.783409260588338957e-03 2.936593016855912808e+01 7.780359548640244327e+01
2.500000000000000000e+01 -4.586764881409109013e-03 -1.147648225464849812e-02 2.919489870621193006e+01 7.562350541243603175e+01
2.600000000000000000e+01 -2.910283997699043227e-03 -1.142691895805612173e-02 2.900120740689429866e+01 7.377922356162457618e+01
2.700000000000000000e+01 -1.559633906547588022e-03 -8.340172074293447993e-03 2.878514704360248189e+01 7.215190798771260461e+01
2.800000000000000000e+01 1.345084376376742786e-03 -1.873609894718803641e-03 2.856096057884250072e+01 7.066232571765536363e+01
2.900000000000000000e+01 3.261299669402499199e-03 5.939029113893061831e-03 2.834908042768237024e+01 6.931000717276377543e+01
3.000000000000000000e+01 5.080212481987419343e-03 1.177297981762027469e-02 2.817111358858702630e+01 6.807479277834097786e+01
3.100000000000000000e+01 5.590440442515410939e-03 1.414342499433193616e-02 2.803630073940625778e+01 6.690805705636266509e+01
3.200000000000000000e+01 5.398938063629051508e-03 1.371866370995921194e-02 2.794988172070480559e+01 6.580623350701522156e+01
3.300000000000000000e+01 7.294074653249931796e-03 1.216743893242701498e-02 2.789576258306947310e+01 6.478840809006733537e+01
3.400000000000000000e+01 9.467842678350327917e-03 1.059543572239142473e-02 2.786394453669829829e+01 6.386624765202132181e+01
3.500000000000000000e+01 1.057314088850904756e-02 9.385332625239762444e-03 2.784145436228688908e+01 6.298429482766699294e+01
3.600000000000000000e+01 9.017997783712409024e-03 8.393210598683274737e-03 2.782015846098460088e+01 6.213699099993969099e+01
3.700000000000000000e+01 1.039034634841566086e-02 7.486706314173282965e-03 2.779697272645868011e+01 6.133494561576611659e+01
3.800000000000000000e+01 8.852054535869119736e-03 6.694326646940132984e-03 2.776382148839528696e+01 6.060371043192265716e+01
3.900000000000000000e+01 8.312458506642118883e-03 6.284724307212466617e-03 2.770562094792184382e+01 5.994129568721174195e+01
4.000000000000000000e+01 7.802766753576135562e-03 6.400186014511904248e-03 2.761759501721029153e+01 5.935788594195765455e+01
4.100000000000000000e+01 8.667131684005877773e-03 7.031356932080611369e-03 2.749346617428471617e+01 5.880816130897580507e+01
4.200000000000000000e+01 8.632356977901378681e-03 7.961925858533365832e-03 2.730691938256259377e+01 5.821401181916950662e+01
4.300000000000000000e+01 7.055322332951439145e-03 9.007333264616737556e-03 2.701361473579412120e+01 5.744464783908402694e+01
4.400000000000000000e+01 5.995219082979426697e-03 9.762483037027411270e-03 2.656249957344493495e+01 5.640975963533617943e+01
4.500000000000000000e+01 7.465350793094206565e-03 1.038602058836881649e-02 2.592572736550084400e+01 5.500881805782359635e+01
4.600000000000000000e+01 8.174358061878555723e-03 1.112152179699169886e-02 2.513224913826507034e+01 5.326081035497584537e+01
4.700000000000000000e+01 8.568512094605183413e-03 1.235367107392456101e-02 2.428048786086171162e+01 5.133426120947145677e+01
