# freqs 	 pli 	 dpli 	 meanpower(thalamus)	 meanpower(scalp)	pli
8.000000000000000000e+00 7.307182950895185769e-02 1.383271933415718413e-01 1.402947764954944315e-04 8.132547922917036150e-04
9.000000000000000000e+00 2.190511469262497110e-02 2.802896528936899001e-02 1.188165826433672641e-04 6.052226165766782639e-04
1.000000000000000000e+01 2.489490834493456733e-02 4.174582923130901874e-02 1.015265992123167045e-04 4.261271772153917155e-04
1.100000000000000000e+01 2.546463950589955214e-02 4.017795409236629700e-02 9.332252806162177189e-05 3.281530664766417645e-04
1.200000000000000000e+01 2.085703893781095525e-02 4.329803760699958703e-02 9.029403915067731523e-05 2.988536748429173532e-04
1.300000000000000000e+01 2.014784883381676855e-02 5.170831625492671585e-02 8.837602417192675763e-05 2.961506189938492486e-04
1.400000000000000000e+01 3.014034661111074723e-02 7.061540257653903252e-02 8.649555362709516787e-05 2.961451625078563923e-04
1.500000000000000000e+01 3.548028337846179797e-02 8.075391324377664826e-02 8.455946139673645200e-05 2.882849632904860402e-04
1.600000000000000000e+01 3.038739711754667727e-02 6.798028347689791251e-02 8.216832998981875823e-05 2.690106202433873860e-04
1.700000000000000000e+01 1.993033641949531337e-02 4.569277624905751511e-02 7.910068229311829641e-05 2.432262916960384769e-04
1.800000000000000000e+01 1.170373767116219405e-02 3.219934010770811317e-02 7.572081696725995565e-05 2.177961210461140770e-04
1.900000000000000000e+01 1.326894577628467096e-02 3.062553655128665009e-02 7.254849109787545709e-05 1.972140295161116678e-04
2.000000000000000000e+01 1.496089061788685205e-02 3.368953527066567005e-02 6.989591292592891181e-05 1.823170241138516857e-04
2.100000000000000000e+01 1.623889218244243746e-02 3.526073701870365007e-02 6.777752412068569323e-05 1.722294901649851326e-04
2.200000000000000000e+01 1.427147683655052846e-02 3.313100559392553185e-02 6.607194970776324877e-05 1.650642742372281178e-04
2.300000000000000000e+01 1.198062406023030560e-02 2.737800521466057443e-02 6.465319954641456784e-05 1.591276248903803088e-04
2.400000000000000000e+01 6.171933555964541004e-03 1.970509114893690891e-02 6.345395657375001045e-05 1.534770452578501556e-04
2.500000000000000000e+01 6.481941375466864809e-03 1.281706171278718977e-02 6.244556580555690988e-05 1.477364998432034585e-04
2.600000000000000000e+01 4.587576591302216719e-03 8.545742587945428723e-03 6.163509518017040137e-05 1.419053171246304065e-04
2.700000000000000000e+01 5.822939855544430506e-03 6.939370362542149340e-03 6.105678289436039009e-05 1.363126522335602166e-04
2.800000000000000000e+01 5.842227277382434046e-03 7.131192259560976618e-03 6.068137321321765857e-05 1.308897424585940897e-04
2.900000000000000000e+01 5.209905554497733238e-03 8.380822290098503824e-03 6.043279521901344142e-05 1.258707660843504561e-04
3.000000000000000000e+01 4.400412828610414037e-03 1.002996438664466305e-02 6.018196462926734506e-05 1.212840161635421568e-04
3.100000000000000000e+01 5.600525656608033864e-03 1.141911733115380696e-02 5.978829876322902466e-05 1.173565255954873320e-04
3.200000000000000000e+01 6.216068382906734906e-03 1.160113654687379078e-02 5.917673942294151320e-05 1.140316009766174628e-04
3.300000000000000000e+01 3.932849958143596128e-03 1.028570238697731551e-02 5.836385919888020525e-05 1.112284676230230942e-04
3.400000000000000000e+01 5.065715578790291017e-03 8.213437589922215759e-03 5.742879477728738536e-05 1.091649191815284586e-04
3.500000000000000000e+01 3.364176079215438868e-03 6.518333943416811972e-03 5.644726959474504380e-05 1.075562554023574643e-04
3.600000000000000000e+01 1.618008553696058177e-03 5.943913257891997141e-03 5.547211487628661108e-05 1.064955053596746559e-04
3.700000000000000000e+01 2.262582489588952240e-03 6.614641095762602806e-03 5.454240494699704388e-05 1.059182435445405303e-04
3.800000000000000000e+01 5.007458646204314238e-03 8.054111444851788301e-03 5.367784150924840696e-05 1.058741152438445878e-04
3.900000000000000000e+01 6.495449611120933733e-03 9.878596445956384572e-03 5.287919783262736166e-05 1.060372157919381935e-04
4.000000000000000000e+01 7.374836247650509539e-03 1.156395626637848027e-02 5.214032511937142616e-05 1.064335874060607387e-04
4.100000000000000000e+01 8.641186013018659420e-03 1.283122349926677473e-02 5.143829596492448849e-05 1.069262969935459663e-04
4.200000000000000000e+01 8.795939356943671683e-03 1.360449754817819393e-02 5.071942313755963179e-05 1.072928507905723675e-04
4.300000000000000000e+01 6.055823239032340904e-03 1.400529580508532226e-02 4.988643760761575605e-05 1.071003972920864781e-04
4.400000000000000000e+01 6.493668559707943370e-03 1.411093355256870865e-02 4.883594513394958787e-05 1.063709416224184110e-04
4.500000000000000000e+01 6.430616820354720896e-03 1.408027072420274008e-02 4.749655287409272657e-05 1.047712943824869375e-04
4.600000000000000000e+01 7.224021597022754759e-03 1.389235293739002342e-02 4.589298818788252243e-05 1.023816255375673093e-04
4.700000000000000000e+01 8.836721176160923161e-03 1.337150127708230767e-02 4.417500328650847218e-05 9.961234430729440739e-05
