# freqs 	 pli 	 dpli 	 meanpower(thalamus)	 meanpower(scalp)	pli
8.000000000000000000e+00 -1.737267014255795133e-02 -1.465116978588128227e-02 1.676486218966993986e-04 2.079996412101890290e-04
9.000000000000000000e+00 -9.810934794978007356e-03 -8.161728053709694716e-03 1.639657459824886919e-04 1.943982606337591541e-04
1.000000000000000000e+01 -5.750800368016877745e-03 7.153765113049485869e-03 1.705564370127430349e-04 1.969691907522155003e-04
1.100000000000000000e+01 4.062597131625216018e-02 1.400409025364087456e-01 1.934089453760593391e-04 2.117261331741678184e-04
1.200000000000000000e+01 7.433176537598686073e-02 2.549494321302532840e-01 1.996871674148011121e-04 2.322772730481402763e-04
1.300000000000000000e+01 7.102739789516616942e-02 2.072002044926041231e-01 1.815399290342523445e-04 2.726838325532639240e-04
1.400000000000000000e+01 4.820542674105093850e-02 9.741154164414972394e-02 1.571510934979372166e-04 2.895837309527810456e-04
1.500000000000000000e+01 2.361444574695494708e-02 2.349256785671305706e-02 1.368524128426413904e-04 2.539747443707693060e-04
1.600000000000000000e+01 -7.476952310120078523e-04 -6.234419467679188503e-03 1.226814436296098270e-04 1.999320165616711928e-04
1.700000000000000000e+01 -1.262795836416719455e-02 -1.497210031466468527e-02 1.135448575583686862e-04 1.595044319694265470e-04
1.800000000000000000e+01 -1.635603804400038302e-02 -1.723516745529697983e-02 1.069643614440154116e-04 1.373974543225771577e-04
1.900000000000000000e+01 -1.433073894040799191e-02 -1.579254104490417435e-02 1.014639950650963481e-04 1.261458149673220944e-04
2.000000000000000000e+01 -1.064382310363362442e-02 -8.772388036965750660e-03 9.686418708213366557e-05 1.199032041238063794e-04
2.100000000000000000e+01 -3.407272055638535264e-03 2.388991994660257401e-03 9.331613539418552681e-05 1.158174346359869700e-04
2.200000000000000000e+01 6.064566449522973066e-03 1.261365586015456702e-02 9.052064010604796737e-05 1.124697677275510031e-04
2.300000000000000000e+01 1.342011464992444968e-02 2.007850113579023876e-02 8.775944151680377392e-05 1.092103778218007887e-04
2.400000000000000000e+01 1.751761814114740495e-02 2.621746875491361498e-02 8.454053613328342597e-05 1.060786067330682565e-04
2.500000000000000000e+01 2.036836482762257802e-02 3.215605352928666699e-02 8.086173513331165708e-05 1.036237648185546191e-04
2.600000000000000000e+01 2.163633541894695658e-02 3.763829976621797108e-02 7.701715763143043532e-05 1.025083956775799901e-04
2.700000000000000000e+01 2.232162973036619716e-02 4.147055149250034045e-02 7.338088922643484172e-05 1.027494723362455437e-04
2.800000000000000000e+01 2.102442302142037631e-02 4.284329727533214838e-02 7.013859111604440317e-05 1.029730311138868761e-04
2.900000000000000000e+01 1.884598817473909574e-02 4.217952570631872122e-02 6.733034000210309897e-05 1.013110907085380179e-04
3.000000000000000000e+01 1.798397727517689684e-02 4.062283029519182798e-02 6.495332586770285717e-05 9.694558995791486471e-05
3.100000000000000000e+01 1.741345534027189876e-02 3.921746653615134498e-02 6.297174203900851716e-05 9.050681445173823297e-05
3.200000000000000000e+01 1.643391860789121181e-02 3.863043033878665183e-02 6.130951016016794055e-05 8.333446024472787996e-05
3.300000000000000000e+01 1.635625960196982615e-02 3.898485367430055276e-02 5.988090924144216342e-05 7.664560665912531501e-05
3.400000000000000000e+01 1.515801162291188775e-02 3.991470864571421834e-02 5.859230233410481773e-05 7.111947395484261145e-05
3.500000000000000000e+01 1.443403865090041142e-02 4.094833451784413159e-02 5.737398354248632028e-05 6.684133638791156398e-05
3.600000000000000000e+01 1.452191404013085385e-02 4.158573998780491082e-02 5.619721673322483645e-05 6.355123389215892491e-05
3.700000000000000000e+01 1.408165181122065027e-02 4.147535876105276631e-02 5.506525321155118899e-05 6.092831494097999625e-05
3.800000000000000000e+01 1.438095016739543257e-02 4.053493101105567348e-02 5.398965432187225903e-05 5.872781076137678559e-05
3.900000000000000000e+01 1.330309217708044653e-02 3.901479586022586071e-02 5.297301860421469507e-05 5.680379313535280280e-05
4.000000000000000000e+01 1.249264081779997461e-02 3.721866361829732212e-02 5.201808306913897222e-05 5.507361709183043378e-05
4.100000000000000000e+01 1.283627080412796419e-02 3.546818826690115167e-02 5.111075207681509440e-05 5.348015652955633481e-05
4.200000000000000000e+01 1.298410029081464162e-02 3.404372883022248331e-02 5.020294913434299053e-05 5.195068858885282346e-05
4.300000000000000000e+01 1.284977575264600186e-02 3.308797226090835070e-02 4.920830255720878615e-05 5.038203940438239892e-05
4.400000000000000000e+01 1.263506868059596951e-02 3.255022230040052061e-02 4.801921538362449168e-05 4.867493249512314617e-05
4.500000000000000000e+01 1.282676125436831710e-02 3.230873717611203177e-02 4.656090904628230171e-05 4.675744697204449327e-05
4.600000000000000000e+01 1.207561364802504054e-02 3.215341742087352711e-02 4.484568824056573631e-05 4.463785118464968691e-05
4.700000000000000000e+01 1.295371201539309916e-02 3.181361751530940862e-02 4.300589361442492181e-05 4.243764484198512090e-05
