# freqs 	 pli 	 dpli 	 meanpower(thalamus)	 meanpower(scalp)	pli
8.000000000000000000e+00 -5.222135875333885208e-02 -9.940540429846848880e-02 2.903911390330040751e-05 2.002520593286439600e-04
9.000000000000000000e+00 -3.525462564534093124e-02 -6.954837722958416568e-02 2.706012242227763933e-05 1.812056102095664265e-04
1.000000000000000000e+01 -7.828207617173704724e-03 -1.593574441905970529e-02 2.676037270515772943e-05 1.604893829910309668e-04
1.100000000000000000e+01 2.871372728710324361e-03 6.374987695266103732e-03 2.719659550998118635e-05 1.454478153511512518e-04
1.200000000000000000e+01 1.300672565959561664e-03 9.089579270871612007e-03 2.835823181413283617e-05 1.372704978444893394e-04
1.300000000000000000e+01 -1.283752142542134763e-03 7.528645822331478561e-03 2.966994277663124161e-05 1.332003218852419700e-04
1.400000000000000000e+01 -2.143929835023581244e-03 1.124497095197564585e-02 3.052444971834428466e-05 1.294231847694131865e-04
1.500000000000000000e+01 -3.939228524878797891e-03 6.298592995588676163e-03 3.078994387589095223e-05 1.245976558833127490e-04
1.600000000000000000e+01 -5.575288014748215962e-03 -3.005980102592066029e-03 3.073144707777270560e-05 1.199638210512161951e-04
1.700000000000000000e+01 -3.739789712689229120e-03 -6.201763859812820662e-03 3.050507004640862853e-05 1.162530634415448504e-04
1.800000000000000000e+01 -1.810918852377412262e-03 -4.806336430136845875e-03 3.008147215142296187e-05 1.136896728727125198e-04
1.900000000000000000e+01 -1.444977246376522115e-03 -3.844649118714506004e-03 2.947352024681906807e-05 1.118815587797320339e-04
2.000000000000000000e+01 -3.045950426071635832e-03 -4.386789301731930553e-03 2.876811316159938052e-05 1.098386792890171539e-04
2.100000000000000000e+01 -3.380222556439038944e-03 -3.817000576829617572e-03 2.807709390411333215e-05 1.069258248065924207e-04
2.200000000000000000e+01 -9.131527957564633015e-04 -6.055569620564176447e-04 2.746844737094519896e-05 1.030663483730088586e-04
2.300000000000000000e+01 1.814681691759021222e-03 3.899168019217281577e-03 2.695299271762367614e-05 9.863054189369096689e-05
2.400000000000000000e+01 3.688535006408371394e-03 8.216787239932455550e-03 2.652797664348555151e-05 9.406157589432032919e-05
2.500000000000000000e+01 4.738615569124883346e-03 1.185067225937906817e-02 2.617359461290933386e-05 8.968274331667240042e-05
2.600000000000000000e+01 5.428383437322745024e-03 1.436489554694483570e-02 2.587538771445440242e-05 8.564483194363299774e-05
2.700000000000000000e+01 5.720734299741359226e-03 1.556698595205423773e-02 2.563121826196323696e-05 8.199284263526864598e-05
2.800000000000000000e+01 7.807672435992711428e-03 1.600312961338353282e-02 2.543320235555940093e-05 7.869512431255373157e-05
2.900000000000000000e+01 9.563496484867928249e-03 1.611935879718678216e-02 2.527945705739774077e-05 7.573021188317896580e-05
3.000000000000000000e+01 8.841127000086554735e-03 1.594395582468033021e-02 2.518280764274541704e-05 7.308128085169738122e-05
3.100000000000000000e+01 8.956233464825449908e-03 1.558295321522424823e-02 2.514547906078352233e-05 7.073374748719232991e-05
3.200000000000000000e+01 8.879546454059750182e-03 1.564911005587516987e-02 2.515912782972388819e-05 6.864652047675058567e-05
3.300000000000000000e+01 1.025893622521872883e-02 1.688900948311066602e-02 2.519933800787803159e-05 6.677039421814877905e-05
3.400000000000000000e+01 1.161692326140263340e-02 1.958288439374926415e-02 2.524163293265446287e-05 6.508672021970714921e-05
3.500000000000000000e+01 1.271560622254923160e-02 2.327828807451708462e-02 2.527476065855983038e-05 6.357779631962730878e-05
3.600000000000000000e+01 1.363353633351309727e-02 2.706093934751498814e-02 2.529720489258278427e-05 6.225277186598177429e-05
3.700000000000000000e+01 1.442496145029950085e-02 3.001719142492546843e-02 2.530754561383100171e-05 6.113165619054094493e-05
3.800000000000000000e+01 1.410934264440034600e-02 3.165220580092843045e-02 2.530800920244243656e-05 6.021056992924728413e-05
3.900000000000000000e+01 1.414669836010747084e-02 3.196603800866232303e-02 2.530185696367780911e-05 5.945839902387855375e-05
4.000000000000000000e+01 1.447640486199436305e-02 3.128416522182456139e-02 2.528592062111505309e-05 5.883406325654856503e-05
4.100000000000000000e+01 1.416282121149746442e-02 3.004062267127999980e-02 2.524906647436201716e-05 5.827266142258857471e-05
4.200000000000000000e+01 1.382441512996567846e-02 2.858171847309507949e-02 2.516527784186092158e-05 5.768526706951472463e-05
4.300000000000000000e+01 1.320094546871027411e-02 2.708188808576523360e-02 2.498967111193359434e-05 5.694475830304629362e-05
4.400000000000000000e+01 1.288706437294111738e-02 2.560570367444813672e-02 2.466965539820075156e-05 5.592561034402604940e-05
4.500000000000000000e+01 1.236648967440362630e-02 2.416777459135880518e-02 2.417288251031704329e-05 5.453966946215593216e-05
4.600000000000000000e+01 1.190543108003282689e-02 2.278662564635153612e-02 2.351927015303551430e-05 5.281687181788596055e-05
4.700000000000000000e+01 1.140161829654941575e-02 2.155915164886872473e-02 2.279854911714431038e-05 5.093790293846784095e-05
