# freqs 	 pli 	 dpli 	 meanpower(thalamus)	 meanpower(scalp)	pli
8.000000000000000000e+00 -4.681693822938987753e-02 -8.393105383267746022e-02 6.772181442534466100e+01 2.955687683642296406e+02
9.000000000000000000e+00 -3.628598310029709784e-02 -4.918092706145932302e-02 6.339697501377592204e+01 2.924617799642496152e+02
1.000000000000000000e+01 -2.094536102947719414e-02 -2.279837021373337311e-02 5.974808550904373305e+01 2.460547795706819443e+02
1.100000000000000000e+01 -1.231702733305152855e-02 7.106659564565759139e-04 5.690642234373100194e+01 1.993880630788451924e+02
1.200000000000000000e+01 -1.128997878979534110e-02 -1.735521251391841657e-02 5.497055913622601508e+01 1.706247823182158072e+02
1.300000000000000000e+01 -1.175984930138389631e-02 -2.005213230871025210e-02 5.412602360267036516e+01 1.559403902450311534e+02
1.400000000000000000e+01 -1.263825892638027922e-02 -1.967668797786638682e-02 5.406019097203105872e+01 1.491596339529163515e+02
1.500000000000000000e+01 -1.501935335338215952e-02 -3.678609058033402435e-02 5.400712125699496369e+01 1.453483969907076983e+02
1.600000000000000000e+01 -2.080039469004210662e-02 -5.617251323437243843e-02 5.376743372397488230e+01 1.415278768163044845e+02
1.700000000000000000e+01 -2.480876292552108148e-02 -6.851032900190784369e-02 5.353174892867122736e+01 1.378665544424722214e+02
1.800000000000000000e+01 -3.091985719112101336e-02 -7.599358408845427459e-02 5.349808360598350987e+01 1.350488487174583838e+02
1.900000000000000000e+01 -3.625564261636357588e-02 -8.423444308487573751e-02 5.381511763479609556e+01 1.331427877362212939e+02
2.000000000000000000e+01 -3.920613806556384057e-02 -8.718061897062133470e-02 5.461049939340960435e+01 1.318940816480078411e+02
2.100000000000000000e+01 -3.334925011540611911e-02 -7.304880964177315472e-02 5.694708254157712446e+01 1.314495287678806505e+02
2.200000000000000000e+01 -2.590296256321714813e-02 -5.270710344374321399e-02 6.473260781292708543e+01 1.332498080795277815e+02
2.300000000000000000e+01 -3.648588360953935322e-02 -6.754852211956730024e-02 8.304068897357166179e+01 1.386498059768322264e+02
2.400000000000000000e+01 -4.804265640455832737e-02 -1.118569804186296118e-01 1.100829371196818158e+02 1.456602382805020568e+02
2.500000000000000000e+01 -3.861821847238680605e-02 -1.324888797736091806e-01 1.391452941595807431e+02 1.494107950107797649e+02
2.600000000000000000e+01 -4.847927803722001418e-03 -9.697003998691194893e-02 1.667688719769674321e+02 1.468723173666811590e+02
2.700000000000000000e+01 2.836397254196056095e-02 -1.906513580062627056e-02 1.910647685586473870e+02 1.387893104203674852e+02
2.800000000000000000e+01 4.822255179542492276e-02 6.461650144461975054e-02 2.064565541973003917e+02 1.278613116897854098e+02
2.900000000000000000e+01 5.884115766381820684e-02 1.272376695564778060e-01 2.074126151625135890e+02 1.164623428872860842e+02
3.000000000000000000e+01 6.299426804718161188e-02 1.571250020861455488e-01 1.936772167698472629e+02 1.058486395887462095e+02
3.100000000000000000e+01 5.661159710688694335e-02 1.546931078235838919e-01 1.697751695597585240e+02 9.663264603045213619e+01
3.200000000000000000e+01 4.506976502059617529e-02 1.291661107843163347e-01 1.420296019274678372e+02 8.910700190303337820e+01
3.300000000000000000e+01 3.291725900053764364e-02 9.326236522918883443e-02 1.158148725235910632e+02 8.330324186637152195e+01
3.400000000000000000e+01 2.050830643696469405e-02 5.747215944143801991e-02 9.435950817926404000e+01 7.902642855315920656e+01
3.500000000000000000e+01 8.895075645010288787e-03 2.834653407015564827e-02 7.872062337765089524e+01 7.594983658026600892e+01
3.600000000000000000e+01 1.533666120829664786e-03 7.931763261897732328e-03 6.829023428104328275e+01 7.370111592075637930e+01
3.700000000000000000e+01 -4.180658928095121879e-03 -4.812498436029925830e-03 6.171247281638378013e+01 7.197038945262254117e+01
3.800000000000000000e+01 -7.292963291025636278e-03 -1.245211038633917827e-02 5.761210675161182593e+01 7.055155674123606957e+01
3.900000000000000000e+01 -8.427426409056111914e-03 -1.742595406015240780e-02 5.496532090910434931e+01 6.933191834220426131e+01
4.000000000000000000e+01 -1.048285739582991045e-02 -2.145149816942535509e-02 5.311797040102482725e+01 6.826426063321524396e+01
4.100000000000000000e+01 -1.257732119421659141e-02 -2.532030161546727429e-02 5.166944096087756577e+01 6.728851319905756156e+01
4.200000000000000000e+01 -1.467738947733807781e-02 -2.915996389311814596e-02 5.038295699977719977e+01 6.631007559323771261e+01
4.300000000000000000e+01 -1.570427827685166866e-02 -3.278682243408900104e-02 4.909486837083635891e+01 6.518999548775818198e+01
4.400000000000000000e+01 -1.642332012491931267e-02 -3.596688981086054032e-02 4.769478281054199442e+01 6.379237617008586625e+01
4.500000000000000000e+01 -1.825133089567333722e-02 -3.869990346883324384e-02 4.613732044580591918e+01 6.201561951007914786e+01
4.600000000000000000e+01 -1.969252643739447320e-02 -4.126891450655070098e-02 4.449714135595565523e+01 5.986960886871263199e+01
4.700000000000000000e+01 -2.095009281546154553e-02 -4.406934127948181068e-02 4.299039029920665911e+01 5.752923770862647501e+01
