# freqs 	 pli 	 dpli 	 meanpower(thalamus)	 meanpower(scalp)	pli
8.000000000000000000e+00 -1.686678904967358131e-02 -3.002584496181099488e-02 1.216745622927403920e-04 2.374866713041777694e-04
9.000000000000000000e+00 -6.359664311083432220e-02 -1.280212852266842116e-01 1.163108343950647360e-04 2.098212959225550513e-04
1.000000000000000000e+01 -1.023923495827569335e-01 -2.642853815673355533e-01 1.355733291558984446e-04 1.900190409565292765e-04
1.100000000000000000e+01 -1.365545143744463230e-01 -4.502016605267753491e-01 1.668698765991407057e-04 1.847705440214580442e-04
1.200000000000000000e+01 -1.484241547097445713e-01 -5.025462731362444480e-01 1.687540738427134829e-04 1.877011311163327408e-04
1.300000000000000000e+01 -1.390058948664238403e-01 -4.648961753529692875e-01 1.419099487421733780e-04 1.907679162958842453e-04
1.400000000000000000e+01 -1.170055332586181912e-01 -4.056732994566651374e-01 1.099371978098109587e-04 1.809805899204259497e-04
1.500000000000000000e+01 -9.069342197831223307e-02 -3.324725471710492375e-01 8.601732691611558396e-05 1.581297713850603366e-04
1.600000000000000000e+01 -6.377865000659482808e-02 -2.453081911054634523e-01 7.120885310094343028e-05 1.338673224593003885e-04
1.700000000000000000e+01 -4.048924890909440244e-02 -1.611494525422705326e-01 6.242070055037982046e-05 1.158690153923463989e-04
1.800000000000000000e+01 -2.668272033499328316e-02 -9.994255414949548832e-02 5.735304426773802592e-05 1.043530639667236909e-04
1.900000000000000000e+01 -2.034463942407732998e-02 -6.492542027408799987e-02 5.501212843475093380e-05 9.687313696935265434e-05
2.000000000000000000e+01 -1.729138423083670037e-02 -4.876221107784167730e-02 5.485805208554180772e-05 9.161176221962808635e-05
2.100000000000000000e+01 -1.638705031141950152e-02 -4.481733919217863876e-02 5.601745696491455969e-05 8.767579037809644367e-05
2.200000000000000000e+01 -1.640075020065110897e-02 -4.772326211255016604e-02 5.720089334354535953e-05 8.460453536591325458e-05
2.300000000000000000e+01 -1.495789329311383344e-02 -5.109099828692600237e-02 5.734609830010807367e-05 8.200522846015227023e-05
2.400000000000000000e+01 -1.332906902761235579e-02 -4.985306903429786302e-02 5.615433554583758687e-05 7.957195378564368678e-05
2.500000000000000000e+01 -1.164249076283218817e-02 -4.312556994850168940e-02 5.401092873946614428e-05 7.714927362528588425e-05
2.600000000000000000e+01 -8.750388731924749544e-03 -3.341143374750485395e-02 5.154922106688051040e-05 7.469839856330213535e-05
2.700000000000000000e+01 -6.994557372820612261e-03 -2.428613925772140497e-02 4.929558451360400344e-05 7.222553641651841623e-05
2.800000000000000000e+01 -5.706020770350433632e-03 -1.825468914861533981e-02 4.753258202468275387e-05 6.973563621659407876e-05
2.900000000000000000e+01 -5.023642405292762063e-03 -1.584271316969586979e-02 4.631252126186398118e-05 6.727466237480830228e-05
3.000000000000000000e+01 -6.076047561370727899e-03 -1.602721055874827341e-02 4.555940581324556521e-05 6.492691146695914021e-05
3.100000000000000000e+01 -6.880463460639070147e-03 -1.724721290632624110e-02 4.513790386195123895e-05 6.275882703723562267e-05
3.200000000000000000e+01 -7.693819641291961553e-03 -1.833409481195900220e-02 4.490332497168415875e-05 6.079082124775608495e-05
3.300000000000000000e+01 -8.058259447726227528e-03 -1.889256451688558699e-02 4.473426159746125852e-05 5.900506713422383422e-05
3.400000000000000000e+01 -8.711501384920113111e-03 -1.909672516755794858e-02 4.455114813604484059e-05 5.736919240615952610e-05
3.500000000000000000e+01 -8.267890768848549024e-03 -1.929670568971808900e-02 4.431467841035993530e-05 5.585726269869155971e-05
3.600000000000000000e+01 -8.330652417319435107e-03 -1.965913092292951442e-02 4.401333537929249379e-05 5.445317607124601814e-05
3.700000000000000000e+01 -8.301142999285512913e-03 -2.012665041463294197e-02 4.366350055770188776e-05 5.314448705838826831e-05
3.800000000000000000e+01 -8.177775507811457789e-03 -2.053396662184634944e-02 4.329502235392839870e-05 5.192266468955014728e-05
3.900000000000000000e+01 -8.201249704070361773e-03 -2.076681752910831957e-02 4.293423318542938650e-05 5.077656830180536429e-05
4.000000000000000000e+01 -8.462570371690293983e-03 -2.078794772444261460e-02 4.259407391637533215e-05 4.969635913212336559e-05
4.100000000000000000e+01 -8.856045663910011925e-03 -2.063970487020080902e-02 4.226277237470962346e-05 4.866099055357014930e-05
4.200000000000000000e+01 -9.438484256743448139e-03 -2.039200444636607087e-02 4.189451528450890511e-05 4.762604356517096912e-05
4.300000000000000000e+01 -9.526690485133791630e-03 -2.008733914913477664e-02 4.140753499334753397e-05 4.651488490111301975e-05
4.400000000000000000e+01 -9.310520145001973183e-03 -1.972459180529715153e-02 4.070950927775578984e-05 4.523894474078301664e-05
4.500000000000000000e+01 -9.146030103763694991e-03 -1.928110556909532966e-02 3.974224950880597728e-05 4.373308282138616573e-05
4.600000000000000000e+01 -8.668175258521084933e-03 -1.871483123027221571e-02 3.853389870158420530e-05 4.201223621505392259e-05
4.700000000000000000e+01 -8.406009868158733148e-03 -1.797273903014665747e-02 3.722611619744703546e-05 4.019847472876847953e-05
