# freqs 	 pli 	 dpli 	 meanpower(thalamus)	 meanpower(scalp)	pli
8.000000000000000000e+00 -3.150774941863863227e-03 -1.965461849012171622e-02 6.579293245747823838e-05 2.559381376667384570e-04
9.000000000000000000e+00 -1.524871545667653809e-02 -1.832006291662247738e-02 6.138177024001110918e-05 2.235046975806443651e-04
1.000000000000000000e+01 -1.436212674823023061e-02 -8.407683177228654492e-03 6.004097366953482426e-05 1.908130544805933942e-04
1.100000000000000000e+01 -4.048611391168801914e-03 -1.493368873693817420e-02 6.216776794441591968e-05 1.623887593040351112e-04
1.200000000000000000e+01 2.802570947730827298e-03 -2.151094314910713401e-02 6.252869057983583738e-05 1.443127413866006402e-04
1.300000000000000000e+01 1.516331469640194371e-02 1.075264560054941566e-02 5.968857160335501623e-05 1.346449834222262013e-04
1.400000000000000000e+01 3.064479578851953337e-02 6.172003548038235143e-02 5.695944420537981702e-05 1.310085032381997857e-04
1.500000000000000000e+01 3.664179546190458187e-02 8.062739226944851123e-02 5.634670977823137309e-05 1.307727217877754640e-04
1.600000000000000000e+01 2.993066711173235014e-02 5.599433619721344568e-02 5.722261658107025362e-05 1.316649720745721275e-04
1.700000000000000000e+01 1.069017254313578413e-02 2.371315604888027829e-03 5.848467187923894913e-05 1.330878595667440306e-04
1.800000000000000000e+01 -7.473898606190775180e-03 -5.147668905900498054e-02 5.936476587012323020e-05 1.346591269256250118e-04
1.900000000000000000e+01 -2.646648964565755449e-02 -8.927829437241822930e-02 5.941285659557212943e-05 1.349638812301597957e-04
2.000000000000000000e+01 -3.832724854346063886e-02 -1.080034705769177678e-01 5.891932832088662790e-05 1.329480327075962902e-04
2.100000000000000000e+01 -4.317819181154579355e-02 -1.095316328510206327e-01 5.836465000950304930e-05 1.287189591145386004e-04
2.200000000000000000e+01 -4.069709118708209061e-02 -1.007301473554746557e-01 5.782979558262766847e-05 1.231512637497949540e-04
2.300000000000000000e+01 -3.702231226102648681e-02 -8.812350069399982333e-02 5.714134477345463232e-05 1.171910853907147864e-04
2.400000000000000000e+01 -3.669639186121639168e-02 -7.519191091114101055e-02 5.617499161925865783e-05 1.112345691081996387e-04
2.500000000000000000e+01 -2.797651933701657614e-02 -6.110174335200102558e-02 5.506607243397938501e-05 1.053092169899030872e-04
2.600000000000000000e+01 -2.009913224766493936e-02 -4.567510509050021900e-02 5.407422947417124353e-05 9.945588486081027749e-05
2.700000000000000000e+01 -1.406074822774548531e-02 -3.117388570883066964e-02 5.329841060998828856e-05 9.392613562487569124e-05
2.800000000000000000e+01 -1.214831775281983647e-02 -1.948950143128611381e-02 5.272899335532349463e-05 8.878938232853882996e-05
2.900000000000000000e+01 -5.652950219568859090e-03 -1.031829834690710206e-02 5.226647254283705131e-05 8.407503676665072914e-05
3.000000000000000000e+01 2.140110003721930505e-03 -1.637420698905606240e-03 5.188564388945087429e-05 7.989072831076352759e-05
3.100000000000000000e+01 7.843934299729923496e-03 7.918615017007503420e-03 5.162692746325335655e-05 7.616852710187686890e-05
3.200000000000000000e+01 1.186278425916998357e-02 1.792279303647702215e-02 5.152012196922379150e-05 7.282155483686767947e-05
3.300000000000000000e+01 1.737232409058672017e-02 2.687772884039008742e-02 5.156012461095938983e-05 6.979896229097270696e-05
3.400000000000000000e+01 2.274088196628788056e-02 3.345011220119811085e-02 5.172780292695756173e-05 6.705130809229508987e-05
3.500000000000000000e+01 2.312170550103910191e-02 3.697248134262935693e-02 5.194310238211066348e-05 6.450731236526986441e-05
3.600000000000000000e+01 2.375006020076093904e-02 3.713335882785583769e-02 5.211999923664579917e-05 6.214986674061956080e-05
3.700000000000000000e+01 2.099383667180277496e-02 3.428968158456441317e-02 5.217823459993842808e-05 5.997025839685907542e-05
3.800000000000000000e+01 1.767124606350646901e-02 2.951885336076030819e-02 5.208044543580977456e-05 5.794524152371647425e-05
3.900000000000000000e+01 1.150464379257955597e-02 2.427585329005849807e-02 5.182908291035559788e-05 5.604685631817029478e-05
4.000000000000000000e+01 8.897396420421740948e-03 1.988394311274136253e-02 5.142981457006501680e-05 5.426166838296089698e-05
4.100000000000000000e+01 6.923399371911958047e-03 1.716873145681234100e-02 5.090436553495360298e-05 5.254970678912677218e-05
4.200000000000000000e+01 7.554105118515974139e-03 1.629052734455928991e-02 5.024063768144926409e-05 5.085807005375237686e-05
4.300000000000000000e+01 6.856750257643421352e-03 1.686778763858898939e-02 4.938719755303940429e-05 4.912119135394625797e-05
4.400000000000000000e+01 6.189079468879439723e-03 1.827074000525491862e-02 4.828792489953533031e-05 4.725841959716016585e-05
4.500000000000000000e+01 6.654854128894016965e-03 1.985142163913059324e-02 4.692467618488149772e-05 4.521251334246544616e-05
4.600000000000000000e+01 5.843295316437444042e-03 2.108438210104026517e-02 4.537246631612168126e-05 4.299372711157084293e-05
4.700000000000000000e+01 6.854722447242321895e-03 2.155051127313867970e-02 4.382694356758839207e-05 4.070869263066030213e-05
