# freqs 	 pli 	 dpli 	 meanpower(thalamus)	 meanpower(scalp)	pli
8.000000000000000000e+00 2.136273017669397187e-02 4.358067945665462101e-02 7.090840205158532199e-05 2.555723579455883971e-04
9.000000000000000000e+00 -1.114059864239900881e-02 -4.995536565333961315e-02 7.384940412977832481e-05 2.155509148736397987e-04
1.000000000000000000e+01 -3.031093712197308054e-02 -1.039267638018320089e-01 8.253653329783201245e-05 2.014560751921530449e-04
1.100000000000000000e+01 -1.191613636633519560e-02 -5.922642317866316786e-02 9.439817313889049930e-05 2.136646228846758784e-04
1.200000000000000000e+01 2.562884346780254854e-02 5.676111845365892222e-02 1.035275054379274871e-04 2.574529856183372994e-04
1.300000000000000000e+01 4.060355509572381727e-02 1.479552222446543774e-01 9.617116317820068592e-05 2.944867049227199132e-04
1.400000000000000000e+01 3.804175192584043769e-02 1.505316054755897193e-01 7.796412653148001031e-05 2.691663438384477220e-04
1.500000000000000000e+01 3.179030258983361196e-02 1.103731993600662875e-01 6.295401603367572379e-05 2.062889703033275409e-04
1.600000000000000000e+01 2.857393286551818123e-02 9.370265603879997240e-02 5.569307591376429880e-05 1.537164293791330825e-04
1.700000000000000000e+01 2.821370765830006136e-02 9.482520089246393447e-02 5.317236914119333267e-05 1.254490669565755357e-04
1.800000000000000000e+01 2.744894074667059494e-02 8.176027465472161804e-02 5.233575420342266902e-05 1.124918757891685126e-04
1.900000000000000000e+01 2.444834523147162986e-02 6.232679336730237440e-02 5.205212381297787122e-05 1.055246761313590728e-04
2.000000000000000000e+01 2.137572943409869405e-02 5.063550915935461499e-02 5.212662642967250012e-05 1.008788457135303398e-04
2.100000000000000000e+01 2.108669991145536299e-02 4.843280504801750208e-02 5.273746191662615791e-05 9.743846220408285282e-05
2.200000000000000000e+01 2.136764900634261291e-02 5.145971284684965757e-02 5.403600361188144654e-05 9.474242121767932937e-05
2.300000000000000000e+01 2.280998254853932108e-02 5.623338068688674141e-02 5.557439528047396834e-05 9.252787572569778538e-05
2.400000000000000000e+01 2.459680178166079312e-02 5.999599757771599540e-02 5.653454153219993284e-05 9.068368084878803250e-05
2.500000000000000000e+01 2.504427150452265965e-02 6.065636638819853904e-02 5.643488991943786630e-05 8.910739887136346845e-05
2.600000000000000000e+01 2.456137276688978230e-02 5.805450339202021526e-02 5.539058980373791639e-05 8.762363598361831935e-05
2.700000000000000000e+01 2.361702568329251614e-02 5.382772323409553555e-02 5.389323519821347867e-05 8.608347299219790789e-05
2.800000000000000000e+01 2.256958445814408881e-02 4.989690106981577167e-02 5.244678065252515915e-05 8.446522165200980102e-05
2.900000000000000000e+01 2.305531916544137708e-02 4.745778206765634277e-02 5.134582531325957789e-05 8.287118267550161064e-05
3.000000000000000000e+01 2.320406044627499817e-02 4.659187246865215126e-02 5.065521905058644858e-05 8.140232652655720767e-05
3.100000000000000000e+01 2.292708240028543121e-02 4.658528800563323941e-02 5.031140365915736241e-05 8.011472087979101331e-05
3.200000000000000000e+01 2.328984974893735446e-02 4.668207827787920067e-02 5.021133606425894497e-05 7.898725544917711860e-05
3.300000000000000000e+01 2.348142790447073011e-02 4.656522359285902163e-02 5.025859742290117400e-05 7.795281369587458390e-05
3.400000000000000000e+01 2.339745125056766004e-02 4.624591291725127506e-02 5.036845180994834381e-05 7.695975595271899454e-05
3.500000000000000000e+01 2.332892088209588197e-02 4.583554243179399634e-02 5.046578712151745231e-05 7.599091126421252194e-05
3.600000000000000000e+01 2.300315181735041598e-02 4.544223381072564488e-02 5.049468978438664742e-05 7.505133521352310105e-05
3.700000000000000000e+01 2.274337871221353280e-02 4.517193582382588585e-02 5.042483423709803899e-05 7.416401547346000050e-05
3.800000000000000000e+01 2.273130236439555030e-02 4.509554996006986949e-02 5.026339856026909434e-05 7.335414081610167471e-05
3.900000000000000000e+01 2.245337802799397126e-02 4.525558398966100793e-02 5.003406913360874546e-05 7.262777149226160337e-05
4.000000000000000000e+01 2.247391192096904675e-02 4.562855105263214500e-02 4.976208505355092195e-05 7.197849623132666756e-05
4.100000000000000000e+01 2.261670924702003510e-02 4.612920363274018026e-02 4.944680867653720644e-05 7.136187106528063876e-05
4.200000000000000000e+01 2.267229146965511061e-02 4.667401152352127630e-02 4.904974196157689878e-05 7.068518917671318580e-05
4.300000000000000000e+01 2.279180321915398252e-02 4.717695197859705925e-02 4.848864114900425666e-05 6.981441114234708892e-05
4.400000000000000000e+01 2.324707517722694738e-02 4.758943564091254463e-02 4.766452215283030133e-05 6.860534648439195677e-05
4.500000000000000000e+01 2.324780237214871259e-02 4.791132163695267093e-02 4.651495911929445217e-05 6.696771030938372378e-05
4.600000000000000000e+01 2.313340826232078429e-02 4.819797197420209317e-02 4.507670973689011524e-05 6.495828861634777782e-05
4.700000000000000000e+01 2.325930775390666269e-02 4.855215829690991136e-02 4.351398142164095818e-05 6.282146294079403036e-05
