# freqs 	 pli 	 dpli 	 meanpower(thalamus)	 meanpower(scalp)	pli
8.000000000000000000e+00 -5.792948283513542351e-02 -1.338388689779124174e-01 2.250387416479267768e-05 1.050131233624825613e-04
9.000000000000000000e+00 -5.105987931301253502e-02 -1.141493997475318545e-01 2.200014051228878155e-05 9.924220750465332166e-05
1.000000000000000000e+01 -3.196725255538675897e-02 -6.597771659754086970e-02 2.282861429399232062e-05 9.488001615619922149e-05
1.100000000000000000e+01 -3.431091290769225366e-02 -4.549674223935052525e-02 2.444288577268291762e-05 9.252547369169131263e-05
1.200000000000000000e+01 -4.387019437183789505e-02 -5.119555325063199214e-02 2.467054719662164854e-05 9.055793721011370912e-05
1.300000000000000000e+01 -5.193964555153787743e-02 -8.864701566219393425e-02 2.403556441324676386e-05 8.878165651345048517e-05
1.400000000000000000e+01 -5.936809074554717791e-02 -1.180869143967274715e-01 2.369188013936475798e-05 8.697889019939640857e-05
1.500000000000000000e+01 -5.436539946794816808e-02 -1.170722233921051847e-01 2.370237657990872333e-05 8.419040197269190000e-05
1.600000000000000000e+01 -4.680239142819880849e-02 -9.386701093834647069e-02 2.381576204160159557e-05 8.040013892447067136e-05
1.700000000000000000e+01 -3.173984956213797559e-02 -6.470502437730062117e-02 2.399643044895006925e-05 7.708884221275876685e-05
1.800000000000000000e+01 -1.829376560614235508e-02 -3.773025018235454803e-02 2.422420522599414805e-05 7.477523877272189217e-05
1.900000000000000000e+01 -1.156903728010552634e-02 -1.927227059113001753e-02 2.451796564900480516e-05 7.311019299101799245e-05
2.000000000000000000e+01 -8.396529560226297442e-03 -1.292001226516834890e-02 2.492333946512574310e-05 7.139298146000400385e-05
2.100000000000000000e+01 -1.176730861080932215e-02 -1.557390795860943457e-02 2.547355005617995429e-05 6.937520881455216243e-05
2.200000000000000000e+01 -1.272671306462302976e-02 -2.012945319177604497e-02 2.609979433116981851e-05 6.721235735681040926e-05
2.300000000000000000e+01 -1.143112389904807867e-02 -2.653606489756657819e-02 2.681117320111439829e-05 6.536642826891676014e-05
2.400000000000000000e+01 -1.871034499904412202e-02 -4.786906574670682368e-02 2.789263926251799527e-05 6.432923509667885971e-05
2.500000000000000000e+01 -4.353923554528411205e-02 -9.650440504848538381e-02 2.971381904446259440e-05 6.420233525590171391e-05
2.600000000000000000e+01 -6.973754025528515477e-02 -1.607376867347929117e-01 3.208963213273542225e-05 6.439848362230628058e-05
2.700000000000000000e+01 -9.049829991591719358e-02 -2.129999130562552356e-01 3.423348869658143453e-05 6.393919367219057486e-05
2.800000000000000000e+01 -9.824840777978807727e-02 -2.352106007410939559e-01 3.542492629926905753e-05 6.227874458477338393e-05
2.900000000000000000e+01 -9.512207036690101258e-02 -2.252053382418244820e-01 3.546492959339186453e-05 5.962314359370075390e-05
3.000000000000000000e+01 -8.235713545018798210e-02 -1.905008665424956782e-01 3.462610495560812545e-05 5.659838253027368822e-05
3.100000000000000000e+01 -6.182873332036468994e-02 -1.430198255308722799e-01 3.339076957409335201e-05 5.378367078531536471e-05
3.200000000000000000e+01 -4.290658684789845634e-02 -9.546769897644655223e-02 3.218623741802775583e-05 5.148293570125126925e-05
3.300000000000000000e+01 -2.526034548207508473e-02 -5.673228456246800361e-02 3.123666679910384436e-05 4.972727742802011172e-05
3.400000000000000000e+01 -1.235147596496173790e-02 -2.969481052710862615e-02 3.061661744357240531e-05 4.841958402760059157e-05
3.500000000000000000e+01 -5.856411249450559769e-03 -1.259066271024017816e-02 3.028840701821361602e-05 4.743471374826632107e-05
3.600000000000000000e+01 -1.916672307298177480e-03 -2.087593799282493490e-03 3.017138866910659651e-05 4.668340617137219789e-05
3.700000000000000000e+01 1.208063696657776115e-04 4.349093543985189415e-03 3.019323242065503207e-05 4.610196596754815565e-05
3.800000000000000000e+01 2.749274556487782406e-03 7.998856338595990156e-03 3.030589988399525389e-05 4.562249762486829825e-05
3.900000000000000000e+01 1.705722953239545685e-03 9.478309483146976286e-03 3.048237389218413427e-05 4.519297995635448382e-05
4.000000000000000000e+01 6.827856627004558069e-04 9.300126934888916855e-03 3.068906367391224311e-05 4.478326219548982187e-05
4.100000000000000000e+01 -3.315323218313605486e-04 8.072074303766212100e-03 3.088586580435277929e-05 4.436537930030080970e-05
4.200000000000000000e+01 -2.008845774613500501e-03 6.402190549174129226e-03 3.102326907024974826e-05 4.390515442085894015e-05
4.300000000000000000e+01 -2.772978154551770415e-03 4.764092398695941866e-03 3.103249317629094693e-05 4.333478501862503089e-05
4.400000000000000000e+01 -2.418262637199783838e-03 3.437057896686510506e-03 3.083729497491500068e-05 4.256570829123594807e-05
4.500000000000000000e+01 -2.152652439572827481e-03 2.476562533101946129e-03 3.039727065772785549e-05 4.152802601056867127e-05
4.600000000000000000e+01 -1.666057063953463487e-03 1.784800466398422719e-03 2.974669352673633735e-05 4.023051891857248570e-05
4.700000000000000000e+01 3.314897251033656670e-04 1.182477122552928013e-03 2.901004785835038856e-05 3.879416614843373757e-05
