# freqs 	 pli 	 dpli 	 meanpower(thalamus)	 meanpower(scalp)	pli
8.000000000000000000e+00 -3.069571404459166264e-02 -8.455975579185896762e-02 7.337491050990845574e-05 2.371009097532421578e-04
9.000000000000000000e+00 -6.135895895398250227e-02 -1.588319409717638131e-01 7.063934585336965107e-05 2.408839111784808157e-04
1.000000000000000000e+01 -4.076335991724315544e-02 -9.311079806778538304e-02 6.568868206721939376e-05 1.918229668941351179e-04
1.100000000000000000e+01 -1.559719175895706716e-02 -2.208651440764847554e-02 6.205352899759076460e-05 1.517751666199805246e-04
1.200000000000000000e+01 -2.844760505044475530e-04 2.041779474589952223e-02 5.916629338784171985e-05 1.240514409040183684e-04
1.300000000000000000e+01 1.052319666502674750e-02 3.124466937464786057e-02 5.682342827530379917e-05 1.043174019597660474e-04
1.400000000000000000e+01 1.037262349031355287e-02 2.327636501226499136e-02 5.518015313357522089e-05 9.199914305824286205e-05
1.500000000000000000e+01 4.497534303870906816e-03 1.516908105900229876e-02 5.404906071306413043e-05 8.525485885333338940e-05
1.600000000000000000e+01 4.157360485895306330e-03 1.147893533998493691e-02 5.325555525625170767e-05 8.223659151314146351e-05
1.700000000000000000e+01 4.496002799885952424e-03 1.043706213822868066e-02 5.271305245159796436e-05 8.064390386731892931e-05
1.800000000000000000e+01 3.155519542320380302e-03 8.600820124599882835e-03 5.235934818690111638e-05 7.776613713572615584e-05
1.900000000000000000e+01 8.469147992958747564e-04 4.625155712948697193e-03 5.219861527516267766e-05 7.318050719163810849e-05
2.000000000000000000e+01 -1.022490673533276058e-03 -5.670005895842944845e-04 5.219949265949541971e-05 6.847841084299965302e-05
2.100000000000000000e+01 -3.007450559911035125e-03 -6.340017349784022802e-03 5.222931212044139456e-05 6.492676369720060678e-05
2.200000000000000000e+01 -5.056865419190492011e-03 -1.281557997907658425e-02 5.213594787920338591e-05 6.269836684779387043e-05
2.300000000000000000e+01 -7.699082017998185729e-03 -1.953173797769915815e-02 5.186051246268434987e-05 6.131428777562742728e-05
2.400000000000000000e+01 -1.093343412345785561e-02 -2.482151463288727322e-02 5.144356250311433413e-05 6.012684401306103330e-05
2.500000000000000000e+01 -1.314817409598307250e-02 -2.695574057322905684e-02 5.100023517470314994e-05 5.873571459556697720e-05
2.600000000000000000e+01 -1.361892270800764589e-02 -2.553386308364723883e-02 5.059727000884735619e-05 5.709267603636274910e-05
2.700000000000000000e+01 -1.168899252517241992e-02 -2.139196195582030585e-02 5.025039753469328946e-05 5.537149818880014523e-05
2.800000000000000000e+01 -8.745061356421938992e-03 -1.610451132847866632e-02 4.996277522943468996e-05 5.373001775816092437e-05
2.900000000000000000e+01 -5.732809698800765685e-03 -1.089928637795008204e-02 4.973102216942885175e-05 5.227611911347616143e-05
3.000000000000000000e+01 -2.255862739289478565e-03 -6.520805267035852809e-03 4.955635552579022913e-05 5.102966769156143899e-05
3.100000000000000000e+01 -6.139727266851935285e-04 -2.929738403920119447e-03 4.944581175851895657e-05 5.000057941848981373e-05
3.200000000000000000e+01 1.267539842975689938e-03 9.344309554113893086e-05 4.940072087465536681e-05 4.915433457667860184e-05
3.300000000000000000e+01 2.089079636356068730e-03 2.978361001183830927e-03 4.940993714042009598e-05 4.844374975594516446e-05
3.400000000000000000e+01 3.224374767542578877e-03 6.131333587774323232e-03 4.944939719299210637e-05 4.785060794990256240e-05
3.500000000000000000e+01 4.774981776629959318e-03 9.418068135216695405e-03 4.946892992941023120e-05 4.732355481593071350e-05
3.600000000000000000e+01 5.962852216861171638e-03 1.238133351911424769e-02 4.941566423525960307e-05 4.684874191644391225e-05
3.700000000000000000e+01 6.254267066848980330e-03 1.442559652958229181e-02 4.925484402967956197e-05 4.641387602845277921e-05
3.800000000000000000e+01 5.951887264077711411e-03 1.516968200274031696e-02 4.897931356781443427e-05 4.602339914282992220e-05
3.900000000000000000e+01 5.424959457174631516e-03 1.465317507736567035e-02 4.860516191839603557e-05 4.565555415744101367e-05
4.000000000000000000e+01 4.131344665910791254e-03 1.313241339760513708e-02 4.815986436815105373e-05 4.532182075510479864e-05
4.100000000000000000e+01 3.617607491814911827e-03 1.103931426915948436e-02 4.765527908357184859e-05 4.500479807567473768e-05
4.200000000000000000e+01 3.655752751556775974e-03 8.840024600668048432e-03 4.706778301299756171e-05 4.465202236073639625e-05
4.300000000000000000e+01 3.087242746255429871e-03 6.976184495596832527e-03 4.633225069245965988e-05 4.416466082386643157e-05
4.400000000000000000e+01 2.997946173706202231e-03 5.694949052191380923e-03 4.536470252162132883e-05 4.347144083692705948e-05
4.500000000000000000e+01 2.396706490056159898e-03 5.181761272022357770e-03 4.411041739049234312e-05 4.249033086215124952e-05
4.600000000000000000e+01 1.983668108133473159e-03 5.505863018747898796e-03 4.260423412952079133e-05 4.123876071119352086e-05
4.700000000000000000e+01 2.175164289452732880e-03 6.638634433248044239e-03 4.099554840557152708e-05 3.984796122365636155e-05
