# freqs 	 pli 	 dpli 	 meanpower(thalamus)	 meanpower(scalp)	pli
8.000000000000000000e+00 -1.454277596548458375e-02 -1.810161077401209739e-01 2.533051496311605177e+01 3.435024679321961116e+02
9.000000000000000000e+00 2.176202176202176111e-02 2.566563658731794376e-03 2.535462933150667908e+01 3.506800043596330170e+02
1.000000000000000000e+01 -1.094196003805899230e-02 3.762890767845335910e-02 2.501124897816332648e+01 3.166027972922062190e+02
1.100000000000000000e+01 1.573814479093207583e-02 8.084477112549950939e-02 2.426339927527699203e+01 2.778829080932208058e+02
1.200000000000000000e+01 2.712029952791795637e-02 6.642746573425394041e-02 2.375653663956243022e+01 2.502804628079283020e+02
1.300000000000000000e+01 5.188087531554412546e-03 2.024881975459724009e-02 2.353345969761928558e+01 2.367803781459381014e+02
1.400000000000000000e+01 -1.971439963376995369e-02 2.922220923356727215e-02 2.350566738477546735e+01 2.259235902947345949e+02
1.500000000000000000e+01 -7.773972116026889138e-03 4.125821246501062967e-02 2.357494167279311981e+01 2.133205926886915620e+02
1.600000000000000000e+01 5.295482462126382094e-03 2.766875101045672067e-02 2.365882099992543175e+01 1.996093625115990733e+02
1.700000000000000000e+01 8.111453477653999058e-03 2.606081951430894855e-02 2.378198620546659825e+01 1.853426566441240482e+02
1.800000000000000000e+01 1.539051024969666052e-02 3.537459363650514999e-02 2.392984456951865369e+01 1.705068378662692794e+02
1.900000000000000000e+01 2.022165810166553016e-02 3.928293436093333035e-02 2.408815303452742285e+01 1.578996396482396278e+02
2.000000000000000000e+01 9.952892861456697285e-03 2.711502462281839554e-02 2.427293474504818249e+01 1.484376566559512014e+02
2.100000000000000000e+01 -1.462621885157096464e-02 1.148468105723117298e-02 2.449579626801594046e+01 1.412356933540218336e+02
2.200000000000000000e+01 1.467037854197229905e-03 1.757327659401855535e-02 2.471358528871682481e+01 1.361785606484795323e+02
2.300000000000000000e+01 2.341962809449389671e-02 4.151232397765477339e-02 2.489690748087067362e+01 1.329215027262398507e+02
2.400000000000000000e+01 3.175114031096363393e-02 5.632205166929765694e-02 2.503927114566988266e+01 1.308156413746157227e+02
2.500000000000000000e+01 3.286813616799269533e-02 4.867465238616891510e-02 2.514980562364201688e+01 1.291330557403267107e+02
2.600000000000000000e+01 7.296454630195107864e-03 2.779305134923243034e-02 2.523632933265077583e+01 1.276207549666331289e+02
2.700000000000000000e+01 -2.348746985425185976e-03 7.536873361789935173e-03 2.530748324948039851e+01 1.261504848478563332e+02
2.800000000000000000e+01 -7.697314722018453077e-03 -4.287956622008812398e-03 2.537406451646774386e+01 1.241573260127746181e+02
2.900000000000000000e+01 -3.196123936321810816e-03 -7.142440382906092150e-03 2.543744413192799314e+01 1.215112175285181308e+02
3.000000000000000000e+01 -3.596540855087690825e-03 -4.372121741324963735e-03 2.549546833091011777e+01 1.184827243651172211e+02
3.100000000000000000e+01 -4.955421111288011576e-03 -8.453361621131420551e-04 2.555456423241731656e+01 1.156698758536214768e+02
3.200000000000000000e+01 8.427902236334059013e-04 1.244697727032287576e-03 2.561383948254806953e+01 1.131302291796953199e+02
3.300000000000000000e+01 6.233043884129561840e-03 2.578363561527720772e-03 2.567173204470320158e+01 1.106052301514676657e+02
3.400000000000000000e+01 1.029901604196179106e-02 4.717014907206023254e-03 2.572602585914755124e+01 1.083297586522328118e+02
3.500000000000000000e+01 3.095681239791848571e-03 7.882570764030072050e-03 2.577257638845339827e+01 1.063282612759057884e+02
3.600000000000000000e+01 2.901445070369463187e-03 1.026942628526382288e-02 2.580889278340712423e+01 1.047336955485582592e+02
3.700000000000000000e+01 1.906257008297824627e-03 1.029026337308196898e-02 2.583350827519802451e+01 1.034475431504446021e+02
3.800000000000000000e+01 -4.081407534057690870e-03 7.990767093395717557e-03 2.584394709587467176e+01 1.024515202846757518e+02
3.900000000000000000e+01 -9.644309128365936151e-03 5.099124118610795682e-03 2.584049691541495974e+01 1.015340448288202992e+02
4.000000000000000000e+01 -3.434252146407591397e-03 3.782287366574360338e-03 2.582125792982700219e+01 1.008325806317795923e+02
4.100000000000000000e+01 2.087495632385747476e-03 5.176647125371091479e-03 2.577399193355421048e+01 1.002405157902027923e+02
4.200000000000000000e+01 5.390811641311201753e-03 9.464133029501144156e-03 2.566945387372107135e+01 9.957450358190779127e+01
4.300000000000000000e+01 3.241591843622057025e-03 1.592402291981467530e-02 2.545943472535342522e+01 9.854109985835567898e+01
4.400000000000000000e+01 3.908519516188665652e-03 2.311540218762016957e-02 2.509261045480056751e+01 9.719044501166375483e+01
4.500000000000000000e+01 7.459626407949954650e-03 3.011409264097636082e-02 2.454140848977972666e+01 9.523056330876603681e+01
4.600000000000000000e+01 8.023933456689781932e-03 3.644562290461558079e-02 2.383287984678701221e+01 9.266346044398692072e+01
4.700000000000000000e+01 1.069335435445727817e-02 4.196138979531652963e-02 2.306329991255751111e+01 8.973366836710611949e+01
