# freqs 	 pli 	 dpli 	 meanpower(thalamus)	 meanpower(scalp)	pli
8.000000000000000000e+00 -1.511374510481919009e-01 -3.581341165079461319e-01 1.859993119790165808e-05 5.917567105418359034e-04
9.000000000000000000e+00 -1.141989442984887582e-01 -2.746681508824544982e-01 1.809110665571182658e-05 4.391912538734699524e-04
1.000000000000000000e+01 -8.564294431241570305e-02 -1.885970315811572040e-01 1.808433509586440533e-05 3.345376707373123024e-04
1.100000000000000000e+01 -7.508806277933352535e-02 -1.553751127458287418e-01 1.837701129269873386e-05 2.750224965278055085e-04
1.200000000000000000e+01 -7.420982139276749434e-02 -1.686238875147138827e-01 1.868846685707408175e-05 2.446439162765165292e-04
1.300000000000000000e+01 -9.151254238918685169e-02 -1.718588227382892852e-01 1.900025418666680260e-05 2.302430624036710548e-04
1.400000000000000000e+01 -7.461813402574089815e-02 -1.598284580670302490e-01 1.942444777566906464e-05 2.192127801758761744e-04
1.500000000000000000e+01 -7.109608466795389048e-02 -1.623631329357500819e-01 1.970535219356327262e-05 2.049953211562411119e-04
1.600000000000000000e+01 -7.352705603434465942e-02 -1.662796368172905770e-01 1.990063996826251565e-05 1.889233494180908362e-04
1.700000000000000000e+01 -8.015566694960042649e-02 -1.580915116779810226e-01 2.012381906510334940e-05 1.718635931020959912e-04
1.800000000000000000e+01 -6.889926105022135816e-02 -1.370363082966928880e-01 2.038471763193780857e-05 1.560025116064508630e-04
1.900000000000000000e+01 -4.931482726603272221e-02 -1.183164314174748877e-01 2.062817837723828978e-05 1.431078318827768672e-04
2.000000000000000000e+01 -4.421697932005889953e-02 -1.089408912217673525e-01 2.084847955046341351e-05 1.329889472195780367e-04
2.100000000000000000e+01 -4.609032423262810624e-02 -1.022345226797758411e-01 2.109234914920912136e-05 1.245439280962527535e-04
2.200000000000000000e+01 -4.761295174698168542e-02 -9.210873686975833141e-02 2.132947393907622544e-05 1.167072947893156310e-04
2.300000000000000000e+01 -3.819138893777699467e-02 -7.873470469041848885e-02 2.155716207936355186e-05 1.089117591874380413e-04
2.400000000000000000e+01 -2.725229368805842309e-02 -6.571577343516447900e-02 2.174690275356929109e-05 1.013057209095572902e-04
2.500000000000000000e+01 -1.390843943950348729e-02 -5.592126984983045862e-02 2.193284419546899177e-05 9.418257192244505879e-05
2.600000000000000000e+01 -1.799395403144543604e-02 -5.113599260512000783e-02 2.217414343137499050e-05 8.777369277336427025e-05
2.700000000000000000e+01 -2.149419864541769060e-02 -5.176282001335787142e-02 2.247479057962626839e-05 8.230660344097357590e-05
2.800000000000000000e+01 -2.533841860762631182e-02 -5.538085957578412627e-02 2.275843914731487803e-05 7.763732604465400553e-05
2.900000000000000000e+01 -2.980563972592882929e-02 -5.747202410445322734e-02 2.297774208431601446e-05 7.346249679016947658e-05
3.000000000000000000e+01 -3.338609871924017730e-02 -5.611173911291760658e-02 2.314328653618942394e-05 6.954457511369471496e-05
3.100000000000000000e+01 -3.397499440411856642e-02 -5.298057049495635135e-02 2.329219315646149119e-05 6.583418781582072343e-05
3.200000000000000000e+01 -3.059103771322600751e-02 -5.165572071408325305e-02 2.342628014210891809e-05 6.244933075769321844e-05
3.300000000000000000e+01 -3.088556195896312653e-02 -5.418744242376206943e-02 2.355213510498053515e-05 5.948724261737080239e-05
3.400000000000000000e+01 -3.381634789836712729e-02 -5.986977086598717357e-02 2.366183322940809404e-05 5.689795589457690653e-05
3.500000000000000000e+01 -3.445437253240837133e-02 -6.633631391015509804e-02 2.372730999097105535e-05 5.464660195589714762e-05
3.600000000000000000e+01 -3.719421068194714297e-02 -7.142881208971826879e-02 2.374988140332826911e-05 5.265822428698094493e-05
3.700000000000000000e+01 -3.871911261707636914e-02 -7.388426948547534290e-02 2.375144800144364122e-05 5.088165342467078556e-05
3.800000000000000000e+01 -3.436895686500136132e-02 -7.361672046939263248e-02 2.373650545393770175e-05 4.926985423293838529e-05
3.900000000000000000e+01 -3.513468161442143828e-02 -7.194598761030711331e-02 2.369734468232346852e-05 4.778533799477432373e-05
4.000000000000000000e+01 -3.424635643058041717e-02 -7.047327031710610978e-02 2.363770010979048518e-05 4.642613307591769570e-05
4.100000000000000000e+01 -3.374961048922553442e-02 -7.015506194298741505e-02 2.356769553121843846e-05 4.516545853188308886e-05
4.200000000000000000e+01 -3.529026381809175633e-02 -7.105198541266793955e-02 2.347143655902474228e-05 4.394775289387245465e-05
4.300000000000000000e+01 -3.609721800546492054e-02 -7.254747428305349799e-02 2.330612979049175281e-05 4.270698716612691243e-05
4.400000000000000000e+01 -3.882812562416611268e-02 -7.384943445380781624e-02 2.301128185000699759e-05 4.137311540439548381e-05
4.500000000000000000e+01 -3.909820087559517932e-02 -7.422108003433142143e-02 2.255306443067288640e-05 3.987555952768502868e-05
4.600000000000000000e+01 -3.897680883868442220e-02 -7.305551178051897243e-02 2.196520329709898404e-05 3.820693001233257317e-05
4.700000000000000000e+01 -3.898324040197472667e-02 -6.997176969068524821e-02 2.134355403324922218e-05 3.645846535617763986e-05
