# freqs 	 pli 	 dpli 	 meanpower(thalamus)	 meanpower(scalp)	pli
8.000000000000000000e+00 3.144598129510668000e-03 3.824562190809367712e-02 1.580752186156553977e-04 6.704522823220803026e-04
9.000000000000000000e+00 2.537298138671079464e-02 6.836890705095928500e-02 1.636379609606594676e-04 5.153666807096335834e-04
1.000000000000000000e+01 5.877174493616293960e-02 1.424592004000890255e-01 1.721030773475969980e-04 3.876749811850804654e-04
1.100000000000000000e+01 8.124148049620635859e-02 2.032869430201396377e-01 1.671258316648109490e-04 3.266549604308805572e-04
1.200000000000000000e+01 8.817338910340724589e-02 2.220661452345187858e-01 1.539487337299673517e-04 3.255168863002019363e-04
1.300000000000000000e+01 8.529646797841408667e-02 2.402501383929699919e-01 1.375988817628348191e-04 3.382692472593365777e-04
1.400000000000000000e+01 7.110890552845074153e-02 2.187651723166638140e-01 1.197097658869086779e-04 3.071485727371438788e-04
1.500000000000000000e+01 5.710214858206093258e-02 1.633109186847709893e-01 1.049410028899399797e-04 2.522663363107830012e-04
1.600000000000000000e+01 4.077154324423602066e-02 1.224105123927100719e-01 9.569975560044989104e-05 2.109702247857679830e-04
1.700000000000000000e+01 3.209890868780044398e-02 9.980551404417251082e-02 8.986587769965334799e-05 1.883429422902576018e-04
1.800000000000000000e+01 2.369971203272903254e-02 8.151980840121253458e-02 8.515427002370579265e-05 1.737936217498388370e-04
1.900000000000000000e+01 1.864226006924187690e-02 6.355612639374057238e-02 8.080094955285873151e-05 1.611547148518587198e-04
2.000000000000000000e+01 1.574538910773125300e-02 4.744609030979544950e-02 7.671377545389842286e-05 1.491764107297072401e-04
2.100000000000000000e+01 1.327819752057740610e-02 3.394122390539919959e-02 7.286495085826038697e-05 1.381068223861023955e-04
2.200000000000000000e+01 1.036041919053173367e-02 2.129867903956662867e-02 6.932973306951788954e-05 1.285300841100077678e-04
2.300000000000000000e+01 7.963267759882737898e-03 9.301469535268192326e-03 6.619882755396185926e-05 1.209733012474392883e-04
2.400000000000000000e+01 6.565024359932638415e-03 6.713363626882857876e-04 6.343984508667075415e-05 1.155172893827330393e-04
2.500000000000000000e+01 7.681034463351875743e-03 -2.429390287127751718e-03 6.101124418310756076e-05 1.118858032993289958e-04
2.600000000000000000e+01 7.997983058592597963e-03 -1.265223867376176958e-03 5.881981077923297718e-05 1.096221931848692264e-04
2.700000000000000000e+01 8.802523656465799720e-03 9.555444603933771876e-04 5.682847899436263897e-05 1.086046197683389098e-04
2.800000000000000000e+01 9.413079391945118266e-03 1.874292439061989732e-03 5.505463010906215483e-05 1.090054032548396401e-04
2.900000000000000000e+01 9.337133829063214846e-03 1.033530040886421154e-03 5.349325788166692572e-05 1.110305509418383469e-04
3.000000000000000000e+01 8.577871499591530405e-03 -8.623200523274078934e-04 5.213818700552503947e-05 1.144880658745257835e-04
3.100000000000000000e+01 8.147544709665659191e-03 -2.788332930511993983e-03 5.095936912569348288e-05 1.187374260407650026e-04
3.200000000000000000e+01 8.387845893162134206e-03 -3.876081686632165593e-03 4.992036857307263227e-05 1.229530956748358110e-04
3.300000000000000000e+01 8.129953240955343011e-03 -3.542554155659152944e-03 4.898572392159100702e-05 1.263647921826753452e-04
3.400000000000000000e+01 7.788593080606256817e-03 -1.606725286870147248e-03 4.812460317535694664e-05 1.284686260404622451e-04
3.500000000000000000e+01 7.675861087501779229e-03 1.687280909968783471e-03 4.732072850264011063e-05 1.291355883703682711e-04
3.600000000000000000e+01 9.385015698878522786e-03 5.723748541323427780e-03 4.657487894257579043e-05 1.285050650856912619e-04
3.700000000000000000e+01 1.132917896356742601e-02 9.806453248845943549e-03 4.588023040928305090e-05 1.268858782635298298e-04
3.800000000000000000e+01 1.240893524327711141e-02 1.340461805500105241e-02 4.522706519009414637e-05 1.247023899767046829e-04
3.900000000000000000e+01 1.245918272080699836e-02 1.632766281696672317e-02 4.461483361950524946e-05 1.224127483156530068e-04
4.000000000000000000e+01 1.169282475272749242e-02 1.859010992917629890e-02 4.403250954472783056e-05 1.203813161666408263e-04
4.100000000000000000e+01 1.140791113470614355e-02 2.037556264523770685e-02 4.345677374640642910e-05 1.188144086029205732e-04
4.200000000000000000e+01 1.093630936815496481e-02 2.185901001889766979e-02 4.284174603847226286e-05 1.176920018518499831e-04
4.300000000000000000e+01 1.077940957313695478e-02 2.311577389005867525e-02 4.211162421931069168e-05 1.167845527066855530e-04
4.400000000000000000e+01 1.123852669297705983e-02 2.412334355006296588e-02 4.118435101076933704e-05 1.157445810838702796e-04
4.500000000000000000e+01 1.212330126732613124e-02 2.484566632478845197e-02 4.000805954103468722e-05 1.143332532714128258e-04
4.600000000000000000e+01 1.294166998432266964e-02 2.525980592139680930e-02 3.860435271859238930e-05 1.125820070251307489e-04
4.700000000000000000e+01 1.371388150248226308e-02 2.536450603173700732e-02 3.710196706579731054e-05 1.108512041769682197e-04
