# freqs 	 pli 	 dpli 	 meanpower(thalamus)	 meanpower(scalp)	pli
8.000000000000000000e+00 6.061632741991834078e-02 1.309711646741459901e-01 1.206065344517381454e-04 2.704074628452563314e-04
9.000000000000000000e+00 7.552861178822162236e-02 1.601540781164573213e-01 1.145844327138198802e-04 2.665792652601931207e-04
1.000000000000000000e+01 1.097831369302830484e-01 2.381769091255123427e-01 1.164962646119867452e-04 2.912997577486900382e-04
1.100000000000000000e+01 1.100181526113182262e-01 2.480352094223073345e-01 1.202456737062663908e-04 3.289771594515813785e-04
1.200000000000000000e+01 4.870904779025523462e-02 1.251302625957798065e-01 1.179739750194024728e-04 3.441746399319087755e-04
1.300000000000000000e+01 -3.173307172742365068e-02 -4.439155653813470909e-02 1.127839376466635942e-04 3.385649390001147169e-04
1.400000000000000000e+01 -8.564952045095479416e-02 -1.538343347600536759e-01 1.071766986752960629e-04 3.196840997324871723e-04
1.500000000000000000e+01 -9.722346307519362518e-02 -1.837471964417063119e-01 1.009568886097610103e-04 2.882583543795408528e-04
1.600000000000000000e+01 -8.361808380024517151e-02 -1.630549954515961575e-01 9.489170831121731989e-05 2.536509948260044648e-04
1.700000000000000000e+01 -6.231361557248227268e-02 -1.250769941615429703e-01 8.964840110168882930e-05 2.248071278603285981e-04
1.800000000000000000e+01 -4.179883561411418258e-02 -8.489819344751176056e-02 8.517939663213180696e-05 2.037308810042206696e-04
1.900000000000000000e+01 -2.328927575409918752e-02 -4.620233258248823693e-02 8.121375790038334516e-05 1.884336693232540509e-04
2.000000000000000000e+01 -5.604345690340017949e-03 -9.357373594047710755e-03 7.772984640161246747e-05 1.767037621081385651e-04
2.100000000000000000e+01 1.118326132298914921e-02 2.282894422709658144e-02 7.466902860980868123e-05 1.668378756572747740e-04
2.200000000000000000e+01 2.215670581001247252e-02 4.536272247413393466e-02 7.179847554020728868e-05 1.577184337136289726e-04
2.300000000000000000e+01 2.796714997949341364e-02 5.611102792361652436e-02 6.883922989267759020e-05 1.488781285168984511e-04
2.400000000000000000e+01 2.940429247795684278e-02 5.742144155639593295e-02 6.574737085416143220e-05 1.405522391080449198e-04
2.500000000000000000e+01 2.759097339921983902e-02 5.360817933170686916e-02 6.274155828749498399e-05 1.331239839029658750e-04
2.600000000000000000e+01 2.566230913013333587e-02 4.799623675913138737e-02 6.003137513257563265e-05 1.267627500520036236e-04
2.700000000000000000e+01 2.160380897841397696e-02 4.216330004005520993e-02 5.768743333430126097e-05 1.213701768201254480e-04
2.800000000000000000e+01 1.920037870927828946e-02 3.658543749918335974e-02 5.567652268688684178e-05 1.167220802807309815e-04
2.900000000000000000e+01 1.800197586904224434e-02 3.126666119824495632e-02 5.396997742999192909e-05 1.126787236399395364e-04
3.000000000000000000e+01 1.575158585429754093e-02 2.620719887234179354e-02 5.252365473864749302e-05 1.091870425543802229e-04
3.100000000000000000e+01 1.315278136132093725e-02 2.158376599906484256e-02 5.129891514956090440e-05 1.062728619722480290e-04
3.200000000000000000e+01 1.143698311349560480e-02 1.778353409705396571e-02 5.025936844177916236e-05 1.039088102238779342e-04
3.300000000000000000e+01 9.233817209046398314e-03 1.509883458386423842e-02 4.936596739510405892e-05 1.020360471007296041e-04
3.400000000000000000e+01 8.190179064766531236e-03 1.343837437684009158e-02 4.858681936328776126e-05 1.005954496797296997e-04
3.500000000000000000e+01 8.735398365752234176e-03 1.236313871850318498e-02 4.789459168329311244e-05 9.947342784866262770e-05
3.600000000000000000e+01 8.468805979052697677e-03 1.139680981095146130e-02 4.726511732474782650e-05 9.856603875990251876e-05
3.700000000000000000e+01 8.162408485252679521e-03 1.028627775007889301e-02 4.667983916129708912e-05 9.773815840104516106e-05
3.800000000000000000e+01 7.726088043128994179e-03 9.036634174789262910e-03 4.612332598630393513e-05 9.688842861910446742e-05
3.900000000000000000e+01 6.619236124424465219e-03 7.709513131605939991e-03 4.558775556231275033e-05 9.594335520556298755e-05
4.000000000000000000e+01 5.699013299112627197e-03 6.410953708609934236e-03 4.506832980761059338e-05 9.490762962261228462e-05
4.100000000000000000e+01 4.906228736251089934e-03 5.215317581625982316e-03 4.454825485423734451e-05 9.377135754696322184e-05
4.200000000000000000e+01 4.161943396373820464e-03 4.220928923530673470e-03 4.398106210119333298e-05 9.248080750971402570e-05
4.300000000000000000e+01 3.395160471269608338e-03 3.553266313268248818e-03 4.329071852997544163e-05 9.090546789385851628e-05
4.400000000000000000e+01 2.834846810741884892e-03 3.275743014018286329e-03 4.239037869628663565e-05 8.891689227377644474e-05
4.500000000000000000e+01 2.930375026096046151e-03 3.426127865131975772e-03 4.122558346143848491e-05 8.640133671681278613e-05
4.600000000000000000e+01 3.197021075964684173e-03 3.982004955443760492e-03 3.982518087025980845e-05 8.342854804362933273e-05
4.700000000000000000e+01 3.758704802847314536e-03 4.881915882688618070e-03 3.832733317346321156e-05 8.029501709300386795e-05
