# freqs 	 pli 	 dpli 	 meanpower(thalamus)	 meanpower(scalp)	pli
8.000000000000000000e+00 1.065930049999285444e-02 3.068676591840629325e-02 3.732405823842480157e-05 2.727527950018691525e-04
9.000000000000000000e+00 8.421289836047998398e-03 1.831859207759808233e-02 3.542001033758217276e-05 2.596097182578182400e-04
1.000000000000000000e+01 4.839344203966491030e-03 1.170015808764181785e-02 3.467435734175640524e-05 2.336250816864770001e-04
1.100000000000000000e+01 -4.055087109351957798e-03 -6.297719247945562752e-03 3.480821579605322333e-05 2.103423379640039772e-04
1.200000000000000000e+01 -1.227120860727908339e-02 -1.831463176694622316e-02 3.539561976555477692e-05 2.014676773863420469e-04
1.300000000000000000e+01 -1.026475372558922385e-02 -1.293506518368430468e-02 3.620786101244895440e-05 1.991169383540077997e-04
1.400000000000000000e+01 -3.198662011018528224e-03 -1.620080906417063239e-03 3.692542029038805993e-05 1.985048996029077466e-04
1.500000000000000000e+01 4.834946401101597045e-04 2.707679944653061232e-03 3.722730788862548467e-05 1.978583970381951834e-04
1.600000000000000000e+01 -2.712129084441821346e-03 -3.612619589678802388e-03 3.718050295633924194e-05 1.965176613854387687e-04
1.700000000000000000e+01 -9.446059914198721638e-03 -1.523587103425971638e-02 3.721645393493847032e-05 1.949913802822091145e-04
1.800000000000000000e+01 -1.421219141049346463e-02 -2.350599650179732367e-02 3.771590729949176988e-05 1.942905781315194217e-04
1.900000000000000000e+01 -1.597507513065913112e-02 -2.500825597578972340e-02 3.861113857525589818e-05 1.947443017863455380e-04
2.000000000000000000e+01 -1.514802194260257868e-02 -2.287581223880218867e-02 3.946397388781147121e-05 1.961092791851715383e-04
2.100000000000000000e+01 -1.581203592390920121e-02 -2.176805562537137764e-02 3.989424569885762970e-05 1.980305716841556892e-04
2.200000000000000000e+01 -1.713067624295298158e-02 -2.376688133062367786e-02 3.988550589860751953e-05 2.000508366395611622e-04
2.300000000000000000e+01 -1.825839544823996269e-02 -2.802759732458407968e-02 3.965572805036559251e-05 2.020423483078942061e-04
2.400000000000000000e+01 -2.152824347889664702e-02 -3.299462478682724242e-02 3.941122829397363615e-05 2.038174581313372728e-04
2.500000000000000000e+01 -2.364511490798490434e-02 -3.744450643540399304e-02 3.925366073031029993e-05 2.052998283038847240e-04
2.600000000000000000e+01 -2.525755397386387352e-02 -4.036172517468912535e-02 3.922590767435683005e-05 2.064003495903805722e-04
2.700000000000000000e+01 -2.560193409509414764e-02 -4.109495648060008943e-02 3.938182352868070218e-05 2.074222626781033294e-04
2.800000000000000000e+01 -2.391118603087034541e-02 -3.935287291021905692e-02 3.979572691546817492e-05 2.083072597729482116e-04
2.900000000000000000e+01 -2.049625188992593855e-02 -3.405964455629777871e-02 4.062120154442890832e-05 2.092993523900282663e-04
3.000000000000000000e+01 -1.427764087354899819e-02 -2.359299280872074675e-02 4.212743440777139717e-05 2.102648685241849088e-04
3.100000000000000000e+01 -5.343136260521681551e-03 -8.020401833931767310e-03 4.450497095168414526e-05 2.114213170309842225e-04
3.200000000000000000e+01 4.859650833339428794e-03 9.407240522037271790e-03 4.750062149045643846e-05 2.126275904380415941e-04
3.300000000000000000e+01 1.457015934199332174e-02 2.422940032894672913e-02 5.032839122434917101e-05 2.137166647380757802e-04
3.400000000000000000e+01 2.059497604816764790e-02 3.348914849923097237e-02 5.206772620781604453e-05 2.149933672267404102e-04
3.500000000000000000e+01 2.347105815281227276e-02 3.673159736066358705e-02 5.218900371492043864e-05 2.162164731150081941e-04
3.600000000000000000e+01 2.232725159633484543e-02 3.500789825724626159e-02 5.076291289044699174e-05 2.175449246534771203e-04
3.700000000000000000e+01 1.869075891167732914e-02 3.006696538861832607e-02 4.831106638594934199e-05 2.189675991836909509e-04
3.800000000000000000e+01 1.449767338787340439e-02 2.372009066407839567e-02 4.550431409116494552e-05 2.206370023568867214e-04
3.900000000000000000e+01 9.775687724093448314e-03 1.739620640828409490e-02 4.289396618985691242e-05 2.222038089415417905e-04
4.000000000000000000e+01 5.961159557597663951e-03 1.203195916356857714e-02 4.077485550272292951e-05 2.237609624440407635e-04
4.100000000000000000e+01 3.172222998989852796e-03 7.975145305940371451e-03 3.919342807072014257e-05 2.251506047205036228e-04
4.200000000000000000e+01 8.219174146054189240e-04 5.143060250381009842e-03 3.802496190566210399e-05 2.260528749087871252e-04
4.300000000000000000e+01 -9.322813452174607109e-04 3.197554411694526581e-03 3.707119321161461993e-05 2.257979534657041966e-04
4.400000000000000000e+01 -2.272739562288015810e-03 1.897180196998663089e-03 3.613568103132553657e-05 2.242027858765761959e-04
4.500000000000000000e+01 -3.045811967922880566e-03 9.437159661183804190e-04 3.508438712100020505e-05 2.207864929053439515e-04
4.600000000000000000e+01 -3.529690108393431641e-03 1.562170408968887388e-04 3.388792736638320528e-05 2.157648290770207303e-04
4.700000000000000000e+01 -3.305033122126335710e-03 -5.908970062234872788e-04 3.263539493909193662e-05 2.100082533931451429e-04
