# freqs 	 pli 	 dpli 	 meanpower(thalamus)	 meanpower(scalp)	pli
8.000000000000000000e+00 -1.939638424146442885e-01 -3.691910467702145815e-01 1.409440604424317105e-04 4.984299873599998525e-04
9.000000000000000000e+00 -7.617185334956180776e-02 -1.563147629574378472e-01 1.071867723319502657e-04 3.430022923869041509e-04
1.000000000000000000e+01 -2.604015857914479537e-02 -3.749075274340166186e-02 8.902826498870093316e-05 2.603986300986513790e-04
1.100000000000000000e+01 1.880615824388845447e-02 1.250669875399935960e-02 8.060856905491698256e-05 2.374892012806561667e-04
1.200000000000000000e+01 2.022106679961170606e-02 1.080288430078235433e-02 7.739869709235845316e-05 2.354398938407653130e-04
1.300000000000000000e+01 1.735044655862694532e-02 -1.495644027716794625e-02 7.692317533738218176e-05 2.391888579499605475e-04
1.400000000000000000e+01 1.065655828524794332e-02 -2.933986301578936709e-02 7.774607980560508769e-05 2.411845234795016897e-04
1.500000000000000000e+01 -2.454647037631815104e-03 -2.775917314931290042e-02 7.969044602941636774e-05 2.376287929097103653e-04
1.600000000000000000e+01 -5.544571607563178461e-03 -2.224225465777638841e-02 8.410208089484295046e-05 2.325377563718758304e-04
1.700000000000000000e+01 -3.018712022856390176e-03 -2.056043661903916506e-02 9.141142052488941574e-05 2.278744156386957231e-04
1.800000000000000000e+01 7.578720181374466389e-03 -1.304654994475183856e-02 9.842822223749896581e-05 2.235192000999780765e-04
1.900000000000000000e+01 1.733804323168162964e-02 9.548389559487663672e-03 1.006468113503462543e-04 2.196289725111097609e-04
2.000000000000000000e+01 2.541604841077750587e-02 3.752454613244728121e-02 9.698566125576883084e-05 2.152785981595281019e-04
2.100000000000000000e+01 2.986983541941597500e-02 5.453594641052308956e-02 9.001167738883629650e-05 2.090864072900569157e-04
2.200000000000000000e+01 3.137761765281348036e-02 5.394865518796439913e-02 8.294287429821443967e-05 2.006012639547463650e-04
2.300000000000000000e+01 2.244143742540371730e-02 4.217117724736267614e-02 7.730077707746430113e-05 1.899280120770795860e-04
2.400000000000000000e+01 1.704624003554358960e-02 2.979163074470922434e-02 7.309823387564801176e-05 1.777583741249451907e-04
2.500000000000000000e+01 1.812410403440507800e-02 2.289959642982193275e-02 6.983147951964685236e-05 1.649871783263498731e-04
2.600000000000000000e+01 1.323744567830220653e-02 2.183569527099720950e-02 6.711061489248985716e-05 1.524776038728126322e-04
2.700000000000000000e+01 1.379230684713330865e-02 2.461461630608559326e-02 6.474340040935974857e-05 1.410890214454977524e-04
2.800000000000000000e+01 1.438446500229171102e-02 2.801366013873241717e-02 6.264812344640256899e-05 1.311969033223916688e-04
2.900000000000000000e+01 1.678925621759606510e-02 2.912881868037487526e-02 6.079150300545539074e-05 1.231079833248690256e-04
3.000000000000000000e+01 1.175779281515738038e-02 2.686922564493466822e-02 5.914464850779331859e-05 1.167147647867893662e-04
3.100000000000000000e+01 1.244877058667748226e-02 2.294958839538477000e-02 5.769675354174593992e-05 1.118823212796630541e-04
3.200000000000000000e+01 1.298598303209147833e-02 1.981372018545073804e-02 5.643233269003860171e-05 1.083524295880978913e-04
3.300000000000000000e+01 8.779275755763125272e-03 1.883815307990388890e-02 5.532496122806796770e-05 1.058750012767151958e-04
3.400000000000000000e+01 1.327500128296298446e-02 1.970566596449305902e-02 5.434850791034195389e-05 1.043901381500942239e-04
3.500000000000000000e+01 1.244385269287605865e-02 2.127958887687404418e-02 5.347264364712059961e-05 1.036177135887120400e-04
3.600000000000000000e+01 1.079470174503699247e-02 2.280688930542437709e-02 5.266642761352962129e-05 1.034109505999986203e-04
3.700000000000000000e+01 1.002011306657343143e-02 2.406071519724778743e-02 5.190554401487355298e-05 1.035644487216551832e-04
3.800000000000000000e+01 1.597900528947046248e-02 2.506471723574653712e-02 5.117611048482837772e-05 1.039592839815650822e-04
3.900000000000000000e+01 1.552393623997474700e-02 2.569884073552449605e-02 5.046718579245977577e-05 1.043040695474126248e-04
4.000000000000000000e+01 1.650712456918218898e-02 2.600036174238767525e-02 4.977437699491749003e-05 1.045259573371547874e-04
4.100000000000000000e+01 1.670365884953560823e-02 2.596808231117424953e-02 4.907581337477589140e-05 1.045099854770477696e-04
4.200000000000000000e+01 1.680173272641195120e-02 2.578577374674913963e-02 4.832403993423582282e-05 1.041121840437514255e-04
4.300000000000000000e+01 1.233336836875953933e-02 2.583871291175014392e-02 4.744522899897994568e-05 1.030922487359094819e-04
4.400000000000000000e+01 1.207333085371919794e-02 2.600196303030655534e-02 4.635135604274739240e-05 1.014331749930542025e-04
4.500000000000000000e+01 1.207344387766506703e-02 2.641581565859836903e-02 4.499328075632212247e-05 9.899871221994785702e-05
4.600000000000000000e+01 1.381962327633805450e-02 2.691105056976823839e-02 4.340945087464050377e-05 9.593930975170589703e-05
4.700000000000000000e+01 1.556154319823170769e-02 2.712637109329137791e-02 4.175433663548585152e-05 9.267586940664571864e-05
