# freqs 	 pli 	 dpli 	 meanpower(thalamus)	 meanpower(scalp)	pli
8.000000000000000000e+00 4.616498925198891934e-02 6.184597458605135128e-02 1.213521981816015002e-04 2.363025758785610125e-04
9.000000000000000000e+00 7.260838509737576295e-03 -7.789408398891385903e-04 1.104356391912791251e-04 2.212395369804361642e-04
1.000000000000000000e+01 -1.569953744244581215e-02 -3.102013959332919346e-02 1.004459350741919232e-04 2.028494884191959385e-04
1.100000000000000000e+01 -2.760737378330263558e-02 -4.290220555122802731e-02 9.192281345138554735e-05 1.832874503970932331e-04
1.200000000000000000e+01 -1.670115623389311493e-02 -3.190516749363501992e-02 8.295999471835876495e-05 1.637350949116023440e-04
1.300000000000000000e+01 -5.751386477808673528e-03 -1.330885914968981364e-02 7.547287368194639508e-05 1.465963030884312283e-04
1.400000000000000000e+01 -4.236296759395987571e-03 -9.002363980759365419e-03 7.133421200575768104e-05 1.337033539955366230e-04
1.500000000000000000e+01 -6.055648362427010559e-03 -1.834936243999566591e-02 6.877657368792026884e-05 1.253757231220014852e-04
1.600000000000000000e+01 -1.010835575594502302e-02 -2.720616262446738653e-02 6.563548418542210704e-05 1.193837825341852426e-04
1.700000000000000000e+01 -1.549886616979537571e-02 -2.857315130389000493e-02 6.182628872880999919e-05 1.146393630597308637e-04
1.800000000000000000e+01 -1.624285082427476615e-02 -2.360731602135900456e-02 5.837648400371574594e-05 1.108912364085956137e-04
1.900000000000000000e+01 -1.403126607858616245e-02 -1.995763522137489199e-02 5.569173465121002303e-05 1.079229124370033007e-04
2.000000000000000000e+01 -1.100333133631232856e-02 -1.852749938771439814e-02 5.378153273579764737e-05 1.052697857636073359e-04
2.100000000000000000e+01 -1.199374570970940419e-02 -1.718787897740144469e-02 5.241097937640843747e-05 1.030881356940372508e-04
2.200000000000000000e+01 -8.993916384594272465e-03 -1.575280870769945468e-02 5.138731850467649843e-05 1.013020103204425801e-04
2.300000000000000000e+01 -6.739856401815837346e-03 -1.436552737260686149e-02 5.063317026403971877e-05 9.966051122655574901e-05
2.400000000000000000e+01 -5.771288648212252390e-03 -1.305265001140863343e-02 5.012250083277120275e-05 9.793782658741195552e-05
2.500000000000000000e+01 -3.187834841607430081e-03 -1.132971056358829560e-02 4.982519911639191117e-05 9.612547746727415185e-05
2.600000000000000000e+01 -2.157530141685422894e-03 -8.019818288062204037e-03 4.969878620959906950e-05 9.427956899818326977e-05
2.700000000000000000e+01 -5.667015308548064775e-04 -2.198104846589597674e-03 4.971978712326446525e-05 9.253021615949248312e-05
2.800000000000000000e+01 3.929538264995741277e-03 5.590538682073381213e-03 4.985826773612919526e-05 9.098476933424829328e-05
2.900000000000000000e+01 7.725463812901239499e-03 1.368861250785739607e-02 5.012518173315421978e-05 8.967212736665796952e-05
3.000000000000000000e+01 9.704236458818276539e-03 2.115968751671256504e-02 5.056932025224155161e-05 8.860341846753627649e-05
3.100000000000000000e+01 8.633610102748507514e-03 2.869015535154951710e-02 5.131528739328678683e-05 8.776915201330177344e-05
3.200000000000000000e+01 1.014817782858618705e-02 3.699823742955258427e-02 5.244237028767394671e-05 8.713441946541389694e-05
3.300000000000000000e+01 1.147755753018910897e-02 4.539111330486723245e-02 5.393715980844466428e-05 8.671338108289655677e-05
3.400000000000000000e+01 1.338341754516500157e-02 5.210344063410064785e-02 5.559994612509988355e-05 8.648149970140745076e-05
3.500000000000000000e+01 1.407114234446923094e-02 5.539345253523557389e-02 5.708914033753027437e-05 8.635017586753108054e-05
3.600000000000000000e+01 1.317138934771120741e-02 5.487170060729713861e-02 5.803325952792419418e-05 8.622898761725822652e-05
3.700000000000000000e+01 1.182322831807367837e-02 5.118982647588297269e-02 5.816888213342433385e-05 8.606967896448804493e-05
3.800000000000000000e+01 1.144579227262037570e-02 4.539238156259713802e-02 5.745256504448454109e-05 8.584785540884842987e-05
3.900000000000000000e+01 1.022369245676761455e-02 3.836060480011364154e-02 5.600209276821197294e-05 8.556469056230565809e-05
4.000000000000000000e+01 1.188098350616516134e-02 3.093940080446719657e-02 5.405960307367782747e-05 8.526533178426103955e-05
4.100000000000000000e+01 9.998568789565622297e-03 2.386509287191795198e-02 5.190851486027701662e-05 8.495202477337991708e-05
4.200000000000000000e+01 9.394222832519760411e-03 1.770173171899268316e-02 4.974490242944129038e-05 8.456595362880184850e-05
4.300000000000000000e+01 9.352525485134422639e-03 1.277623563815954121e-02 4.765071037401590379e-05 8.394733004899348051e-05
4.400000000000000000e+01 8.575936023953116549e-03 9.002107501984130122e-03 4.561144477657544101e-05 8.292138230719604721e-05
4.500000000000000000e+01 6.666559299409700878e-03 6.186583222554522393e-03 4.357176741004827525e-05 8.133996114494023637e-05
4.600000000000000000e+01 5.032493826599188265e-03 4.054554417447576650e-03 4.152703994880585731e-05 7.921462479772343698e-05
4.700000000000000000e+01 2.504945966089945197e-03 2.396849685352219796e-03 3.956187037105700192e-05 7.677327795059174704e-05
