# freqs 	 pli 	 dpli 	 meanpower(thalamus)	 meanpower(scalp)	pli
8.000000000000000000e+00 8.058507839629590330e-02 1.578592367867059920e-01 2.533051496311605177e+01 3.831074309397993716e+02
9.000000000000000000e+00 1.010881010881010816e-01 2.491097571810683142e-01 2.535462933150667908e+01 3.636901132379448995e+02
1.000000000000000000e+01 6.005269706506623922e-02 2.691261935542276218e-01 2.501124897816332648e+01 3.116217907449720315e+02
1.100000000000000000e+01 8.832281256987564722e-02 2.188956506447572725e-01 2.426339927527699203e+01 2.709374721925981930e+02
1.200000000000000000e+01 4.362689239785121076e-02 1.242192497382193089e-01 2.375653663956243022e+01 2.542794980031460170e+02
1.300000000000000000e+01 1.327221198370785726e-02 9.257909302617939318e-02 2.353345969761928558e+01 2.429038916017428562e+02
1.400000000000000000e+01 1.808999217330950829e-02 9.895244399545860547e-02 2.350566738477546735e+01 2.284822154602625517e+02
1.500000000000000000e+01 9.479413896508108103e-03 5.669443325549238660e-02 2.357494167279311981e+01 2.140695502958358531e+02
1.600000000000000000e+01 4.940630544561211770e-03 1.881213810298535370e-03 2.365882099992543175e+01 1.996226937314180248e+02
1.700000000000000000e+01 4.213742066313765598e-03 -1.009698776674300760e-02 2.378198620546659825e+01 1.846475075272825279e+02
1.800000000000000000e+01 1.309151286799923285e-02 1.494273040489482729e-02 2.392984456951865369e+01 1.709202378059988803e+02
1.900000000000000000e+01 3.490805522877840628e-02 5.205433786734576379e-02 2.408815303452742285e+01 1.598350676820118963e+02
2.000000000000000000e+01 4.599589322381929940e-02 6.553682250720742342e-02 2.427293474504818249e+01 1.515512685827255268e+02
2.100000000000000000e+01 3.968627820434311726e-02 5.291753355954560700e-02 2.449579626801594046e+01 1.452584041414534681e+02
2.200000000000000000e+01 2.556342339636590369e-02 4.488346347377804996e-02 2.471358528871682481e+01 1.403128123380743659e+02
2.300000000000000000e+01 3.023714072161445832e-02 4.924356508128190091e-02 2.489690748087067362e+01 1.366354743725429159e+02
2.400000000000000000e+01 3.581297790404740916e-02 5.174104562794839407e-02 2.503927114566988266e+01 1.338991288907996022e+02
2.500000000000000000e+01 3.091169949132646297e-02 4.769534032075807561e-02 2.514980562364201688e+01 1.320194388352582848e+02
2.600000000000000000e+01 3.260368787031382026e-02 4.614405797882858984e-02 2.523632933265077583e+01 1.308446650344720013e+02
2.700000000000000000e+01 3.464401803502149824e-02 5.076381818496215198e-02 2.530748324948039851e+01 1.305579066976696083e+02
2.800000000000000000e+01 3.276266440741008867e-02 5.715200478822743402e-02 2.537406451646774386e+01 1.301481796005672322e+02
2.900000000000000000e+01 3.194088188591669847e-02 5.965822743732433070e-02 2.543744413192799314e+01 1.287837183431737174e+02
3.000000000000000000e+01 3.271235755273579904e-02 5.649694308792285735e-02 2.549546833091011777e+01 1.262774054937340793e+02
3.100000000000000000e+01 2.883696863556758569e-02 4.842147497432069958e-02 2.555456423241731656e+01 1.234211548781018735e+02
3.200000000000000000e+01 1.634621038395954462e-02 3.883497219542881435e-02 2.561383948254806953e+01 1.203449812320554031e+02
3.300000000000000000e+01 5.455128890790458818e-03 2.952296372033297311e-02 2.567173204470320158e+01 1.173017100315976222e+02
3.400000000000000000e+01 -1.110302844672460742e-03 2.103130767015548575e-02 2.572602585914755124e+01 1.146752758092797251e+02
3.500000000000000000e+01 8.242488699813879660e-03 1.533875871082712207e-02 2.577257638845339827e+01 1.123304921759773265e+02
3.600000000000000000e+01 1.139853420502289112e-02 1.251363726458145850e-02 2.580889278340712423e+01 1.105023708224363332e+02
3.700000000000000000e+01 1.519398968378560255e-02 1.229629942769364798e-02 2.583350827519802451e+01 1.092466828861625885e+02
3.800000000000000000e+01 1.610501351276818691e-02 1.434214692045168542e-02 2.584394709587467176e+01 1.083921428471668520e+02
3.900000000000000000e+01 1.810358972489106710e-02 1.782337725566455686e-02 2.584049691541495974e+01 1.075143909832690525e+02
4.000000000000000000e+01 1.561680976050609966e-02 2.184991792393521995e-02 2.582125792982700219e+01 1.067099416962021081e+02
4.100000000000000000e+01 1.765860039241334140e-02 2.571566330324159821e-02 2.577399193355421048e+01 1.059582116941533627e+02
4.200000000000000000e+01 1.732697448467570775e-02 2.867066777132285665e-02 2.566945387372107135e+01 1.052299772389343389e+02
4.300000000000000000e+01 1.500013321610316197e-02 3.030228385739996630e-02 2.545943472535342522e+01 1.042074345444577546e+02
4.400000000000000000e+01 1.977147484990933110e-02 3.032994711866251678e-02 2.509261045480056751e+01 1.028612295505195249e+02
4.500000000000000000e+01 1.771988448484954071e-02 2.922705822931467856e-02 2.454140848977972666e+01 1.008304039108215449e+02
4.600000000000000000e+01 1.587493731301986913e-02 2.762230328448249742e-02 2.383287984678701221e+01 9.811047497499113490e+01
4.700000000000000000e+01 1.406930116187407945e-02 2.613368454001077992e-02 2.306329991255751111e+01 9.494177561027495926e+01
