# freqs 	 pli 	 dpli 	 meanpower(thalamus)	 meanpower(scalp)	pli
8.000000000000000000e+00 2.406458053350113771e-02 1.914777703293823671e-02 3.489322685678451677e-05 2.438123894753261927e-04
9.000000000000000000e+00 5.110156700898705467e-02 8.813770748322383164e-02 3.395686904050323373e-05 2.435969170142110430e-04
1.000000000000000000e+01 7.847036264265380701e-02 1.924076531622100072e-01 3.557825086288041302e-05 2.369580724013707097e-04
1.100000000000000000e+01 1.043550455089689161e-01 3.194051377065387776e-01 3.948745045584037662e-05 2.405587192005990418e-04
1.200000000000000000e+01 1.225239502731397812e-01 3.297142179728177469e-01 4.435320392214162435e-05 2.629072118711344016e-04
1.300000000000000000e+01 1.260558320025857715e-01 2.910811041973656033e-01 4.904637086760996927e-05 2.934304654265805371e-04
1.400000000000000000e+01 1.193626090254482769e-01 2.611530640721870244e-01 5.218467264489545164e-05 3.227400862077673955e-04
1.500000000000000000e+01 1.128792923817843324e-01 2.337966525074954560e-01 5.279922145911380407e-05 3.450926912796658565e-04
1.600000000000000000e+01 1.123394717154708455e-01 2.197386080984085610e-01 5.157804729461388339e-05 3.593943211469743243e-04
1.700000000000000000e+01 1.159616786336618993e-01 2.232959973785777485e-01 5.034637834075106436e-05 3.656433708627346963e-04
1.800000000000000000e+01 1.147499482533495263e-01 2.230076524498952328e-01 5.033390029521750712e-05 3.637109394774196863e-04
1.900000000000000000e+01 1.018798096866717628e-01 2.000350515848693111e-01 5.147478116569730196e-05 3.543635184685858894e-04
2.000000000000000000e+01 7.498314939368547205e-02 1.439554325205390783e-01 5.348483022030402879e-05 3.392940827443468774e-04
2.100000000000000000e+01 3.496593220656122464e-02 5.258984595033493192e-02 5.707147452039728274e-05 3.202727436006385015e-04
2.200000000000000000e+01 -6.669027750763286723e-03 -4.788840560506189836e-02 6.214513997221901857e-05 2.978363872046763073e-04
2.300000000000000000e+01 -3.628469907633100067e-02 -1.198863355242477807e-01 6.610492279518545556e-05 2.720763023290829943e-04
2.400000000000000000e+01 -4.808235882099123892e-02 -1.474885620992059942e-01 6.637317071298335074e-05 2.441956603283906022e-04
2.500000000000000000e+01 -4.335728924293111297e-02 -1.355327698645046042e-01 6.302737903683076274e-05 2.169469814850203792e-04
2.600000000000000000e+01 -2.673816905672916910e-02 -9.791451659029259957e-02 5.795292306884620943e-05 1.930924412937115207e-04
2.700000000000000000e+01 -8.558915421218216829e-03 -5.200862879287532214e-02 5.296796351795670060e-05 1.742015314844553447e-04
2.800000000000000000e+01 6.921651832673196038e-03 -1.090835008505275892e-02 4.885222473910446169e-05 1.601654888084420554e-04
2.900000000000000000e+01 1.868801022788917077e-02 1.947064571111205289e-02 4.567700895443472440e-05 1.500627484086274033e-04
3.000000000000000000e+01 2.622320291178268162e-02 3.971751501639660120e-02 4.319541068744960609e-05 1.426712565275910292e-04
3.100000000000000000e+01 3.106544628289803836e-02 5.227747073672922573e-02 4.120438582265765690e-05 1.370985821154071681e-04
3.200000000000000000e+01 3.345309394882745729e-02 5.955663027817531541e-02 3.954752281774061052e-05 1.325817685520243186e-04
3.300000000000000000e+01 3.586413896855732142e-02 6.320102342197866929e-02 3.815161857458939239e-05 1.286905279175702167e-04
3.400000000000000000e+01 3.673973373611359727e-02 6.439338959346938007e-02 3.700856900579722756e-05 1.253406695364871681e-04
3.500000000000000000e+01 3.707404991064785355e-02 6.433935186419310892e-02 3.607339814097398423e-05 1.223491290169016039e-04
3.600000000000000000e+01 3.687463963258102301e-02 6.377358779170769210e-02 3.533387843409826356e-05 1.197131651012993419e-04
3.700000000000000000e+01 3.673128422582434133e-02 6.304314618359356526e-02 3.475671934477342188e-05 1.173463016333591024e-04
3.800000000000000000e+01 3.553511232743504500e-02 6.203977695479116761e-02 3.431161049754986978e-05 1.151934403736500144e-04
3.900000000000000000e+01 3.461823764473117432e-02 6.068767517569671754e-02 3.394503781013137649e-05 1.130286499291158046e-04
4.000000000000000000e+01 3.321542652687316244e-02 5.872641458169536310e-02 3.362937201432343929e-05 1.108011932884548202e-04
4.100000000000000000e+01 3.114932522242251645e-02 5.603949170963531262e-02 3.332606339736582021e-05 1.084606267332308122e-04
4.200000000000000000e+01 2.903944627518475693e-02 5.268544509580593005e-02 3.298087217662980659e-05 1.059606421927699585e-04
4.300000000000000000e+01 2.690499393518327315e-02 4.896084631785210806e-02 3.251481601208242310e-05 1.031442650395709249e-04
4.400000000000000000e+01 2.583193456456779266e-02 4.510359695918225720e-02 3.187024808049748802e-05 1.000064433111597990e-04
4.500000000000000000e+01 2.445902725582028633e-02 4.152112168437711859e-02 3.099495412019803221e-05 9.637893821979101995e-05
4.600000000000000000e+01 2.341366646241614322e-02 3.841946727426585190e-02 2.991145892299186510e-05 9.232447274315602856e-05
4.700000000000000000e+01 2.232080780856640981e-02 3.585841856097306268e-02 2.872558512250690424e-05 8.812754194049948048e-05
