# freqs 	 pli 	 dpli 	 meanpower(thalamus)	 meanpower(scalp)	pli
8.000000000000000000e+00 -7.257458818891483754e-02 -1.945334504075406923e-01 1.409440604424317105e-04 4.596675758379215916e-04
9.000000000000000000e+00 -3.502202594339099556e-02 -8.467196483225904180e-02 1.071867723319502657e-04 3.209858685447761163e-04
1.000000000000000000e+01 4.419490169355734174e-03 2.595616780353736386e-02 8.902826498870093316e-05 2.422852919931257388e-04
1.100000000000000000e+01 3.188135399204276854e-02 8.001527978659053741e-02 8.060856905491698256e-05 2.216543906791319785e-04
1.200000000000000000e+01 3.616814736662370133e-02 8.841504905485672583e-02 7.739869709235845316e-05 2.188695105493731856e-04
1.300000000000000000e+01 4.796863685169925479e-02 1.013515523931386580e-01 7.692317533738218176e-05 2.215315103764645512e-04
1.400000000000000000e+01 4.760710519445546240e-02 1.007263205096206454e-01 7.774607980560508769e-05 2.235881029057889126e-04
1.500000000000000000e+01 4.033070568049288568e-02 7.751882159593273536e-02 7.969044602941636774e-05 2.223595084258615144e-04
1.600000000000000000e+01 2.310590685724012161e-02 4.775872818741493109e-02 8.410208089484295046e-05 2.186311308770563452e-04
1.700000000000000000e+01 1.489597169096771451e-02 1.938550893634477870e-02 9.141142052488941574e-05 2.137135769463646305e-04
1.800000000000000000e+01 6.271873592293565614e-03 -5.254891773548420013e-03 9.842822223749896581e-05 2.081174228665701154e-04
1.900000000000000000e+01 7.846557089840623103e-04 -1.345135254522407744e-02 1.006468113503462543e-04 2.025599019887289567e-04
2.000000000000000000e+01 2.742275825536236340e-03 -1.805898822316426549e-03 9.698566125576883084e-05 1.970411164058441240e-04
2.100000000000000000e+01 1.251649584624417964e-02 1.789988721963513621e-02 9.001167738883629650e-05 1.903784863167037303e-04
2.200000000000000000e+01 1.868777848780219658e-02 3.437550742399744091e-02 8.294287429821443967e-05 1.819779637123008478e-04
2.300000000000000000e+01 2.300321632801752281e-02 4.475679553387174742e-02 7.730077707746430113e-05 1.723390989599448439e-04
2.400000000000000000e+01 2.621816403251933311e-02 5.147471885221127641e-02 7.309823387564801176e-05 1.621533727994698467e-04
2.500000000000000000e+01 2.648834581048383971e-02 5.668908989066067522e-02 6.983147951964685236e-05 1.520843295014695149e-04
2.600000000000000000e+01 2.926405846955670853e-02 5.995473173600369271e-02 6.711061489248985716e-05 1.426676768961160032e-04
2.700000000000000000e+01 2.780717628177738210e-02 6.073041197973258476e-02 6.474340040935974857e-05 1.344148808452456381e-04
2.800000000000000000e+01 2.586921342849392291e-02 5.883338405601240551e-02 6.264812344640256899e-05 1.274155898543792879e-04
2.900000000000000000e+01 2.248349815766305035e-02 5.505835509302976771e-02 6.079150300545539074e-05 1.217902611956950346e-04
3.000000000000000000e+01 2.322735885720873805e-02 4.992330233410838952e-02 5.914464850779331859e-05 1.174413510767475101e-04
3.100000000000000000e+01 2.217888672211388440e-02 4.440358302771690857e-02 5.769675354174593992e-05 1.142836245456388958e-04
3.200000000000000000e+01 1.850793065289561140e-02 3.930496554664718312e-02 5.643233269003860171e-05 1.121157464312848572e-04
3.300000000000000000e+01 1.825058666543965397e-02 3.521150889138274093e-02 5.532496122806796770e-05 1.107290395339413229e-04
3.400000000000000000e+01 1.593623307405262271e-02 3.238470251597159316e-02 5.434850791034195389e-05 1.100308055211749787e-04
3.500000000000000000e+01 1.527682268424363984e-02 3.038395845739777501e-02 5.347264364712059961e-05 1.098206506812513677e-04
3.600000000000000000e+01 1.540640272723622743e-02 2.898963212476093551e-02 5.266642761352962129e-05 1.099441009517889101e-04
3.700000000000000000e+01 1.453986238619819384e-02 2.800583074774487535e-02 5.190554401487355298e-05 1.102074279622914293e-04
3.800000000000000000e+01 1.390854247213623059e-02 2.702163660706733209e-02 5.117611048482837772e-05 1.105122701447470415e-04
3.900000000000000000e+01 1.401522997368809080e-02 2.603998511547956501e-02 5.046718579245977577e-05 1.107287003112898758e-04
4.000000000000000000e+01 1.422928396929066565e-02 2.468859553678563398e-02 4.977437699491749003e-05 1.108011449567496457e-04
4.100000000000000000e+01 1.252031568663644276e-02 2.293729726018214551e-02 4.907581337477589140e-05 1.106359680966192814e-04
4.200000000000000000e+01 9.616775321405118815e-03 2.105182830820665971e-02 4.832403993423582282e-05 1.101088536615487952e-04
4.300000000000000000e+01 1.013242492761591042e-02 1.939551935773203145e-02 4.744522899897994568e-05 1.089835644854567195e-04
4.400000000000000000e+01 9.838093146854401047e-03 1.811432373575742188e-02 4.635135604274739240e-05 1.071246573821184805e-04
4.500000000000000000e+01 9.151425467518474813e-03 1.719824235603900631e-02 4.499328075632212247e-05 1.044120213086591447e-04
4.600000000000000000e+01 9.539848379296165734e-03 1.645656189969262745e-02 4.340945087464050377e-05 1.009818389605050181e-04
4.700000000000000000e+01 9.127991201250048106e-03 1.560934026203762183e-02 4.175433663548585152e-05 9.722326270251421603e-05
