# freqs 	 pli 	 dpli 	 meanpower(thalamus)	 meanpower(scalp)	pli
8.000000000000000000e+00 9.826362343242986061e-03 3.176017806053411940e-02 4.647938516108263940e+01 1.403683307959523745e+02
9.000000000000000000e+00 3.257823725967363970e-02 9.119992928636164176e-02 4.424591983429879605e+01 1.328323083292445119e+02
1.000000000000000000e+01 3.530420480985997644e-02 9.245299841589209311e-02 4.276103592436344059e+01 1.246703668468574762e+02
1.100000000000000000e+01 3.219323140910656383e-02 8.432667838519093684e-02 4.226366847176136332e+01 1.167371086610095148e+02
1.200000000000000000e+01 3.589303364943887548e-02 9.927293786094855410e-02 4.263604834206165606e+01 1.097149900363699686e+02
1.300000000000000000e+01 4.279914899795066868e-02 1.258104396854748119e-01 4.201194402711684006e+01 1.028687522250565252e+02
1.400000000000000000e+01 4.251240214109495291e-02 1.088616072679078617e-01 4.013225589504190793e+01 9.606449330187815860e+01
1.500000000000000000e+01 2.947804000963980681e-02 7.427372544457114256e-02 3.815927154385340714e+01 9.033665096781183479e+01
1.600000000000000000e+01 1.792060692540170530e-02 4.948293160352364856e-02 3.666871315076988935e+01 8.589297940672022946e+01
1.700000000000000000e+01 1.569435094014656404e-02 4.019038228745804714e-02 3.556148528381340412e+01 8.170111315600829016e+01
1.800000000000000000e+01 1.039143614127586122e-02 3.654630119533788107e-02 3.466568597111306360e+01 7.741527941109926303e+01
1.900000000000000000e+01 9.335067801781537708e-03 2.859203952281751809e-02 3.393853747552171995e+01 7.337820413762489125e+01
2.000000000000000000e+01 2.797010509412275765e-03 1.607718024205009519e-02 3.329619943071887178e+01 6.983266362800604554e+01
2.100000000000000000e+01 9.324352374854341088e-04 6.466759581753530640e-03 3.274640313132783831e+01 6.686024992332083627e+01
2.200000000000000000e+01 -1.128874953786338734e-03 5.932383047384815963e-03 3.228064107030171925e+01 6.430574980894535031e+01
2.300000000000000000e+01 3.673263637758344795e-03 1.269074500150619254e-02 3.194055850230542504e+01 6.204540168600896521e+01
2.400000000000000000e+01 9.499123208378668429e-03 2.078628246598033386e-02 3.170125098210815295e+01 6.007298499133311509e+01
2.500000000000000000e+01 1.151448686674969198e-02 2.580606944272000741e-02 3.151391465477669129e+01 5.827974553647387523e+01
2.600000000000000000e+01 1.099669498238234344e-02 2.592710405419352063e-02 3.137335814004485002e+01 5.658856252025825739e+01
2.700000000000000000e+01 7.971118881424149941e-03 2.136497916120795246e-02 3.125386373822152208e+01 5.501121608693269849e+01
2.800000000000000000e+01 4.954182265488771275e-03 1.447124733680418829e-02 3.113915882036530647e+01 5.354772574036075383e+01
2.900000000000000000e+01 -9.480211964463370982e-05 8.735619548589658098e-03 3.101772304505594846e+01 5.222241719093371870e+01
3.000000000000000000e+01 -1.840858341048962413e-03 6.087660670295049446e-03 3.090171371456951377e+01 5.108543300373811036e+01
3.100000000000000000e+01 1.854697914988658394e-03 6.165774613482787742e-03 3.081295291596920904e+01 5.014623842345810090e+01
3.200000000000000000e+01 2.903922579466331009e-03 7.019375848262512756e-03 3.073766822188530057e+01 4.939559205587335100e+01
3.300000000000000000e+01 4.900004892394500648e-03 7.138291188660161012e-03 3.064690032674566567e+01 4.879650441700546537e+01
3.400000000000000000e+01 5.217856083642135635e-03 6.440815960686064462e-03 3.052636291518264500e+01 4.830295879018690641e+01
3.500000000000000000e+01 5.138775164469039890e-03 5.618653098719291784e-03 3.038912357519065210e+01 4.786115281864505988e+01
3.600000000000000000e+01 4.927316919075414026e-03 5.502595925734184504e-03 3.024196982396381017e+01 4.745518058449248144e+01
3.700000000000000000e+01 6.658405151365862605e-03 6.425771926034989402e-03 3.007838436918724767e+01 4.709340547437949454e+01
3.800000000000000000e+01 6.735744553502109704e-03 8.173516809654144538e-03 2.989457046316933742e+01 4.679502800871657797e+01
3.900000000000000000e+01 6.469780413333231853e-03 1.022674900354525462e-02 2.969606781016130626e+01 4.652838434075549401e+01
4.000000000000000000e+01 7.170470403661295331e-03 1.190896077760404681e-02 2.948730796386584885e+01 4.626841216437085080e+01
4.100000000000000000e+01 8.009236344495721319e-03 1.266643078783256764e-02 2.926981707540896949e+01 4.597871465220698184e+01
4.200000000000000000e+01 8.865730039657062841e-03 1.226154007324859775e-02 2.901840063785708779e+01 4.561088585293328634e+01
4.300000000000000000e+01 7.185474450263027238e-03 1.079876222237893639e-02 2.868380633850695460e+01 4.510120431107296923e+01
4.400000000000000000e+01 5.802841899072540797e-03 8.495419714913184789e-03 2.820455437687868638e+01 4.438105183979779866e+01
4.500000000000000000e+01 3.097174247693886950e-03 5.757453700640747726e-03 2.754222181723742935e+01 4.340642814094133684e+01
4.600000000000000000e+01 2.435242237395026169e-03 2.928822242842060893e-03 2.671538548069909069e+01 4.221728986716959042e+01
4.700000000000000000e+01 2.600743687305430863e-03 2.895766941894229525e-04 2.582015132598631268e+01 4.094028424047332493e+01
