# freqs 	 pli 	 dpli 	 meanpower(thalamus)	 meanpower(scalp)	pli
8.000000000000000000e+00 -5.956489064752615303e-03 -1.886831288774488968e-02 7.078092655725601984e-05 1.289207362432841448e-04
9.000000000000000000e+00 -4.174149878451601653e-02 -7.567508760643558430e-02 6.424980998463310461e-05 1.274011826270175893e-04
1.000000000000000000e+01 -4.276315789473684320e-02 -9.010391012006040146e-02 5.960429278286305185e-05 1.214257154861309918e-04
1.100000000000000000e+01 -3.633688239308028450e-02 -7.442802907171069959e-02 5.619632442969257875e-05 1.117273628839528634e-04
1.200000000000000000e+01 -2.139914875473019826e-02 -4.587797100013486090e-02 5.332680188447141235e-05 1.012098593953457393e-04
1.300000000000000000e+01 -1.408354296079538694e-02 -1.713977016847503462e-02 5.113530944660438552e-05 8.996296473964428123e-05
1.400000000000000000e+01 -1.235612615975207988e-03 -6.224489802350178201e-03 4.928352998524913002e-05 8.078390821716454934e-05
1.500000000000000000e+01 -2.643920974663530998e-03 -8.281759008398139471e-03 4.821042371563881597e-05 7.421354892134464679e-05
1.600000000000000000e+01 -1.422398220295346700e-05 -6.123766551819516402e-03 4.764140595675042726e-05 6.943647880585128093e-05
1.700000000000000000e+01 7.479680343877664027e-03 2.496907659025745466e-03 4.734674576744292104e-05 6.581705884444767618e-05
1.800000000000000000e+01 8.100574797012078873e-03 5.706739699233323755e-03 4.718670178235673973e-05 6.291410321934482917e-05
1.900000000000000000e+01 4.276602874164888921e-03 2.716819810813377901e-03 4.707697235688707997e-05 6.044710921448891920e-05
2.000000000000000000e+01 2.553624699483125066e-03 -2.994768216180837203e-03 4.693332999585134998e-05 5.846291839644463808e-05
2.100000000000000000e+01 -5.411294303671774011e-03 -9.926940020329134626e-03 4.675267179256226873e-05 5.690560623332544649e-05
2.200000000000000000e+01 -9.189940886019586433e-03 -1.590186227358103901e-02 4.652100534106377692e-05 5.553903511038942020e-05
2.300000000000000000e+01 -8.030951957934368696e-03 -1.923570891659528992e-02 4.627828677315505421e-05 5.410166678972577216e-05
2.400000000000000000e+01 -9.937412909473086753e-03 -1.940849880803741101e-02 4.600113069444677650e-05 5.261018331892132168e-05
2.500000000000000000e+01 -1.103982079414936660e-02 -1.707261415810988267e-02 4.568442349806565474e-05 5.120513790180743387e-05
2.600000000000000000e+01 -9.475612289215779374e-03 -1.386452398362222373e-02 4.539030032886356205e-05 4.991702567426192772e-05
2.700000000000000000e+01 -1.094374847216965548e-02 -1.118406102306518206e-02 4.511375400501565727e-05 4.877841353449300510e-05
2.800000000000000000e+01 -7.217705979212176229e-03 -9.547493355020338426e-03 4.485142465188051477e-05 4.779116398461818554e-05
2.900000000000000000e+01 -4.236788455859947025e-03 -9.166923933496084684e-03 4.462032617191077270e-05 4.690679750367093853e-05
3.000000000000000000e+01 -5.114496040085876952e-03 -1.013782021412032094e-02 4.442414116530497733e-05 4.613915297968244948e-05
3.100000000000000000e+01 -3.374293878551826338e-03 -1.217321904121319159e-02 4.424107859555225891e-05 4.546220128259755640e-05
3.200000000000000000e+01 -2.896429999170293656e-03 -1.454575120153773007e-02 4.407712223105678345e-05 4.485824670014833645e-05
3.300000000000000000e+01 -3.440054528022444894e-03 -1.621638983868547296e-02 4.392730904839181898e-05 4.431454130061769468e-05
3.400000000000000000e+01 -5.844568961860912605e-03 -1.634263454168928889e-02 4.378329232158080470e-05 4.383956384682977960e-05
3.500000000000000000e+01 -4.769538284945278560e-03 -1.475032112154144037e-02 4.363939143926239906e-05 4.342588634891623089e-05
3.600000000000000000e+01 -4.875456308410774584e-03 -1.206284383890395169e-02 4.348053880680840508e-05 4.303650819817762433e-05
3.700000000000000000e+01 -3.934574508178186741e-03 -9.452995498629547869e-03 4.331031167988028650e-05 4.264009541149984579e-05
3.800000000000000000e+01 -2.720386129045020314e-03 -8.072200829193543550e-03 4.312845898871780576e-05 4.222991480490122891e-05
3.900000000000000000e+01 -5.549370751086421874e-03 -8.533379571381749865e-03 4.294150886689338025e-05 4.180686705532778982e-05
4.000000000000000000e+01 -8.224162822037705406e-03 -1.073737973174908843e-02 4.275081991680159695e-05 4.137075621193172950e-05
4.100000000000000000e+01 -1.017702448210922733e-02 -1.402831781904825825e-02 4.254097967436019944e-05 4.091640707718675749e-05
4.200000000000000000e+01 -1.150801832922366229e-02 -1.758839753931111180e-02 4.226838580412147449e-05 4.042317021951419981e-05
4.300000000000000000e+01 -1.201831415957948547e-02 -2.074005463919196060e-02 4.185150466676015326e-05 3.982167259471746713e-05
4.400000000000000000e+01 -1.272948756328500311e-02 -2.310386271251973350e-02 4.119241597130903501e-05 3.902384026087355753e-05
4.500000000000000000e+01 -1.253309763767817241e-02 -2.466454839543903363e-02 4.023784093867644265e-05 3.797047654800446485e-05
4.600000000000000000e+01 -1.296168716518151208e-02 -2.564353864813380401e-02 3.902736241435560339e-05 3.667865368890743037e-05
4.700000000000000000e+01 -1.174522065224039950e-02 -2.635331599341126513e-02 3.770994167625016141e-05 3.526698310432262401e-05
