# freqs 	 pli 	 dpli 	 meanpower(thalamus)	 meanpower(scalp)	pli
8.000000000000000000e+00 3.324539752890646321e-02 6.983482099452605063e-02 5.942289408057240327e-05 2.654959115253890012e-04
9.000000000000000000e+00 1.884130523824693881e-04 -1.459383782439188648e-02 5.580442562562718027e-05 2.129075111431843917e-04
1.000000000000000000e+01 -3.663384802200998769e-02 -1.079459324966197536e-01 5.648572046451261924e-05 2.012234709309242153e-04
1.100000000000000000e+01 -8.439119892036614501e-02 -2.126123928885008396e-01 6.191949651036063199e-05 2.158545422459811865e-04
1.200000000000000000e+01 -1.234654366227074945e-01 -2.853411532631389136e-01 6.981070356348870252e-05 2.360707950487219613e-04
1.300000000000000000e+01 -1.376651893034940288e-01 -3.002518600045479547e-01 7.607530336335443534e-05 2.486867641648715958e-04
1.400000000000000000e+01 -1.272147154915586331e-01 -2.698371095206357761e-01 7.793236638036931980e-05 2.518009583035810692e-04
1.500000000000000000e+01 -9.761634455248224818e-02 -2.132721430140008811e-01 7.566130458415116047e-05 2.492730084302111158e-04
1.600000000000000000e+01 -6.441021048962311535e-02 -1.505567575868043961e-01 7.058186080028739425e-05 2.452560953790390423e-04
1.700000000000000000e+01 -3.579479390000470801e-02 -9.350811695485389263e-02 6.454432236632735506e-05 2.414611315541980883e-04
1.800000000000000000e+01 -4.624565160176818610e-03 -2.696203873909741935e-02 5.926188006976524649e-05 2.384739087954356666e-04
1.900000000000000000e+01 3.324225437632823132e-02 5.191243107343995744e-02 5.542504763823318713e-05 2.361155944369841314e-04
2.000000000000000000e+01 5.301944582438358755e-02 1.102832540507692333e-01 5.258573140257394161e-05 2.325193401309463175e-04
2.100000000000000000e+01 5.226664666986258201e-02 1.217170181700716058e-01 5.010167943279077049e-05 2.256090938413097375e-04
2.200000000000000000e+01 3.929935436328908099e-02 9.315932855016305358e-02 4.756528497771434877e-05 2.139263586046117422e-04
2.300000000000000000e+01 2.191786684164822793e-02 5.040534310828112541e-02 4.481743589155567350e-05 1.968489678244541880e-04
2.400000000000000000e+01 5.039287015728170435e-03 1.308654165634682079e-02 4.203918224900000516e-05 1.761508673104893500e-04
2.500000000000000000e+01 -8.337458731181952507e-03 -1.394111957910619363e-02 3.961712131162956871e-05 1.553626462200523848e-04
2.600000000000000000e+01 -1.851688689177775904e-02 -3.309020497034771691e-02 3.779984640920277150e-05 1.376661328182966369e-04
2.700000000000000000e+01 -2.430024240208863290e-02 -4.668445830798668983e-02 3.656864963687842999e-05 1.243019827478318714e-04
2.800000000000000000e+01 -2.637989033418913429e-02 -5.506855134128246093e-02 3.576455691482597395e-05 1.148461247340242886e-04
2.900000000000000000e+01 -2.858600147861692364e-02 -5.841341832541775692e-02 3.521078954065583964e-05 1.082114703722624323e-04
3.000000000000000000e+01 -2.716830508030381244e-02 -5.756614387212874440e-02 3.477282895692941091e-05 1.034091785846699457e-04
3.100000000000000000e+01 -2.410245162504850644e-02 -5.387506699078799949e-02 3.437134435511694471e-05 9.978893555836569607e-05
3.200000000000000000e+01 -2.352356950097121702e-02 -4.882553505355002182e-02 3.398286525856878803e-05 9.695566309617251676e-05
3.300000000000000000e+01 -2.129426729662854331e-02 -4.373252722385959079e-02 3.360721794259889628e-05 9.466359487700736603e-05
3.400000000000000000e+01 -1.837271737944650221e-02 -3.956274194169097369e-02 3.325674617462509380e-05 9.277024571568517918e-05
3.500000000000000000e+01 -1.575867205788465675e-02 -3.717017112213210489e-02 3.293343733681708142e-05 9.112154215803807897e-05
3.600000000000000000e+01 -1.723484521085126217e-02 -3.698199319722594164e-02 3.264381490372622347e-05 8.954007627282339779e-05
3.700000000000000000e+01 -1.947293716839218480e-02 -3.865077863171166583e-02 3.237852100218023489e-05 8.791968425065339421e-05
3.800000000000000000e+01 -2.067527387130650707e-02 -4.109237890824384704e-02 3.212381959242271491e-05 8.620581222424836786e-05
3.900000000000000000e+01 -2.135390951057776487e-02 -4.296642311224501548e-02 3.186539923899968255e-05 8.439440825221051253e-05
4.000000000000000000e+01 -2.172096021306586799e-02 -4.320445806691786128e-02 3.159296078079673717e-05 8.251760727243064779e-05
4.100000000000000000e+01 -2.214359722916239837e-02 -4.135557628539590636e-02 3.129328056341034743e-05 8.060160372474980842e-05
4.200000000000000000e+01 -2.019118147460980187e-02 -3.769194879071949972e-02 3.093280945246983614e-05 7.863966788997175277e-05
4.300000000000000000e+01 -1.781944443829877253e-02 -3.291618377296542941e-02 3.046636572311365115e-05 7.654633230185363163e-05
4.400000000000000000e+01 -1.573408089424186557e-02 -2.782436179264761306e-02 2.984026364846984223e-05 7.420470752097772815e-05
4.500000000000000000e+01 -1.295758202974697793e-02 -2.306700976356087715e-02 2.902477938923811367e-05 7.153011294210953695e-05
4.600000000000000000e+01 -1.062373957224713346e-02 -1.906367345139297828e-02 2.804938016305900394e-05 6.855947266403241737e-05
4.700000000000000000e+01 -9.942533816638669808e-03 -1.601489843543418140e-02 2.702078568616206078e-05 6.550638126626808823e-05
