# freqs 	 pli 	 dpli 	 meanpower(thalamus)	 meanpower(scalp)	pli
8.000000000000000000e+00 4.108395406922549231e-02 2.923473882189038808e-01 6.133497255972449125e+01 2.741063417684363230e+02
9.000000000000000000e+00 4.845737573410001386e-02 2.054215807724120435e-01 5.685576599722910629e+01 2.277832550526106559e+02
1.000000000000000000e+01 4.256906118266275130e-02 1.690138152934008431e-01 5.307362284739497937e+01 1.891194945095947162e+02
1.100000000000000000e+01 3.092629689962456824e-02 1.161025031590309786e-01 5.036260229697769120e+01 1.647528943477387315e+02
1.200000000000000000e+01 1.355463163272864653e-02 5.785929678475720123e-02 4.686407789151687098e+01 1.515172914957635442e+02
1.300000000000000000e+01 -5.716017211843650933e-05 2.289611444038796434e-02 4.235440577633804793e+01 1.477388548639755754e+02
1.400000000000000000e+01 -1.017539749357425187e-02 -1.021321224050259283e-02 3.834776358428512566e+01 1.455443434786083117e+02
1.500000000000000000e+01 -2.048824435842292943e-02 -4.251054853459348970e-02 3.556127453595578203e+01 1.377111299031593035e+02
1.600000000000000000e+01 -2.667459164970465563e-02 -5.506978045268604016e-02 3.367455181750800364e+01 1.251563900358601700e+02
1.700000000000000000e+01 -2.351094807373493162e-02 -4.828790730781076790e-02 3.235858437318660918e+01 1.122200265598274456e+02
1.800000000000000000e+01 -1.855915042212554975e-02 -3.351692836271663589e-02 3.150069892128862037e+01 1.014931811025238204e+02
1.900000000000000000e+01 -1.367487820305823484e-02 -2.002474462441262981e-02 3.095994941044098780e+01 9.333537722324007291e+01
2.000000000000000000e+01 -9.815063959244165609e-03 -1.230902209255472363e-02 3.063036310391606776e+01 8.713673975468650212e+01
2.100000000000000000e+01 -8.417219440062968794e-03 -1.011993442134370876e-02 3.042452116830671471e+01 8.235651169358037293e+01
2.200000000000000000e+01 -8.673921922618659658e-03 -1.024123864979819762e-02 3.028934511635116422e+01 7.860204692118715286e+01
2.300000000000000000e+01 -9.143126716887441455e-03 -1.004574616383546899e-02 3.019401063623391934e+01 7.552286705701585845e+01
2.400000000000000000e+01 -8.685404990564419420e-03 -9.157729278359493311e-03 3.010431101812039856e+01 7.289757774755598518e+01
2.500000000000000000e+01 -6.922413594652826636e-03 -8.269099180672123336e-03 2.999650422740026912e+01 7.059091930188144204e+01
2.600000000000000000e+01 -5.390989988228074570e-03 -7.609399022371520632e-03 2.987963528901714483e+01 6.850772381193409899e+01
2.700000000000000000e+01 -4.998223851277561018e-03 -6.790619612238677633e-03 2.976797913361440706e+01 6.662388754465800389e+01
2.800000000000000000e+01 -4.630822301809211887e-03 -5.432210867149411988e-03 2.966974957917727096e+01 6.489380466163237315e+01
2.900000000000000000e+01 -3.248757851837123962e-03 -3.795061068080204849e-03 2.958435890156171766e+01 6.330534744015263726e+01
3.000000000000000000e+01 -2.452061187837441519e-03 -2.556534928636170628e-03 2.950544444288760104e+01 6.184165032509756799e+01
3.100000000000000000e+01 -2.425619815814111097e-03 -2.221484181905102225e-03 2.942629663907024806e+01 6.049954890772600180e+01
3.200000000000000000e+01 -2.744064403712109367e-03 -2.796228104977502380e-03 2.934547663251399285e+01 5.927743340893859880e+01
3.300000000000000000e+01 -3.271027205074176960e-03 -3.913605329162474743e-03 2.926331212453899866e+01 5.818898396282082075e+01
3.400000000000000000e+01 -3.759725536475637571e-03 -5.121059434297530084e-03 2.917928171379447733e+01 5.725466328870724197e+01
3.500000000000000000e+01 -4.067258986838026037e-03 -6.154940237336102397e-03 2.908958960515648684e+01 5.645465711646841811e+01
3.600000000000000000e+01 -4.275519669981705725e-03 -6.927215263425160613e-03 2.899473033084480633e+01 5.576807416455394417e+01
3.700000000000000000e+01 -4.353353956952692345e-03 -7.439705766662050267e-03 2.889884455557614018e+01 5.516803839303858581e+01
3.800000000000000000e+01 -4.854922651380355267e-03 -7.699688769368274489e-03 2.880324949327967943e+01 5.464006491653270814e+01
3.900000000000000000e+01 -5.011449145267746902e-03 -7.731822326466865868e-03 2.870757518708854761e+01 5.416086325095201204e+01
4.000000000000000000e+01 -5.304500379797624093e-03 -7.633708422384099385e-03 2.860742386874286680e+01 5.371959320479648881e+01
4.100000000000000000e+01 -5.386657895569901648e-03 -7.528418136310859564e-03 2.848816236805260971e+01 5.328656617236651982e+01
4.200000000000000000e+01 -5.161320998073573932e-03 -7.497102873782099906e-03 2.831880218169633778e+01 5.279672334838406300e+01
4.300000000000000000e+01 -5.000772638978146986e-03 -7.535702869024244951e-03 2.804667360025504053e+01 5.214193423255230186e+01
4.400000000000000000e+01 -4.893361661372520703e-03 -7.550788218527827028e-03 2.761306535921577776e+01 5.122022255088568699e+01
4.500000000000000000e+01 -4.643455355301164683e-03 -7.450640217812893283e-03 2.698500453115040187e+01 4.995242401547886857e+01
4.600000000000000000e+01 -4.705468836091459932e-03 -7.161041472343462021e-03 2.618878517668334283e+01 4.836948733571281878e+01
4.700000000000000000e+01 -4.594364635611155809e-03 -6.631848715879408787e-03 2.532615925584629579e+01 4.664247222374476110e+01
