# freqs 	 pli 	 dpli 	 meanpower(thalamus)	 meanpower(scalp)	pli
8.000000000000000000e+00 -9.581932470629245246e-02 -1.787047312648658570e-01 8.193905054567460411e+01 5.633223470341758912e+02
9.000000000000000000e+00 -2.841279637787445106e-02 -3.790547533646143608e-02 8.174365164695321084e+01 5.287002110561473955e+02
1.000000000000000000e+01 -1.638153312800829514e-02 -1.256421866228793656e-02 8.074298424851185985e+01 4.830374479747367218e+02
1.100000000000000000e+01 -2.041755856940974043e-02 -2.875390958568714572e-02 8.032781334536018392e+01 4.118888255105574672e+02
1.200000000000000000e+01 -2.425774665160463153e-02 -5.222820532086713124e-02 8.037930445912770949e+01 3.537197420188549017e+02
1.300000000000000000e+01 -2.276686480964891859e-02 -5.041696688436406865e-02 8.062184851408058250e+01 3.183939718134910777e+02
1.400000000000000000e+01 -1.674158109800035280e-02 -3.607135468264395517e-02 8.129895499582622165e+01 2.901756930962446859e+02
1.500000000000000000e+01 -1.597659449269850720e-02 -3.032498885624116194e-02 8.222942537025417664e+01 2.672453014057753080e+02
1.600000000000000000e+01 -1.899343805629417903e-02 -3.411693337044718888e-02 8.318574712801292037e+01 2.506283335149615539e+02
1.700000000000000000e+01 -2.032334118333032486e-02 -3.750568612062892687e-02 8.399208256759077074e+01 2.398395602545575969e+02
1.800000000000000000e+01 -1.785181728708212789e-02 -3.816690446395889363e-02 8.468508522259014626e+01 2.320388118496077254e+02
1.900000000000000000e+01 -1.567976084164439052e-02 -3.333624863323951526e-02 8.550654400417028000e+01 2.243169076916917106e+02
2.000000000000000000e+01 -1.297294364597622630e-02 -2.168318281158110664e-02 8.662339918465822564e+01 2.155323337541814510e+02
2.100000000000000000e+01 -5.822434596619357680e-03 -4.849020349150591144e-03 8.814441288020996979e+01 2.061276540200737202e+02
2.200000000000000000e+01 1.397747244690598217e-02 3.349795619384767636e-02 9.047379382603369891e+01 1.986291664005153450e+02
2.300000000000000000e+01 6.935993692172431890e-02 1.499461150379032548e-01 9.532198602566356271e+01 1.988503825082418928e+02
2.400000000000000000e+01 1.696674290895273385e-01 3.604442815475424333e-01 1.053316056616266252e+02 2.118891251842548229e+02
2.500000000000000000e+01 2.749967579064793721e-01 5.533443253557186470e-01 1.200600476611046474e+02 2.325818155281149586e+02
2.600000000000000000e+01 3.457226346890625579e-01 6.565325078726993446e-01 1.339443462641636984e+02 2.477498412706954980e+02
2.700000000000000000e+01 3.711201984506118379e-01 6.810884027157636522e-01 1.405921076648136818e+02 2.481902178029426125e+02
2.800000000000000000e+01 3.522866147440387730e-01 6.443507682286319094e-01 1.375950300986752666e+02 2.340539845642942396e+02
2.900000000000000000e+01 2.966912607778389166e-01 5.534604921093255747e-01 1.272640530605164315e+02 2.120986423342118030e+02
3.000000000000000000e+01 2.202129520893593428e-01 4.208771175916048990e-01 1.142170850307745837e+02 1.900014716434959325e+02
3.100000000000000000e+01 1.431149930713981888e-01 2.781202237005139244e-01 1.025994090575155298e+02 1.728450779667671497e+02
3.200000000000000000e+01 8.349198979731517478e-02 1.622150793732594354e-01 9.458927283121442997e+01 1.618624635741505813e+02
3.300000000000000000e+01 4.523561337021230616e-02 8.883055827781563552e-02 9.044317703221881288e+01 1.558481293788507003e+02
3.400000000000000000e+01 2.524223821429535941e-02 5.017124879223597289e-02 8.928276478473988220e+01 1.530232893842051283e+02
3.500000000000000000e+01 1.618532663282335610e-02 3.161189234713587815e-02 8.988093507273110561e+01 1.517623919928964540e+02
3.600000000000000000e+01 1.193533449302165879e-02 2.242951827692905506e-02 9.108177738471611917e+01 1.512077267436430930e+02
3.700000000000000000e+01 9.239598262074891211e-03 1.707794880987726499e-02 9.200538063063110883e+01 1.509135484936619775e+02
3.800000000000000000e+01 8.020228537923277876e-03 1.329463583870017437e-02 9.211983748779016423e+01 1.507403746196195868e+02
3.900000000000000000e+01 6.572348356489325465e-03 1.047647053980008125e-02 9.125507706865313651e+01 1.505117526711607354e+02
4.000000000000000000e+01 5.461516861736958293e-03 8.554707797285114601e-03 8.953376855362945719e+01 1.502560029550270997e+02
4.100000000000000000e+01 4.798610228714407684e-03 7.524845582102190726e-03 8.722075599882045083e+01 1.499069090183721755e+02
4.200000000000000000e+01 5.063301469546390571e-03 7.251346972007840196e-03 8.457916361943873085e+01 1.492832647535597630e+02
4.300000000000000000e+01 5.231304302800201568e-03 7.538013107866569501e-03 8.175027529718533970e+01 1.480469436065232287e+02
4.400000000000000000e+01 5.257592520136537308e-03 8.038313749805001129e-03 7.874988826437500222e+01 1.460193690991657718e+02
4.500000000000000000e+01 5.398166734513398270e-03 8.581614703527177049e-03 7.554426429375422458e+01 1.429667429683827891e+02
4.600000000000000000e+01 5.227208966521775489e-03 9.043342729341055652e-03 7.217065396327001281e+01 1.390332521300516930e+02
4.700000000000000000e+01 5.016115677192420005e-03 9.356632293407047066e-03 6.882183135134347651e+01 1.347724302498514817e+02
