# freqs 	 pli 	 dpli 	 meanpower(thalamus)	 meanpower(scalp)	pli
8.000000000000000000e+00 -1.417274256870443110e-02 3.407189246456595461e-02 1.767335267534350500e-04 2.905464342290387729e-04
9.000000000000000000e+00 2.360113478602040085e-02 1.073584075162408308e-01 1.645121536476107339e-04 3.472911412739310903e-04
1.000000000000000000e+01 7.846119002167793732e-02 1.716787812739497265e-01 1.566756551189437666e-04 3.042180213199271403e-04
1.100000000000000000e+01 1.112148491583956206e-01 2.092444552174702044e-01 1.591389308609905500e-04 2.866138116217360342e-04
1.200000000000000000e+01 1.074928625074253463e-01 2.212326361028796040e-01 1.689014585055319370e-04 3.126945824758509433e-04
1.300000000000000000e+01 6.454492066736172706e-02 1.508240153223129598e-01 1.743277414186793803e-04 3.297597961321022987e-04
1.400000000000000000e+01 1.149901956266863312e-02 4.841527103437728852e-02 1.749775277220559568e-04 3.283300775301254359e-04
1.500000000000000000e+01 -2.158623962883342989e-02 -1.809244703419002689e-02 1.756508230329025867e-04 3.153658077889097237e-04
1.600000000000000000e+01 -2.969330586142788359e-02 -4.443086380448171835e-02 1.775207312574932734e-04 2.979775638112218275e-04
1.700000000000000000e+01 -3.836983739817100697e-02 -4.923848049491891948e-02 1.798662898997942358e-04 2.798325528207325371e-04
1.800000000000000000e+01 -2.908127576609962489e-02 -3.690876955235816714e-02 1.825397485608216811e-04 2.612580484763976445e-04
1.900000000000000000e+01 -1.367682283709055827e-02 -1.307106744475827753e-02 1.871244221123003469e-04 2.426765119957967711e-04
2.000000000000000000e+01 -8.005804576006117848e-03 7.529813793135183182e-04 1.975757816743240283e-04 2.250249870029835404e-04
2.100000000000000000e+01 -1.885302055474153554e-02 -1.643125045134695081e-02 2.218364191499485228e-04 2.092304152108690786e-04
2.200000000000000000e+01 -3.209610379520646400e-02 -5.407493844117629983e-02 2.586350788278220974e-04 1.953267266694377641e-04
2.300000000000000000e+01 -4.408661156545303633e-02 -8.158506848712619719e-02 2.873103690918530945e-04 1.828538478624263644e-04
2.400000000000000000e+01 -4.313500841230145932e-02 -8.184223075244211054e-02 2.882796880436340665e-04 1.714122454168189925e-04
2.500000000000000000e+01 -2.927418427207545762e-02 -6.005342571987884459e-02 2.615201495228867512e-04 1.612969183007919162e-04
2.600000000000000000e+01 -1.852604014851414252e-02 -3.227889781610993047e-02 2.216831723444085181e-04 1.524378546776347675e-04
2.700000000000000000e+01 -4.968403427698908983e-03 -1.135496208507827919e-02 1.842676999902322034e-04 1.449015756764741696e-04
2.800000000000000000e+01 1.301734460396685106e-03 -7.233775945411318039e-04 1.569331316113917847e-04 1.387595463354772017e-04
2.900000000000000000e+01 3.023319032254251793e-03 4.030701801078790357e-03 1.394676900202326006e-04 1.337798448527107613e-04
3.000000000000000000e+01 7.505345788745758015e-03 6.874643632797455654e-03 1.284924340720129145e-04 1.296622814313136711e-04
3.100000000000000000e+01 7.907807342190893013e-03 9.042712441857310782e-03 1.212317884979329538e-04 1.262670465085202634e-04
3.200000000000000000e+01 7.718774846785485776e-03 9.890409333641068945e-03 1.160345577913529766e-04 1.233685348023268289e-04
3.300000000000000000e+01 9.282372390796307313e-03 9.269442811307032973e-03 1.120032345775561150e-04 1.207990816811049611e-04
3.400000000000000000e+01 1.217901139477455506e-02 7.474260800690892860e-03 1.086256182466463938e-04 1.186137273415377989e-04
3.500000000000000000e+01 1.046259099424907101e-02 5.397498702730983353e-03 1.055592468378315976e-04 1.166465726057841799e-04
3.600000000000000000e+01 9.503071923249608796e-03 3.615488944694583012e-03 1.026223799617974797e-04 1.148855709458480222e-04
3.700000000000000000e+01 1.026498525279267993e-02 2.288423623223937668e-03 9.974312048344414127e-05 1.132535387245166649e-04
3.800000000000000000e+01 7.714152797161525320e-03 1.038788367448666020e-03 9.691114231690792712e-05 1.118015863259364472e-04
3.900000000000000000e+01 6.949963956303950065e-03 -1.254470557715913316e-04 9.414697953428749282e-05 1.103933998218697835e-04
4.000000000000000000e+01 5.120351320681606686e-03 -1.514927271158566201e-03 9.148520379380292798e-05 1.091244778078727699e-04
4.100000000000000000e+01 -1.542630714928751204e-04 -3.082318869971887622e-03 8.894624454865083217e-05 1.078805437063780603e-04
4.200000000000000000e+01 -4.210642444746810244e-03 -4.763543069996251274e-03 8.650700671051495992e-05 1.064373351653914100e-04
4.300000000000000000e+01 -2.450079064465119846e-03 -5.936403438124208606e-03 8.406012528118592944e-05 1.044952729313401208e-04
4.400000000000000000e+01 -3.767264718028724788e-03 -7.779961638640086295e-03 8.144200880928652222e-05 1.020269716674152450e-04
4.500000000000000000e+01 -6.733235617442286276e-03 -9.811854565653093871e-03 7.846986667728158757e-05 9.884176349033278893e-05
4.600000000000000000e+01 -7.175956089275386390e-03 -1.208371318624897398e-02 7.506441889939542125e-05 9.500238807300456778e-05
4.700000000000000000e+01 -8.554731800372857714e-03 -1.461391048294238479e-02 7.132106615825781735e-05 9.083313348054305460e-05
