# freqs 	 pli 	 dpli 	 meanpower(thalamus)	 meanpower(scalp)	pli
8.000000000000000000e+00 -2.525705396888620977e-05 1.698722263913418629e-02 6.876805521311542756e-05 2.820570917617086374e-04
9.000000000000000000e+00 2.902933492315372399e-02 6.322272593872013680e-02 6.570721312938474575e-05 2.576379727470015060e-04
1.000000000000000000e+01 2.143546676176174420e-02 4.280964616344432039e-02 6.252049102599612645e-05 1.939725889606513183e-04
1.100000000000000000e+01 4.711603982462166280e-03 1.432545397430442895e-02 6.115353588627521692e-05 1.548217207436015745e-04
1.200000000000000000e+01 -2.764674189288275543e-03 -7.498880830060838075e-03 6.058018832397495769e-05 1.404010693586801081e-04
1.300000000000000000e+01 -1.722522850672046461e-03 -1.437649722959117964e-02 6.054799668428795283e-05 1.382814593700220555e-04
1.400000000000000000e+01 3.503474854376688232e-03 -2.822931165252080560e-03 6.149653307481433423e-05 1.406220998047258679e-04
1.500000000000000000e+01 6.520250771344208995e-03 1.250268542414063530e-02 6.374208206402215003e-05 1.430425142085141918e-04
1.600000000000000000e+01 8.652933523734477467e-03 1.956439342108795207e-02 6.646389910669223242e-05 1.441310744868614822e-04
1.700000000000000000e+01 6.503252349079425253e-03 1.626136232451345226e-02 6.810966801488244537e-05 1.436734303557576269e-04
1.800000000000000000e+01 2.073509980178121249e-03 7.577411194686542104e-03 6.797239555778077699e-05 1.415293382821125471e-04
1.900000000000000000e+01 -2.325686305495582810e-03 -1.338393917062303054e-03 6.669223652735627216e-05 1.383185071794249086e-04
2.000000000000000000e+01 -3.999323186396309786e-03 -7.355001332553213166e-03 6.524341074684816724e-05 1.350652863223859889e-04
2.100000000000000000e+01 -3.837195875901066797e-03 -8.712630598831379303e-03 6.419333888284688746e-05 1.323597186567138345e-04
2.200000000000000000e+01 -2.260009201734546058e-03 -5.796779299145954703e-03 6.367680666167883788e-05 1.302091084469341852e-04
2.300000000000000000e+01 2.888349068988092707e-04 -7.206753905856473153e-04 6.365768017491783034e-05 1.285074039630831801e-04
2.400000000000000000e+01 2.191283357215896219e-03 4.399784877760044670e-03 6.416291513375240070e-05 1.271582276868295593e-04
2.500000000000000000e+01 3.036030272220495603e-03 8.123864427193963969e-03 6.529643975086372716e-05 1.260073946557990364e-04
2.600000000000000000e+01 3.248209127967440196e-03 9.652743815627086790e-03 6.695694299962043458e-05 1.249091161453200660e-04
2.700000000000000000e+01 2.766367855419647921e-03 8.756504918586868053e-03 6.868342399844383722e-05 1.238515362029022737e-04
2.800000000000000000e+01 1.635879913772951859e-03 5.810103630593763460e-03 6.994449796462418609e-05 1.227557002709098622e-04
2.900000000000000000e+01 -5.994602719676855786e-04 1.571724300780059317e-03 7.057117002597557056e-05 1.217486572898458021e-04
3.000000000000000000e+01 -2.798192666400050287e-03 -3.028120181455401082e-03 7.078140922114026267e-05 1.209184591097206421e-04
3.100000000000000000e+01 -5.119696537342655583e-03 -7.195050903799208794e-03 7.091926646187340260e-05 1.204207284553568424e-04
3.200000000000000000e+01 -7.114562326626156299e-03 -1.041023736935939824e-02 7.118252879891167890e-05 1.202207258247128032e-04
3.300000000000000000e+01 -8.505053694475265755e-03 -1.246708870291429565e-02 7.157185598304783962e-05 1.202203134163934759e-04
3.400000000000000000e+01 -9.034399676375919064e-03 -1.343754609855104740e-02 7.199622492307798563e-05 1.204111435160726794e-04
3.500000000000000000e+01 -8.747725252867238899e-03 -1.357011706616069457e-02 7.235172142801053698e-05 1.206217886456406097e-04
3.600000000000000000e+01 -7.981182528804820972e-03 -1.320685214028754877e-02 7.260103570168484539e-05 1.208247962429129333e-04
3.700000000000000000e+01 -7.664807397641379069e-03 -1.264639281559060136e-02 7.274758391698063129e-05 1.209756970056783255e-04
3.800000000000000000e+01 -6.837460675018648681e-03 -1.205679468742235604e-02 7.280143061462880346e-05 1.211171080337137559e-04
3.900000000000000000e+01 -6.722006674520095149e-03 -1.150196354623446264e-02 7.275135185333666339e-05 1.211898859633415168e-04
4.000000000000000000e+01 -6.395568918328167762e-03 -1.097885547358763009e-02 7.256972043481614944e-05 1.212621161217597828e-04
4.100000000000000000e+01 -6.223034718422171263e-03 -1.048237361440552441e-02 7.219893676525874940e-05 1.213145357864369432e-04
4.200000000000000000e+01 -5.804548552053728772e-03 -1.003354941948360161e-02 7.155309840980189780e-05 1.212245159557408497e-04
4.300000000000000000e+01 -5.323141561005656844e-03 -9.717438051079357875e-03 7.051982033312320121e-05 1.207045446389147801e-04
4.400000000000000000e+01 -5.147678976025868783e-03 -9.510617583195216801e-03 6.899493701133611325e-05 1.195560822387508893e-04
4.500000000000000000e+01 -5.304215332107580297e-03 -9.491091397348928177e-03 6.692707966817254940e-05 1.175266498893343635e-04
4.600000000000000000e+01 -5.391974677095382265e-03 -9.715331881632613062e-03 6.439475585126801618e-05 1.146656584069876631e-04
4.700000000000000000e+01 -5.917007991073136922e-03 -1.026417675607274246e-02 6.163871381665001652e-05 1.113622838188479898e-04
