# freqs 	 pli 	 dpli 	 meanpower(thalamus)	 meanpower(scalp)	pli
8.000000000000000000e+00 -1.114721616504193991e-03 1.285313739472143668e-02 8.050592604542482070e-05 1.992892772754036284e-04
9.000000000000000000e+00 -3.741820140504487080e-02 -6.929691647022315215e-02 7.405771474543263854e-05 2.048130938538687742e-04
1.000000000000000000e+01 -4.066981848127514815e-02 -6.515926380370924698e-02 7.500955958397776031e-05 1.934058381739289540e-04
1.100000000000000000e+01 -3.642585124811508618e-02 -1.104737817958392349e-01 8.159990846648975478e-05 1.704300924060108552e-04
1.200000000000000000e+01 -3.801940564336582506e-02 -1.901865000130348315e-01 8.397726057465131934e-05 1.507842004821175049e-04
1.300000000000000000e+01 -3.114363658919756112e-02 -1.707924911378496391e-01 7.936557366725157032e-05 1.373234626283536619e-04
1.400000000000000000e+01 -2.792046615311922358e-02 -1.119905813518901061e-01 7.225543101034525813e-05 1.283307169529424756e-04
1.500000000000000000e+01 -2.055651187781601733e-02 -7.294832703224578274e-02 6.675691634644841002e-05 1.222535047638933722e-04
1.600000000000000000e+01 -1.702205271057090005e-02 -5.277805753670484351e-02 6.364869757009505532e-05 1.180318155975812613e-04
1.700000000000000000e+01 -1.552943333059505875e-02 -3.746948483513659611e-02 6.173295545641798809e-05 1.153083200720667794e-04
1.800000000000000000e+01 -1.165216536113533249e-02 -2.435815086823850048e-02 6.027914582168597421e-05 1.138145705163512211e-04
1.900000000000000000e+01 -1.040594742255585362e-02 -1.646885163093131030e-02 5.919006644606211357e-05 1.128036873846671278e-04
2.000000000000000000e+01 -8.297917859088139308e-03 -1.450631185591903967e-02 5.847212904064831638e-05 1.117632510032898696e-04
2.100000000000000000e+01 -8.277874212017980599e-03 -1.444618748258133870e-02 5.812406673181450629e-05 1.104117339042956091e-04
2.200000000000000000e+01 -8.734881795527178749e-03 -1.189769840055702674e-02 5.799514017282226592e-05 1.084839462975818367e-04
2.300000000000000000e+01 -5.642898622040093404e-03 -7.014968966089334297e-03 5.779716077567898674e-05 1.058254071563550017e-04
2.400000000000000000e+01 -1.034864805813438251e-03 -2.310150424857911836e-03 5.738638492638379289e-05 1.024780063275144304e-04
2.500000000000000000e+01 1.086212594505693400e-03 6.608503217213606423e-04 5.678555922164000956e-05 9.863379205951553906e-05
2.600000000000000000e+01 2.225326242250319378e-04 1.573818994349703970e-03 5.611694375673631686e-05 9.457155315048095868e-05
2.700000000000000000e+01 2.563840101356179482e-04 7.570990507909709398e-04 5.549816545228800860e-05 9.048857517546716903e-05
2.800000000000000000e+01 -6.951258911352266963e-04 -9.759923026568156955e-04 5.498572846437456576e-05 8.658123121887042876e-05
2.900000000000000000e+01 -2.341732882332926355e-03 -2.660267478775204392e-03 5.457272996550099404e-05 8.292688275172645132e-05
3.000000000000000000e+01 -3.867545428531410454e-03 -3.467992413115810694e-03 5.423004616282877554e-05 7.953248278548250060e-05
3.100000000000000000e+01 -3.788477477303829870e-03 -2.970858470380205972e-03 5.394497486750221831e-05 7.636842212039358262e-05
3.200000000000000000e+01 -3.315785595572402940e-03 -1.334148738393646201e-03 5.369910263719159449e-05 7.339443858909059184e-05
3.300000000000000000e+01 -2.994424962801389267e-03 7.137500893548213684e-04 5.345502368425731650e-05 7.057218177556745921e-05
3.400000000000000000e+01 -1.792397539820096220e-03 2.296924419498246137e-03 5.320117687226308650e-05 6.786601441614011976e-05
3.500000000000000000e+01 -1.395742732120097782e-03 2.781112691082482120e-03 5.292715796534925991e-05 6.525844652808396253e-05
3.600000000000000000e+01 -2.155406646654695405e-03 2.054629667177709871e-03 5.262917079052856396e-05 6.274724108533714646e-05
3.700000000000000000e+01 -2.324251469153368332e-03 4.775708307665161505e-04 5.231659663757569465e-05 6.034656363791167442e-05
3.800000000000000000e+01 -2.712334467116367994e-03 -1.386254728648402641e-03 5.200730393043528151e-05 5.806467618379120206e-05
3.900000000000000000e+01 -2.985821670167577730e-03 -3.032851020068385358e-03 5.170466178404126839e-05 5.591162005560097384e-05
4.000000000000000000e+01 -3.839474387457252752e-03 -4.314659084553372319e-03 5.140936644521273784e-05 5.388260632073500333e-05
4.100000000000000000e+01 -4.882734677065500573e-03 -5.339938504415504827e-03 5.109729349551155384e-05 5.195508108467946398e-05
4.200000000000000000e+01 -5.369392924572219741e-03 -6.281742229303546518e-03 5.070321378431737582e-05 5.008518279747448972e-05
4.300000000000000000e+01 -5.894430094708258579e-03 -7.187097492489696524e-03 5.013176734989867491e-05 4.820137489625872561e-05
4.400000000000000000e+01 -5.761726762018950544e-03 -8.052382384536168822e-03 4.928150554503840614e-05 4.622335707478255110e-05
4.500000000000000000e+01 -6.184766944676205712e-03 -8.723279345221750941e-03 4.809143480312467496e-05 4.409396587236448322e-05
4.600000000000000000e+01 -6.766989939781581712e-03 -9.078240198766624261e-03 4.660239716603601295e-05 4.182602625753069803e-05
4.700000000000000000e+01 -6.555281999363406741e-03 -9.033727089776594221e-03 4.498569593158958832e-05 3.952552902865530648e-05
