# freqs 	 pli 	 dpli 	 meanpower(thalamus)	 meanpower(scalp)	pli
8.000000000000000000e+00 -8.182659261746171031e-02 -2.181774894400663189e-01 3.615585184054738861e-05 1.390578309133860227e-04
9.000000000000000000e+00 -5.558593610207193669e-02 -1.554071550359103215e-01 3.354574635036086601e-05 1.284181717812576918e-04
1.000000000000000000e+01 -6.273166206199232153e-02 -1.410965500077330237e-01 3.200948527595335078e-05 1.269334551093511104e-04
1.100000000000000000e+01 -7.176398293999185218e-02 -1.946457572540442604e-01 3.128605759391254754e-05 1.354594428722272995e-04
1.200000000000000000e+01 -7.966488517233463740e-02 -2.308265484460028105e-01 3.106386181754195613e-05 1.373274367868075911e-04
1.300000000000000000e+01 -7.330134893315973232e-02 -2.045762179303649286e-01 3.086400537529329039e-05 1.247421973438444512e-04
1.400000000000000000e+01 -6.344141277328158024e-02 -1.640079485551371730e-01 3.069698753019967579e-05 1.091262150185797489e-04
1.500000000000000000e+01 -5.316706143977724397e-02 -1.271261036422504931e-01 3.062219547185989583e-05 9.626540748014110124e-05
1.600000000000000000e+01 -3.955060136839983614e-02 -8.775824898439836541e-02 3.059287369821998110e-05 8.622039363145983623e-05
1.700000000000000000e+01 -2.663469169455850299e-02 -5.773312973777437740e-02 3.057855126775323179e-05 7.864118135400246156e-05
1.800000000000000000e+01 -2.180230231946683056e-02 -4.543963558147549181e-02 3.062793502735150128e-05 7.342235768820787214e-05
1.900000000000000000e+01 -1.835571634439788630e-02 -4.539174040919654457e-02 3.083525713658123881e-05 7.024565814725752062e-05
2.000000000000000000e+01 -2.223706652470389469e-02 -5.134329756239279507e-02 3.115906145970469374e-05 6.853753290752107421e-05
2.100000000000000000e+01 -2.534092237944031087e-02 -5.821634314774896263e-02 3.148051888445423314e-05 6.769116214943203742e-05
2.200000000000000000e+01 -2.846721009917634049e-02 -6.152499320429724583e-02 3.172933897507203852e-05 6.699191707756507492e-05
2.300000000000000000e+01 -2.850765772071474705e-02 -5.747695953840153277e-02 3.193370153271056554e-05 6.608399769402114601e-05
2.400000000000000000e+01 -2.303252614605799664e-02 -4.580073229035536847e-02 3.220951886708159345e-05 6.497356060076496325e-05
2.500000000000000000e+01 -1.598972038040787774e-02 -2.933845203894868553e-02 3.264633918271871458e-05 6.383776824301314241e-05
2.600000000000000000e+01 -6.615875453414175357e-03 -1.169048617637193609e-02 3.319169929536035479e-05 6.275540628840969935e-05
2.700000000000000000e+01 3.612535393454373734e-03 3.709517151503148851e-03 3.369522115436463921e-05 6.180696000818382589e-05
2.800000000000000000e+01 8.024440833236116261e-03 1.421874062416935737e-02 3.400822417126799153e-05 6.103836346040048303e-05
2.900000000000000000e+01 1.030674471364267410e-02 1.869953789684937473e-02 3.410027227734892377e-05 6.043988429529802001e-05
3.000000000000000000e+01 8.020470277577967586e-03 1.828246521232905486e-02 3.403294456177965153e-05 6.001079790129118421e-05
3.100000000000000000e+01 6.600708519911149125e-03 1.501754903277659724e-02 3.387224301568056699e-05 5.976076793265911000e-05
3.200000000000000000e+01 3.352699183077760634e-03 1.080089721646761147e-02 3.367234573994727030e-05 5.962362906179760158e-05
3.300000000000000000e+01 4.060128884731316833e-04 6.614405620727797572e-03 3.347458051614020228e-05 5.956072314302624643e-05
3.400000000000000000e+01 -1.858293640620150905e-03 3.036768329865868147e-03 3.331011430030425210e-05 5.957438488741993179e-05
3.500000000000000000e+01 -2.023091482105826046e-03 3.178818478093542433e-04 3.318967965247121495e-05 5.961939174465585183e-05
3.600000000000000000e+01 -2.061986588477627766e-03 -1.404418059011339160e-03 3.311766843263965089e-05 5.970227605918808090e-05
3.700000000000000000e+01 -3.165594096908441648e-03 -2.171113906514149892e-03 3.309344388102010523e-05 5.981726422994168509e-05
3.800000000000000000e+01 -3.626017775521112648e-03 -2.221522513431311435e-03 3.312015850149490975e-05 5.997950906134518406e-05
3.900000000000000000e+01 -4.732072908895965796e-03 -1.765822947637838650e-03 3.319139417911603221e-05 6.016080871823873847e-05
4.000000000000000000e+01 -3.529693795993202321e-03 -1.048841388512153014e-03 3.329013656273222720e-05 6.035404963841404412e-05
4.100000000000000000e+01 -1.504302881950071247e-03 -2.383236320403042370e-04 3.338420578001933761e-05 6.050312898649098947e-05
4.200000000000000000e+01 -3.869163723104123245e-04 5.812409567299549286e-04 3.341913389234627940e-05 6.050837769738536844e-05
4.300000000000000000e+01 -8.925154833075122588e-04 1.384292690907308653e-03 3.331892487952716679e-05 6.021783343447725101e-05
4.400000000000000000e+01 -9.181789875163789624e-04 2.066141857095520930e-03 3.300636599256337255e-05 5.952414161462936691e-05
4.500000000000000000e+01 -8.466645871396104870e-04 2.684979373745594901e-03 3.243697167673484746e-05 5.834470410949834946e-05
4.600000000000000000e+01 -1.043362572201219718e-03 3.283903801835471193e-03 3.164215565458943701e-05 5.673835555373165734e-05
4.700000000000000000e+01 -7.661700749514203327e-04 3.960683647172307496e-03 3.075014979948359023e-05 5.493020549450167508e-05
