# freqs 	 pli 	 dpli 	 meanpower(thalamus)	 meanpower(scalp)	pli
8.000000000000000000e+00 -1.217447682214426313e-01 -2.842767761881269117e-01 3.531386533532449929e-05 4.593827759626243289e-04
9.000000000000000000e+00 -1.369699186026235305e-01 -2.879831969216324894e-01 3.546381329428620837e-05 4.687400664293956635e-04
1.000000000000000000e+01 -1.165674253864671939e-01 -2.286771171224880328e-01 3.470909003209084144e-05 4.012549806606982399e-04
1.100000000000000000e+01 -6.785497570153986580e-02 -1.274680456460464684e-01 3.463210443053292282e-05 3.147027323754397364e-04
1.200000000000000000e+01 -3.165229024845947481e-02 -4.164987339181934478e-02 3.472463523366773870e-05 2.525814078956370120e-04
1.300000000000000000e+01 -1.720167613606116835e-02 -1.284851287901591851e-02 3.452252857526514696e-05 2.225090050706603564e-04
1.400000000000000000e+01 -1.524518069067728153e-02 -2.033713121638873467e-02 3.425506441390219388e-05 2.080072886795899872e-04
1.500000000000000000e+01 -2.252511980603278882e-02 -3.948014346693522192e-02 3.414135662481437980e-05 2.002243669443634167e-04
1.600000000000000000e+01 -2.871377221545988803e-02 -5.320891626431460686e-02 3.416122415968315246e-05 1.954012544586617372e-04
1.700000000000000000e+01 -2.822796561905349666e-02 -5.287338737708795894e-02 3.423901583699535917e-05 1.916657458482882569e-04
1.800000000000000000e+01 -2.136829757778355154e-02 -3.987052965676692734e-02 3.441483049009276519e-05 1.877859406272548433e-04
1.900000000000000000e+01 -1.121418472088333944e-02 -2.219506636262779178e-02 3.470767076667339776e-05 1.830352030843074935e-04
2.000000000000000000e+01 -2.344725748092153957e-03 -5.069634154191444281e-03 3.507393547533985226e-05 1.770267728392073121e-04
2.100000000000000000e+01 5.000779063392676860e-03 9.108283807519794092e-03 3.542787996653666105e-05 1.700348274956900311e-04
2.200000000000000000e+01 9.280083928594723419e-03 1.792866351325467580e-02 3.567072418480976450e-05 1.626815235193141589e-04
2.300000000000000000e+01 1.036026906395138419e-02 2.054708549675439769e-02 3.574152179152864753e-05 1.554388588566670037e-04
2.400000000000000000e+01 9.093108778029365680e-03 1.882389632277549699e-02 3.566038337329330347e-05 1.482901998104890957e-04
2.500000000000000000e+01 8.376649568195197390e-03 1.530193405398676612e-02 3.550276011581834419e-05 1.411333307428843254e-04
2.600000000000000000e+01 6.615337763841993776e-03 1.149062980663901300e-02 3.534575984071322509e-05 1.341618587170313390e-04
2.700000000000000000e+01 3.970909011481391256e-03 8.020689135823950294e-03 3.523559572620845246e-05 1.278314109053650346e-04
2.800000000000000000e+01 2.492672530512999880e-03 5.178664250286174088e-03 3.517452034072061727e-05 1.223507156668695900e-04
2.900000000000000000e+01 1.486134327006282795e-03 3.059570407258662729e-03 3.515583944278987462e-05 1.178790759786421341e-04
3.000000000000000000e+01 5.960763529623307666e-04 1.620067166460031731e-03 3.515895509343155951e-05 1.142771739705826674e-04
3.100000000000000000e+01 2.561373858573853795e-06 6.762515042251214005e-04 3.517294934797067979e-05 1.115066490232601698e-04
3.200000000000000000e+01 -2.924442539588343703e-04 1.726527469725528221e-04 3.518504088964399557e-05 1.093536943961239430e-04
3.300000000000000000e+01 -4.717817023838773529e-04 6.548924466634947284e-05 3.518659710309091429e-05 1.076209412809558112e-04
3.400000000000000000e+01 -2.516851777976006170e-04 2.650443563030770275e-04 3.517945650145080672e-05 1.063290046131643745e-04
3.500000000000000000e+01 9.257802676249347353e-05 5.767575387025478551e-04 3.515839156616517783e-05 1.052652798766778663e-04
3.600000000000000000e+01 7.535882553408021543e-05 7.541981936655502627e-04 3.512542744554168300e-05 1.044377774283184341e-04
3.700000000000000000e+01 2.955418571459031592e-04 5.958160927913006737e-04 3.508145493643151532e-05 1.037979366727226701e-04
3.800000000000000000e+01 7.568762370435603399e-05 5.454460460386675294e-05 3.502800090852120754e-05 1.033788915839194985e-04
3.900000000000000000e+01 -4.765786757476673120e-04 -8.030613463124574311e-04 3.496196699675424910e-05 1.029800020591563732e-04
4.000000000000000000e+01 -1.483032612581921400e-03 -1.755983899658753551e-03 3.488099913135562401e-05 1.026307893587707963e-04
4.100000000000000000e+01 -1.610325610268295224e-03 -2.589353348487168777e-03 3.476893078789886722e-05 1.022573118678853782e-04
4.200000000000000000e+01 -1.986779062456304167e-03 -3.140688100602600889e-03 3.458822334020221625e-05 1.017291016894516603e-04
4.300000000000000000e+01 -1.942399994952968790e-03 -3.355689087127760109e-03 3.427641456526504631e-05 1.007590124238330690e-04
4.400000000000000000e+01 -1.934123617133644583e-03 -3.219447147921831748e-03 3.376643012766260813e-05 9.931373307326390586e-05
4.500000000000000000e+01 -1.687287229612018189e-03 -2.773646038638837626e-03 3.301508324993935337e-05 9.717074939098732721e-05
4.600000000000000000e+01 -1.617221920432638160e-03 -2.032174818467333277e-03 3.205382406361485803e-05 9.440179136716593652e-05
4.700000000000000000e+01 -1.343813933687936337e-03 -9.904098328468407923e-04 3.100644886661123268e-05 9.134929622335118246e-05
