# freqs 	 pli 	 dpli 	 meanpower(thalamus)	 meanpower(scalp)	pli
8.000000000000000000e+00 -2.651642591663939952e-02 -7.875956130592842719e-02 7.508396411501033307e-05 1.787862435709715032e-04
9.000000000000000000e+00 -3.280009565193179114e-03 -2.088909486215614550e-02 7.294217070908386614e-05 1.321845943409132701e-04
1.000000000000000000e+01 2.188710464314795774e-03 -2.342416340729032431e-02 7.765645422338622898e-05 1.108583598306782896e-04
1.100000000000000000e+01 3.927984187514449964e-03 -3.612473496350051411e-02 8.851384088724401588e-05 1.061846516281968211e-04
1.200000000000000000e+01 1.857529963970231540e-02 4.120784432724341334e-03 9.785172653304928026e-05 1.087520285122123309e-04
1.300000000000000000e+01 3.534249659480614286e-02 5.632175747669038168e-02 9.950396231064519050e-05 1.136692101603152153e-04
1.400000000000000000e+01 5.125665918091142775e-02 8.880153268775767272e-02 9.411833146734526639e-05 1.170610650182597610e-04
1.500000000000000000e+01 6.054878727073714773e-02 1.086408539106230725e-01 8.598822035637032114e-05 1.169575297816074843e-04
1.600000000000000000e+01 6.187600507829030955e-02 1.207485188145087096e-01 7.871917116036200970e-05 1.140124534077482552e-04
1.700000000000000000e+01 5.607318394929887428e-02 1.141348588773628409e-01 7.390697039213030501e-05 1.100255877846873957e-04
1.800000000000000000e+01 4.200394318737295934e-02 8.276236579889231781e-02 7.184797930904919647e-05 1.058726504327196392e-04
1.900000000000000000e+01 2.218302311476005179e-02 3.903188859662968385e-02 7.226870667790067911e-05 1.017711690596773751e-04
2.000000000000000000e+01 5.605038825670773626e-03 4.446359918663837264e-03 7.435146910045151061e-05 9.789245557822114801e-05
2.100000000000000000e+01 -6.752137994089187556e-04 -6.658479879543904856e-03 7.683365020002386843e-05 9.427847485725182131e-05
2.200000000000000000e+01 2.662099370013651899e-03 2.439137058612154702e-03 7.820713461222736243e-05 9.076075278081331633e-05
2.300000000000000000e+01 7.843915297051976682e-03 1.693207053435831846e-02 7.725479467983321197e-05 8.719571317319134093e-05
2.400000000000000000e+01 1.174244619090117174e-02 2.545795952827228578e-02 7.394519371555474381e-05 8.362838673699056924e-05
2.500000000000000000e+01 1.368563012990444208e-02 2.624035923432380124e-02 6.939764478328595387e-05 8.033365199423090773e-05
2.600000000000000000e+01 1.341560834543804002e-02 2.290584490652268490e-02 6.495479331251121117e-05 7.752487324429307709e-05
2.700000000000000000e+01 1.113160476942149160e-02 1.873381009772912692e-02 6.143277167444009064e-05 7.530090034318726651e-05
2.800000000000000000e+01 9.271240434485775520e-03 1.501169757580029379e-02 5.893690791513488472e-05 7.357635561861365983e-05
2.900000000000000000e+01 8.319154384758281270e-03 1.191981158765652304e-02 5.719261858656946333e-05 7.227298852814255034e-05
3.000000000000000000e+01 7.991440338190883980e-03 9.549772825361638184e-03 5.588868505248432105e-05 7.132509697458771494e-05
3.100000000000000000e+01 7.613762287001337239e-03 7.806807803643722558e-03 5.482563879273526523e-05 7.071280945804076705e-05
3.200000000000000000e+01 6.730290074420912025e-03 6.454030106771647436e-03 5.389903901861341364e-05 7.031454654276448745e-05
3.300000000000000000e+01 5.433603001495252230e-03 5.097986163946138446e-03 5.305655568413703227e-05 6.997555714415350529e-05
3.400000000000000000e+01 4.118193923179191973e-03 3.393909403961847988e-03 5.227426853873086518e-05 6.963877550163193205e-05
3.500000000000000000e+01 3.491824897846531640e-03 9.388907551587271673e-04 5.153446843136091194e-05 6.925133837056506557e-05
3.600000000000000000e+01 1.896021332010672548e-03 -2.397532715412627972e-03 5.084248550796620613e-05 6.886928467744044186e-05
3.700000000000000000e+01 -5.265464879615962832e-04 -6.483187352836760307e-03 5.019657654720650024e-05 6.852462381071788085e-05
3.800000000000000000e+01 -2.285813216493546435e-03 -1.084607563963623997e-02 4.959365202224587827e-05 6.824396300047560354e-05
3.900000000000000000e+01 -4.346480540344812953e-03 -1.500221814135283514e-02 4.902616494668743380e-05 6.796766702770213752e-05
4.000000000000000000e+01 -6.079509334306720629e-03 -1.836893071148052586e-02 4.848218389770756907e-05 6.767856352004976753e-05
4.100000000000000000e+01 -7.591654884256348462e-03 -2.057953633772509686e-02 4.793454861273241038e-05 6.732340430400605145e-05
4.200000000000000000e+01 -7.862736037623605997e-03 -2.146086374835935381e-02 4.733564986894759572e-05 6.682744949368759398e-05
4.300000000000000000e+01 -7.199701113255048759e-03 -2.097536814030601798e-02 4.660478394511913036e-05 6.606999509803505356e-05
4.400000000000000000e+01 -6.677068395056460180e-03 -1.925698470073133883e-02 4.565499183485714459e-05 6.498253988134698039e-05
4.500000000000000000e+01 -4.736354237591427346e-03 -1.638128981926696703e-02 4.443423246066364199e-05 6.348920433904386951e-05
4.600000000000000000e+01 -2.387091782073353600e-03 -1.248259937413403499e-02 4.297420084487397476e-05 6.164743627595979073e-05
4.700000000000000000e+01 3.086787946531128042e-05 -7.784790678858600176e-03 4.141637404792313968e-05 5.966147572055803593e-05
