# freqs 	 pli 	 dpli 	 meanpower(thalamus)	 meanpower(scalp)	pli
8.000000000000000000e+00 -2.926589219812156598e-03 1.907784414308431875e-02 5.855836806489087974e-05 3.796685893569339129e-04
9.000000000000000000e+00 -4.065391897067765353e-02 -8.900013064311212974e-02 5.688625361366982314e-05 4.230981073746521454e-04
1.000000000000000000e+01 -4.141241524830408666e-02 -9.054795359890646655e-02 5.411707489535015229e-05 3.422032524263692661e-04
1.100000000000000000e+01 -1.932082415742724518e-02 -2.214876847905765389e-02 5.204034122937310276e-05 2.690172621594022354e-04
1.200000000000000000e+01 -1.063890515641046633e-03 1.905921021097466139e-02 5.074094524811080086e-05 2.219712651158441878e-04
1.300000000000000000e+01 -9.662964013578714123e-03 -9.774984878343266625e-03 4.985695988339828249e-05 1.876186554165855521e-04
1.400000000000000000e+01 -2.228845141705785779e-02 -4.315697613003907640e-02 4.922843078040814766e-05 1.652354371504664735e-04
1.500000000000000000e+01 -2.374604350667790589e-02 -4.693855367548360052e-02 4.882862304318677944e-05 1.531912131561339154e-04
1.600000000000000000e+01 -1.718554846446180423e-02 -3.691427155987288961e-02 4.858975635213069830e-05 1.478883399045667776e-04
1.700000000000000000e+01 -1.115537423605844972e-02 -2.958807033890177227e-02 4.840759606871723129e-05 1.451030558865162769e-04
1.800000000000000000e+01 -1.000747569462052955e-02 -2.604833048357845307e-02 4.830771009636262769e-05 1.412546084167269384e-04
1.900000000000000000e+01 -9.482621518119351348e-03 -2.448584920655864569e-02 4.834872679774218700e-05 1.356067055214471204e-04
2.000000000000000000e+01 -1.116114088264748457e-02 -2.519142884181377329e-02 4.853759726647064891e-05 1.301428710234640775e-04
2.100000000000000000e+01 -1.258909979485817697e-02 -2.780003758978511971e-02 4.879938884187234096e-05 1.268414772055403159e-04
2.200000000000000000e+01 -1.100747863916831139e-02 -2.999029832883625193e-02 4.899954338878086710e-05 1.258727864987809961e-04
2.300000000000000000e+01 -1.101206168736284033e-02 -3.007017658003436483e-02 4.905666392540939329e-05 1.257915848400184707e-04
2.400000000000000000e+01 -1.122189180932246094e-02 -2.878123143692645422e-02 4.895099347802784841e-05 1.246853843967526314e-04
2.500000000000000000e+01 -1.208285262518810597e-02 -2.773423649551150574e-02 4.868140934477008626e-05 1.214333850954737125e-04
2.600000000000000000e+01 -1.216803202873980271e-02 -2.796944689745621548e-02 4.827498548887199092e-05 1.162592692667677364e-04
2.700000000000000000e+01 -1.288742155851351281e-02 -2.954019000452822591e-02 4.778547078196719973e-05 1.102095841281851269e-04
2.800000000000000000e+01 -1.423832684647899360e-02 -3.207258432347734334e-02 4.727063163460952446e-05 1.043141709305678001e-04
2.900000000000000000e+01 -1.540408819815569826e-02 -3.429671155268546739e-02 4.677732739548409854e-05 9.929574910341635934e-05
3.000000000000000000e+01 -1.581849214800047643e-02 -3.506233514624812475e-02 4.631840033071360615e-05 9.540039679812799365e-05
3.100000000000000000e+01 -1.509904764433694230e-02 -3.412149056954121712e-02 4.590579480727177778e-05 9.267830081846973927e-05
3.200000000000000000e+01 -1.422247936691547511e-02 -3.235127459843753495e-02 4.553760224404960067e-05 9.100231379096521069e-05
3.300000000000000000e+01 -1.362646839104952011e-02 -3.113449858291751637e-02 4.520387154595176916e-05 9.017576484045927330e-05
3.400000000000000000e+01 -1.348930411049375534e-02 -3.137105236749392068e-02 4.489854897197303286e-05 9.000568812354730924e-05
3.500000000000000000e+01 -1.443018290933583553e-02 -3.290203511819934229e-02 4.461275430624332721e-05 9.012216190202469366e-05
3.600000000000000000e+01 -1.595755888283607177e-02 -3.478759956362114519e-02 4.434149239786267172e-05 9.020949697886477560e-05
3.700000000000000000e+01 -1.615959672879814166e-02 -3.598780386612258214e-02 4.407565227964672564e-05 9.000257583814752027e-05
3.800000000000000000e+01 -1.627383117380817867e-02 -3.590182796253084396e-02 4.381340875988459863e-05 8.942950532528136192e-05
3.900000000000000000e+01 -1.576746486890938728e-02 -3.448630963346999839e-02 4.355211251707419556e-05 8.846370786868109400e-05
4.000000000000000000e+01 -1.422034906046250671e-02 -3.221080207744825286e-02 4.328865116334673657e-05 8.727445589009428920e-05
4.100000000000000000e+01 -1.300142418567714134e-02 -2.965729654874107307e-02 4.300683442438439370e-05 8.600582269690009373e-05
4.200000000000000000e+01 -1.192391032978394778e-02 -2.732298518067308515e-02 4.266084466304903962e-05 8.470824474632525998e-05
4.300000000000000000e+01 -1.128543914022648968e-02 -2.548922455213925922e-02 4.217411499990874506e-05 8.326793130719511364e-05
4.400000000000000000e+01 -1.113793407965075165e-02 -2.426162797203954002e-02 4.146125099113442622e-05 8.160235855384343113e-05
4.500000000000000000e+01 -1.052277855309668650e-02 -2.360413942992717687e-02 4.046642038768004520e-05 7.953556605089623615e-05
4.600000000000000000e+01 -1.064479229023061746e-02 -2.346709382607767638e-02 3.921828910648420501e-05 7.706035852560950733e-05
4.700000000000000000e+01 -1.056959415517299758e-02 -2.375410406214042980e-02 3.785790381257687724e-05 7.437617767934521628e-05
