# freqs 	 pli 	 dpli 	 meanpower(thalamus)	 meanpower(scalp)	pli
8.000000000000000000e+00 8.045929622504445836e-03 2.406862209498521199e-02 1.316882339835550827e-04 2.079996412101890290e-04
9.000000000000000000e+00 1.415126553165310663e-02 1.449140405342660802e-02 1.276270666416310458e-04 1.943982606337591541e-04
1.000000000000000000e+01 2.463803525161881516e-02 1.990899146444666951e-02 1.294989011273822667e-04 1.969691907522155003e-04
1.100000000000000000e+01 3.921227814255406896e-02 9.761761568820949420e-02 1.383381679874599098e-04 2.117261331741678184e-04
1.200000000000000000e+01 2.520436802503325108e-02 7.235653467360515789e-02 1.472524428783672317e-04 2.322772730481402763e-04
1.300000000000000000e+01 -4.280389041610530715e-02 -1.824658395977299674e-01 1.488451507009614641e-04 2.726838325532639240e-04
1.400000000000000000e+01 -9.627771046432416491e-02 -3.588077218770157617e-01 1.410017373536802572e-04 2.895837309527810456e-04
1.500000000000000000e+01 -1.114041223381986717e-01 -3.500471056524117608e-01 1.269788773744899308e-04 2.539747443707693060e-04
1.600000000000000000e+01 -9.278669475352353813e-02 -2.420758238680617846e-01 1.142741772662842631e-04 1.999320165616711928e-04
1.700000000000000000e+01 -6.611880444874657092e-02 -1.425219881285143264e-01 1.063070044158310063e-04 1.595044319694265470e-04
1.800000000000000000e+01 -4.271742212536176753e-02 -9.123610499044160216e-02 1.014608830684423523e-04 1.373974543225771577e-04
1.900000000000000000e+01 -3.169920485172170177e-02 -6.506236184111642562e-02 9.764690978299754760e-05 1.261458149673220944e-04
2.000000000000000000e+01 -2.198760642492797110e-02 -4.555604327792214109e-02 9.398593290859666221e-05 1.199032041238063794e-04
2.100000000000000000e+01 -1.298278615364031191e-02 -2.937516253799202573e-02 9.038352493526572514e-05 1.158174346359869700e-04
2.200000000000000000e+01 -4.580321908393561806e-03 -1.699332075781649284e-02 8.690994222912332807e-05 1.124697677275510031e-04
2.300000000000000000e+01 2.586035994480506174e-03 -7.687430290071485366e-03 8.349365862375367491e-05 1.092103778218007887e-04
2.400000000000000000e+01 6.697182979844423789e-03 6.472302267243928899e-04 8.011407882286834315e-05 1.060786067330682565e-04
2.500000000000000000e+01 1.038746844279492959e-02 9.398170786836778853e-03 7.676392908842172671e-05 1.036237648185546191e-04
2.600000000000000000e+01 1.242905485776985876e-02 1.787735863011215981e-02 7.353267316346229622e-05 1.025083956775799901e-04
2.700000000000000000e+01 1.334751161898903825e-02 2.423566234379244053e-02 7.050647805377533654e-05 1.027494723362455437e-04
2.800000000000000000e+01 1.190123092400564679e-02 2.749845452086748659e-02 6.769121548874335807e-05 1.029730311138868761e-04
2.900000000000000000e+01 1.091442029572804902e-02 2.831321702671220353e-02 6.506964643059723915e-05 1.013110907085380179e-04
3.000000000000000000e+01 1.010579902388505924e-02 2.799652424164921632e-02 6.264933030759539212e-05 9.694558995791486471e-05
3.100000000000000000e+01 8.287315315125417040e-03 2.745068836018767569e-02 6.046013256986410380e-05 9.050681445173823297e-05
3.200000000000000000e+01 7.259896655765275472e-03 2.696314981144286999e-02 5.849528624218186171e-05 8.333446024472787996e-05
3.300000000000000000e+01 6.710768936409088926e-03 2.646651697838035139e-02 5.675679352161025400e-05 7.664560665912531501e-05
3.400000000000000000e+01 7.357818788848398406e-03 2.593080857077927417e-02 5.522177966749158449e-05 7.111947395484261145e-05
3.500000000000000000e+01 6.560501078764030720e-03 2.555839077414141444e-02 5.386492191784584085e-05 6.684133638791156398e-05
3.600000000000000000e+01 6.934456653772875546e-03 2.542479721896876918e-02 5.263944814868560976e-05 6.355123389215892491e-05
3.700000000000000000e+01 6.138630097771618881e-03 2.540747574976106454e-02 5.151109012467180624e-05 6.092831494097999625e-05
3.800000000000000000e+01 6.225216712697976586e-03 2.529502015970808496e-02 5.045890548155349675e-05 5.872781076137678559e-05
3.900000000000000000e+01 6.910540610135663953e-03 2.499029649819756518e-02 4.947112231999042112e-05 5.680379313535280280e-05
4.000000000000000000e+01 8.305378460888634962e-03 2.456705384846289558e-02 4.853441387504174804e-05 5.507361709183043378e-05
4.100000000000000000e+01 9.360555823901219388e-03 2.415899748792140617e-02 4.762524552210467370e-05 5.348015652955633481e-05
4.200000000000000000e+01 1.001114491230404441e-02 2.382780759039779608e-02 4.670109681199712502e-05 5.195068858885282346e-05
4.300000000000000000e+01 1.029934703178850622e-02 2.364290199769498654e-02 4.568951703315213438e-05 5.038203940438239892e-05
4.400000000000000000e+01 9.591822840736488956e-03 2.343456588569403296e-02 4.450264145844706401e-05 4.867493249512314617e-05
4.500000000000000000e+01 9.704627105435660595e-03 2.321268362633589072e-02 4.308241353269754494e-05 4.675744697204449327e-05
4.600000000000000000e+01 1.045276914680632642e-02 2.291662090770728646e-02 4.144613540570978640e-05 4.463785118464968691e-05
4.700000000000000000e+01 1.107473699691665682e-02 2.244383251267093385e-02 3.972149702771067022e-05 4.243764484198512090e-05
