# freqs 	 pli 	 dpli 	 meanpower(thalamus)	 meanpower(scalp)	pli
8.000000000000000000e+00 -2.539537826667364814e-02 -2.402366693044719059e-02 5.228935620686466401e-05 1.946968080396304940e-04
9.000000000000000000e+00 -1.898981414959774114e-02 -1.210082167295667942e-02 5.273709863499412043e-05 1.895791196417821809e-04
1.000000000000000000e+01 -1.239138131932508019e-02 -1.559788165292129263e-02 5.288851609659350007e-05 1.673862380860743470e-04
1.100000000000000000e+01 -8.457750046784640388e-03 -9.105849443994912945e-03 5.202085998188668071e-05 1.538583131780190977e-04
1.200000000000000000e+01 1.718403589298287976e-03 1.351042069531794947e-02 5.052584555643806728e-05 1.429509878930413291e-04
1.300000000000000000e+01 1.269334373558994936e-02 2.899767431016506830e-02 4.884671061443767462e-05 1.312632513852298051e-04
1.400000000000000000e+01 1.260799557951075740e-02 3.509507363929577350e-02 4.713663093637152546e-05 1.184089984304776533e-04
1.500000000000000000e+01 1.114917876597167762e-02 3.467078426110754147e-02 4.555191906958377560e-05 1.064377319109390257e-04
1.600000000000000000e+01 1.026295990899625012e-02 2.955851584819139954e-02 4.416508840214634961e-05 9.675992601635262781e-05
1.700000000000000000e+01 4.411529319015253421e-03 2.027425571576487243e-02 4.297477712336669401e-05 8.904547549958606123e-05
1.800000000000000000e+01 -7.689182364622925629e-05 7.515018691629600858e-03 4.203810240483619066e-05 8.280187998494324003e-05
1.900000000000000000e+01 -4.312120797838989335e-03 -7.606842198413940603e-03 4.136621462442790679e-05 7.791069139674902091e-05
2.000000000000000000e+01 -8.134033762065038392e-03 -1.960292420589128740e-02 4.095455753439910873e-05 7.420927290166210463e-05
2.100000000000000000e+01 -1.066261182247501757e-02 -2.519189967406596301e-02 4.075968510801593288e-05 7.141368723202595455e-05
2.200000000000000000e+01 -1.354992796887067100e-02 -2.586186703912735779e-02 4.073708447798038337e-05 6.921048854028397492e-05
2.300000000000000000e+01 -1.394480804893978576e-02 -2.360769418571654135e-02 4.085830390736121855e-05 6.737202541762771061e-05
2.400000000000000000e+01 -1.315249004501763304e-02 -2.021764836200119417e-02 4.110614421987394718e-05 6.585755370447317130e-05
2.500000000000000000e+01 -1.035878718175058631e-02 -1.720767615977087869e-02 4.143142102487739345e-05 6.469781720704986762e-05
2.600000000000000000e+01 -9.249909116613483362e-03 -1.541441454456479732e-02 4.177377456450756608e-05 6.386410732869433676e-05
2.700000000000000000e+01 -8.094706315079192027e-03 -1.516519573259569528e-02 4.207474488101495963e-05 6.333099136948402779e-05
2.800000000000000000e+01 -8.574410333844199872e-03 -1.610089465175942869e-02 4.230745114265556817e-05 6.301682481526862402e-05
2.900000000000000000e+01 -8.871330397207348797e-03 -1.743534812518728050e-02 4.247524416672512356e-05 6.285734381329017315e-05
3.000000000000000000e+01 -9.645008628630111561e-03 -1.819738953299120457e-02 4.257016569562093448e-05 6.278966678911183810e-05
3.100000000000000000e+01 -1.063596444456019023e-02 -1.783921589143452197e-02 4.258305884228730020e-05 6.282634257031941298e-05
3.200000000000000000e+01 -8.734661092509456159e-03 -1.647531629213580193e-02 4.249570179498261997e-05 6.294952638829472483e-05
3.300000000000000000e+01 -7.345734658341143350e-03 -1.474631701457827793e-02 4.230051944309201281e-05 6.313436132785025829e-05
3.400000000000000000e+01 -6.428450601401340669e-03 -1.324381354689290434e-02 4.200504208065384371e-05 6.339826000466764931e-05
3.500000000000000000e+01 -5.519669446386685913e-03 -1.222425248503368651e-02 4.162562135484865861e-05 6.369156953756623487e-05
3.600000000000000000e+01 -5.398910104587110494e-03 -1.170550453432835092e-02 4.119412502106053326e-05 6.400343544002007736e-05
3.700000000000000000e+01 -4.933587514005433397e-03 -1.144097218679517892e-02 4.074516489993268133e-05 6.430525201375634136e-05
3.800000000000000000e+01 -4.996153072424587734e-03 -1.102648156065632462e-02 4.030854389525010773e-05 6.460919352208749225e-05
3.900000000000000000e+01 -4.744747971317503539e-03 -1.010990136609487069e-02 3.989464460511699297e-05 6.486535055777387299e-05
4.000000000000000000e+01 -3.393394429523608185e-03 -8.546810955116453112e-03 3.950635105059366862e-05 6.508017150344808761e-05
4.100000000000000000e+01 -2.346871514323286591e-03 -6.531334814523845692e-03 3.912713683311263023e-05 6.520796606526222511e-05
4.200000000000000000e+01 -1.764665442639834405e-03 -4.457486733371135608e-03 3.871293014026126522e-05 6.517255043787716843e-05
4.300000000000000000e+01 -3.984728418864142362e-04 -2.779762982791486071e-03 3.819042256935239907e-05 6.483663131917999877e-05
4.400000000000000000e+01 8.526814668743521028e-04 -1.759279627138980815e-03 3.748114581920743290e-05 6.411977081042376334e-05
4.500000000000000000e+01 1.770140804275557520e-03 -1.485950037642082798e-03 3.653417635563704316e-05 6.291584426527585734e-05
4.600000000000000000e+01 1.446725624109945849e-03 -1.871273159877406139e-03 3.537711179839041388e-05 6.128077397831901269e-05
4.700000000000000000e+01 3.002529337666361002e-04 -2.740117260118272221e-03 3.413891426845599075e-05 5.944917581604991004e-05
