# freqs 	 pli 	 dpli 	 meanpower(thalamus)	 meanpower(scalp)	pli
8.000000000000000000e+00 -5.646070652368256892e-02 -1.038731696155572731e-01 9.276219686888755608e-05 2.296916056541902591e-04
9.000000000000000000e+00 -8.331978293427731719e-02 -1.574242891827643542e-01 8.542022418479359156e-05 1.631640159935936684e-04
1.000000000000000000e+01 -6.072167219414291439e-02 -1.175268933720289427e-01 8.079597874403918569e-05 1.438005270359073737e-04
1.100000000000000000e+01 -5.100866093888703490e-02 -1.096397324783654620e-01 7.751107643967672888e-05 1.410597584267251692e-04
1.200000000000000000e+01 -6.041732450193357251e-02 -1.121152131490712328e-01 7.741033446925840711e-05 1.436204122320410752e-04
1.300000000000000000e+01 -5.850987258620335418e-02 -9.139768618959644153e-02 8.117855186098184002e-05 1.470520612854095822e-04
1.400000000000000000e+01 -5.200171171544256538e-02 -6.935184648949392627e-02 8.703418096589227593e-05 1.474796357879560032e-04
1.500000000000000000e+01 -4.638257939945999997e-02 -5.450395755018969113e-02 9.322774729132737729e-05 1.455288515674787433e-04
1.600000000000000000e+01 -3.654184368005116562e-02 -3.379794023459992830e-02 9.907953722690653357e-05 1.439656342817521699e-04
1.700000000000000000e+01 -1.644124686654675760e-02 -3.329235743434883366e-03 1.038259407989931832e-04 1.439222954100534023e-04
1.800000000000000000e+01 5.926931422161110623e-03 2.681259462619110454e-02 1.072871413653647856e-04 1.459131505262225464e-04
1.900000000000000000e+01 1.704681168469265179e-02 4.283936023739174509e-02 1.096129745698866311e-04 1.506016063918686745e-04
2.000000000000000000e+01 1.572313723910792604e-02 3.834834407300856396e-02 1.112394849415697260e-04 1.582207738054311756e-04
2.100000000000000000e+01 2.593361353876823434e-03 1.712265462454014633e-02 1.128175467304276552e-04 1.678332240348998615e-04
2.200000000000000000e+01 -1.052068853443531050e-02 -1.578593409626302332e-02 1.152692890766222422e-04 1.769884652245066710e-04
2.300000000000000000e+01 -2.947342071011704520e-02 -6.027943857232633679e-02 1.221739614667699666e-04 1.835343679971073773e-04
2.400000000000000000e+01 -5.857350959116713884e-02 -1.146076330425837564e-01 1.395142056535437071e-04 1.874069634515921484e-04
2.500000000000000000e+01 -8.737051177485916087e-02 -1.667854565936173761e-01 1.669897627955387390e-04 1.886196854092151473e-04
2.600000000000000000e+01 -1.101287736791785321e-01 -2.037444172043353097e-01 1.935296031109741226e-04 1.859271304784654722e-04
2.700000000000000000e+01 -1.234704749773938709e-01 -2.186772795224763699e-01 2.065748329252217730e-04 1.785061534568505135e-04
2.800000000000000000e+01 -1.222179746138823547e-01 -2.117278642666645672e-01 2.012651467544345374e-04 1.672316410087457562e-04
2.900000000000000000e+01 -1.088881016286279840e-01 -1.862114271419006983e-01 1.812377595904423569e-04 1.539775221430200844e-04
3.000000000000000000e+01 -8.676798978111037453e-02 -1.469107335728361274e-01 1.542235040365880650e-04 1.404796133979315637e-04
3.100000000000000000e+01 -6.052773554693021557e-02 -9.897852347816303575e-02 1.276461513678316302e-04 1.281896389958361588e-04
3.200000000000000000e+01 -3.461951199837610266e-02 -5.035277255290446924e-02 1.060794100474562069e-04 1.179118665806513569e-04
3.300000000000000000e+01 -1.212252408269293147e-02 -9.034302976778712732e-03 9.081929774786814871e-05 1.099039906014597553e-04
3.400000000000000000e+01 3.498676078879003198e-03 2.031156729203187350e-02 8.092588611138971033e-05 1.040488094311874990e-04
3.500000000000000000e+01 1.267937842169302581e-02 3.796558834955638534e-02 7.472154128678605534e-05 9.981487336770782906e-05
3.600000000000000000e+01 1.718156783935397697e-02 4.657621048485314358e-02 7.073671613406449241e-05 9.682408642106789980e-05
3.700000000000000000e+01 2.007297480532097694e-02 4.934569119478162541e-02 6.801215036335682830e-05 9.474165482344062202e-05
3.800000000000000000e+01 2.147437629880088669e-02 4.879275780589117928e-02 6.600819576544319893e-05 9.335541566988595223e-05
3.900000000000000000e+01 1.885875174509747676e-02 4.642711916473832995e-02 6.442129446744451326e-05 9.236967054312804478e-05
4.000000000000000000e+01 1.651842934164984497e-02 4.286484145314244099e-02 6.306857893891618897e-05 9.169131037256719264e-05
4.100000000000000000e+01 1.589420349992264406e-02 3.822166602522506645e-02 6.182160982551082509e-05 9.120915067006249996e-05
4.200000000000000000e+01 1.533038827939164211e-02 3.266685867752161521e-02 6.056403434444329630e-05 9.076983832822321742e-05
4.300000000000000000e+01 1.321268862579510692e-02 2.648512202688875494e-02 5.917982645959214547e-05 9.008963631204707737e-05
4.400000000000000000e+01 1.073722866802660422e-02 2.036771385295479964e-02 5.755777272780820454e-05 8.901517627903176406e-05
4.500000000000000000e+01 9.620723577753629088e-03 1.480466495589883441e-02 5.562853261599671350e-05 8.731115236154675093e-05
4.600000000000000000e+01 6.942549488056799084e-03 1.017031183288740620e-02 5.343291438191079084e-05 8.499287045564323591e-05
4.700000000000000000e+01 4.552805107137639952e-03 6.552371244712820730e-03 5.115038697097864053e-05 8.234274231319720354e-05
