# freqs 	 pli 	 dpli 	 meanpower(thalamus)	 meanpower(scalp)	pli
8.000000000000000000e+00 4.297159293877808595e-02 1.052684844778635637e-01 8.971494174522448898e-05 2.283702155604645085e-04
9.000000000000000000e+00 2.812479467114845436e-02 9.024309761289342480e-02 9.285619182643033024e-05 1.970181060903691047e-04
1.000000000000000000e+01 3.110513593245227762e-02 1.054070269214940486e-01 1.155644846613538494e-04 1.776132742034136592e-04
1.100000000000000000e+01 3.124991955379843173e-02 1.125345430277336078e-01 1.532220256124784783e-04 1.736883152690798799e-04
1.200000000000000000e+01 1.797016082660442965e-02 1.528519411867206301e-01 1.826169290599715886e-04 1.919838479062645231e-04
1.300000000000000000e+01 -8.366917463015641210e-03 1.630863186107470442e-01 1.705128911874045764e-04 2.129057292782943244e-04
1.400000000000000000e+01 -2.383173594226155670e-02 1.104607445917696745e-01 1.297631897457103252e-04 1.984132485048598234e-04
1.500000000000000000e+01 -2.731908473597827874e-02 2.385468747785573357e-02 9.211895283467111005e-05 1.604001593665268068e-04
1.600000000000000000e+01 -2.512659480251687102e-02 -5.300873197476576454e-02 7.025178131565406334e-05 1.279448294720035410e-04
1.700000000000000000e+01 -2.260833156263656121e-02 -8.284142010877548756e-02 6.022360640454088945e-05 1.099548984690338163e-04
1.800000000000000000e+01 -2.033347984144056805e-02 -7.568779615581121278e-02 5.578810179029220721e-05 1.011117554932749969e-04
1.900000000000000000e+01 -1.932733636325043719e-02 -5.685407896256063076e-02 5.399685792992311073e-05 9.583895444621508221e-05
2.000000000000000000e+01 -1.629523957443406584e-02 -4.093054451197174898e-02 5.382364343789924395e-05 9.189060155773559342e-05
2.100000000000000000e+01 -1.290775250032703478e-02 -3.125136626753964586e-02 5.485254226219500199e-05 8.865942819989672979e-05
2.200000000000000000e+01 -1.207010536481669706e-02 -2.820013714452686282e-02 5.673160736701660784e-05 8.596943742696561055e-05
2.300000000000000000e+01 -1.438967178893604641e-02 -3.226327620460836543e-02 5.874980615406248690e-05 8.375928884373485509e-05
2.400000000000000000e+01 -1.663888826324917344e-02 -4.113892744878752672e-02 5.994442478879330016e-05 8.200500868296578950e-05
2.500000000000000000e+01 -2.004323938443461003e-02 -4.948354805170461501e-02 5.970119640490226660e-05 8.054303527885303140e-05
2.600000000000000000e+01 -2.114527955080620220e-02 -5.297875575984324625e-02 5.808122691642412242e-05 7.914093514110968073e-05
2.700000000000000000e+01 -2.010197582539529140e-02 -5.097932320444843735e-02 5.565801121891920733e-05 7.763403392665224113e-05
2.800000000000000000e+01 -1.865814630954340525e-02 -4.563833720063514149e-02 5.311966343670568237e-05 7.601057244664462394e-05
2.900000000000000000e+01 -1.735102622356655619e-02 -3.962564774401674400e-02 5.098432393900669370e-05 7.438754971023821684e-05
3.000000000000000000e+01 -1.640706292902644609e-02 -3.459095594543561136e-02 4.947481774449568134e-05 7.289583267165008140e-05
3.100000000000000000e+01 -1.502249670225297082e-02 -3.092327106991750105e-02 4.857284375140786181e-05 7.160527225673300332e-05
3.200000000000000000e+01 -1.398476196810888132e-02 -2.844865924303374705e-02 4.813440469753369415e-05 7.050324329412114947e-05
3.300000000000000000e+01 -1.395720585337751479e-02 -2.691131337489297004e-02 4.799074477885625618e-05 6.954390194398444626e-05
3.400000000000000000e+01 -1.344219431415056946e-02 -2.611132118224199564e-02 4.799735591719786926e-05 6.869015704770484556e-05
3.500000000000000000e+01 -1.342616701913266694e-02 -2.589827193132378594e-02 4.804499714177375575e-05 6.791719606782998836e-05
3.600000000000000000e+01 -1.317552090787560068e-02 -2.620230079033350132e-02 4.805255215628584245e-05 6.721053330657362763e-05
3.700000000000000000e+01 -1.350622859146277145e-02 -2.699247324551927452e-02 4.797582808456614883e-05 6.655270286926784275e-05
3.800000000000000000e+01 -1.387896353008664756e-02 -2.818792780622682986e-02 4.780902771043267198e-05 6.593437544574042442e-05
3.900000000000000000e+01 -1.459805622108418383e-02 -2.962932059526468889e-02 4.756880905152048995e-05 6.534464799425247056e-05
4.000000000000000000e+01 -1.543853913844998697e-02 -3.106352368168569661e-02 4.727782432955604617e-05 6.476654540043940702e-05
4.100000000000000000e+01 -1.622795297091981712e-02 -3.230152678699552832e-02 4.694359702499068465e-05 6.416135971095550492e-05
4.200000000000000000e+01 -1.704446237248734980e-02 -3.325872936178952272e-02 4.653540555316459221e-05 6.346083979022809954e-05
4.300000000000000000e+01 -1.755652159842198759e-02 -3.396456075403184172e-02 4.597974598060450616e-05 6.255394828652957779e-05
4.400000000000000000e+01 -1.788644074298099615e-02 -3.444904977042671096e-02 4.518375107918447384e-05 6.131921850853082247e-05
4.500000000000000000e+01 -1.798531106827441425e-02 -3.483038518183461524e-02 4.408723789818064709e-05 5.967985750344205530e-05
4.600000000000000000e+01 -1.783042691552654338e-02 -3.521119432413027939e-02 4.272208294798577580e-05 5.768332754011763763e-05
4.700000000000000000e+01 -1.769835441832969328e-02 -3.571013970301330914e-02 4.124094686557862452e-05 5.553538420638429369e-05
