# freqs 	 pli 	 dpli 	 meanpower(thalamus)	 meanpower(scalp)	pli
8.000000000000000000e+00 -7.400959354053104899e-02 -1.546970035257129450e-01 5.070035501765460289e-05 2.817180403010428598e-04
9.000000000000000000e+00 -4.622238934372525226e-02 -9.399679717888367869e-02 4.581964387710948309e-05 2.718986617656333040e-04
1.000000000000000000e+01 -1.876805581735669498e-02 -3.465514530808093407e-02 4.543362287900768040e-05 2.331361545931839830e-04
1.100000000000000000e+01 -1.068384539147670953e-02 -1.058802805079071471e-02 4.769916359492142158e-05 2.066638514227784414e-04
1.200000000000000000e+01 -1.015221182666774247e-02 -1.285077573668309825e-02 5.201006972547283038e-05 1.952859529914121684e-04
1.300000000000000000e+01 -1.396612588693030114e-02 -3.250717503380035761e-02 5.790082578269645951e-05 1.930480759315270696e-04
1.400000000000000000e+01 -2.358856165193605817e-02 -5.387507212955240654e-02 6.376983719342911648e-05 1.951514193263333564e-04
1.500000000000000000e+01 -3.218204131965648335e-02 -6.696304848478470961e-02 6.762153184571748586e-05 1.965468492402958143e-04
1.600000000000000000e+01 -3.381864102809613998e-02 -6.978127318485591313e-02 6.810180423688211835e-05 1.953534270066796064e-04
1.700000000000000000e+01 -3.211829252804668938e-02 -6.603697316240693393e-02 6.522735929272490275e-05 1.918405158575311499e-04
1.800000000000000000e+01 -3.050177419141221827e-02 -5.959745581128644137e-02 6.016174098501455311e-05 1.871019643447735872e-04
1.900000000000000000e+01 -2.844802293351978914e-02 -5.359994863213703165e-02 5.441184328063458268e-05 1.827877450575726953e-04
2.000000000000000000e+01 -2.631648675655829869e-02 -4.966095117080975008e-02 4.912726141946657164e-05 1.800890240484494600e-04
2.100000000000000000e+01 -2.565204749307437027e-02 -4.823429311849668916e-02 4.489812628499198114e-05 1.791245235095074875e-04
2.200000000000000000e+01 -2.663467839956338429e-02 -4.807081788564276231e-02 4.183638324099242528e-05 1.793370695451381022e-04
2.300000000000000000e+01 -2.539616623078515961e-02 -4.723336125362492810e-02 3.975659212753726595e-05 1.801082265949143044e-04
2.400000000000000000e+01 -2.436899731601515490e-02 -4.489656767953408012e-02 3.837161599742856463e-05 1.808632839432970359e-04
2.500000000000000000e+01 -2.259583104646282342e-02 -4.152921966752411848e-02 3.740958466965187937e-05 1.813770731755810274e-04
2.600000000000000000e+01 -2.121587769790740999e-02 -3.772790550264624315e-02 3.667180859270912833e-05 1.816118858588659237e-04
2.700000000000000000e+01 -1.857278503453988275e-02 -3.364658668828742621e-02 3.603439767498698982e-05 1.818901093844488542e-04
2.800000000000000000e+01 -1.554168699459025464e-02 -2.927800922904796183e-02 3.541813367259274850e-05 1.820865948578969404e-04
2.900000000000000000e+01 -1.304217192877410100e-02 -2.490449665578910871e-02 3.477993610167698184e-05 1.822963484463420696e-04
3.000000000000000000e+01 -1.145018744380926594e-02 -2.092333663314718123e-02 3.410592530945755457e-05 1.823122184953735803e-04
3.100000000000000000e+01 -1.012394153056859862e-02 -1.766199213969342138e-02 3.340223759001613208e-05 1.823049356678847191e-04
3.200000000000000000e+01 -8.980825152374418210e-03 -1.532144109376438849e-02 3.268706910881081059e-05 1.822621205188750828e-04
3.300000000000000000e+01 -7.724035888869905386e-03 -1.382763990220278912e-02 3.198075593537485231e-05 1.821531063823944867e-04
3.400000000000000000e+01 -7.580770645615488718e-03 -1.310519365878808941e-02 3.129972716619442542e-05 1.823049217609057436e-04
3.500000000000000000e+01 -7.053820427698884697e-03 -1.273329482186707183e-02 3.065846308075255357e-05 1.824914489955350180e-04
3.600000000000000000e+01 -6.559272832043699236e-03 -1.249102452673986861e-02 3.007287029297621723e-05 1.828238771602217979e-04
3.700000000000000000e+01 -5.905660527208275376e-03 -1.216248513844180555e-02 2.956046871446644489e-05 1.833100303623911003e-04
3.800000000000000000e+01 -5.401752393717855309e-03 -1.173832119272219185e-02 2.913226023895951693e-05 1.840843900871572862e-04
3.900000000000000000e+01 -5.451907724347675351e-03 -1.118829003934002086e-02 2.878793606901043840e-05 1.848434049573921014e-04
4.000000000000000000e+01 -5.428729226419745993e-03 -1.067113288192536417e-02 2.851582447932056065e-05 1.856515358735770678e-04
4.100000000000000000e+01 -5.475057774463914194e-03 -1.024697865055823609e-02 2.828927601857126313e-05 1.863756045087500948e-04
4.200000000000000000e+01 -5.521251310085448227e-03 -9.918645775037530921e-03 2.806238634675131680e-05 1.867595483764382717e-04
4.300000000000000000e+01 -5.171182879672233355e-03 -9.584311987759098345e-03 2.776897725554055502e-05 1.862549954985262871e-04
4.400000000000000000e+01 -5.214743466743573461e-03 -9.415797103150535044e-03 2.734068882965309612e-05 1.846979253373130098e-04
4.500000000000000000e+01 -4.620570025426477823e-03 -9.334633736443163562e-03 2.673545838097757119e-05 1.816775910699971889e-04
4.600000000000000000e+01 -4.457707721450434105e-03 -9.365516619765564335e-03 2.597144169612488539e-05 1.773521224111004673e-04
4.700000000000000000e+01 -4.697356593402222946e-03 -9.550108033504837654e-03 2.514433257409646495e-05 1.724138203578993187e-04
