# freqs 	 pli 	 dpli 	 meanpower(thalamus)	 meanpower(scalp)	pli
8.000000000000000000e+00 1.784454464586975736e-02 2.586572831651559601e-02 7.078092655725601984e-05 2.424618165399504497e-04
9.000000000000000000e+00 -2.683819240030831804e-02 -5.495092012707353951e-02 6.424980998463310461e-05 2.243321857780391040e-04
1.000000000000000000e+01 -2.859341112502672769e-02 -6.632164649603654316e-02 5.960429278286305185e-05 2.046855047927763685e-04
1.100000000000000000e+01 -2.499971409293123489e-02 -5.051066947910177324e-02 5.619632442969257875e-05 1.866413617832492504e-04
1.200000000000000000e+01 -2.587427762169076592e-02 -3.534590537315994430e-02 5.332680188447141235e-05 1.680077696808439814e-04
1.300000000000000000e+01 -1.169730745170962857e-02 -1.002095606494652485e-02 5.113530944660438552e-05 1.489329735780000957e-04
1.400000000000000000e+01 -1.490143116422060991e-03 1.705742373098638465e-02 4.928352998524913002e-05 1.331748343880485180e-04
1.500000000000000000e+01 -9.490025034686041876e-05 2.070671920467540006e-02 4.821042371563881597e-05 1.216428683097348762e-04
1.600000000000000000e+01 -9.605929314394574857e-04 1.365962865119180539e-02 4.764140595675042726e-05 1.124162286150431992e-04
1.700000000000000000e+01 2.113225284029797446e-04 6.350401374087526023e-03 4.734674576744292104e-05 1.045887896067798856e-04
1.800000000000000000e+01 1.078750694937069760e-03 -4.957920086071388940e-03 4.718670178235673973e-05 9.808816389720531007e-05
1.900000000000000000e+01 -9.708021044142341530e-03 -1.678418593292667696e-02 4.707697235688707997e-05 9.275005994130249595e-05
2.000000000000000000e+01 -1.073960502550313188e-02 -2.218490791120675959e-02 4.693332999585134998e-05 8.832603593096060722e-05
2.100000000000000000e+01 -9.133568749538970716e-03 -2.207035522713314546e-02 4.675267179256226873e-05 8.468395337650837012e-05
2.200000000000000000e+01 -6.081564625014298370e-03 -2.106386675691911473e-02 4.652100534106377692e-05 8.158312891812874391e-05
2.300000000000000000e+01 -7.915657048677133059e-03 -2.170908477079562873e-02 4.627828677315505421e-05 7.874268171799665499e-05
2.400000000000000000e+01 -9.963864811884461797e-03 -2.319405075437725935e-02 4.600113069444677650e-05 7.593214122260545911e-05
2.500000000000000000e+01 -1.127402742861891710e-02 -2.313676358124345037e-02 4.568442349806565474e-05 7.317847421053253235e-05
2.600000000000000000e+01 -6.667673773061162656e-03 -2.125890246810698686e-02 4.539030032886356205e-05 7.054795068856751562e-05
2.700000000000000000e+01 -4.723886252971895225e-03 -1.960006635610798270e-02 4.511375400501565727e-05 6.812008861494786354e-05
2.800000000000000000e+01 -4.626541040146071870e-03 -1.989363271985867751e-02 4.485142465188051477e-05 6.593215845262672987e-05
2.900000000000000000e+01 -8.180180962093431402e-03 -2.227493686139255663e-02 4.462032617191077270e-05 6.401905452185533102e-05
3.000000000000000000e+01 -1.089117876776678900e-02 -2.581712112908865833e-02 4.442414116530497733e-05 6.237341709290862622e-05
3.100000000000000000e+01 -1.111310203042334237e-02 -2.939723564155350202e-02 4.424107859555225891e-05 6.097644160717910868e-05
3.200000000000000000e+01 -9.905564313568718249e-03 -3.211796215022202222e-02 4.407712223105678345e-05 5.978849903818003297e-05
3.300000000000000000e+01 -8.994672582039502096e-03 -3.341097715606039520e-02 4.392730904839181898e-05 5.876943751677418584e-05
3.400000000000000000e+01 -1.003312959184154279e-02 -3.284215353192686954e-02 4.378329232158080470e-05 5.790445114630190940e-05
3.500000000000000000e+01 -1.086127815332826353e-02 -3.034545549844573295e-02 4.363939143926239906e-05 5.715868362771885699e-05
3.600000000000000000e+01 -1.062913551582403068e-02 -2.636674469690591244e-02 4.348053880680840508e-05 5.648446125655109175e-05
3.700000000000000000e+01 -9.037461370317328990e-03 -2.182298247119262083e-02 4.331031167988028650e-05 5.583533550627042667e-05
3.800000000000000000e+01 -7.716552343883935003e-03 -1.787725725025483825e-02 4.312845898871780576e-05 5.518013170182013472e-05
3.900000000000000000e+01 -9.103906598778233744e-03 -1.535905674348250240e-02 4.294150886689338025e-05 5.451244123815562784e-05
4.000000000000000000e+01 -8.979433471674054187e-03 -1.456850078203149323e-02 4.275081991680159695e-05 5.382885128238864311e-05
4.100000000000000000e+01 -7.862523540489642360e-03 -1.514269910969502642e-02 4.254097967436019944e-05 5.312515405710563148e-05
4.200000000000000000e+01 -8.508382691744599199e-03 -1.645675827352249126e-02 4.226838580412147449e-05 5.235162660426702954e-05
4.300000000000000000e+01 -8.385987012876966115e-03 -1.798363601637139111e-02 4.185150466676015326e-05 5.142893736006836557e-05
4.400000000000000000e+01 -1.036283087536172924e-02 -1.944990994548414023e-02 4.119241597130903501e-05 5.026077906393585699e-05
4.500000000000000000e+01 -1.003118449303314064e-02 -2.084383228004955263e-02 4.023784093867644265e-05 4.878210044716791886e-05
4.600000000000000000e+01 -1.044125453169646341e-02 -2.225573489009962519e-02 3.902736241435560339e-05 4.701329985763440814e-05
4.700000000000000000e+01 -1.203318135407403268e-02 -2.377264885800716918e-02 3.770994167625016141e-05 4.509282280287930488e-05
