# freqs 	 pli 	 dpli 	 meanpower(thalamus)	 meanpower(scalp)	pli
8.000000000000000000e+00 -4.426472349822972718e-02 -1.035743464555892307e-01 4.876191879588776370e-05 2.209648293228246409e-04
9.000000000000000000e+00 -2.086186289780231004e-02 -4.028544607181205883e-02 4.748844943009450262e-05 1.720538949861311864e-04
1.000000000000000000e+01 -1.414149460423946153e-02 -2.135740698645562791e-02 4.944091407709364682e-05 1.499705001501455042e-04
1.100000000000000000e+01 -1.875011972672388852e-02 -4.004732654194465696e-02 5.383562138005232046e-05 1.454827980043542205e-04
1.200000000000000000e+01 -2.267413570635753300e-02 -4.683437353799034530e-02 5.869740779939892184e-05 1.485012559371632745e-04
1.300000000000000000e+01 -2.069386432911789198e-02 -3.689704144598241614e-02 6.158266054974660859e-05 1.529780269203224281e-04
1.400000000000000000e+01 -7.580467225383243773e-03 -1.290641091084378071e-02 6.163096641638305382e-05 1.553983115306159523e-04
1.500000000000000000e+01 3.166702520725711654e-03 1.795530918480668647e-02 5.932344498837519616e-05 1.546655595723148190e-04
1.600000000000000000e+01 1.352692504233762860e-02 4.440605352943937517e-02 5.584784887214584324e-05 1.513928342534695862e-04
1.700000000000000000e+01 1.922622589615210001e-02 5.873975090421987288e-02 5.236767520554563133e-05 1.466034716344503854e-04
1.800000000000000000e+01 1.692448658329548730e-02 5.357981939308161662e-02 4.958239695072783591e-05 1.411073371164619865e-04
1.900000000000000000e+01 5.674643702949657732e-03 2.647069877051296330e-02 4.772967095573402304e-05 1.355929380131164794e-04
2.000000000000000000e+01 -1.146745895609977035e-02 -1.569913571940958000e-02 4.659241670683321435e-05 1.305451624504719429e-04
2.100000000000000000e+01 -2.994041342782178053e-02 -6.069851229257611919e-02 4.568623622966412189e-05 1.263196276667061886e-04
2.200000000000000000e+01 -4.434610382689745112e-02 -9.649069087877945594e-02 4.464282286077727560e-05 1.226300523240911149e-04
2.300000000000000000e+01 -5.084549014712995418e-02 -1.130274712608340254e-01 4.339366769340913694e-05 1.188091110742248711e-04
2.400000000000000000e+01 -4.713689819491705818e-02 -1.064576879362343076e-01 4.213076340881816704e-05 1.144178265929937178e-04
2.500000000000000000e+01 -3.639277201688737029e-02 -8.327092249230631793e-02 4.107473040196272114e-05 1.097151659606186767e-04
2.600000000000000000e+01 -2.477350762841281501e-02 -5.571594639008635441e-02 4.033551142572992359e-05 1.052661535549406861e-04
2.700000000000000000e+01 -1.552783666164743795e-02 -3.351966193555760282e-02 3.987812657027538552e-05 1.014845435206369645e-04
2.800000000000000000e+01 -1.006544469911566791e-02 -1.988662497823553976e-02 3.959506110594448536e-05 9.839695524235086142e-05
2.900000000000000000e+01 -6.603925557998398428e-03 -1.339128900154926312e-02 3.937854903481870878e-05 9.593983688665139989e-05
3.000000000000000000e+01 -6.401953372406965666e-03 -1.114166044562565905e-02 3.914923549384306822e-05 9.396718832444481433e-05
3.100000000000000000e+01 -5.910332555933418136e-03 -1.066425665809967414e-02 3.888441506123217197e-05 9.244826636926196776e-05
3.200000000000000000e+01 -5.698410813439584027e-03 -1.046580413725859901e-02 3.858471711164850705e-05 9.128730576220336630e-05
3.300000000000000000e+01 -5.776943519901489577e-03 -9.961997254063157878e-03 3.826387916007200236e-05 9.037879799323134339e-05
3.400000000000000000e+01 -5.641149419342338447e-03 -9.231442959506404311e-03 3.793736262889272010e-05 8.971818156517933815e-05
3.500000000000000000e+01 -4.825595830786938607e-03 -8.504185723361121912e-03 3.761486788444296479e-05 8.919184399862337066e-05
3.600000000000000000e+01 -4.857226723602153101e-03 -8.077473096615458634e-03 3.731311480110778160e-05 8.877567507407745214e-05
3.700000000000000000e+01 -4.998276209249965726e-03 -8.037880065802948878e-03 3.704178372301372566e-05 8.841889895561537058e-05
3.800000000000000000e+01 -4.899006451132476882e-03 -8.256111844015888435e-03 3.679825708961371284e-05 8.810411491105440854e-05
3.900000000000000000e+01 -4.753141561924084310e-03 -8.438188137858404492e-03 3.657064467956438835e-05 8.773161511114911323e-05
4.000000000000000000e+01 -4.722469372390664284e-03 -8.325107712715206290e-03 3.634294045598975513e-05 8.729249628579303694e-05
4.100000000000000000e+01 -4.265309324503340979e-03 -7.786119811864674646e-03 3.609404941363117668e-05 8.674267946960504197e-05
4.200000000000000000e+01 -3.615429163509801050e-03 -6.872881263361983219e-03 3.578585825615545262e-05 8.600045743050699592e-05
4.300000000000000000e+01 -2.641616720439217240e-03 -5.791774818734397520e-03 3.536176921466511769e-05 8.490524241200275788e-05
4.400000000000000000e+01 -1.867992733544965832e-03 -4.700428264520995804e-03 3.476138761763285733e-05 8.337628104998773542e-05
4.500000000000000000e+01 -1.381586091802433029e-03 -3.751128482776020390e-03 3.395038289515153051e-05 8.128880848623185886e-05
4.600000000000000000e+01 -6.046963528462263567e-04 -2.961772568902028020e-03 3.295699206727009748e-05 7.871376184950803015e-05
4.700000000000000000e+01 -9.515729335791105322e-04 -2.230801391749722210e-03 3.189167330453315693e-05 7.593953777773063748e-05
