# freqs 	 pli 	 dpli 	 meanpower(thalamus)	 meanpower(scalp)	pli
8.000000000000000000e+00 6.568619509918500153e-03 -6.228062288805236851e-02 1.052937900917565422e-04 1.653735574175939794e-04
9.000000000000000000e+00 -1.161686597979427749e-02 -8.153778275471627868e-02 1.014491731224806496e-04 1.471399671109537271e-04
1.000000000000000000e+01 -9.697713577529605252e-04 -4.662126982959005628e-02 1.025145979259655906e-04 1.373717715532391957e-04
1.100000000000000000e+01 2.238745208888615751e-02 2.775261716175360382e-02 1.104166751640444722e-04 1.376770009279621376e-04
1.200000000000000000e+01 3.755399304929414595e-02 9.298953438321040654e-02 1.180141903346542727e-04 1.565455491983960021e-04
1.300000000000000000e+01 1.924889036439903986e-02 1.039384674543099574e-01 1.154856079719969480e-04 2.025600014522852444e-04
1.400000000000000000e+01 -5.030325027988281385e-03 3.805955420410761514e-02 1.039500550017541473e-04 2.241517048709245296e-04
1.500000000000000000e+01 -1.835809492962982292e-02 -3.919192060979992398e-02 9.030531899731438666e-05 1.986762205220583030e-04
1.600000000000000000e+01 -1.827563652127566288e-02 -6.906639826636493118e-02 7.979018953388594790e-05 1.578368714204109939e-04
1.700000000000000000e+01 -1.105150171507940891e-02 -5.909196270844068594e-02 7.288648371389235231e-05 1.288298449521627987e-04
1.800000000000000000e+01 -8.283045168274620965e-03 -4.841622664341425214e-02 6.796443273968065242e-05 1.145721926624092740e-04
1.900000000000000000e+01 -1.013018851198718533e-02 -5.005782972064555525e-02 6.396065700143276783e-05 1.080924718904485184e-04
2.000000000000000000e+01 -1.071339491396396809e-02 -5.547242721997690251e-02 6.066382585802100613e-05 1.045352060935691866e-04
2.100000000000000000e+01 -1.119975807010506648e-02 -5.899769879205578327e-02 5.819803524939841914e-05 1.018849804521598513e-04
2.200000000000000000e+01 -1.255997265264217552e-02 -6.110716745331106620e-02 5.651890845100092462e-05 9.950151180837566399e-05
2.300000000000000000e+01 -1.411597820654929281e-02 -6.216624533717422102e-02 5.530756494139004624e-05 9.706192592505122915e-05
2.400000000000000000e+01 -1.443726596743760346e-02 -6.043486431951633486e-02 5.419278801129048275e-05 9.457178919896265014e-05
2.500000000000000000e+01 -1.321051401980556823e-02 -5.501136744139863838e-02 5.299117613251019625e-05 9.251020827527374360e-05
2.600000000000000000e+01 -1.280616547813517164e-02 -4.760030661847636235e-02 5.166846986528307535e-05 9.162319705400706366e-05
2.700000000000000000e+01 -1.320372781086520154e-02 -4.122314868654332332e-02 5.025676880236708608e-05 9.204903567007718837e-05
2.800000000000000000e+01 -1.390191527037939676e-02 -3.753246598107880250e-02 4.881834164091226896e-05 9.259156288755704888e-05
2.900000000000000000e+01 -1.440165677077189822e-02 -3.594907332296679719e-02 4.744237291615899612e-05 9.155711263503703041e-05
3.000000000000000000e+01 -1.440070423004848228e-02 -3.529307308800300885e-02 4.619203044601417993e-05 8.822104299833130321e-05
3.100000000000000000e+01 -1.449900433528021268e-02 -3.474562171393821841e-02 4.510726149770649120e-05 8.314401673551831461e-05
3.200000000000000000e+01 -1.453325976199532424e-02 -3.393892055886475051e-02 4.420273838152652298e-05 7.747749839487914957e-05
3.300000000000000000e+01 -1.387028562363149670e-02 -3.271341293845819037e-02 4.345834272262370768e-05 7.223597470873057292e-05
3.400000000000000000e+01 -1.251157483000256941e-02 -3.100561431721515077e-02 4.284161518687978914e-05 6.793726780785118240e-05
3.500000000000000000e+01 -1.181070129656489748e-02 -2.889056326137200842e-02 4.231060651002004286e-05 6.461081509093003297e-05
3.600000000000000000e+01 -1.159713639295475301e-02 -2.641847101680841123e-02 4.183487901479996692e-05 6.201967032198912226e-05
3.700000000000000000e+01 -1.032405981459561667e-02 -2.365490268046918643e-02 4.139411255346966105e-05 5.990750346247516127e-05
3.800000000000000000e+01 -8.465298708298726535e-03 -2.070454775263480540e-02 4.097747368089197279e-05 5.809366364853494474e-05
3.900000000000000000e+01 -7.163176552890658001e-03 -1.764526626273359503e-02 4.058379230655250006e-05 5.646974550488874915e-05
4.000000000000000000e+01 -5.744460196188501053e-03 -1.467890080631059808e-02 4.020905268937081148e-05 5.498193153296258433e-05
4.100000000000000000e+01 -4.699134207782901772e-03 -1.201130230706492878e-02 3.983259987209589935e-05 5.358302930053234929e-05
4.200000000000000000e+01 -4.532214643798217549e-03 -9.770760609049375031e-03 3.941498366878771949e-05 5.220747802186574655e-05
4.300000000000000000e+01 -4.437848995938091859e-03 -7.985391531621085365e-03 3.888727352491873389e-05 5.075613507276116951e-05
4.400000000000000000e+01 -4.365705706654025332e-03 -6.642188865933224690e-03 3.817007524714973376e-05 4.913759866515325197e-05
4.500000000000000000e+01 -4.590123521135092317e-03 -5.651450354689964602e-03 3.721613809766007475e-05 4.728297319400803181e-05
4.600000000000000000e+01 -4.111522552890894792e-03 -4.929289249630643306e-03 3.605476439586940697e-05 4.521341948989988409e-05
4.700000000000000000e+01 -3.724107921916589882e-03 -4.384378092707318791e-03 3.481584479997424969e-05 4.307682047843176972e-05
