# freqs 	 pli 	 dpli 	 meanpower(thalamus)	 meanpower(scalp)	pli
8.000000000000000000e+00 -2.312068720881449088e-02 -4.520809587887013314e-02 1.206924050829938572e-04 2.692231833102807126e-04
9.000000000000000000e+00 -3.760037990069388381e-02 -8.450021995090874205e-02 1.154307364367560435e-04 2.392407479059580782e-04
1.000000000000000000e+01 -5.003570224040792408e-02 -1.188316588491768327e-01 1.295662560315164488e-04 2.107685074357674353e-04
1.100000000000000000e+01 -7.718470193056309325e-02 -2.286464607789499837e-01 1.444280192647951020e-04 1.957105224287886602e-04
1.200000000000000000e+01 -9.447595779894236989e-02 -2.938621965212739329e-01 1.386201066911630633e-04 1.927284221128154336e-04
1.300000000000000000e+01 -9.534934154861236799e-02 -2.934240410086088602e-01 1.187750070749152932e-04 1.947934215061957678e-04
1.400000000000000000e+01 -8.786759320578013677e-02 -2.843472061986111465e-01 9.691750361916436388e-05 1.844934491493149191e-04
1.500000000000000000e+01 -7.577092001882131111e-02 -2.617457934411844267e-01 7.923529959123326019e-05 1.605843826596705715e-04
1.600000000000000000e+01 -6.215346817795908835e-02 -2.164978941249076638e-01 6.718847379974486134e-05 1.352044462238616144e-04
1.700000000000000000e+01 -4.725562520123447602e-02 -1.598348118716133304e-01 5.969550471022561566e-05 1.160880477829713905e-04
1.800000000000000000e+01 -3.381626939502128948e-02 -1.089370650568732557e-01 5.533333116649936137e-05 1.034550422986202996e-04
1.900000000000000000e+01 -2.320784888582031955e-02 -7.278018778212134998e-02 5.320835544862029460e-05 9.497358888492385691e-05
2.000000000000000000e+01 -1.576756644128666021e-02 -5.020060909121226711e-02 5.254704024764930600e-05 8.879023709421009127e-05
2.100000000000000000e+01 -1.219980097714314093e-02 -3.599811438949220010e-02 5.243939941596915461e-05 8.389244640813363276e-05
2.200000000000000000e+01 -9.401154696942413611e-03 -2.646184860277545417e-02 5.217688714326700658e-05 7.980436992877131463e-05
2.300000000000000000e+01 -7.743446352145268857e-03 -1.996091507376179797e-02 5.148844520034125214e-05 7.630901761202073263e-05
2.400000000000000000e+01 -5.760031332895943976e-03 -1.558311923679101159e-02 5.040099561460782522e-05 7.327591626244341918e-05
2.500000000000000000e+01 -3.997542105626026784e-03 -1.321602922971790856e-02 4.905165700947547198e-05 7.060114011124603447e-05
2.600000000000000000e+01 -3.912347473030790800e-03 -1.317886413904154584e-02 4.759699522047164253e-05 6.814620360666942837e-05
2.700000000000000000e+01 -5.572599689343580610e-03 -1.545867184819163173e-02 4.617881211065073816e-05 6.576245162229686322e-05
2.800000000000000000e+01 -6.858513690800246108e-03 -1.949648642033182180e-02 4.490090729974235593e-05 6.335773986467683149e-05
2.900000000000000000e+01 -9.058998565855883381e-03 -2.436245011024467180e-02 4.381809358868792611e-05 6.094397887898773047e-05
3.000000000000000000e+01 -1.083233785277349683e-02 -2.899266696050695549e-02 4.293484067249166820e-05 5.859726776380116416e-05
3.100000000000000000e+01 -1.215546050323560411e-02 -3.254278675498394058e-02 4.221620783573782043e-05 5.639626542611600251e-05
3.200000000000000000e+01 -1.202866547932872690e-02 -3.466771835612700997e-02 4.160997493777813334e-05 5.437728595177604294e-05
3.300000000000000000e+01 -1.187946324261698536e-02 -3.556648845929937658e-02 4.107847308714479193e-05 5.254175796381320489e-05
3.400000000000000000e+01 -1.178917693039694889e-02 -3.568412292118419704e-02 4.059543648759017872e-05 5.088216377090007853e-05
3.500000000000000000e+01 -1.181277462751853698e-02 -3.541117016648770432e-02 4.014237367617234432e-05 4.937526793118572252e-05
3.600000000000000000e+01 -1.181633672309180018e-02 -3.492786550123365419e-02 3.971205649648817411e-05 4.799708503508571801e-05
3.700000000000000000e+01 -1.114794051642290819e-02 -3.420419292332168432e-02 3.930487490864678038e-05 4.672364168758429381e-05
3.800000000000000000e+01 -1.045056901302531677e-02 -3.309028628530195221e-02 3.892151239322417269e-05 4.554185123107842587e-05
3.900000000000000000e+01 -9.884417754101440523e-03 -3.142786537815886461e-02 3.855914876139340954e-05 4.443465957659057156e-05
4.000000000000000000e+01 -9.322582967388956532e-03 -2.915121293105722364e-02 3.821442081885668014e-05 4.339207206296703768e-05
4.100000000000000000e+01 -8.267309841490056918e-03 -2.634138784609214856e-02 3.786770325651697379e-05 4.239597087691474150e-05
4.200000000000000000e+01 -7.363563238877914897e-03 -2.319843916062728703e-02 3.747887838461699822e-05 4.141031408415524125e-05
4.300000000000000000e+01 -6.163628746224895233e-03 -1.998096771575560288e-02 3.698264939286028584e-05 4.037054361613524894e-05
4.400000000000000000e+01 -5.239718519730079266e-03 -1.689015016504713529e-02 3.630203779757411775e-05 3.920547877981211688e-05
4.500000000000000000e+01 -3.972276212666768155e-03 -1.399386123616401349e-02 3.539096962573883622e-05 3.785546317299347155e-05
4.600000000000000000e+01 -2.893692559841081272e-03 -1.120412388465832736e-02 3.427655587597281046e-05 3.632778981927215861e-05
4.700000000000000000e+01 -1.743245422894904896e-03 -8.315567462261695339e-03 3.308374610006232179e-05 3.472283265464603532e-05
