# freqs 	 pli 	 dpli 	 meanpower(thalamus)	 meanpower(scalp)	pli
8.000000000000000000e+00 1.419316844936767963e-01 3.207084039773382966e-01 1.995056878246905907e-04 3.190110644318300552e-04
9.000000000000000000e+00 1.283427024258800841e-01 2.709606118912418204e-01 1.860722116497714291e-04 2.897133653734173218e-04
1.000000000000000000e+01 9.523874448440351748e-02 2.022911736136331629e-01 1.673746622413201861e-04 2.469640833501778499e-04
1.100000000000000000e+01 8.243810398716369670e-02 1.809569074988730819e-01 1.446654164216164393e-04 2.044892167902838853e-04
1.200000000000000000e+01 7.013745780026242604e-02 1.636381555661793052e-01 1.244036672187099235e-04 1.700500267205228347e-04
1.300000000000000000e+01 5.612561123952498204e-02 1.244151466342586221e-01 1.115077136148930227e-04 1.458657852288346049e-04
1.400000000000000000e+01 4.234120229017410836e-02 7.664168239176281927e-02 1.070858443900518935e-04 1.326709340034858424e-04
1.500000000000000000e+01 2.903348559675719004e-02 3.866506135361806595e-02 1.050595678555755889e-04 1.254455898238808064e-04
1.600000000000000000e+01 1.964673664008970491e-02 1.975328046143262281e-02 9.962756566524386668e-05 1.173217090992143886e-04
1.700000000000000000e+01 1.250520803295627169e-02 1.697254557841491526e-02 9.098821882544621089e-05 1.070911161353106596e-04
1.800000000000000000e+01 1.100819585550978294e-02 2.335312573379930839e-02 8.237024748269187731e-05 9.728075872667715199e-05
1.900000000000000000e+01 1.114402827403484196e-02 2.711559470962570176e-02 7.575267938463183361e-05 8.968811318679450377e-05
2.000000000000000000e+01 9.622860172333812592e-03 2.075156488719562611e-02 7.107742743621809050e-05 8.434920320015749408e-05
2.100000000000000000e+01 8.131938342722279389e-03 8.022232490801802646e-03 6.755112424123973700e-05 8.050812774580978911e-05
2.200000000000000000e+01 6.473343933480596966e-03 -4.440809378510678085e-03 6.463391925095897915e-05 7.748027996936028680e-05
2.300000000000000000e+01 4.486068142722006262e-03 -1.346717853259946779e-02 6.211173132031709142e-05 7.483333470235646752e-05
2.400000000000000000e+01 3.502503644486118246e-03 -1.859621168559466228e-02 5.993073103950807319e-05 7.233039359119814696e-05
2.500000000000000000e+01 2.844919380038873642e-03 -1.989585462312059780e-02 5.808223420339211001e-05 6.986000205963353599e-05
2.600000000000000000e+01 2.899679229968835700e-03 -1.766314246595855619e-02 5.658898868940314168e-05 6.743845142902056230e-05
2.700000000000000000e+01 3.725676991060502142e-03 -1.316676660032854891e-02 5.547664745854043080e-05 6.517158025053700759e-05
2.800000000000000000e+01 5.318102884676086627e-03 -8.285345562809482561e-03 5.468413519314853962e-05 6.314570872338197589e-05
2.900000000000000000e+01 5.521032186302634280e-03 -4.382535340670604476e-03 5.406965504794096565e-05 6.138680171433607039e-05
3.000000000000000000e+01 5.438631674295843314e-03 -1.869954605964846070e-03 5.346477692277255085e-05 5.986736341401462157e-05
3.100000000000000000e+01 4.981256360818890269e-03 -5.914388533065598631e-04 5.276835035912358330e-05 5.854123475350145588e-05
3.200000000000000000e+01 3.964903431682999767e-03 -2.087488098751914605e-04 5.196076851143516446e-05 5.735920680383425446e-05
3.300000000000000000e+01 3.960343542879813002e-03 -3.737467018544179498e-04 5.107008719057330102e-05 5.628052274586341788e-05
3.400000000000000000e+01 3.352410571995550429e-03 -8.665250516747622766e-04 5.014501401581518267e-05 5.526897496260174084e-05
3.500000000000000000e+01 2.043572622989445198e-03 -1.758809161459291967e-03 4.922907433659459790e-05 5.430769503662426277e-05
3.600000000000000000e+01 9.299206371739239616e-04 -3.255297953223725525e-03 4.833975988329461279e-05 5.339686770225331224e-05
3.700000000000000000e+01 1.492187677651401535e-04 -5.437764110921689681e-03 4.748712085118875800e-05 5.254496367191027252e-05
3.800000000000000000e+01 -1.926137808459883532e-03 -8.061148696962297522e-03 4.667328024810839601e-05 5.174827430034880570e-05
3.900000000000000000e+01 -3.909203580494667075e-03 -1.061906603442375717e-02 4.589275123411532730e-05 5.099883083007489948e-05
4.000000000000000000e+01 -4.412519295858893971e-03 -1.253128923787028524e-02 4.513949878462864690e-05 5.028038802286825083e-05
4.100000000000000000e+01 -3.281642056032897919e-03 -1.338408212091445754e-02 4.439748191446823977e-05 4.956508713630382556e-05
4.200000000000000000e+01 -2.117336125058300999e-03 -1.303721194365066102e-02 4.362402532253589191e-05 4.880384308853435646e-05
4.300000000000000000e+01 -1.411333203379289396e-03 -1.160708296470867179e-02 4.274914683781148205e-05 4.791457389712150514e-05
4.400000000000000000e+01 -4.798466427886798405e-04 -9.357232741678503385e-03 4.168903486379581719e-05 4.680389112459860376e-05
4.500000000000000000e+01 3.627997486633109453e-04 -6.562805092395440805e-03 4.039062257286570170e-05 4.540748019181441289e-05
4.600000000000000000e+01 6.501139818089148904e-04 -3.428707476231399823e-03 3.888046873608033932e-05 4.375042541046247836e-05
4.700000000000000000e+01 1.506932251538105338e-03 -7.527889987182356107e-05 3.728660844575758520e-05 4.197077685254494545e-05
