# freqs 	 pli 	 dpli 	 meanpower(thalamus)	 meanpower(scalp)	pli
8.000000000000000000e+00 -6.493375278119917215e-02 -1.188125583756541037e-01 4.173502342156756157e-05 6.539596250106952894e-04
9.000000000000000000e+00 -3.625016265842349872e-02 -5.065609941823441542e-02 4.146256913010504702e-05 6.744905402760022423e-04
1.000000000000000000e+01 -1.085907539531857577e-02 -6.430314068596639995e-03 4.025486782276534777e-05 5.778850578084055107e-04
1.100000000000000000e+01 -2.818346720329224873e-03 7.196042293060609350e-03 3.870786863327467081e-05 4.755403774155834225e-04
1.200000000000000000e+01 4.462366148762158570e-03 1.486308670853987365e-02 3.730853027700188374e-05 4.128207789045598773e-04
1.300000000000000000e+01 1.819236448006749654e-03 1.211927528455909904e-02 3.630290789862369811e-05 3.799900204892286124e-04
1.400000000000000000e+01 -1.914745874978215348e-03 -2.454459804921798032e-03 3.575077954659001446e-05 3.661815035472058681e-04
1.500000000000000000e+01 -1.020700751614106450e-02 -2.265364273515758226e-02 3.547854956476124700e-05 3.647186366703882173e-04
1.600000000000000000e+01 -2.064809314482594915e-02 -4.002039432616164016e-02 3.515392155793911134e-05 3.678494566167674626e-04
1.700000000000000000e+01 -2.434075883190016387e-02 -4.761133856289390121e-02 3.458429729053490842e-05 3.693153170818647764e-04
1.800000000000000000e+01 -2.450936857573419309e-02 -4.709949132827209728e-02 3.391838952190439905e-05 3.673872104095768040e-04
1.900000000000000000e+01 -2.085226522083014761e-02 -4.322588457309185783e-02 3.339991640814039527e-05 3.626533488160558994e-04
2.000000000000000000e+01 -1.787167709322026732e-02 -3.942596162177267743e-02 3.310861247861468911e-05 3.548807672653892073e-04
2.100000000000000000e+01 -1.678157639870746579e-02 -3.683499371850500886e-02 3.297636240341455995e-05 3.439443657199048256e-04
2.200000000000000000e+01 -1.688396063872067004e-02 -3.499800250197224877e-02 3.289138403065424207e-05 3.300717001911871265e-04
2.300000000000000000e+01 -1.660189059469018361e-02 -3.289945676194543089e-02 3.278802217743135113e-05 3.148501603106058097e-04
2.400000000000000000e+01 -1.631986215887880690e-02 -3.010441592083312745e-02 3.263569820030285258e-05 2.999440862819985408e-04
2.500000000000000000e+01 -1.482490264005689208e-02 -2.674524841042762863e-02 3.244206684175809967e-05 2.868475609081078430e-04
2.600000000000000000e+01 -1.332266379698118786e-02 -2.284597957630762205e-02 3.223226767471079867e-05 2.763746717818839392e-04
2.700000000000000000e+01 -1.167798580568676914e-02 -1.848937975002142367e-02 3.202685863292151913e-05 2.693300927237850012e-04
2.800000000000000000e+01 -9.337374916823071302e-03 -1.407431600043347955e-02 3.184286608191158933e-05 2.653254507122138734e-04
2.900000000000000000e+01 -7.345884825730129679e-03 -1.015225312141632662e-02 3.168891175906625571e-05 2.641138064051990289e-04
3.000000000000000000e+01 -5.267563100093173613e-03 -7.009853717686850838e-03 3.156163220589413323e-05 2.648139494837628539e-04
3.100000000000000000e+01 -3.697172749596663692e-03 -4.677520973143470435e-03 3.145386475975291938e-05 2.671547668154729055e-04
3.200000000000000000e+01 -2.600063223825856834e-03 -3.018320500529639554e-03 3.136290370765298366e-05 2.704844354883996081e-04
3.300000000000000000e+01 -1.996539493734115090e-03 -1.836845902646665240e-03 3.128618379023150622e-05 2.742638273515164661e-04
3.400000000000000000e+01 -1.528676152563842065e-03 -9.690642058769786092e-04 3.122212725171793867e-05 2.786366251609516723e-04
3.500000000000000000e+01 -1.092316628439527707e-03 -1.801426720422856964e-04 3.116668490798199970e-05 2.829432891833018348e-04
3.600000000000000000e+01 -1.803309223479009126e-04 5.999837129402055746e-04 3.111508844460183771e-05 2.872281338548689157e-04
3.700000000000000000e+01 4.889227949450339859e-04 1.377492422138274332e-03 3.106013552995724947e-05 2.913809575529913718e-04
3.800000000000000000e+01 9.263280128039844607e-04 2.099351914891708134e-03 3.099912536247116939e-05 2.955318002296742188e-04
3.900000000000000000e+01 9.960437037157062086e-04 2.706638741405151607e-03 3.092880614678417323e-05 2.989826142637184948e-04
4.000000000000000000e+01 1.459813624869071976e-03 3.158892549511642736e-03 3.084442739431444985e-05 3.018412193517065159e-04
4.100000000000000000e+01 1.753631397934276095e-03 3.445644519287029486e-03 3.073305385495706617e-05 3.038800019593587524e-04
4.200000000000000000e+01 2.018988072388762725e-03 3.562074481025034184e-03 3.056375455846818988e-05 3.046970881464073689e-04
4.300000000000000000e+01 2.351460880416868411e-03 3.567501563602690825e-03 3.028336250212175946e-05 3.034360519930280197e-04
4.400000000000000000e+01 2.250603283252146022e-03 3.401534530404397381e-03 2.983172542510481904e-05 3.002023536369117563e-04
4.500000000000000000e+01 2.268715878474790882e-03 3.164319128252692393e-03 2.917330090410181649e-05 2.944447044416331608e-04
4.600000000000000000e+01 1.934050534067754739e-03 2.948984313352897429e-03 2.833713572324947599e-05 2.865670224270889361e-04
4.700000000000000000e+01 1.972418047441924175e-03 2.875780087406946354e-03 2.743518808589111106e-05 2.777968383597762621e-04
