# freqs 	 pli 	 dpli 	 meanpower(thalamus)	 meanpower(scalp)	pli
8.000000000000000000e+00 -4.156982609758527042e-02 -7.824996029237764328e-02 7.639667308549098052e-05 2.372542269351100017e-04
9.000000000000000000e+00 -3.969895824651122063e-02 -8.329965895657523434e-02 7.904974421895360223e-05 2.180516219927737228e-04
1.000000000000000000e+01 -4.699002860838871060e-02 -1.038590888397560447e-01 9.046512167044347744e-05 2.093940776956977026e-04
1.100000000000000000e+01 -5.085811283668433685e-02 -9.392254622399745512e-02 9.693699135063409199e-05 2.242372608873230443e-04
1.200000000000000000e+01 -6.149103919062541557e-02 -1.052145170155789344e-01 8.552385509015321288e-05 2.591388526862593942e-04
1.300000000000000000e+01 -8.281317843413429913e-02 -1.681366940037037350e-01 6.849299745663278672e-05 2.822922962781018925e-04
1.400000000000000000e+01 -8.865881918326287692e-02 -2.163948471310568888e-01 5.651697159975668279e-05 2.651467086934122894e-04
1.500000000000000000e+01 -7.589278580840543020e-02 -2.047105560653061374e-01 5.027325741548862838e-05 2.208465315546946487e-04
1.600000000000000000e+01 -5.538082465872754684e-02 -1.618958099942925388e-01 4.741576382151250834e-05 1.762896548404979810e-04
1.700000000000000000e+01 -4.106817001838139469e-02 -1.178250211743976927e-01 4.619810680442423264e-05 1.446113035946005785e-04
1.800000000000000000e+01 -3.496246554819516100e-02 -8.779226892838390417e-02 4.594003439585777514e-05 1.253391862036726527e-04
1.900000000000000000e+01 -3.306500485207898576e-02 -7.349571895124271115e-02 4.652548581214966322e-05 1.137473323059951197e-04
2.000000000000000000e+01 -3.222722733513262716e-02 -6.816495499242793132e-02 4.767065394040464392e-05 1.061021824564435711e-04
2.100000000000000000e+01 -3.098893984995275755e-02 -6.496582981581017213e-02 4.863704890284638083e-05 1.003625243696606474e-04
2.200000000000000000e+01 -2.887784723655743152e-02 -6.015028518425039744e-02 4.872787970948015056e-05 9.562193075541750671e-05
2.300000000000000000e+01 -2.680908895114985507e-02 -5.334013096579201529e-02 4.778035744997490621e-05 9.157745741727158872e-05
2.400000000000000000e+01 -2.263259810871187661e-02 -4.584936077714642233e-02 4.607902188706684946e-05 8.812412938171951574e-05
2.500000000000000000e+01 -1.934308272725895547e-02 -3.879720186329053966e-02 4.408496955405863420e-05 8.511796133732627749e-05
2.600000000000000000e+01 -1.665571984694021179e-02 -3.278187784855376291e-02 4.219920764620356990e-05 8.240936523791759073e-05
2.700000000000000000e+01 -1.470939029778033265e-02 -2.796852977257888520e-02 4.065010332250311280e-05 7.987320792768696240e-05
2.800000000000000000e+01 -1.327006862914376605e-02 -2.418552626827078986e-02 3.951453259616405177e-05 7.745428159740939283e-05
2.900000000000000000e+01 -1.186880231905816131e-02 -2.128632546468990291e-02 3.876416690881955311e-05 7.517683500209749483e-05
3.000000000000000000e+01 -1.066253275688389471e-02 -1.936037465627224105e-02 3.830134328242756068e-05 7.307636244027927589e-05
3.100000000000000000e+01 -1.014151032314137071e-02 -1.861603245285425867e-02 3.801056000661549216e-05 7.120901539475430755e-05
3.200000000000000000e+01 -1.053630321049313194e-02 -1.909957035488748373e-02 3.779418830454191273e-05 6.958313658457276809e-05
3.300000000000000000e+01 -1.123417384733815631e-02 -2.053691437996430988e-02 3.758806976609671503e-05 6.818594014830382398e-05
3.400000000000000000e+01 -1.183589129137833235e-02 -2.239929813379450477e-02 3.736291496275004771e-05 6.700187486063019287e-05
3.500000000000000000e+01 -1.238645655796154557e-02 -2.409405951621577946e-02 3.711228298138454065e-05 6.599244689849816201e-05
3.600000000000000000e+01 -1.321536887700782564e-02 -2.523509754360148127e-02 3.684518939293950659e-05 6.513787610414448258e-05
3.700000000000000000e+01 -1.334518730030574869e-02 -2.573351052919581675e-02 3.657239297499313089e-05 6.440587255325223046e-05
3.800000000000000000e+01 -1.332050342435588640e-02 -2.572777719006113378e-02 3.630154231828246181e-05 6.377531863655932229e-05
3.900000000000000000e+01 -1.341592228393338054e-02 -2.544038218410224830e-02 3.604087547752086920e-05 6.321267784233781906e-05
4.000000000000000000e+01 -1.324053059161138524e-02 -2.504098243398182599e-02 3.579106525072544664e-05 6.270114963788260543e-05
4.100000000000000000e+01 -1.314264409356927232e-02 -2.461320703528423540e-02 3.553850149857947096e-05 6.220084834258438012e-05
4.200000000000000000e+01 -1.308657672554815882e-02 -2.418486780668561986e-02 3.524650908493421627e-05 6.163692552425419123e-05
4.300000000000000000e+01 -1.303086654254629814e-02 -2.378179582974514553e-02 3.484860440285266576e-05 6.088499844445483520e-05
4.400000000000000000e+01 -1.300027808377575596e-02 -2.341579151261536165e-02 3.426701096757141728e-05 5.982237955941660225e-05
4.500000000000000000e+01 -1.295363525002884639e-02 -2.311780331509349917e-02 3.345390365471153130e-05 5.835865782032714007e-05
4.600000000000000000e+01 -1.294735548931255295e-02 -2.289898203694090001e-02 3.243339914678836094e-05 5.653261751623777677e-05
4.700000000000000000e+01 -1.281319270918274134e-02 -2.272588886521462181e-02 3.132322478934191018e-05 5.454099293018931235e-05
