# freqs 	 pli 	 dpli 	 meanpower(thalamus)	 meanpower(scalp)	pli
8.000000000000000000e+00 -4.300672988023823001e-02 -1.023947673578097517e-01 2.851551473197051103e-05 7.944440438425079648e-05
9.000000000000000000e+00 -2.274225699945243984e-02 -4.869056943198564469e-02 2.847996027649099743e-05 7.372284609498512694e-05
1.000000000000000000e+01 4.121782032742261209e-03 1.734756748014549405e-02 3.129769861197441097e-05 7.120348895551572709e-05
1.100000000000000000e+01 1.119789183817384258e-02 4.800119547839284267e-02 3.444726172560743830e-05 7.067964454363758408e-05
1.200000000000000000e+01 6.753548296242485247e-03 1.828875213493529397e-02 3.366858419747024896e-05 7.065290248580130116e-05
1.300000000000000000e+01 7.371745619404336709e-03 2.034475144329658813e-02 3.149783380752036339e-05 7.015968817979028401e-05
1.400000000000000000e+01 1.132344295149364209e-02 3.553596171600647419e-02 3.049439103694064437e-05 6.941115609320136970e-05
1.500000000000000000e+01 1.808116529549017720e-03 2.457641340179649372e-02 2.983900520778210198e-05 6.745371337581225891e-05
1.600000000000000000e+01 7.078525298649417704e-04 2.573690327226711011e-03 2.895656285530786547e-05 6.440629608674273596e-05
1.700000000000000000e+01 -5.851595441228826279e-03 -1.601504636133742332e-02 2.826284902719423728e-05 6.151148381918802898e-05
1.800000000000000000e+01 -2.014053772147729460e-03 -2.047484128996708563e-02 2.792191248362199994e-05 5.952125987933861784e-05
1.900000000000000000e+01 -3.053283222894821042e-04 -8.971992012688291204e-03 2.787816710249666841e-05 5.813232083382400422e-05
2.000000000000000000e+01 3.402859842995065512e-03 7.265806154754633241e-03 2.808518053189511715e-05 5.669781090845650215e-05
2.100000000000000000e+01 5.745165057734621765e-03 1.650419720344583480e-02 2.854982875310637064e-05 5.511611865783052185e-05
2.200000000000000000e+01 4.784410025654040749e-03 1.252969107471906679e-02 2.922415407389909945e-05 5.352116518823593134e-05
2.300000000000000000e+01 -8.047133947999704495e-03 -1.268013145023103722e-02 3.024474373767896724e-05 5.209289640344291051e-05
2.400000000000000000e+01 -2.962275861832472032e-02 -7.677726149923080889e-02 3.233172266217118558e-05 5.102804719573308012e-05
2.500000000000000000e+01 -6.699366855312809121e-02 -1.854103060080597720e-01 3.591295386608974995e-05 5.044876900604145816e-05
2.600000000000000000e+01 -1.075330570932387514e-01 -3.034474417356674003e-01 4.020325304546823383e-05 5.008294753408853040e-05
2.700000000000000000e+01 -1.361420338250873274e-01 -3.879277943015996266e-01 4.356205877493075094e-05 4.940162606435654274e-05
2.800000000000000000e+01 -1.470677975398708148e-01 -4.213943659521618423e-01 4.478728305698417958e-05 4.805238238398692151e-05
2.900000000000000000e+01 -1.415752793042333590e-01 -4.044623867493554181e-01 4.376096066415279500e-05 4.612975426039755972e-05
3.000000000000000000e+01 -1.223867857100007089e-01 -3.459291890900886846e-01 4.120381817284955072e-05 4.397713000117941363e-05
3.100000000000000000e+01 -9.562625651502504320e-02 -2.615590536839527136e-01 3.810856026771058404e-05 4.192246052656480905e-05
3.200000000000000000e+01 -6.740829732865571966e-02 -1.732851937094013195e-01 3.528038968038998079e-05 4.017750488012028737e-05
3.300000000000000000e+01 -4.148900435986728474e-02 -1.004112785738772440e-01 3.313555524194176656e-05 3.880633640131380199e-05
3.400000000000000000e+01 -2.075800210441893640e-02 -5.077867818805823635e-02 3.173025260632324505e-05 3.775743535218320886e-05
3.500000000000000000e+01 -7.932495814404617873e-03 -2.190661565596017588e-02 3.091098454874908758e-05 3.695045058797265144e-05
3.600000000000000000e+01 -1.920954685347279903e-03 -6.719952220415380782e-03 3.049564153929747363e-05 3.631808253994996599e-05
3.700000000000000000e+01 1.208062661610510282e-03 1.204469109292129279e-03 3.032939547311478364e-05 3.580580977308718093e-05
3.800000000000000000e+01 3.785068427663041638e-03 5.950546833828501171e-03 3.030645756624259011e-05 3.537879438689839676e-05
3.900000000000000000e+01 4.209902265842391245e-03 9.430615070922344217e-03 3.037205374922255109e-05 3.500792956887474741e-05
4.000000000000000000e+01 4.483936131752675608e-03 1.244025268303654980e-02 3.048636147284974942e-05 3.466413337326842867e-05
4.100000000000000000e+01 5.441580114245768776e-03 1.507008563132871889e-02 3.061739023230937228e-05 3.431127216615414017e-05
4.200000000000000000e+01 6.229558191372165134e-03 1.711512427736387038e-02 3.071629005034692210e-05 3.390977055629578271e-05
4.300000000000000000e+01 5.897178023845706975e-03 1.836847496923500050e-02 3.070973312293921444e-05 3.340169310067810901e-05
4.400000000000000000e+01 5.489271592162882525e-03 1.877585600390729859e-02 3.050880691526927581e-05 3.272429260903980208e-05
4.500000000000000000e+01 5.110510725562318959e-03 1.850496429139994459e-02 3.006469765661772702e-05 3.183397093485287437e-05
4.600000000000000000e+01 4.106463096653498006e-03 1.784436025436152498e-02 2.940693226715025336e-05 3.075092854830233021e-05
4.700000000000000000e+01 2.655341776749142301e-03 1.711815568467171811e-02 2.865280201049953917e-05 2.957977090049756410e-05
