# freqs 	 pli 	 dpli 	 meanpower(thalamus)	 meanpower(scalp)	pli
8.000000000000000000e+00 -1.719040674033954844e-02 -3.466941463077037600e-02 6.486927071575985940e-05 3.268964519836824916e-04
9.000000000000000000e+00 -2.948336790957301751e-02 -5.734450338512083606e-02 6.266040914144767706e-05 3.043549303145664923e-04
1.000000000000000000e+01 -1.377435374729228321e-02 -2.124959264161429412e-02 5.979203796072831019e-05 2.283378882832781567e-04
1.100000000000000000e+01 -7.754588857825979280e-03 1.295344433313162617e-02 5.755739404523576316e-05 1.809151501008584716e-04
1.200000000000000000e+01 -7.242538948665795846e-03 4.371085817836174725e-02 5.611968616366459962e-05 1.661813648964529787e-04
1.300000000000000000e+01 -7.216258343313591665e-03 5.442536772236410830e-02 5.636478424499264078e-05 1.666433338601877427e-04
1.400000000000000000e+01 -7.067176108488335169e-03 3.581611890950966992e-02 5.884850050154698925e-05 1.701593585038876498e-04
1.500000000000000000e+01 -2.263146795585497389e-03 1.589182631273131432e-02 6.335334267503872326e-05 1.705840758023241532e-04
1.600000000000000000e+01 1.979033342895703852e-03 9.230752969045965053e-03 6.801811190663326382e-05 1.666466536525853495e-04
1.700000000000000000e+01 3.412460032725472478e-03 6.884557161301009358e-03 7.049887172554002081e-05 1.598253045645774107e-04
1.800000000000000000e+01 1.438426082597485953e-03 2.758734691170537569e-03 7.005732306887595606e-05 1.518319000624800629e-04
1.900000000000000000e+01 -1.439113580586033787e-03 -2.086618552039261245e-03 6.793167880583468631e-05 1.443846728450532519e-04
2.000000000000000000e+01 -4.353816003373262543e-03 -6.075763343598570253e-03 6.581091606006552624e-05 1.386517618371696818e-04
2.100000000000000000e+01 -5.039925316179737561e-03 -8.810480043668996245e-03 6.459862874442166001e-05 1.348555030977474309e-04
2.200000000000000000e+01 -6.643806069936047769e-03 -1.096131264249889173e-02 6.435382645260926847e-05 1.324583243465651881e-04
2.300000000000000000e+01 -9.578649028032282936e-03 -1.422057939641321184e-02 6.479522005485949894e-05 1.309976923459258899e-04
2.400000000000000000e+01 -1.366915898355073114e-02 -2.133093164006359330e-02 6.570965784606096790e-05 1.301760580284387387e-04
2.500000000000000000e+01 -2.065917381017854174e-02 -3.513760153702740613e-02 6.706838618417383451e-05 1.298320562760604444e-04
2.600000000000000000e+01 -3.057709469401652391e-02 -5.538433977588144708e-02 6.883076605218471601e-05 1.296086725048271860e-04
2.700000000000000000e+01 -4.104019210955752589e-02 -7.612725801285476213e-02 7.070581722136595846e-05 1.291712671035404850e-04
2.800000000000000000e+01 -4.676864705370442632e-02 -8.966754247662073185e-02 7.222863581419381601e-05 1.281606951134897101e-04
2.900000000000000000e+01 -4.797137223279379636e-02 -9.207555012458561172e-02 7.311630012780705645e-05 1.266768607875688193e-04
3.000000000000000000e+01 -4.401402386365364794e-02 -8.490211868098598846e-02 7.342582421554850927e-05 1.250090704939510445e-04
3.100000000000000000e+01 -3.828268230496559288e-02 -7.266204410927680490e-02 7.343001292612194445e-05 1.235734785634463894e-04
3.200000000000000000e+01 -3.176528767622293498e-02 -5.951100333683773114e-02 7.335210967017120399e-05 1.224861349709886423e-04
3.300000000000000000e+01 -2.550726167760017024e-02 -4.757318450877826010e-02 7.325877835749832303e-05 1.216994942653218419e-04
3.400000000000000000e+01 -1.965760776168104865e-02 -3.713697419715173559e-02 7.309277909226693484e-05 1.212527377528088463e-04
3.500000000000000000e+01 -1.510737632262149598e-02 -2.806207640499019593e-02 7.276117574863378928e-05 1.209608137930950661e-04
3.600000000000000000e+01 -1.108904728848784244e-02 -2.020739217209991875e-02 7.222892487275416106e-05 1.208089552955508747e-04
3.700000000000000000e+01 -7.451403509126019661e-03 -1.370571101576246835e-02 7.152804673595338815e-05 1.207473271751508643e-04
3.800000000000000000e+01 -4.241306704170301305e-03 -8.657384385665477591e-03 7.072977043222380251e-05 1.208106586318247422e-04
3.900000000000000000e+01 -1.815068743254615383e-03 -5.005948254796165585e-03 6.988360026912217727e-05 1.208546846767152855e-04
4.000000000000000000e+01 -7.014986764445180732e-04 -2.374996625621944753e-03 6.901181642743850649e-05 1.209039597465378084e-04
4.100000000000000000e+01 3.288821448986103220e-04 -2.950043944132071960e-04 6.809047076542068511e-05 1.208765289497216555e-04
4.200000000000000000e+01 1.030863696325439068e-03 1.629005462969800944e-03 6.705087732258246480e-05 1.206142576174491906e-04
4.300000000000000000e+01 1.922851831269883601e-03 3.629157302114653216e-03 6.578207917258916749e-05 1.198196848249442561e-04
4.400000000000000000e+01 3.179331025614791188e-03 5.782056116650351532e-03 6.416774331784982823e-05 1.183489726219255709e-04
4.500000000000000000e+01 4.569080714886344236e-03 8.137411594129055625e-03 6.213778001815802000e-05 1.159644734416475156e-04
4.600000000000000000e+01 6.120124621116384243e-03 1.079447401113434180e-02 5.974143453874035425e-05 1.127401286060891516e-04
4.700000000000000000e+01 8.287907083536405831e-03 1.394640304492946251e-02 5.718432795960245486e-05 1.090758044167446767e-04
