# freqs 	 pli 	 dpli 	 meanpower(thalamus)	 meanpower(scalp)	pli
8.000000000000000000e+00 -1.246889850033126301e-01 -2.327839703466546284e-01 7.365190026504042464e+01 6.158360328943674631e+02
9.000000000000000000e+00 -2.390512066401717303e-02 -4.908591935952735102e-02 7.008250216427830992e+01 5.489830639036559887e+02
1.000000000000000000e+01 1.199166187016785165e-02 1.961286056337248340e-02 6.699943936299793279e+01 4.454333652555241088e+02
1.100000000000000000e+01 2.235593084433808164e-02 3.617260285181893992e-02 6.582151700490310020e+01 3.170850126200475074e+02
1.200000000000000000e+01 1.858103713054569742e-02 2.452780426484164888e-02 6.630553486222129322e+01 2.338865143287710282e+02
1.300000000000000000e+01 5.042123113803338198e-03 4.687550124745667969e-04 6.857091687870493502e+01 2.071929837235730645e+02
1.400000000000000000e+01 -1.654542402135115650e-02 -2.614654060707448380e-02 7.236617423535302862e+01 2.036925418159269157e+02
1.500000000000000000e+01 -2.869245586782207327e-02 -4.250496091569978818e-02 7.631381427169111475e+01 2.024134116981834381e+02
1.600000000000000000e+01 -3.123729157053940081e-02 -4.733609480019532190e-02 7.849564704791617942e+01 1.979001410345125578e+02
1.700000000000000000e+01 -2.853130142101962044e-02 -4.524206862337284973e-02 7.813194671315862649e+01 1.918289317231976838e+02
1.800000000000000000e+01 -2.341644934245215234e-02 -4.146032953937271726e-02 7.597553140361350188e+01 1.856766618199158643e+02
1.900000000000000000e+01 -1.922536234537784369e-02 -3.858140623694499005e-02 7.339219164638441839e+01 1.791554395965229958e+02
2.000000000000000000e+01 -1.749153488240668200e-02 -3.547990616861867313e-02 7.133600217821147282e+01 1.720103423694972378e+02
2.100000000000000000e+01 -1.419720631596391863e-02 -2.932048709587623328e-02 7.016670302789786717e+01 1.647069243406993166e+02
2.200000000000000000e+01 -5.807633441297062674e-03 -1.659886397186475723e-02 7.054435256906694462e+01 1.580956000401798178e+02
2.300000000000000000e+01 4.367128167240047834e-03 7.387081233280258161e-03 7.513448096141112842e+01 1.532911783318167238e+02
2.400000000000000000e+01 1.080244309596139693e-02 3.829541395747611959e-02 8.772258496767317126e+01 1.509692218490905020e+02
2.500000000000000000e+01 6.500596244580237985e-03 5.959335949708504526e-02 1.074004837799552092e+02 1.497736673152733999e+02
2.600000000000000000e+01 -2.695724511432507058e-03 6.345530901753099196e-02 1.265971343121394881e+02 1.469469959473415202e+02
2.700000000000000000e+01 -1.012650041876179963e-02 5.282331306408361710e-02 1.370986980554701518e+02 1.409105007595068741e+02
2.800000000000000000e+01 -1.462487007294643176e-02 3.253899379757249632e-02 1.356530632567428256e+02 1.321383586245236756e+02
2.900000000000000000e+01 -1.524022880974449864e-02 7.649421248976277093e-03 1.246063837401577672e+02 1.224723933160301925e+02
3.000000000000000000e+01 -1.624492557024274572e-02 -1.704918982491843149e-02 1.092135324577837707e+02 1.136195349913433432e+02
3.100000000000000000e+01 -1.767804350047648757e-02 -3.685522051384735459e-02 9.460729215842820850e+01 1.064654777729388258e+02
3.200000000000000000e+01 -1.926945993194067314e-02 -4.914999419024846522e-02 8.393181128864533491e+01 1.010105039634359940e+02
3.300000000000000000e+01 -2.048520254395232859e-02 -5.410082894371617129e-02 7.801263665751420717e+01 9.687185489774154235e+01
3.400000000000000000e+01 -2.050630294779084983e-02 -5.387131461859265280e-02 7.605460400007071087e+01 9.371807992284885813e+01
3.500000000000000000e+01 -1.902008640173116771e-02 -5.071795474209719184e-02 7.655738508230135153e+01 9.122161258888894508e+01
3.600000000000000000e+01 -1.676411857867858568e-02 -4.601271900312333546e-02 7.801592286200776982e+01 8.921062055314330053e+01
3.700000000000000000e+01 -1.480212820554352958e-02 -4.031512497733941158e-02 7.925211190863140587e+01 8.755488731938294222e+01
3.800000000000000000e+01 -1.161251763510417687e-02 -3.383800148093678295e-02 7.955086627898685947e+01 8.619347779312340663e+01
3.900000000000000000e+01 -8.566650666145586915e-03 -2.682366114381864314e-02 7.865136695082544804e+01 8.499445551499805163e+01
4.000000000000000000e+01 -5.895472886680027703e-03 -1.968249147256110124e-02 7.667417993247974550e+01 8.392271571040379285e+01
4.100000000000000000e+01 -3.955597740812781711e-03 -1.286828707500656775e-02 7.394697200069705900e+01 8.290673125239086971e+01
4.200000000000000000e+01 -1.587921972556351159e-03 -6.779924741254962466e-03 7.083267989133723574e+01 8.183770333982768364e+01
4.300000000000000000e+01 -3.059014427316660229e-04 -1.702672329591740094e-03 6.759325796084876004e+01 8.052639699956590391e+01
4.400000000000000000e+01 1.250744280927735099e-03 2.344294167758172176e-03 6.434946013192596581e+01 7.885512713619631597e+01
4.500000000000000000e+01 2.575454540208100065e-03 5.377818123404921186e-03 6.112188086562972700e+01 7.668143526393987486e+01
4.600000000000000000e+01 3.456443414481353334e-03 7.528916987366162002e-03 5.794470523489036395e+01 7.405124029174916700e+01
4.700000000000000000e+01 3.696336253286860822e-03 8.931546267706804917e-03 5.494828326009215402e+01 7.120903039885384089e+01
