# freqs 	 pli 	 dpli 	 meanpower(thalamus)	 meanpower(scalp)	pli
8.000000000000000000e+00 -1.194145608206702812e-02 -1.567673878726732334e-02 6.393216754256578270e-05 2.341031651812427257e-04
9.000000000000000000e+00 -7.890786664640075943e-03 -2.508086826319499280e-02 6.202921681545546691e-05 1.965484610202301050e-04
1.000000000000000000e+01 -1.604395452284881896e-02 -3.448948200187883228e-02 6.222871570403665914e-05 1.674107156622776471e-04
1.100000000000000000e+01 -1.039169452060863599e-02 -5.145811253173766114e-02 6.173993912118484273e-05 1.432485955253883154e-04
1.200000000000000000e+01 -1.447096926746421069e-02 -5.626411560925479588e-02 5.936520402378753426e-05 1.259409515534901677e-04
1.300000000000000000e+01 -1.966627403253515260e-02 -7.706156242927668376e-02 6.109356551309550506e-05 1.164370278473773277e-04
1.400000000000000000e+01 -2.222452064137603323e-02 -1.120540771254105172e-01 6.530550237786956883e-05 1.114552602911617350e-04
1.500000000000000000e+01 -2.481151099872149629e-02 -1.117664220816752402e-01 6.375728589525517589e-05 1.052980116878489246e-04
1.600000000000000000e+01 -2.607549894230741169e-02 -8.776097859529737033e-02 5.714860150304743931e-05 9.812043243960178937e-05
1.700000000000000000e+01 -2.776559959960736568e-02 -6.422430258088304700e-02 5.090205435689964565e-05 9.229366768105263662e-05
1.800000000000000000e+01 -2.357734521707718564e-02 -4.520368958272925203e-02 4.760700948052899891e-05 8.827397985242115225e-05
1.900000000000000000e+01 -1.700641789933461656e-02 -3.018806636696937107e-02 4.647781597882579707e-05 8.548022550619906992e-05
2.000000000000000000e+01 -1.186480783067658806e-02 -1.764148390524411178e-02 4.613390510941351168e-05 8.331832956563898411e-05
2.100000000000000000e+01 -4.586585178818947291e-03 -4.401095904178037831e-03 4.587722911101178684e-05 8.158866444567453892e-05
2.200000000000000000e+01 -2.000578201792425469e-03 7.249957408376391313e-03 4.553848979790358048e-05 8.002522116106497332e-05
2.300000000000000000e+01 -2.456950416198928466e-03 1.059508258731158697e-02 4.516490247820890720e-05 7.824571464532674209e-05
2.400000000000000000e+01 -6.654977093759287948e-03 2.565749886476635135e-03 4.484501565091309633e-05 7.610702681760688653e-05
2.500000000000000000e+01 -8.375454038783080105e-03 -1.263809130895962932e-02 4.471161180476370339e-05 7.364871700133201516e-05
2.600000000000000000e+01 -1.320634042626748009e-02 -2.773272202496788671e-02 4.476824646997907875e-05 7.105943098678492822e-05
2.700000000000000000e+01 -1.896462565323718888e-02 -3.813389097894046009e-02 4.492762962716144866e-05 6.851838327623248532e-05
2.800000000000000000e+01 -2.571595950414728646e-02 -4.231638348176090109e-02 4.507076866841669866e-05 6.610202583475927051e-05
2.900000000000000000e+01 -2.899379765186554242e-02 -4.080484714569158899e-02 4.516353319587952588e-05 6.382833761882451200e-05
3.000000000000000000e+01 -2.477274251175800093e-02 -3.533477827980437830e-02 4.514845549078196210e-05 6.170892121144600569e-05
3.100000000000000000e+01 -2.189177313885466714e-02 -2.852128204824172508e-02 4.495986722217012777e-05 5.980364651151389674e-05
3.200000000000000000e+01 -1.897907700019802607e-02 -2.303884759783524777e-02 4.450730955950239342e-05 5.812203366078150214e-05
3.300000000000000000e+01 -1.765033290425249007e-02 -2.002809817262884984e-02 4.376134548623283985e-05 5.662858727299743106e-05
3.400000000000000000e+01 -1.478800482834617680e-02 -1.889295661069798418e-02 4.274488600833893740e-05 5.528486153185970220e-05
3.500000000000000000e+01 -1.132552820299198744e-02 -1.911752248197444784e-02 4.153339453610167527e-05 5.407041907468489584e-05
3.600000000000000000e+01 -8.968447111949906861e-03 -1.984563046159587216e-02 4.024221318330906447e-05 5.298551504717742837e-05
3.700000000000000000e+01 -1.083592957075435285e-02 -2.056911514364129570e-02 3.896439397468933358e-05 5.202147845539906791e-05
3.800000000000000000e+01 -1.301952881614364295e-02 -2.096873084438409182e-02 3.776774785342241781e-05 5.116870592174967326e-05
3.900000000000000000e+01 -1.321648092118566861e-02 -2.068333935028746420e-02 3.669336188783923726e-05 5.039117684546527964e-05
4.000000000000000000e+01 -1.372987456316419365e-02 -1.992976344957839846e-02 3.575468692442836707e-05 4.968149984955969994e-05
4.100000000000000000e+01 -1.192280489037081913e-02 -1.920708358727637316e-02 3.492769274418801518e-05 4.902230219950110630e-05
4.200000000000000000e+01 -1.049616411179010375e-02 -1.904017221923354902e-02 3.415488489229067331e-05 4.836111760603730830e-05
4.300000000000000000e+01 -1.086017089260751800e-02 -1.966968318042899844e-02 3.336522884990047929e-05 4.759936679671890287e-05
4.400000000000000000e+01 -1.153765550877326740e-02 -2.094028350039776193e-02 3.247382547695820383e-05 4.665313739354232575e-05
4.500000000000000000e+01 -1.344501485055645505e-02 -2.240603485170130846e-02 3.141983946603509520e-05 4.543745715517473065e-05
4.600000000000000000e+01 -1.529970165962542782e-02 -2.365726693419234819e-02 3.020546204337888160e-05 4.395577353099053102e-05
4.700000000000000000e+01 -1.559438423260917431e-02 -2.446341984716934870e-02 2.892246196630145051e-05 4.232827310218686663e-05
