# freqs 	 pli 	 dpli 	 meanpower(thalamus)	 meanpower(scalp)	pli
8.000000000000000000e+00 -5.343435055143030965e-02 -1.093266341295881655e-01 6.825004731639336267e-05 2.075341936632952753e-04
9.000000000000000000e+00 -2.630127983167886499e-02 -5.877371157175090982e-02 6.819541957971451225e-05 1.881542674168142797e-04
1.000000000000000000e+01 -1.001794079885314111e-02 -2.930352439450929422e-02 6.890197107001245623e-05 1.670360819071585641e-04
1.100000000000000000e+01 -7.395830159820259396e-03 -8.462998186123862204e-03 6.762776476682185931e-05 1.511807937888590516e-04
1.200000000000000000e+01 -8.475777897089194907e-03 -5.787390600146520916e-03 6.415025730075439320e-05 1.427682984563138208e-04
1.300000000000000000e+01 -1.179077588321726829e-02 -1.554375823500731175e-02 5.985246578067109481e-05 1.393462756443801954e-04
1.400000000000000000e+01 -1.415257124624037105e-02 -2.616471453949339651e-02 5.626679753312909628e-05 1.367583125743140145e-04
1.500000000000000000e+01 -1.499246254540977444e-02 -2.631941057562324840e-02 5.407079303569989586e-05 1.333504557473882491e-04
1.600000000000000000e+01 -1.369215195381991677e-02 -2.181823394203773539e-02 5.283499997792047838e-05 1.297742071504149664e-04
1.700000000000000000e+01 -1.042648370439637831e-02 -1.768739781148649312e-02 5.192166819599158627e-05 1.265384691992734421e-04
1.800000000000000000e+01 -6.955009820269570861e-03 -1.132057245555567922e-02 5.106441087169736004e-05 1.240055120212563155e-04
1.900000000000000000e+01 -3.157392694951429487e-03 -4.767070874250457606e-03 5.025077628890516865e-05 1.219313834136579144e-04
2.000000000000000000e+01 -1.084339906709440087e-03 -2.007915119539979351e-03 4.947860266507657167e-05 1.195915034600081539e-04
2.100000000000000000e+01 -1.316278847682480352e-03 -2.589979555087543271e-03 4.871935676595451250e-05 1.164294442612061304e-04
2.200000000000000000e+01 -8.084893577558091527e-04 -3.326548616531268664e-03 4.799611869459283637e-05 1.123849800187214890e-04
2.300000000000000000e+01 7.816657857533454911e-04 -2.389108311407134484e-03 4.736857200259001925e-05 1.077195724880875650e-04
2.400000000000000000e+01 1.189875144482879831e-03 3.314288564989354541e-04 4.690475522664365042e-05 1.027992855785178270e-04
2.500000000000000000e+01 2.190702659376269398e-03 4.965860379641662617e-03 4.662506383138481381e-05 9.797164211506546568e-05
2.600000000000000000e+01 5.780949156458933987e-03 1.188949136379911266e-02 4.654249328793076917e-05 9.346696272737752996e-05
2.700000000000000000e+01 1.012304780106754350e-02 2.079243066131481951e-02 4.672629840063536395e-05 8.947565575064100928e-05
2.800000000000000000e+01 1.421487905399848248e-02 2.991976620997633535e-02 4.742396400632599456e-05 8.602358871258866050e-05
2.900000000000000000e+01 1.711085644194112326e-02 3.671200687181078171e-02 4.905986363567270728e-05 8.305990668276408407e-05
3.000000000000000000e+01 2.007012024529294253e-02 3.960645359671725874e-02 5.185839222459244903e-05 8.047889602286625269e-05
3.100000000000000000e+01 1.863618922326371746e-02 3.946617733644718767e-02 5.544021279183597515e-05 7.817211091338349498e-05
3.200000000000000000e+01 1.658849900365233151e-02 3.820462938434048689e-02 5.886175324137616434e-05 7.605828946277243220e-05
3.300000000000000000e+01 1.512407860881714861e-02 3.696146099565399135e-02 6.107987019685916685e-05 7.412004119854726110e-05
3.400000000000000000e+01 1.467270643517386980e-02 3.565835055130148895e-02 6.149135425605284865e-05 7.239824810921156840e-05
3.500000000000000000e+01 1.423444187321302318e-02 3.389689101039253250e-02 6.011855770221947125e-05 7.093385089089953525e-05
3.600000000000000000e+01 1.342069319730599883e-02 3.147881187512656387e-02 5.746679070580388736e-05 6.973918381080453988e-05
3.700000000000000000e+01 1.365117400388655977e-02 2.867280629816574070e-02 5.423845983510739457e-05 6.878282183447987047e-05
3.800000000000000000e+01 1.306929101935941015e-02 2.595377060750082843e-02 5.106952372661673680e-05 6.803309799810987519e-05
3.900000000000000000e+01 1.316187127672726123e-02 2.389740081978476011e-02 4.837397819470606208e-05 6.742126304770952702e-05
4.000000000000000000e+01 1.281693576778178238e-02 2.267481172199845366e-02 4.629920108715243447e-05 6.690481194548980083e-05
4.100000000000000000e+01 1.225457437648033200e-02 2.217956538777554956e-02 4.479286076152112902e-05 6.642834059996730587e-05
4.200000000000000000e+01 1.212954762182540808e-02 2.209555654778467756e-02 4.367846488980792153e-05 6.590769424860230938e-05
4.300000000000000000e+01 1.191702721192392823e-02 2.209577113324379463e-02 4.273611233626157532e-05 6.521327390506123037e-05
4.400000000000000000e+01 1.155084872786212025e-02 2.196176890715155483e-02 4.176260787229133225e-05 6.421602946427345182e-05
4.500000000000000000e+01 1.119274445962709086e-02 2.161578052709996547e-02 4.061922473509298756e-05 6.281230801971721621e-05
4.600000000000000000e+01 1.094530414707258446e-02 2.105524185196142387e-02 3.928494093172319428e-05 6.103696174046255361e-05
4.700000000000000000e+01 1.079938207886325247e-02 2.031546570151785552e-02 3.787036152817785931e-05 5.910794088866865503e-05
