# freqs 	 pli 	 dpli 	 meanpower(thalamus)	 meanpower(scalp)	pli
8.000000000000000000e+00 1.291092158127883811e-02 2.456049809443750648e-02 1.487020594158064901e-04 1.946968080396304940e-04
9.000000000000000000e+00 2.997949596297763003e-02 5.818992133027139219e-02 1.321324280081855355e-04 1.895791196417821809e-04
1.000000000000000000e+01 1.048048176349280700e-02 6.556541863740250262e-03 1.191969685419152233e-04 1.673862380860743470e-04
1.100000000000000000e+01 -1.280881129782869207e-02 -3.232619485201563420e-02 1.104846063216256461e-04 1.538583131780190977e-04
1.200000000000000000e+01 -1.375113021776497649e-02 -3.511647716957645021e-02 1.055664080056875024e-04 1.429509878930413291e-04
1.300000000000000000e+01 -9.035749749506315556e-03 -1.911235690147131822e-02 1.028978347679139195e-04 1.312632513852298051e-04
1.400000000000000000e+01 -5.424089534882285159e-03 -9.887048848590280353e-03 1.015773023421137812e-04 1.184089984304776533e-04
1.500000000000000000e+01 -4.850269966471649173e-03 -1.296863147241443352e-02 1.015690957088249150e-04 1.064377319109390257e-04
1.600000000000000000e+01 -5.167744431548112506e-03 -1.450386826833538652e-02 1.025094456490632290e-04 9.675992601635262781e-05
1.700000000000000000e+01 -2.601443055565573568e-03 -1.196991151953106028e-02 1.036558615790098470e-04 8.904547549958606123e-05
1.800000000000000000e+01 6.589200586725339672e-04 -6.227969485499436526e-03 1.046918445447530920e-04 8.280187998494324003e-05
1.900000000000000000e+01 5.941167603215521606e-03 1.652024137703847007e-03 1.055430421627001863e-04 7.791069139674902091e-05
2.000000000000000000e+01 6.885404271862961313e-03 9.115288281541808132e-03 1.058092216987517668e-04 7.420927290166210463e-05
2.100000000000000000e+01 7.765572775691651636e-03 1.525482564404860401e-02 1.050421649515817193e-04 7.141368723202595455e-05
2.200000000000000000e+01 8.991026690995848267e-03 1.971645916227367581e-02 1.031405326785137438e-04 6.921048854028397492e-05
2.300000000000000000e+01 1.010746959637875975e-02 2.220298850071069502e-02 1.003169969769217475e-04 6.737202541762771061e-05
2.400000000000000000e+01 1.197777364160066381e-02 2.241645403349308563e-02 9.703926637114626769e-05 6.585755370447317130e-05
2.500000000000000000e+01 1.255976834230590998e-02 2.029692224136168260e-02 9.375435301040035453e-05 6.469781720704986762e-05
2.600000000000000000e+01 1.240580666144451907e-02 1.663284503389406491e-02 9.075519591353929194e-05 6.386410732869433676e-05
2.700000000000000000e+01 1.101406366329794710e-02 1.255399223642017156e-02 8.819921260660274712e-05 6.333099136948402779e-05
2.800000000000000000e+01 8.423220918494225481e-03 8.666374813632662238e-03 8.611017986679974539e-05 6.301682481526862402e-05
2.900000000000000000e+01 6.577777053552393352e-03 4.925551716019479186e-03 8.444804266057505274e-05 6.285734381329017315e-05
3.000000000000000000e+01 3.573446560628286937e-03 1.559075239215060131e-03 8.312043881516716309e-05 6.278966678911183810e-05
3.100000000000000000e+01 1.742256369456505506e-03 -7.369572002330726339e-04 8.197292312288848059e-05 6.282634257031941298e-05
3.200000000000000000e+01 1.096032747287061047e-03 -1.280146583352383995e-03 8.081996618489641212e-05 6.294952638829472483e-05
3.300000000000000000e+01 2.135021586445311117e-03 -3.413791942932531634e-06 7.952310167276652360e-05 6.313436132785025829e-05
3.400000000000000000e+01 2.259029424940255798e-03 2.570850579805702540e-03 7.801730900510346893e-05 6.339826000466764931e-05
3.500000000000000000e+01 3.409400378861851110e-03 5.539489636866620076e-03 7.630541182906821162e-05 6.369156953756623487e-05
3.600000000000000000e+01 4.984587496324402976e-03 8.200642253355698574e-03 7.446341117214401635e-05 6.400343544002007736e-05
3.700000000000000000e+01 5.489387369284587370e-03 1.017229722675504731e-02 7.259047316275352016e-05 6.430525201375634136e-05
3.800000000000000000e+01 5.600120749219737563e-03 1.152406403182304820e-02 7.078086631009926908e-05 6.460919352208749225e-05
3.900000000000000000e+01 5.221816362779378370e-03 1.228644485582576669e-02 6.910265738870869886e-05 6.486535055777387299e-05
4.000000000000000000e+01 5.378937151956790334e-03 1.281990257204079775e-02 6.757986072946514395e-05 6.508017150344808761e-05
4.100000000000000000e+01 5.236777663680060313e-03 1.330830665269070942e-02 6.618755646837185143e-05 6.520796606526222511e-05
4.200000000000000000e+01 6.012492459991084642e-03 1.377685806036377768e-02 6.484703114629094764e-05 6.517255043787716843e-05
4.300000000000000000e+01 5.836641143375612649e-03 1.419209911041600242e-02 6.342763714896680713e-05 6.483663131917999877e-05
4.400000000000000000e+01 5.968748755416536898e-03 1.442120691637232416e-02 6.178619198108595712e-05 6.411977081042376334e-05
4.500000000000000000e+01 5.319481163865265143e-03 1.443977196354920452e-02 5.982625617977860928e-05 6.291584426527585734e-05
4.600000000000000000e+01 5.548874336957464182e-03 1.428175196093828432e-02 5.757164207518044658e-05 6.128077397831901269e-05
4.700000000000000000e+01 6.102176216650745909e-03 1.403318882664878614e-02 5.520727003146626473e-05 5.944917581604991004e-05
