# freqs 	 pli 	 dpli 	 meanpower(thalamus)	 meanpower(scalp)	pli
8.000000000000000000e+00 -1.782547479300578604e-03 1.592235771042518899e-03 1.997511293565482516e-04 1.899865188135110665e-04
9.000000000000000000e+00 3.599030865033315402e-02 1.108148335193463868e-01 1.862224137420554480e-04 1.705859401543834966e-04
1.000000000000000000e+01 4.977299854413080871e-02 1.250274568063895198e-01 1.664428606769991696e-04 1.427752493653650144e-04
1.100000000000000000e+01 3.274716424083015665e-02 7.728569182976005592e-02 1.454174555421508563e-04 1.227526093673600178e-04
1.200000000000000000e+01 1.649848854217455044e-02 4.035552863586652078e-02 1.316663204498300110e-04 1.109981543344823923e-04
1.300000000000000000e+01 1.071290427465815959e-02 2.856040214417161077e-02 1.232279468928138911e-04 1.010322719336889229e-04
1.400000000000000000e+01 1.036816356821129714e-02 3.016771084557922505e-02 1.163073114407401097e-04 9.145593572441286848e-05
1.500000000000000000e+01 1.340121381550941730e-02 3.545215807598042779e-02 1.095912610723532991e-04 8.256938847871791889e-05
1.600000000000000000e+01 1.549063414156939128e-02 4.097241762168071788e-02 1.032247714117925572e-04 7.450057251063176543e-05
1.700000000000000000e+01 1.811336296669282045e-02 4.401426025689088306e-02 9.749382089707442009e-05 6.760427766273789326e-05
1.800000000000000000e+01 1.756733062377917320e-02 4.358924092082620827e-02 9.240987685414529861e-05 6.205034061096357796e-05
1.900000000000000000e+01 1.460056772481601976e-02 3.969586585992228994e-02 8.798163222812178063e-05 5.784030242997961416e-05
2.000000000000000000e+01 1.019249241929419403e-02 3.282551413179312511e-02 8.412237359378155362e-05 5.477605642910221399e-05
2.100000000000000000e+01 7.229314424677252271e-03 2.459753164319839619e-02 8.077191836113459180e-05 5.249646975906129437e-05
2.200000000000000000e+01 2.743728959714092450e-03 1.694659620371999006e-02 7.796013653114263918e-05 5.070295630854446860e-05
2.300000000000000000e+01 -4.013352787132573401e-04 1.076973950894434887e-02 7.568099367284685257e-05 4.926638319708433287e-05
2.400000000000000000e+01 -1.862502357413491419e-03 6.152226387971828497e-03 7.373493949722252725e-05 4.812843290560555920e-05
2.500000000000000000e+01 -3.219810515230792525e-03 3.102470794808544902e-03 7.185323409241345426e-05 4.725544739517788538e-05
2.600000000000000000e+01 -4.037624017763266626e-03 1.483926268528886405e-03 6.989401440195931259e-05 4.660737387196283094e-05
2.700000000000000000e+01 -4.343457382785879603e-03 7.135011176734302020e-04 6.789449865055442561e-05 4.614994903041732323e-05
2.800000000000000000e+01 -4.395241900165161412e-03 -9.213975663334371380e-05 6.595950996155223089e-05 4.583644129858662126e-05
2.900000000000000000e+01 -3.863483898460205561e-03 -1.410579753779919255e-03 6.416954734598812873e-05 4.562501713900930534e-05
3.000000000000000000e+01 -4.030539169923290366e-03 -3.201817519634777079e-03 6.258099202936533883e-05 4.547722282047428246e-05
3.100000000000000000e+01 -4.123800012977134506e-03 -5.171831806123914146e-03 6.119099522980339667e-05 4.538126286010864372e-05
3.200000000000000000e+01 -4.664064795531592741e-03 -7.049179412716463471e-03 5.996787190329436597e-05 4.532943750881762582e-05
3.300000000000000000e+01 -5.164219736818603801e-03 -8.676061039938301467e-03 5.887267669416335877e-05 4.531580757542638785e-05
3.400000000000000000e+01 -5.498680869826091944e-03 -9.905288915067780170e-03 5.786788885933533767e-05 4.535017971513786322e-05
3.500000000000000000e+01 -5.512305844572681218e-03 -1.062418995976254291e-02 5.692616421894320267e-05 4.541974305004467755e-05
3.600000000000000000e+01 -5.498453842925995864e-03 -1.079153013121188047e-02 5.603308784105563397e-05 4.551526890579162302e-05
3.700000000000000000e+01 -5.025218941798081061e-03 -1.054075598864400234e-02 5.518197740001320496e-05 4.562332601674512836e-05
3.800000000000000000e+01 -4.471202160170717477e-03 -1.015038062684651791e-02 5.436921193953036597e-05 4.572665477666185450e-05
3.900000000000000000e+01 -4.802107845807798703e-03 -9.827789625212185812e-03 5.359168682051435034e-05 4.580344610359561423e-05
4.000000000000000000e+01 -4.769543810020433761e-03 -9.677616698417015190e-03 5.284472912282745324e-05 4.584783412926076297e-05
4.100000000000000000e+01 -4.830961234420056219e-03 -9.670359890566112074e-03 5.210974132817808291e-05 4.583819297100389230e-05
4.200000000000000000e+01 -4.999683702634469262e-03 -9.717635123696298505e-03 5.134019063861706804e-05 4.572556497731632114e-05
4.300000000000000000e+01 -5.247430802762713918e-03 -9.728981790993532219e-03 5.045100308793100201e-05 4.542561092094236723e-05
4.400000000000000000e+01 -4.996143260443187614e-03 -9.681582326240695258e-03 4.933825483516238603e-05 4.485472372228774095e-05
4.500000000000000000e+01 -4.904696088791281675e-03 -9.557778137926978279e-03 4.793366003065714669e-05 4.395314790049117482e-05
4.600000000000000000e+01 -4.459977584681686265e-03 -9.376912270771142754e-03 4.626415320522460556e-05 4.276073165264736655e-05
4.700000000000000000e+01 -4.271567351118520095e-03 -9.178872346238797428e-03 4.448234390897060211e-05 4.143883258771259201e-05
