# freqs 	 pli 	 dpli 	 meanpower(thalamus)	 meanpower(scalp)	pli
8.000000000000000000e+00 -1.592000138483613825e-02 -4.367661331155450744e-02 3.373303582347019777e-05 1.648159599357936281e-04
9.000000000000000000e+00 -2.856241344528715267e-02 -5.907577273520485395e-02 3.234582345538781025e-05 1.547410467393456985e-04
1.000000000000000000e+01 -2.719903834841931947e-02 -5.786475266835552217e-02 3.133999420622095040e-05 1.420221997747778597e-04
1.100000000000000000e+01 -2.063484495199995397e-02 -2.622388050742822246e-02 3.096945249646686525e-05 1.315749593532923882e-04
1.200000000000000000e+01 -1.325646138961833823e-02 6.938625940449751409e-03 3.063419592965701177e-05 1.263350462203941189e-04
1.300000000000000000e+01 -1.248626617458868139e-02 -1.071925139187059756e-02 3.036950837012290788e-05 1.230963147355174081e-04
1.400000000000000000e+01 -1.116910880567892686e-02 -3.267362369552928580e-02 3.011092549700474555e-05 1.202667870324808028e-04
1.500000000000000000e+01 -1.116302190793141795e-02 -3.066297394175011848e-02 2.992828032009181414e-05 1.179970855722869700e-04
1.600000000000000000e+01 -8.369154791055833861e-03 -2.186679686600458486e-02 2.989650686331210113e-05 1.164679954607440357e-04
1.700000000000000000e+01 -8.684126521491721679e-03 -1.630242189739372280e-02 2.997046338223678633e-05 1.158653799424891757e-04
1.800000000000000000e+01 -7.398176811801941873e-03 -1.484125018633103248e-02 3.006293549156303029e-05 1.160680323340096973e-04
1.900000000000000000e+01 -8.043034207388648910e-03 -1.560373971239444393e-02 3.013507420142160347e-05 1.165050676859512145e-04
2.000000000000000000e+01 -8.069128055602519181e-03 -1.820166042186490557e-02 3.022925712554130212e-05 1.166271350206112619e-04
2.100000000000000000e+01 -1.212016271649743980e-02 -2.171086660531851981e-02 3.036257183287549658e-05 1.162625219563238579e-04
2.200000000000000000e+01 -1.411952925362993175e-02 -2.551322504664384552e-02 3.049693764195716400e-05 1.152912739539783493e-04
2.300000000000000000e+01 -1.564508701353953951e-02 -3.034604416153115908e-02 3.061747466337258738e-05 1.135277594063012019e-04
2.400000000000000000e+01 -1.753499803490669862e-02 -3.719178125444192601e-02 3.075645908192709059e-05 1.108762937171909501e-04
2.500000000000000000e+01 -2.255989980346205515e-02 -4.671350366546294514e-02 3.092665685338745230e-05 1.074439652880743070e-04
2.600000000000000000e+01 -2.774035664262800710e-02 -5.920393710350977529e-02 3.113297035136397052e-05 1.035337154405188936e-04
2.700000000000000000e+01 -3.303578177339992067e-02 -7.433627737075211572e-02 3.136785846777779413e-05 9.939222274408145293e-05
2.800000000000000000e+01 -3.829274676339614741e-02 -9.080275915292596034e-02 3.160322178783135481e-05 9.526961388569870259e-05
2.900000000000000000e+01 -4.376258842997746146e-02 -1.061590179786107285e-01 3.181758164553517268e-05 9.131790836896204661e-05
3.000000000000000000e+01 -4.582984396175188158e-02 -1.169411767979431638e-01 3.197850294448520355e-05 8.757556196701110748e-05
3.100000000000000000e+01 -4.479777870551752278e-02 -1.199611399860672778e-01 3.206060781466187060e-05 8.401938958506715151e-05
3.200000000000000000e+01 -4.140724499014190180e-02 -1.137724945139868271e-01 3.205966519751314667e-05 8.064068214031758003e-05
3.300000000000000000e+01 -3.570813616972690063e-02 -9.968096434335656231e-02 3.199644800006261482e-05 7.745170793761010539e-05
3.400000000000000000e+01 -2.976903383434766764e-02 -8.089627799570428546e-02 3.190189612595057647e-05 7.448392706928629969e-05
3.500000000000000000e+01 -2.438325044344479345e-02 -6.116491068031690292e-02 3.179703043242498617e-05 7.177631347601952773e-05
3.600000000000000000e+01 -1.800990658760233745e-02 -4.329660283683812311e-02 3.169213687137873364e-05 6.935967093271133677e-05
3.700000000000000000e+01 -1.218206678475480462e-02 -2.858201070269658639e-02 3.158715495016734237e-05 6.722558245919749902e-05
3.800000000000000000e+01 -8.182096089656873752e-03 -1.712288900524808546e-02 3.148246242600069751e-05 6.535769822428317806e-05
3.900000000000000000e+01 -5.997157703742939279e-03 -8.464903621873852077e-03 3.137564435279531299e-05 6.373155870918223475e-05
4.000000000000000000e+01 -4.157192803643299135e-03 -2.063066862666279675e-03 3.126202275117589562e-05 6.231891999971748942e-05
4.100000000000000000e+01 -2.372356220887358261e-03 2.544327050038536989e-03 3.112999373362485380e-05 6.107090676437277200e-05
4.200000000000000000e+01 -9.695779680248498445e-04 5.745752443909324034e-03 3.094639504863067416e-05 5.990127302438610029e-05
4.300000000000000000e+01 -1.364122856127918939e-03 7.888937761325414549e-03 3.065161553582146598e-05 5.868376067672598147e-05
4.400000000000000000e+01 -1.706519557615323365e-03 9.305555384879961311e-03 3.018208337232022384e-05 5.728402502308904492e-05
4.500000000000000000e+01 -4.898554409239166052e-04 1.023842250013986231e-02 2.950437845352688290e-05 5.560019885033551981e-05
4.600000000000000000e+01 1.308973629065604246e-03 1.083938522603579251e-02 2.864756619232567837e-05 5.364158805482520230e-05
4.700000000000000000e+01 1.525322490681329949e-03 1.117034968295332019e-02 2.772176334387806821e-05 5.156058658839284356e-05
