# freqs 	 pli 	 dpli 	 meanpower(thalamus)	 meanpower(scalp)	pli
8.000000000000000000e+00 -7.530903403296925619e-03 1.712130061953055435e-02 5.070035501765460289e-05 2.681289808637819794e-04
9.000000000000000000e+00 -2.153946577007065377e-02 -3.663756441774571049e-02 4.581964387710948309e-05 2.414687133857269829e-04
1.000000000000000000e+01 -2.456009245980068229e-02 -4.076102544576071934e-02 4.543362287900768040e-05 2.233315347995243067e-04
1.100000000000000000e+01 -1.717721607891184096e-02 -1.914689113960074685e-02 4.769916359492142158e-05 2.089159416340719867e-04
1.200000000000000000e+01 -8.149788049964539274e-03 -1.344862048800796531e-02 5.201006972547283038e-05 2.024118088729036857e-04
1.300000000000000000e+01 -7.508672270394152470e-03 -2.173583321971895091e-02 5.790082578269645951e-05 2.026877898903904878e-04
1.400000000000000000e+01 -1.209419735342679575e-02 -3.282198737245144160e-02 6.376983719342911648e-05 2.061151748444997058e-04
1.500000000000000000e+01 -2.198237586549723135e-02 -4.204926266889386088e-02 6.762153184571748586e-05 2.116905819871702627e-04
1.600000000000000000e+01 -2.479252900976825977e-02 -4.644200508692552382e-02 6.810180423688211835e-05 2.186903873554964554e-04
1.700000000000000000e+01 -2.616256926701528845e-02 -4.686308880817198486e-02 6.522735929272490275e-05 2.256274921720170356e-04
1.800000000000000000e+01 -2.441472086687497198e-02 -4.485066172351941799e-02 6.016174098501455311e-05 2.310924838305913843e-04
1.900000000000000000e+01 -2.222834471648853574e-02 -4.371602538510577923e-02 5.441184328063458268e-05 2.345808835452899848e-04
2.000000000000000000e+01 -2.232337027374806451e-02 -4.579097904527635460e-02 4.912726141946657164e-05 2.361190467650608658e-04
2.100000000000000000e+01 -2.408319879462270455e-02 -4.943431092865133852e-02 4.489812628499198114e-05 2.359314549823902929e-04
2.200000000000000000e+01 -2.578026019817353590e-02 -5.163311107448401854e-02 4.183638324099242528e-05 2.345113722161505524e-04
2.300000000000000000e+01 -2.615807958535086575e-02 -5.047037870197716714e-02 3.975659212753726595e-05 2.322726022280161549e-04
2.400000000000000000e+01 -2.447315626449685783e-02 -4.541972417265439932e-02 3.837161599742856463e-05 2.293600519377435071e-04
2.500000000000000000e+01 -2.065639157278869459e-02 -3.741652869460862507e-02 3.740958466965187937e-05 2.260650740073731580e-04
2.600000000000000000e+01 -1.460191902370251704e-02 -2.818617684898523656e-02 3.667180859270912833e-05 2.228121962992921361e-04
2.700000000000000000e+01 -1.006357456873660343e-02 -1.941823041428888258e-02 3.603439767498698982e-05 2.201766555501062650e-04
2.800000000000000000e+01 -6.513390524956933804e-03 -1.197528329382125875e-02 3.541813367259274850e-05 2.183348597526160652e-04
2.900000000000000000e+01 -3.560327502831223557e-03 -5.813717178489466626e-03 3.477993610167698184e-05 2.174848161442057861e-04
3.000000000000000000e+01 -1.005725730681534054e-06 -4.005436402697668962e-04 3.410592530945755457e-05 2.174717629177214074e-04
3.100000000000000000e+01 3.410124796198437530e-03 4.768144735564840142e-03 3.340223759001613208e-05 2.182535068070169660e-04
3.200000000000000000e+01 6.688476646782712948e-03 9.831199949923588241e-03 3.268706910881081059e-05 2.195226764708217042e-04
3.300000000000000000e+01 9.121638321271404934e-03 1.440374854992486874e-02 3.198075593537485231e-05 2.209282919082347630e-04
3.400000000000000000e+01 1.005616207828230468e-02 1.777474269765853127e-02 3.129972716619442542e-05 2.223555666152498449e-04
3.500000000000000000e+01 1.008831004243341233e-02 1.933325132757146569e-02 3.065846308075255357e-05 2.234729287742772991e-04
3.600000000000000000e+01 1.008854761777898748e-02 1.890200727812238121e-02 3.007287029297621723e-05 2.243197215351119909e-04
3.700000000000000000e+01 8.349314224657167910e-03 1.681572832665586756e-02 2.956046871446644489e-05 2.249237890309938905e-04
3.800000000000000000e+01 5.999928642291518441e-03 1.381205383358551260e-02 2.913226023895951693e-05 2.254376933947159023e-04
3.900000000000000000e+01 3.924677232053819416e-03 1.060250052164475945e-02 2.878793606901043840e-05 2.257074757735126678e-04
4.000000000000000000e+01 2.636562281872121844e-03 7.879136588342695868e-03 2.851582447932056065e-05 2.258310185733937046e-04
4.100000000000000000e+01 1.361040845114849839e-03 6.011148539409667986e-03 2.828927601857126313e-05 2.257233521341437776e-04
4.200000000000000000e+01 7.858084356389866175e-04 5.075451390412388970e-03 2.806238634675131680e-05 2.251666250798320032e-04
4.300000000000000000e+01 7.939676332401825361e-04 4.898933725287157002e-03 2.776897725554055502e-05 2.236683428729447449e-04
4.400000000000000000e+01 1.255941981682628852e-03 5.186361542132846870e-03 2.734068882965309612e-05 2.209561116276647567e-04
4.500000000000000000e+01 1.601981522360707358e-03 5.630527920554087573e-03 2.673545838097757119e-05 2.166081042361665701e-04
4.600000000000000000e+01 2.111112554387030698e-03 5.999834106855046409e-03 2.597144169612488539e-05 2.107527098021738285e-04
4.700000000000000000e+01 1.933035820824284675e-03 6.103542933196046474e-03 2.514433257409646495e-05 2.041209314189379529e-04
