# freqs 	 pli 	 dpli 	 meanpower(thalamus)	 meanpower(scalp)	pli
8.000000000000000000e+00 7.633933579387768009e-02 1.662344663577254300e-01 4.944579382376045377e-05 1.865008845851076982e-04
9.000000000000000000e+00 2.165193610162629428e-02 3.416685988371374189e-02 5.388113245766838370e-05 1.547665614578996244e-04
1.000000000000000000e+01 -1.147635789423863406e-02 -6.235664756368908962e-02 6.294258334049390529e-05 1.404763064335736128e-04
1.100000000000000000e+01 -5.241785666902634006e-02 -2.751691860434785086e-01 7.198994389613883971e-05 1.420681402905047948e-04
1.200000000000000000e+01 -6.947231679612694832e-02 -4.573018572201985599e-01 7.948765992631706321e-05 1.765031851011578448e-04
1.300000000000000000e+01 -6.324469307435871823e-02 -4.463478899554692014e-01 7.633123666213708345e-05 2.167800006627455692e-04
1.400000000000000000e+01 -5.261026136721470847e-02 -3.642705289841003391e-01 6.352808828512262638e-05 2.070533697033345808e-04
1.500000000000000000e+01 -3.713125984705596683e-02 -2.415650309317055322e-01 5.108511216178038863e-05 1.626130426992852525e-04
1.600000000000000000e+01 -2.016397202729962312e-02 -1.172514316826963054e-01 4.411858754027526860e-05 1.232928101342295826e-04
1.700000000000000000e+01 -4.524150047002571326e-03 -4.389274512050819060e-02 4.153313804192200628e-05 1.023935489016237457e-04
1.800000000000000000e+01 3.585883063121978343e-03 -8.325293258904372870e-03 4.085231203335045998e-05 9.340035759564181196e-05
1.900000000000000000e+01 8.214396634148492943e-03 1.176912524954301827e-02 4.071433141057401579e-05 8.884305317871584199e-05
2.000000000000000000e+01 1.226393853958978111e-02 2.360156917771354460e-02 4.066058468987697282e-05 8.569964977535043536e-05
2.100000000000000000e+01 1.614973649245169188e-02 3.024901894682318834e-02 4.060468825806258194e-05 8.329516280336232497e-05
2.200000000000000000e+01 1.854089615602666843e-02 3.434892390371421800e-02 4.054534436049499289e-05 8.153155033294793013e-05
2.300000000000000000e+01 2.038439618608110446e-02 3.812467484097634834e-02 4.048403944096986602e-05 8.036070170073589735e-05
2.400000000000000000e+01 2.129458048863905675e-02 4.250526208632513653e-02 4.036730511587017280e-05 7.969908499255410228e-05
2.500000000000000000e+01 2.350392177816440498e-02 4.658647819508221488e-02 4.011771693936992743e-05 7.940364887468581961e-05
2.600000000000000000e+01 2.513702095623446611e-02 4.867041571265055822e-02 3.970539439221215314e-05 7.927902781215180345e-05
2.700000000000000000e+01 2.447304456310344864e-02 4.799698952869104612e-02 3.919324701340497197e-05 7.915827145611244750e-05
2.800000000000000000e+01 2.325220799143778994e-02 4.514029087044304361e-02 3.867724808019692452e-05 7.899956774908299716e-05
2.900000000000000000e+01 2.068933034777849234e-02 4.130760893797169597e-02 3.822940261796071570e-05 7.889467324710425916e-05
3.000000000000000000e+01 1.846156940486097520e-02 3.748416180157063821e-02 3.787370821912515830e-05 7.894584199925572959e-05
3.100000000000000000e+01 1.654588917884257729e-02 3.413252574929985517e-02 3.760074277151199338e-05 7.919308570192217455e-05
3.200000000000000000e+01 1.538373338484288859e-02 3.143486966012846995e-02 3.738815308550540140e-05 7.959402656762349173e-05
3.300000000000000000e+01 1.401105602236733111e-02 2.939514008312255414e-02 3.721868562404901894e-05 8.007058620891478154e-05
3.400000000000000000e+01 1.325625029035395509e-02 2.787643211381380520e-02 3.707961975372047928e-05 8.057045812307178211e-05
3.500000000000000000e+01 1.297780450705678101e-02 2.671639803399973589e-02 3.696169364498282241e-05 8.103173071719374770e-05
3.600000000000000000e+01 1.270225674434727510e-02 2.588698399894764912e-02 3.685660360115672850e-05 8.143140128212431007e-05
3.700000000000000000e+01 1.296983515344639348e-02 2.545351296551233433e-02 3.675768318769711629e-05 8.176039384529076132e-05
3.800000000000000000e+01 1.346619953577400490e-02 2.545079146907881437e-02 3.666353965635395771e-05 8.203607221948383684e-05
3.900000000000000000e+01 1.409143863687564724e-02 2.581644304571966905e-02 3.657172177725445943e-05 8.225755321244262053e-05
4.000000000000000000e+01 1.495617874458132941e-02 2.640049686222730937e-02 3.647751846020941936e-05 8.243548218242265795e-05
4.100000000000000000e+01 1.531787558187211115e-02 2.704268238239931899e-02 3.636212355284022899e-05 8.253920212585952407e-05
4.200000000000000000e+01 1.535229860691076503e-02 2.765274496731226841e-02 3.617963468078401668e-05 8.247678044227126179e-05
4.300000000000000000e+01 1.534143864863172883e-02 2.820749776032067599e-02 3.586118738037316140e-05 8.208062562300987312e-05
4.400000000000000000e+01 1.548176818089223861e-02 2.872184036933479734e-02 3.533312576961338772e-05 8.119498077172890912e-05
4.500000000000000000e+01 1.567924843752642461e-02 2.926269330574735386e-02 3.455467830479877131e-05 7.972129508347731096e-05
4.600000000000000000e+01 1.565130329553147265e-02 2.988477760417941956e-02 3.356011519440714480e-05 7.775482562101110730e-05
4.700000000000000000e+01 1.591033949296081357e-02 3.063765109306236523e-02 3.248073928854132176e-05 7.562611503173917687e-05
