# freqs 	 pli 	 dpli 	 meanpower(thalamus)	 meanpower(scalp)	pli
8.000000000000000000e+00 -2.996624705309570286e-02 -4.671151916218133776e-02 1.237440791558434871e-04 3.935979877767146768e-04
9.000000000000000000e+00 -3.826292739825816469e-02 -7.825334282656717932e-02 1.165258360167076437e-04 3.521665374045918040e-04
1.000000000000000000e+01 -4.527039648057384208e-02 -9.882684935332458620e-02 1.104822999374142510e-04 2.706007731094993429e-04
1.100000000000000000e+01 -4.088281040657053972e-02 -8.756335375334864390e-02 1.044450751035719282e-04 2.417210910362080844e-04
1.200000000000000000e+01 -2.905588805233802127e-02 -6.330706076571475382e-02 9.970050755652381212e-05 2.285276975296219692e-04
1.300000000000000000e+01 -2.477676125712750116e-02 -5.622867476132985959e-02 9.626577670326478826e-05 2.131657309751685474e-04
1.400000000000000000e+01 -3.340436785041998868e-02 -6.919103120384767491e-02 9.400920748236028638e-05 1.941419265820174629e-04
1.500000000000000000e+01 -3.622931964965053764e-02 -7.243350009266735778e-02 9.293774606180648518e-05 1.752559525975582366e-04
1.600000000000000000e+01 -2.806576892431814421e-02 -5.779058143888231996e-02 9.274124719621226938e-05 1.592121947901946821e-04
1.700000000000000000e+01 -2.077267190332210758e-02 -4.069903090044697108e-02 9.294106349498047640e-05 1.458210593891296261e-04
1.800000000000000000e+01 -1.594952611319319993e-02 -3.186679607045529022e-02 9.328329860073000617e-05 1.344362574855499019e-04
1.900000000000000000e+01 -1.122935717556041400e-02 -2.857751353333653349e-02 9.361109309572010657e-05 1.252083021141981584e-04
2.000000000000000000e+01 -9.483468533106860845e-03 -2.682580191002128384e-02 9.344743289762530024e-05 1.179547579575019136e-04
2.100000000000000000e+01 -9.173829026135713050e-03 -2.626918580158466021e-02 9.225947801841464504e-05 1.121271550797320478e-04
2.200000000000000000e+01 -1.005716845391988953e-02 -2.704383770106768767e-02 8.987541424060097083e-05 1.071384967932139781e-04
2.300000000000000000e+01 -9.189472253295891818e-03 -2.751093453923112928e-02 8.655998730502269928e-05 1.027355414715757048e-04
2.400000000000000000e+01 -1.007758847235979555e-02 -2.550919984150498698e-02 8.276988516298795751e-05 9.890504710185669219e-05
2.500000000000000000e+01 -8.918600028302855337e-03 -2.074138810934183022e-02 7.892683991828807399e-05 9.565575282131309190e-05
2.600000000000000000e+01 -6.612568391932202062e-03 -1.462234244304940096e-02 7.531946399577541060e-05 9.305096015068699657e-05
2.700000000000000000e+01 -4.612401580293451660e-03 -8.401608663187180165e-03 7.210605139839709830e-05 9.116723571692303440e-05
2.800000000000000000e+01 -3.024467610760984623e-03 -2.911257106243017416e-03 6.933113674836895320e-05 8.983887333532307538e-05
2.900000000000000000e+01 -1.542788275619913626e-04 1.320426975103391890e-03 6.697280415060527135e-05 8.894990377262628172e-05
3.000000000000000000e+01 4.139269208761041114e-04 4.057254484687873759e-03 6.498599623523807812e-05 8.834884012729065403e-05
3.100000000000000000e+01 1.869329750171237498e-03 5.774266887523514871e-03 6.330588190773149884e-05 8.804164259884153542e-05
3.200000000000000000e+01 3.842531667953464399e-03 7.067788898517173186e-03 6.185360806700037598e-05 8.797407393925644580e-05
3.300000000000000000e+01 4.059461505098731389e-03 8.244776238720779790e-03 6.056067641657961810e-05 8.808152341146480396e-05
3.400000000000000000e+01 5.168078013283505801e-03 9.294784469390178147e-03 5.937302338361784569e-05 8.839514953004869928e-05
3.500000000000000000e+01 5.020752443432855393e-03 9.812993425236995679e-03 5.825654173387294284e-05 8.881559029954246465e-05
3.600000000000000000e+01 5.301562457476981759e-03 9.687059197797474180e-03 5.720259539160129519e-05 8.933186348175613798e-05
3.700000000000000000e+01 5.225470863268280933e-03 9.035724171632834867e-03 5.621313771707928911e-05 8.988900564528861834e-05
3.800000000000000000e+01 5.268570357394150062e-03 8.319663166866969606e-03 5.528882651120448484e-05 9.048046951095684758e-05
3.900000000000000000e+01 4.990192659559236285e-03 7.850838593980263153e-03 5.442563841977598977e-05 9.101363720750364457e-05
4.000000000000000000e+01 6.022835442827118545e-03 7.892154761187339038e-03 5.361065443080941954e-05 9.151126463461196545e-05
4.100000000000000000e+01 6.103100595609591353e-03 8.342140672778738594e-03 5.281643941298400319e-05 9.191802104790397607e-05
4.200000000000000000e+01 6.584023590349545769e-03 8.911143753132740042e-03 5.198747684980302035e-05 9.211494970727719537e-05
4.300000000000000000e+01 6.425077802653085014e-03 9.187148952270513327e-03 5.103376750518108399e-05 9.187388581640815969e-05
4.400000000000000000e+01 5.672029854531936838e-03 9.225093271845367579e-03 4.985467185349729560e-05 9.109275879175292908e-05
4.500000000000000000e+01 5.430730995703607171e-03 8.888802025083658576e-03 4.838385653994030757e-05 8.960972860152878927e-05
4.600000000000000000e+01 5.190505552853410393e-03 8.243417150073770530e-03 4.665002069789699155e-05 8.750399563209326900e-05
4.700000000000000000e+01 4.796269553684623897e-03 7.408362826730617058e-03 4.481224473400963925e-05 8.510746069501456371e-05
