# freqs 	 pli 	 dpli 	 meanpower(thalamus)	 meanpower(scalp)	pli
8.000000000000000000e+00 -2.202048205852328439e-02 -6.626426163697193839e-02 4.700148407629253886e-05 9.121036728069922394e-05
9.000000000000000000e+00 -8.223939943806579320e-03 -2.586933785202767677e-02 5.165677883444898835e-05 9.119757516377830018e-05
1.000000000000000000e+01 -2.771810523628267381e-02 -6.164647835612802051e-02 5.582106014413571772e-05 7.711118880674716083e-05
1.100000000000000000e+01 -5.000301804142046058e-02 -1.066935525885863156e-01 5.586226614456598873e-05 6.710975028977321944e-05
1.200000000000000000e+01 -6.164007582601405133e-02 -1.266264580577625976e-01 5.286885358778317505e-05 6.154830336429871615e-05
1.300000000000000000e+01 -5.911792485429288868e-02 -1.213948383376635409e-01 4.944276455102870698e-05 5.686056546516452795e-05
1.400000000000000000e+01 -4.780483214091434813e-02 -9.896654256927539528e-02 4.662560755478790719e-05 5.201964377560641635e-05
1.500000000000000000e+01 -3.402177260334076497e-02 -6.539387649321942719e-02 4.445622228619298824e-05 4.795463316288073612e-05
1.600000000000000000e+01 -1.719880677371040528e-02 -3.124541837730576699e-02 4.277562523355538890e-05 4.500042196194276614e-05
1.700000000000000000e+01 -4.602670900116089849e-03 -6.109088913789525316e-03 4.142990939648849168e-05 4.257315351618517709e-05
1.800000000000000000e+01 5.022125360262862624e-03 6.663973407330739569e-03 4.034398171197044707e-05 4.026818308740614497e-05
1.900000000000000000e+01 7.820540681126001911e-03 1.099429966357347126e-02 3.950047059316789993e-05 3.823265292453232781e-05
2.000000000000000000e+01 8.093915058965882661e-03 1.093243927920234046e-02 3.883022982835189208e-05 3.665233389541190320e-05
2.100000000000000000e+01 7.398636917243565057e-03 9.347976737879425124e-03 3.829699490320799581e-05 3.546838417629881896e-05
2.200000000000000000e+01 8.472216118358993908e-03 8.384833733497467148e-03 3.788066936899843115e-05 3.456927034759368417e-05
2.300000000000000000e+01 8.155479777019133264e-03 9.177894227221067291e-03 3.756320072797205117e-05 3.384887088496516807e-05
2.400000000000000000e+01 8.970565863977219417e-03 1.127854365299377562e-02 3.731640260127837175e-05 3.324004832992745586e-05
2.500000000000000000e+01 9.522356968021108634e-03 1.290735517096421731e-02 3.711721888825189494e-05 3.272750504720408395e-05
2.600000000000000000e+01 8.887914894022477807e-03 1.291873659686807070e-02 3.692783052807312741e-05 3.232959290292176783e-05
2.700000000000000000e+01 7.916940005671710412e-03 1.146139095456189146e-02 3.671410012234623313e-05 3.204292964389857356e-05
2.800000000000000000e+01 5.142895449193725377e-03 9.354445202596156292e-03 3.645851451711413772e-05 3.184306248401941650e-05
2.900000000000000000e+01 2.908039084271050057e-03 7.554235489615361565e-03 3.617563152115099126e-05 3.170974177993384098e-05
3.000000000000000000e+01 3.304190949704331488e-03 6.700296450110492831e-03 3.586245560703033025e-05 3.161968321239323201e-05
3.100000000000000000e+01 3.561764532569848714e-03 6.901434426197149315e-03 3.552518046957408183e-05 3.157373755094652272e-05
3.200000000000000000e+01 3.783844725398720008e-03 7.582657735771499742e-03 3.516121971135725285e-05 3.156833962772835227e-05
3.300000000000000000e+01 4.731081601974453620e-03 8.097262718742793616e-03 3.477255662622286852e-05 3.159263041074619337e-05
3.400000000000000000e+01 6.029914992069801243e-03 8.320227197817211748e-03 3.437410394188228889e-05 3.164320045641032275e-05
3.500000000000000000e+01 5.685804855005274078e-03 8.316050491604130845e-03 3.397000040841559906e-05 3.170279598718450653e-05
3.600000000000000000e+01 5.486186968587623836e-03 8.372376153599375356e-03 3.357100869484071291e-05 3.176263539802467371e-05
3.700000000000000000e+01 5.474654174216643521e-03 8.606413734471232355e-03 3.318603247304787509e-05 3.181655546831679143e-05
3.800000000000000000e+01 5.597234760625140540e-03 8.977588579425502258e-03 3.282705990170326312e-05 3.186870630735071444e-05
3.900000000000000000e+01 6.911189950887313208e-03 9.226003826563041951e-03 3.249225422091097813e-05 3.191029038405897289e-05
4.000000000000000000e+01 6.736120591763148854e-03 9.288727915004482000e-03 3.217923779241900690e-05 3.194554066644227411e-05
4.100000000000000000e+01 5.974343856477232900e-03 9.181450015214856139e-03 3.187466786556608709e-05 3.195278511796620645e-05
4.200000000000000000e+01 4.919422545864254523e-03 9.010084245536235242e-03 3.154471860136399605e-05 3.189371669162443076e-05
4.300000000000000000e+01 5.118572883226289900e-03 8.888830272259722054e-03 3.112867205103404242e-05 3.170402399478485780e-05
4.400000000000000000e+01 5.127888690968255420e-03 8.949561407091620804e-03 3.056494825974177983e-05 3.133060036688004371e-05
4.500000000000000000e+01 4.848220609997018482e-03 9.192321533991153204e-03 2.981255796211890267e-05 3.072571988622376063e-05
4.600000000000000000e+01 4.628164512285337998e-03 9.613464279203341387e-03 2.889718194131713644e-05 2.991353238772331260e-05
4.700000000000000000e+01 4.605741827817292147e-03 1.015883045550173593e-02 2.792995175557610760e-05 2.900422800687327510e-05
