# freqs 	 pli 	 dpli 	 meanpower(thalamus)	 meanpower(scalp)	pli
8.000000000000000000e+00 -1.542669221442237090e-04 4.028972356985378346e-03 6.778689079961605548e-05 2.783809284319849393e-04
9.000000000000000000e+00 -2.052343010862998571e-02 -4.951144382277102018e-02 6.160556754858429157e-05 2.167978110914613470e-04
1.000000000000000000e+01 -2.687873100100198961e-02 -6.548416298986903250e-02 5.846101135158088421e-05 1.725775193214913934e-04
1.100000000000000000e+01 -1.983890506925850908e-02 -5.223959248681072504e-02 5.596764520618272617e-05 1.457046961834982735e-04
1.200000000000000000e+01 -1.286094596902874303e-02 -5.799635280462761555e-02 5.387999635843057872e-05 1.334968816068346649e-04
1.300000000000000000e+01 -1.843801322126996031e-03 -8.498945900982302071e-02 5.178295894552829024e-05 1.266250721692527802e-04
1.400000000000000000e+01 1.225766618645811844e-02 -4.769598394426581567e-02 4.975100726130802879e-05 1.195875546860170670e-04
1.500000000000000000e+01 1.860195155926717622e-02 1.302193547773372075e-02 4.807722590516670506e-05 1.109283517738757951e-04
1.600000000000000000e+01 2.303486015568613141e-02 3.746488126265158647e-02 4.699097666644247244e-05 1.011904622995297921e-04
1.700000000000000000e+01 1.616839495010063965e-02 3.020258841287735627e-02 4.638991762286392371e-05 9.224406725653978086e-05
1.800000000000000000e+01 1.254616129545656905e-02 1.964442637893899085e-02 4.613204855471483943e-05 8.490707141463053518e-05
1.900000000000000000e+01 6.770504360914380952e-03 1.712078856172791208e-02 4.620061539390873560e-05 7.909243599464493607e-05
2.000000000000000000e+01 1.165615482225000436e-02 1.947104850129609266e-02 4.655902732572855931e-05 7.438885937490709907e-05
2.100000000000000000e+01 1.468442905464980262e-02 2.033697231076144266e-02 4.710105400863021156e-05 7.066872135030874478e-05
2.200000000000000000e+01 1.259809775654695957e-02 1.620912106184707255e-02 4.775606163665912992e-05 6.792072141930150810e-05
2.300000000000000000e+01 5.752445387671735987e-03 8.610210578740217294e-03 4.853703918697782003e-05 6.594180492867269020e-05
2.400000000000000000e+01 3.001975228066544859e-03 1.474605135937315584e-03 4.942930969438445998e-05 6.439900589890338646e-05
2.500000000000000000e+01 3.097876214636108641e-03 -1.208990310413850721e-03 5.036054831882096994e-05 6.296678510024092889e-05
2.600000000000000000e+01 2.566985370957790887e-03 2.457802914917338755e-03 5.121671604781737226e-05 6.149993757352318800e-05
2.700000000000000000e+01 6.539307007417013463e-03 1.106805540229852634e-02 5.186083629720261256e-05 5.996872974112517200e-05
2.800000000000000000e+01 7.357313896271346944e-03 2.131923507627980427e-02 5.222542395422894373e-05 5.836924482555483834e-05
2.900000000000000000e+01 1.124336365714045591e-02 2.975255737733743799e-02 5.231019701973623138e-05 5.676273838427951053e-05
3.000000000000000000e+01 1.291239545342994129e-02 3.496855259058086196e-02 5.215056481184454564e-05 5.522340632584833703e-05
3.100000000000000000e+01 1.699782777875310721e-02 3.729404103947534660e-02 5.182452096801559108e-05 5.380656248438068015e-05
3.200000000000000000e+01 1.993507563609920111e-02 3.790777642994915680e-02 5.139909557377318657e-05 5.252386275070765890e-05
3.300000000000000000e+01 2.123878309208351162e-02 3.743774973477605877e-02 5.091254010138205813e-05 5.138238241477399108e-05
3.400000000000000000e+01 2.218877021252171899e-02 3.582080915835667012e-02 5.041012563362709797e-05 5.041365661623210310e-05
3.500000000000000000e+01 2.024538438079151806e-02 3.317070086554929631e-02 4.991825596169366586e-05 4.958800849803883428e-05
3.600000000000000000e+01 1.656037021893856306e-02 2.957896607781219239e-02 4.944382775002428620e-05 4.890232689286313410e-05
3.700000000000000000e+01 1.431413030893179290e-02 2.521624381068491780e-02 4.898287924152375803e-05 4.835819966126305466e-05
3.800000000000000000e+01 1.205166595031041329e-02 2.037757125082203732e-02 4.853041251086091015e-05 4.795180170598884264e-05
3.900000000000000000e+01 9.402997854227585980e-03 1.595466457104500677e-02 4.807622696911984802e-05 4.762098590504917732e-05
4.000000000000000000e+01 7.198571173053443933e-03 1.235819011681356036e-02 4.761244603010301313e-05 4.736290007133327283e-05
4.100000000000000000e+01 4.534671721880373721e-03 9.946708964325246677e-03 4.711239815958968862e-05 4.713762707484760015e-05
4.200000000000000000e+01 4.622209113242182511e-03 8.677651630484775266e-03 4.652483840227661707e-05 4.686859182880921893e-05
4.300000000000000000e+01 5.212113215016163717e-03 8.203441714188276779e-03 4.577520286240656193e-05 4.645706589002282754e-05
4.400000000000000000e+01 5.518578352180936869e-03 8.203300889173368790e-03 4.478157558453652542e-05 4.582929686518465412e-05
4.500000000000000000e+01 4.979980658514320500e-03 8.409418379261235366e-03 4.349326707457869181e-05 4.489325912160927964e-05
4.600000000000000000e+01 6.276603978020277134e-03 8.757367860058559370e-03 4.194183395667134943e-05 4.367261359292534819e-05
4.700000000000000000e+01 6.427619693154610833e-03 9.422402968724805095e-03 4.026954962381997080e-05 4.231643344545274709e-05
