# freqs 	 pli 	 dpli 	 meanpower(thalamus)	 meanpower(scalp)	pli
8.000000000000000000e+00 -8.192881766982368363e-02 -1.876491101291417607e-01 1.216745622927403920e-04 2.146577245568069016e-04
9.000000000000000000e+00 -1.210178962669366809e-01 -2.676001256629986225e-01 1.163108343950647360e-04 2.009301653038694584e-04
1.000000000000000000e+01 -1.183368097179474110e-01 -2.696219727437330071e-01 1.355733291558984446e-04 1.861135765228687634e-04
1.100000000000000000e+01 -1.172643101729682197e-01 -3.466550637838593518e-01 1.668698765991407057e-04 1.797871172570956804e-04
1.200000000000000000e+01 -1.203203364510791740e-01 -4.035575537315360117e-01 1.687540738427134829e-04 1.803271386222275578e-04
1.300000000000000000e+01 -1.176692812788521780e-01 -4.046479796169577536e-01 1.419099487421733780e-04 1.794268448473790398e-04
1.400000000000000000e+01 -1.014872930729865258e-01 -3.688652583916555705e-01 1.099371978098109587e-04 1.667043018655810292e-04
1.500000000000000000e+01 -7.612328928912363846e-02 -2.995740905383839081e-01 8.601732691611558396e-05 1.445334877640377035e-04
1.600000000000000000e+01 -5.105590579370482968e-02 -2.095605284629997456e-01 7.120885310094343028e-05 1.230783603398032599e-04
1.700000000000000000e+01 -2.983581632941169695e-02 -1.257802032491535382e-01 6.242070055037982046e-05 1.076322925019880463e-04
1.800000000000000000e+01 -1.680356606114126114e-02 -6.823124041284130137e-02 5.735304426773802592e-05 9.753139592053927177e-05
1.900000000000000000e+01 -1.002884588781607043e-02 -3.796101802601781205e-02 5.501212843475093380e-05 9.069014092726105898e-05
2.000000000000000000e+01 -7.661363680426404484e-03 -2.316194008755385891e-02 5.485805208554180772e-05 8.560596188839646626e-05
2.100000000000000000e+01 -4.895614429083460124e-03 -1.215589017888098547e-02 5.601745696491455969e-05 8.152424885549793617e-05
2.200000000000000000e+01 -2.255538340177573250e-03 -1.934258352337664584e-03 5.720089334354535953e-05 7.808835097482625732e-05
2.300000000000000000e+01 -5.120391955151743033e-04 5.241440043392548223e-03 5.734609830010807367e-05 7.512612057384909434e-05
2.400000000000000000e+01 6.871871043602850813e-04 8.394886162754276043e-03 5.615433554583758687e-05 7.249588089126976151e-05
2.500000000000000000e+01 1.373720138501175305e-03 8.782039619702608838e-03 5.401092873946614428e-05 7.008787956420744624e-05
2.600000000000000000e+01 1.879898992194044662e-03 7.996593902749442664e-03 5.154922106688051040e-05 6.782671671016796372e-05
2.700000000000000000e+01 1.203670442206257072e-03 6.866797572069571406e-03 4.929558451360400344e-05 6.562382444622330503e-05
2.800000000000000000e+01 7.162606307887823490e-04 5.484139427467645336e-03 4.753258202468275387e-05 6.342681731632305870e-05
2.900000000000000000e+01 -1.611913555538016944e-05 3.736174787300774579e-03 4.631252126186398118e-05 6.124140222837675047e-05
3.000000000000000000e+01 -2.499538391325705280e-04 1.719993264565977805e-03 4.555940581324556521e-05 5.911518660337057867e-05
3.100000000000000000e+01 -1.373881773151445400e-03 -2.850942333923622450e-04 4.513790386195123895e-05 5.709026303797304607e-05
3.200000000000000000e+01 -2.266308634860690358e-03 -2.011297677000970906e-03 4.490332497168415875e-05 5.518851735071258411e-05
3.300000000000000000e+01 -2.666797202150249929e-03 -3.368619510375451750e-03 4.473426159746125852e-05 5.342589298734671052e-05
3.400000000000000000e+01 -2.927270285397010757e-03 -4.442545786003774221e-03 4.455114813604484059e-05 5.180647514910200120e-05
3.500000000000000000e+01 -3.463429018558893645e-03 -5.374148415460911800e-03 4.431467841035993530e-05 5.032249707813406958e-05
3.600000000000000000e+01 -3.654528122870900723e-03 -6.250750859505257127e-03 4.401333537929249379e-05 4.896495596323402933e-05
3.700000000000000000e+01 -3.883364137210435114e-03 -7.074088604580175063e-03 4.366350055770188776e-05 4.771325040163932625e-05
3.800000000000000000e+01 -3.947249594017813133e-03 -7.781568592120204422e-03 4.329502235392839870e-05 4.654674211579806493e-05
3.900000000000000000e+01 -4.277962094913009480e-03 -8.305484926030311590e-03 4.293423318542938650e-05 4.544239896381705753e-05
4.000000000000000000e+01 -4.356036530462217317e-03 -8.613169580160966524e-03 4.259407391637533215e-05 4.438532132586182238e-05
4.100000000000000000e+01 -4.265995952763546734e-03 -8.739422879998015592e-03 4.226277237470962346e-05 4.335423496730280856e-05
4.200000000000000000e+01 -4.605061486936959207e-03 -8.752883314994302708e-03 4.189451528450890511e-05 4.231176549044580646e-05
4.300000000000000000e+01 -4.722979286995630799e-03 -8.777276977695728719e-03 4.140753499334753397e-05 4.119642070712384535e-05
4.400000000000000000e+01 -4.592775229485567164e-03 -8.849502134260672434e-03 4.070950927775578984e-05 3.993982747122506283e-05
4.500000000000000000e+01 -4.577378615862650810e-03 -8.985218898173288893e-03 3.974224950880597728e-05 3.848868286729319649e-05
4.600000000000000000e+01 -4.882135478319535142e-03 -9.128172592867486376e-03 3.853389870158420530e-05 3.685645667784682512e-05
4.700000000000000000e+01 -5.132560272793345625e-03 -9.179822280146004293e-03 3.722611619744703546e-05 3.514751659243075290e-05
