# freqs 	 pli 	 dpli 	 meanpower(thalamus)	 meanpower(scalp)	pli
8.000000000000000000e+00 -6.609327226922200038e-02 -2.677492209915254828e-01 3.615585184054738861e-05 1.850937169666397016e-04
9.000000000000000000e+00 -7.435337047224344076e-02 -2.502626462956846765e-01 3.354574635036086601e-05 1.538554297523663124e-04
1.000000000000000000e+01 -4.351617997945654570e-02 -1.424028346295843905e-01 3.200948527595335078e-05 1.358519068933495991e-04
1.100000000000000000e+01 -2.962990003711342846e-03 -3.623268943225536193e-02 3.128605759391254754e-05 1.266405761339479703e-04
1.200000000000000000e+01 1.376922457524760481e-02 1.106672567572928277e-02 3.106386181754195613e-05 1.191439834524020690e-04
1.300000000000000000e+01 1.408978223260625232e-03 -5.367184800232370490e-03 3.086400537529329039e-05 1.122012358682432500e-04
1.400000000000000000e+01 -9.223336117581200366e-03 -3.092982811123844850e-02 3.069698753019967579e-05 1.067352775822876410e-04
1.500000000000000000e+01 -1.267011450756142313e-02 -4.070886473789490922e-02 3.062219547185989583e-05 1.018848238550947157e-04
1.600000000000000000e+01 -1.190109337602728544e-02 -3.019032726698068006e-02 3.059287369821998110e-05 9.702021310480904350e-05
1.700000000000000000e+01 -7.240375878449098468e-03 -1.851465061960785169e-02 3.057855126775323179e-05 9.233230759566260081e-05
1.800000000000000000e+01 -1.497536495307337946e-03 -1.713992802695742113e-02 3.062793502735150128e-05 8.865204041119782990e-05
1.900000000000000000e+01 -4.689043429460144040e-03 -1.834476736853620296e-02 3.083525713658123881e-05 8.677058888431065666e-05
2.000000000000000000e+01 -4.375301642631329938e-03 -1.690653608989282561e-02 3.115906145970469374e-05 8.636509274662398353e-05
2.100000000000000000e+01 -5.417427520261943602e-03 -1.550464849648387766e-02 3.148051888445423314e-05 8.628487949678493240e-05
2.200000000000000000e+01 -5.669699279150233577e-03 -1.553994901538697376e-02 3.172933897507203852e-05 8.565827533153269125e-05
2.300000000000000000e+01 -4.731105555019528806e-03 -1.507379170904245801e-02 3.193370153271056554e-05 8.428528774652888512e-05
2.400000000000000000e+01 -1.446927209841104541e-03 -1.183825492497075742e-02 3.220951886708159345e-05 8.240039962403557456e-05
2.500000000000000000e+01 -2.077054001744614922e-03 -4.807017740812254657e-03 3.264633918271871458e-05 8.039177043497782848e-05
2.600000000000000000e+01 1.745258457112093585e-03 4.639487279250658486e-03 3.319169929536035479e-05 7.847221129300220902e-05
2.700000000000000000e+01 5.024154058678296890e-03 1.352643557458765508e-02 3.369522115436463921e-05 7.683184122777028744e-05
2.800000000000000000e+01 6.104183542858269626e-03 1.834686369834969202e-02 3.400822417126799153e-05 7.542977554620046042e-05
2.900000000000000000e+01 5.673297164334468665e-03 1.832314802356352010e-02 3.410027227734892377e-05 7.437400056008843712e-05
3.000000000000000000e+01 3.930341285816578260e-03 1.523282573783526529e-02 3.403294456177965153e-05 7.363035179035704264e-05
3.100000000000000000e+01 2.608419043579683974e-03 1.237993210062505317e-02 3.387224301568056699e-05 7.325736017690774203e-05
3.200000000000000000e+01 1.147204312967746095e-03 1.160648183519931778e-02 3.367234573994727030e-05 7.313348640745000900e-05
3.300000000000000000e+01 2.886480961784984416e-03 1.301979970744173570e-02 3.347458051614020228e-05 7.308531159949712276e-05
3.400000000000000000e+01 4.888343160934274442e-03 1.553085745653909680e-02 3.331011430030425210e-05 7.315317591294376689e-05
3.500000000000000000e+01 6.095142424778074268e-03 1.773089524854454604e-02 3.318967965247121495e-05 7.320711201151423246e-05
3.600000000000000000e+01 6.941447544718527124e-03 1.905459549338162778e-02 3.311766843263965089e-05 7.329125706420354207e-05
3.700000000000000000e+01 6.873830766436966021e-03 1.960405232682735713e-02 3.309344388102010523e-05 7.341911757500166498e-05
3.800000000000000000e+01 6.221539509668131372e-03 1.982618195885372039e-02 3.312015850149490975e-05 7.364979227775034904e-05
3.900000000000000000e+01 6.574848730350988345e-03 1.997170497105531239e-02 3.319139417911603221e-05 7.386104598782089502e-05
4.000000000000000000e+01 7.248926435970307752e-03 2.028408786801566555e-02 3.329013656273222720e-05 7.411367864030265877e-05
4.100000000000000000e+01 7.784847373493565190e-03 2.077068475579557649e-02 3.338420578001933761e-05 7.438695800679741526e-05
4.200000000000000000e+01 8.519078915505873609e-03 2.131437159563917549e-02 3.341913389234627940e-05 7.457328761888203181e-05
4.300000000000000000e+01 8.258296216149475094e-03 2.177047057644580091e-02 3.331892487952716679e-05 7.443771776185555838e-05
4.400000000000000000e+01 7.656805098443878084e-03 2.205365485076611273e-02 3.300636599256337255e-05 7.392180541426356154e-05
4.500000000000000000e+01 7.052355276587708201e-03 2.208359184942415565e-02 3.243697167673484746e-05 7.281142400340635096e-05
4.600000000000000000e+01 8.100095014845407754e-03 2.190013220177291706e-02 3.164215565458943701e-05 7.112511192413323139e-05
4.700000000000000000e+01 8.781081045354200906e-03 2.160588073159873737e-02 3.075014979948359023e-05 6.910407990250863543e-05
