# freqs 	 pli 	 dpli 	 meanpower(thalamus)	 meanpower(scalp)	pli
8.000000000000000000e+00 -9.903522750448509430e-04 -2.838125349712715059e-02 3.876375575762598370e-05 8.604034810639319439e-05
9.000000000000000000e+00 -8.406511030199185358e-03 -3.968946792516241107e-02 3.793386596525752722e-05 8.127887476072249311e-05
1.000000000000000000e+01 -1.424440435394349475e-02 -1.551272589452133525e-02 4.056698382322569701e-05 7.986471793756410079e-05
1.100000000000000000e+01 -1.463848144952545338e-02 -1.680649549237070092e-02 4.290609569113974396e-05 8.059192401072686146e-05
1.200000000000000000e+01 -2.799704676869574794e-03 -2.467718195750722571e-02 4.192269325064038824e-05 8.069557702700294697e-05
1.300000000000000000e+01 2.414317593132301112e-03 2.658036585415548061e-02 4.031245006690295892e-05 7.939796411681285953e-05
1.400000000000000000e+01 1.776641432209190297e-02 9.153489804374877192e-02 3.993565265856990529e-05 7.743540860115451826e-05
1.500000000000000000e+01 1.253305202483512813e-02 8.091764795580043412e-02 3.896348072897873229e-05 7.455649197000869947e-05
1.600000000000000000e+01 -4.666833257218684292e-03 1.657200682743361839e-02 3.684173908596415748e-05 7.104119139223821213e-05
1.700000000000000000e+01 -1.318820677261112358e-02 -3.739494055015740032e-02 3.473549902366180811e-05 6.728204239018893110e-05
1.800000000000000000e+01 -2.270724528321390115e-02 -5.979145224197226355e-02 3.346927728794388881e-05 6.409253468529339142e-05
1.900000000000000000e+01 -2.426949918481560720e-02 -5.875810444882137440e-02 3.290891425907049969e-05 6.174852620470995155e-05
2.000000000000000000e+01 -2.002099496138149901e-02 -4.716554165959735423e-02 3.281567395699263440e-05 5.981098404379231150e-05
2.100000000000000000e+01 -1.864944570013991887e-02 -3.613642956692074415e-02 3.307473931171838079e-05 5.782102959098072185e-05
2.200000000000000000e+01 -1.372813893961426918e-02 -2.472706186771118572e-02 3.388645013141940957e-05 5.574905127581348109e-05
2.300000000000000000e+01 -5.047387591673833593e-03 5.274646520236866466e-05 3.599432872948711402e-05 5.386175869307921184e-05
2.400000000000000000e+01 1.247224969634991472e-02 4.789553133737256552e-02 4.019148470777591880e-05 5.237124093457544259e-05
2.500000000000000000e+01 3.200101221631476006e-02 1.078521421016836596e-01 4.605421022141380693e-05 5.130420449193194153e-05
2.600000000000000000e+01 4.325837716319858028e-02 1.582892263149776602e-01 5.185588601816371458e-05 5.041910276249896960e-05
2.700000000000000000e+01 4.911844969005677020e-02 1.865118819251800897e-01 5.564545488474440779e-05 4.938818237218909593e-05
2.800000000000000000e+01 4.946650729438006183e-02 1.912825410809109450e-01 5.640972887687643156e-05 4.803903348722494775e-05
2.900000000000000000e+01 4.831555134490001652e-02 1.770904746290861698e-01 5.435441443206031286e-05 4.641953868088534311e-05
3.000000000000000000e+01 4.203268549184411423e-02 1.495183375659301095e-01 5.044167720397558862e-05 4.472220029827220016e-05
3.100000000000000000e+01 3.137134444808684086e-02 1.148514838619371370e-01 4.585441569658117332e-05 4.310874456195365115e-05
3.200000000000000000e+01 2.295168848956948698e-02 7.975101495322499401e-02 4.154652438996191908e-05 4.168943523075231038e-05
3.300000000000000000e+01 1.447846469255738636e-02 4.957903231692476625e-02 3.804326896639357208e-05 4.047950055965701395e-05
3.400000000000000000e+01 8.847928328769573761e-03 2.700223535507739400e-02 3.549726592214281530e-05 3.947354375549012412e-05
3.500000000000000000e+01 4.623834901135957798e-03 1.193967136441723489e-02 3.382253698374860704e-05 3.865041729743794874e-05
3.600000000000000000e+01 2.261522884908356412e-03 2.456943787840980449e-03 3.282388085048113831e-05 3.797207560031286327e-05
3.700000000000000000e+01 1.981029257815087458e-03 -3.784002578729588843e-03 3.228789772997769475e-05 3.739361191399465984e-05
3.800000000000000000e+01 -8.764844972342140548e-04 -8.488218956105554602e-03 3.204961620989962563e-05 3.687716152486702174e-05
3.900000000000000000e+01 -4.124252237374584525e-03 -1.236713169619923190e-02 3.198795778654833880e-05 3.639733469354775589e-05
4.000000000000000000e+01 -6.018039496985819886e-03 -1.548449347970775984e-02 3.201827635138957079e-05 3.593485764739490776e-05
4.100000000000000000e+01 -9.464981289353207108e-03 -1.773764648981218661e-02 3.207931272724672266e-05 3.546097681191874156e-05
4.200000000000000000e+01 -1.295471140226172116e-02 -1.919047677211497410e-02 3.210686467534312023e-05 3.494299779566860419e-05
4.300000000000000000e+01 -1.302007408343890289e-02 -2.008095065996208170e-02 3.202253790336689443e-05 3.432596386968435158e-05
4.400000000000000000e+01 -1.268942765564221552e-02 -2.060015249787213246e-02 3.174825889001915176e-05 3.354791702778343041e-05
4.500000000000000000e+01 -1.254111789063608491e-02 -2.085993641975163529e-02 3.123834793858385687e-05 3.256752496107104798e-05
4.600000000000000000e+01 -1.238077793285640230e-02 -2.073311302251507407e-02 3.052757696703122729e-05 3.139750646050900646e-05
4.700000000000000000e+01 -1.258161799039803595e-02 -1.992237147357517682e-02 2.974011317139975180e-05 3.013222061847937251e-05
