# freqs 	 pli 	 dpli 	 meanpower(thalamus)	 meanpower(scalp)	pli
8.000000000000000000e+00 -1.663493227482408868e-02 -5.039828182418073371e-02 1.822420262127614208e-04 1.772323017393546258e-04
9.000000000000000000e+00 -1.856183084297594738e-02 -4.300104760983092245e-02 1.988045109259551518e-04 1.796627836712449511e-04
1.000000000000000000e+01 -3.838551516478452830e-02 -8.857498745973918508e-02 2.365188377651547622e-04 1.907776401184569314e-04
1.100000000000000000e+01 -6.364511536633922495e-02 -2.105847686072500335e-01 2.977064610887603926e-04 2.091259652441841970e-04
1.200000000000000000e+01 -5.185309420052124779e-02 -1.954143438470991034e-01 2.915307586418331874e-04 2.349401790963791085e-04
1.300000000000000000e+01 -1.141638354351628276e-02 -5.479921941773092248e-02 2.316288284032140261e-04 2.698845587912183409e-04
1.400000000000000000e+01 2.380261063068984245e-02 6.307094564105368562e-02 1.856027158680734136e-04 2.818688232683403869e-04
1.500000000000000000e+01 5.116420731791733456e-02 1.435987685520994372e-01 1.679195117522024527e-04 2.620247765266384252e-04
1.600000000000000000e+01 6.058421714667230201e-02 1.782304630979014426e-01 1.595987757572129423e-04 2.331292536073416939e-04
1.700000000000000000e+01 5.228245865739828552e-02 1.502288546097985122e-01 1.484444298215134952e-04 2.104603725362927359e-04
1.800000000000000000e+01 3.421056103684787242e-02 9.439225139886203708e-02 1.353100139274058362e-04 1.950692527117153493e-04
1.900000000000000000e+01 1.996567159805128638e-02 5.354501544430919496e-02 1.244472810542675831e-04 1.838805242279685243e-04
2.000000000000000000e+01 1.326876154583377619e-02 3.798140255542480082e-02 1.184593379293237233e-04 1.746538707649920223e-04
2.100000000000000000e+01 1.351814386204521976e-02 3.977093008292126308e-02 1.172383127313860937e-04 1.661975735613056360e-04
2.200000000000000000e+01 1.672462939899089715e-02 4.972011757326017661e-02 1.175604442065169262e-04 1.581214324405637176e-04
2.300000000000000000e+01 2.294214558892170713e-02 6.119446401640211280e-02 1.154102632732476117e-04 1.504403999739841933e-04
2.400000000000000000e+01 2.702982607216614791e-02 7.108232187388875689e-02 1.095146431160267097e-04 1.432899181631334983e-04
2.500000000000000000e+01 3.233838904432336653e-02 7.863187527199372306e-02 1.013597715480526231e-04 1.368546716662702109e-04
2.600000000000000000e+01 3.685063167466621353e-02 8.343921798875182649e-02 9.324666242380323720e-05 1.311791703668280793e-04
2.700000000000000000e+01 3.927315616009523919e-02 8.477585076310144296e-02 8.662154696730597079e-05 1.261155544032357436e-04
2.800000000000000000e+01 3.946693796075279731e-02 8.241213442120573496e-02 8.167801395257943433e-05 1.213863987215016497e-04
2.900000000000000000e+01 3.768020771521517903e-02 7.694798543523845291e-02 7.794999318339789146e-05 1.167696310996502472e-04
3.000000000000000000e+01 3.484646513171525684e-02 6.967384900338698117e-02 7.495206963008541263e-05 1.121930932778171665e-04
3.100000000000000000e+01 3.174322825421405092e-02 6.162445776398411956e-02 7.242308530782361133e-05 1.076141466677569495e-04
3.200000000000000000e+01 2.922143305410988476e-02 5.344464518033005540e-02 7.025061457236425838e-05 1.030097927369849181e-04
3.300000000000000000e+01 2.554288022203275374e-02 4.567498487395119794e-02 6.832617538249949416e-05 9.842193765516156164e-05
3.400000000000000000e+01 2.199101502956467974e-02 3.891124138274862365e-02 6.648985123512105326e-05 9.390689418049945217e-05
3.500000000000000000e+01 1.913914691905010956e-02 3.364050218591417563e-02 6.461737509577107511e-05 8.952005481449385588e-05
3.600000000000000000e+01 1.684971779490843091e-02 3.004430902371246423e-02 6.268245057645394894e-05 8.534553076043697442e-05
3.700000000000000000e+01 1.628110731474512185e-02 2.803028923298883299e-02 6.073128370021362222e-05 8.145949029177639673e-05
3.800000000000000000e+01 1.720838438798836731e-02 2.737144943777760145e-02 5.884800610876700551e-05 7.793122677631415427e-05
3.900000000000000000e+01 1.851710975979731222e-02 2.781152596778093192e-02 5.710107813809817920e-05 7.477550658183350341e-05
4.000000000000000000e+01 1.924179834233540401e-02 2.915721521745077635e-02 5.551873795584526836e-05 7.197718895039904744e-05
4.100000000000000000e+01 2.056143183017122844e-02 3.129560010310540596e-02 5.408039581349985251e-05 6.947685568954653295e-05
4.200000000000000000e+01 2.197494637457116096e-02 3.412784024724887372e-02 5.271755875050756964e-05 6.716848880631275944e-05
4.300000000000000000e+01 2.316990241374560291e-02 3.750472322115044194e-02 5.132105761102894256e-05 6.489651778162651755e-05
4.400000000000000000e+01 2.430677868609703099e-02 4.118635802428570469e-02 4.977193173646382276e-05 6.250266312575350567e-05
4.500000000000000000e+01 2.604448210448926868e-02 4.490053811888293500e-02 4.798535002412307780e-05 5.986341036924437659e-05
4.600000000000000000e+01 2.730742092171804802e-02 4.839094719557327645e-02 4.596931716760158289e-05 5.695880898511353706e-05
4.700000000000000000e+01 2.829153422520288425e-02 5.143660055516435792e-02 4.385127883174898099e-05 5.390971628855910071e-05
