# freqs 	 pli 	 dpli 	 meanpower(thalamus)	 meanpower(scalp)	pli
8.000000000000000000e+00 3.035872873191699378e-02 1.119856188623541554e-01 7.238297204659414774e+01 3.669082649556115143e+02
9.000000000000000000e+00 4.010943663157758021e-02 1.073441973997414228e-01 6.523021509733980849e+01 3.057050714692884981e+02
1.000000000000000000e+01 3.343404500340370344e-02 8.980170122432389046e-02 5.919481462516500159e+01 2.501002720571040925e+02
1.100000000000000000e+01 2.197226616610950534e-02 4.659140818814536816e-02 5.614350085846687222e+01 2.144120465069083536e+02
1.200000000000000000e+01 1.824579769388133890e-02 4.371773178541952382e-02 5.462759690647021671e+01 1.957799843100301302e+02
1.300000000000000000e+01 1.614415316967324904e-02 4.890950736719502229e-02 5.247094721833559561e+01 1.898208858150374851e+02
1.400000000000000000e+01 7.156092931319551174e-03 2.488970448511216085e-02 4.910829966604862307e+01 1.853894675145866984e+02
1.500000000000000000e+01 -2.764211719606988072e-03 -1.052365808147129843e-02 4.517366922622593250e+01 1.736318260787854797e+02
1.600000000000000000e+01 -7.655299301982423400e-03 -2.530990812726325104e-02 4.145398653964821278e+01 1.558975511083146444e+02
1.700000000000000000e+01 -7.337742852535817512e-03 -1.817747411426708440e-02 3.842171333448474968e+01 1.377344948211883207e+02
1.800000000000000000e+01 -2.646667753219308656e-03 -4.332684918814613644e-03 3.616780633718197180e+01 1.226120822845217617e+02
1.900000000000000000e+01 2.706472458645484136e-03 6.484319031887860081e-03 3.454809465370760080e+01 1.111456238119154989e+02
2.000000000000000000e+01 4.688535320294139920e-03 1.114792310973326643e-02 3.338547329343789727e+01 1.025113775370894018e+02
2.100000000000000000e+01 4.832307622189799777e-03 1.146904125977294200e-02 3.255220834667368024e+01 9.590364482308339689e+01
2.200000000000000000e+01 5.462636969370076277e-03 1.123673093957896357e-02 3.195954444858103827e+01 9.073393700312516330e+01
2.300000000000000000e+01 5.508160461093901568e-03 1.171680460960772448e-02 3.152679200773408041e+01 8.652200512385455511e+01
2.400000000000000000e+01 6.145751421485603876e-03 1.168395862251771049e-02 3.117897653890238985e+01 8.294368443919179867e+01
2.500000000000000000e+01 4.471473387777647780e-03 1.041856411461857673e-02 3.086967127741740669e+01 7.980320601995398988e+01
2.600000000000000000e+01 3.812504211761510650e-03 8.689820184133428133e-03 3.058585130427187337e+01 7.698599692786294213e+01
2.700000000000000000e+01 3.252545614782181675e-03 7.591529941080724271e-03 3.032371365431361454e+01 7.441102750683054978e+01
2.800000000000000000e+01 4.234080200713739341e-03 7.594239893778466192e-03 3.008040252476212473e+01 7.201736659791856709e+01
2.900000000000000000e+01 5.106578868299782407e-03 8.410994487657634522e-03 2.985262074132947419e+01 6.980667566302385296e+01
3.000000000000000000e+01 5.858263754638808746e-03 9.443122697342497956e-03 2.964549209684270892e+01 6.780103317849111022e+01
3.100000000000000000e+01 6.018873468077541242e-03 1.024755268951462427e-02 2.945967548533869262e+01 6.601049405804027970e+01
3.200000000000000000e+01 6.354659398291499957e-03 1.074155326771943086e-02 2.928870679962200896e+01 6.442264200720926226e+01
3.300000000000000000e+01 6.268239959796832392e-03 1.102689465374573179e-02 2.913155846836396989e+01 6.302180214883242115e+01
3.400000000000000000e+01 5.974133654390567302e-03 1.121324238541902482e-02 2.898630258054228293e+01 6.180680294290930021e+01
3.500000000000000000e+01 6.486670381558494805e-03 1.135481534109430111e-02 2.884728382900406984e+01 6.075153092253223974e+01
3.600000000000000000e+01 6.633344883272643613e-03 1.146314255051217312e-02 2.870795987167907271e+01 5.984181096626817009e+01
3.700000000000000000e+01 6.845789590091994926e-03 1.154035706507730054e-02 2.856618343057576581e+01 5.905774512000709109e+01
3.800000000000000000e+01 6.562934081538329342e-03 1.158296478955415064e-02 2.842153501790712866e+01 5.838952949771752543e+01
3.900000000000000000e+01 6.392131953539702607e-03 1.159999325857060878e-02 2.827447798046675587e+01 5.780083520709534639e+01
4.000000000000000000e+01 6.752837199160349919e-03 1.155456143180137903e-02 2.812238906945167116e+01 5.727137372727698761e+01
4.100000000000000000e+01 6.612026346997625960e-03 1.139604042644876310e-02 2.795379638638988595e+01 5.675674739563930160e+01
4.200000000000000000e+01 6.856250058977866359e-03 1.108063085206507578e-02 2.774022628806801549e+01 5.618461262156770175e+01
4.300000000000000000e+01 6.721176122765050442e-03 1.058509483554463323e-02 2.743331820337166960e+01 5.543665692840647097e+01
4.400000000000000000e+01 7.118444809639486344e-03 9.948754799496601492e-03 2.697715657837524006e+01 5.440790988884454293e+01
4.500000000000000000e+01 7.269462964049664723e-03 9.199867262972621570e-03 2.633884156812812805e+01 5.301368152708742087e+01
4.600000000000000000e+01 7.355695253503579875e-03 8.373718457063732828e-03 2.554273732739824254e+01 5.128614567153757520e+01
4.700000000000000000e+01 6.922586258602030952e-03 7.505122533216390668e-03 2.468618011273047586e+01 4.939734011983280482e+01
