# freqs 	 pli 	 dpli 	 meanpower(thalamus)	 meanpower(scalp)	pli
8.000000000000000000e+00 -1.239676675470583952e-02 -5.953672709594493712e-02 3.710372759974295466e-05 2.458813815019464475e-04
9.000000000000000000e+00 -1.298886220689098731e-02 -5.521691198399540645e-02 3.817495565214054908e-05 2.425878899477343213e-04
1.000000000000000000e+01 -1.291249070711794882e-03 -3.131933244488335072e-02 3.899355473530190149e-05 2.245981709773821073e-04
1.100000000000000000e+01 1.781382397713068139e-02 7.688792722111740911e-03 3.873012302028317291e-05 2.116947907697532363e-04
1.200000000000000000e+01 3.580340652362844905e-02 4.740638169207551239e-02 3.810384195809513291e-05 2.031638981237239030e-04
1.300000000000000000e+01 4.745694875111663991e-02 6.713448009442117559e-02 3.779273884344025241e-05 1.953307733687801369e-04
1.400000000000000000e+01 4.256822911943207444e-02 5.470925359015395978e-02 3.754300912344183918e-05 1.840415023835245874e-04
1.500000000000000000e+01 2.691793418956233905e-02 2.868091129960782804e-02 3.704409582950020510e-05 1.676406966537877588e-04
1.600000000000000000e+01 1.412851271877716731e-02 1.177634867955051901e-02 3.633919600368117981e-05 1.489891308336653325e-04
1.700000000000000000e+01 1.065416442184122757e-02 9.063088478725105090e-03 3.569958932183037441e-05 1.318099929573620429e-04
1.800000000000000000e+01 8.746533541087864530e-03 1.525717686055852625e-02 3.517027879580088875e-05 1.181457932098315728e-04
1.900000000000000000e+01 1.307657520901291288e-02 2.368497103271515955e-02 3.477557999764238020e-05 1.081428540745561366e-04
2.000000000000000000e+01 1.427245086067403107e-02 2.892033905605463640e-02 3.449468830288220469e-05 1.007599746159893421e-04
2.100000000000000000e+01 1.562876347584993622e-02 2.917185296751984361e-02 3.427953377951097687e-05 9.493826561251961379e-05
2.200000000000000000e+01 1.758183566207195334e-02 2.688933941089586763e-02 3.412304582880578910e-05 9.004941217442653865e-05
2.300000000000000000e+01 1.843710480260074905e-02 2.494631208152335924e-02 3.402682947813467955e-05 8.583710775142370793e-05
2.400000000000000000e+01 1.530131127484915012e-02 2.379301025981611292e-02 3.397612216424886525e-05 8.224286286993835900e-05
2.500000000000000000e+01 1.467693497370158376e-02 2.220454812287479471e-02 3.395991476230015362e-05 7.926622116071754343e-05
2.600000000000000000e+01 1.163967102896882114e-02 1.909629168709061145e-02 3.397531973466963418e-05 7.699704335339857043e-05
2.700000000000000000e+01 1.017938012709489019e-02 1.510247888936755260e-02 3.408681215795042799e-05 7.550237493859660531e-05
2.800000000000000000e+01 9.195316460676507611e-03 1.234048350685091125e-02 3.435024789077413906e-05 7.464924616090761259e-05
2.900000000000000000e+01 1.016468604094517177e-02 1.338732500376199445e-02 3.481663366272611139e-05 7.415481236471867504e-05
3.000000000000000000e+01 1.243015560906110713e-02 1.901976970665792549e-02 3.543578513906125744e-05 7.376282686514322559e-05
3.100000000000000000e+01 1.409000068258481168e-02 2.749052865937023568e-02 3.604953225726099773e-05 7.335046898877997494e-05
3.200000000000000000e+01 1.393741278812704425e-02 3.545465899550473421e-02 3.644336884486542709e-05 7.286903227282927570e-05
3.300000000000000000e+01 1.406782377942115796e-02 4.026764785565939420e-02 3.647061300078628882e-05 7.231661151967123523e-05
3.400000000000000000e+01 1.437267475537066901e-02 4.103197275785062242e-02 3.611195767708915414e-05 7.175719302379196171e-05
3.500000000000000000e+01 1.521057506860006014e-02 3.816022699408288393e-02 3.543609360777665176e-05 7.124070460777787433e-05
3.600000000000000000e+01 1.410820812198934453e-02 3.294148381041378526e-02 3.457121276937259404e-05 7.082485258446404540e-05
3.700000000000000000e+01 1.203481279664476988e-02 2.694067706606978474e-02 3.365341095514707328e-05 7.053081062216644162e-05
3.800000000000000000e+01 1.008588620532002190e-02 2.141991197262538282e-02 3.278633783661542730e-05 7.038665208446182617e-05
3.900000000000000000e+01 8.382640667387256800e-03 1.715693470384943228e-02 3.202003715665151630e-05 7.034869387198516269e-05
4.000000000000000000e+01 8.089565569392628483e-03 1.418533837852199893e-02 3.137511217465119724e-05 7.041415609857562812e-05
4.100000000000000000e+01 7.356853758889748789e-03 1.219965866615219628e-02 3.083423024500194122e-05 7.055681210897787794e-05
4.200000000000000000e+01 7.001922261919489403e-03 1.082866038026050574e-02 3.034903673668971663e-05 7.071025021802623605e-05
4.300000000000000000e+01 7.935975611270844332e-03 9.773603492771426593e-03 2.984056264819330079e-05 7.072224756187069344e-05
4.400000000000000000e+01 8.274193816714302957e-03 8.936302307569265330e-03 2.923400750889624354e-05 7.042912746907031905e-05
4.500000000000000000e+01 9.334312844669687484e-03 8.265156308082152736e-03 2.847651049190676577e-05 6.966316450830965779e-05
4.600000000000000000e+01 9.350046376884937199e-03 7.763690952361891780e-03 2.758607772222515015e-05 6.841421509930700404e-05
4.700000000000000000e+01 9.021344208305944259e-03 7.454287186882989531e-03 2.666443303443278578e-05 6.687589932279857611e-05
