# freqs 	 pli 	 dpli 	 meanpower(thalamus)	 meanpower(scalp)	pli
8.000000000000000000e+00 -6.303191421410193895e-02 -1.357868911661966882e-01 2.551319122994009751e-05 2.966543367439637507e-04
9.000000000000000000e+00 2.162511213681912736e-02 7.650367209018539560e-02 2.908080629506547984e-05 3.345506185260045846e-04
1.000000000000000000e+01 9.520829417132262162e-02 3.018715599850947950e-01 3.869491108687215093e-05 4.142936064284414113e-04
1.100000000000000000e+01 1.161721478966864923e-01 3.799471193074341890e-01 4.344066613530408685e-05 4.832710622028576260e-04
1.200000000000000000e+01 5.704306775099470678e-02 2.421592376099314103e-01 3.867818221504677365e-05 5.142403727609786692e-04
1.300000000000000000e+01 -3.333756529686827952e-02 -2.760452088898405001e-02 3.286734942367716960e-05 5.236272658569376265e-04
1.400000000000000000e+01 -7.172774699296440015e-02 -1.375975469538476825e-01 2.919445742395823735e-05 4.806450553886541972e-04
1.500000000000000000e+01 -5.398329553376202822e-02 -9.744589209179767286e-02 2.696907553622049627e-05 4.033087399400681560e-04
1.600000000000000000e+01 -2.317133643258672757e-02 -3.371874633952902378e-02 2.555984488835750534e-05 3.333050998482505931e-04
1.700000000000000000e+01 -2.971492891461763840e-03 1.218833205682951686e-03 2.454022308078970658e-05 2.829578060576866025e-04
1.800000000000000000e+01 2.031732491437183985e-03 7.632131596637983274e-03 2.384060794243674742e-05 2.470035257021346354e-04
1.900000000000000000e+01 -1.719219566952840056e-03 -3.632657442358520547e-03 2.359434543569863209e-05 2.202664119276787568e-04
2.000000000000000000e+01 -8.545257929612852521e-03 -1.994298875806616370e-02 2.373291289857081319e-05 1.996039657404109736e-04
2.100000000000000000e+01 -1.269199070525902848e-02 -3.099815055656355428e-02 2.387831782653759044e-05 1.825934361419791045e-04
2.200000000000000000e+01 -1.440155058486661949e-02 -3.229435048957059184e-02 2.372788962369876196e-05 1.676718655089514700e-04
2.300000000000000000e+01 -1.274640975088182741e-02 -2.654356175291320424e-02 2.333961513101486210e-05 1.542676297212206493e-04
2.400000000000000000e+01 -1.217807095486573600e-02 -2.074112489654487967e-02 2.291771448371642735e-05 1.422974314378129893e-04
2.500000000000000000e+01 -1.361342791488784863e-02 -2.077486630454127015e-02 2.259604307976425521e-05 1.316880459053330053e-04
2.600000000000000000e+01 -1.613867656537304116e-02 -2.798124812721349344e-02 2.237859234616034027e-05 1.223163338646163180e-04
2.700000000000000000e+01 -2.015746449395197648e-02 -3.951491120594341488e-02 2.220110692849841755e-05 1.140883365288382394e-04
2.800000000000000000e+01 -2.485721870685262194e-02 -5.110399876124083196e-02 2.201211095880529695e-05 1.069493650650130454e-04
2.900000000000000000e+01 -2.817520173030761688e-02 -5.951981446143631005e-02 2.177918334634321705e-05 1.008404415451019171e-04
3.000000000000000000e+01 -2.921452951084099053e-02 -6.389657537209987581e-02 2.148322536114216302e-05 9.556694979703350256e-05
3.100000000000000000e+01 -3.017547663172143180e-02 -6.503014853407114437e-02 2.110692234415469706e-05 9.087157337009543919e-05
3.200000000000000000e+01 -3.064264287090453370e-02 -6.415831658129347859e-02 2.066831123064295840e-05 8.654307412223311935e-05
3.300000000000000000e+01 -2.994196850352237940e-02 -6.219862309599865496e-02 2.020885236912973928e-05 8.244856495259437091e-05
3.400000000000000000e+01 -2.878336834313552361e-02 -5.965888059715876435e-02 1.976976384924268050e-05 7.856505284847573544e-05
3.500000000000000000e+01 -2.708970510513207530e-02 -5.688260877125244502e-02 1.939100661629587771e-05 7.496806602919620761e-05
3.600000000000000000e+01 -2.569400453901876311e-02 -5.424091521586667242e-02 1.909091521416692559e-05 7.175444484933569001e-05
3.700000000000000000e+01 -2.463678776269536200e-02 -5.203239945205398453e-02 1.886831933898454271e-05 6.895089198714892005e-05
3.800000000000000000e+01 -2.432697560585512370e-02 -5.037080592517370614e-02 1.870317404257877041e-05 6.647466152607842366e-05
3.900000000000000000e+01 -2.418892961164080535e-02 -4.910159556364577377e-02 1.857571340564613972e-05 6.418215355594470979e-05
4.000000000000000000e+01 -2.412504452756409137e-02 -4.797061059747374789e-02 1.846176689170423194e-05 6.194940817323038964e-05
4.100000000000000000e+01 -2.381450714495602500e-02 -4.675743309706580780e-02 1.833839241015939957e-05 5.971571329113451804e-05
4.200000000000000000e+01 -2.251637214044569305e-02 -4.538267879981230934e-02 1.817695819052345021e-05 5.746174007531995370e-05
4.300000000000000000e+01 -2.130784615000695312e-02 -4.389749087354364449e-02 1.794509285754582905e-05 5.516387302936676947e-05
4.400000000000000000e+01 -2.058551980910059906e-02 -4.242042476991495642e-02 1.760611447086765064e-05 5.278670480413605960e-05
4.500000000000000000e+01 -1.988578085037170928e-02 -4.109465976784117125e-02 1.714505932819280611e-05 5.029442745579260104e-05
4.600000000000000000e+01 -1.928007807298205006e-02 -4.004397534348354271e-02 1.658373695701895263e-05 4.770795897718289663e-05
4.700000000000000000e+01 -1.919307041046912701e-02 -3.934514450802214375e-02 1.599171472618201635e-05 4.514461621805856121e-05
