# freqs 	 pli 	 dpli 	 meanpower(thalamus)	 meanpower(scalp)	pli
8.000000000000000000e+00 -2.278590171608786130e-01 -5.527019776958830288e-01 1.928020286243505992e-05 8.851199708548019001e-04
9.000000000000000000e+00 -2.071757989194056293e-01 -4.897499451912354362e-01 1.926030380106334513e-05 7.794997958680432472e-04
1.000000000000000000e+01 -1.526019449435582209e-01 -3.573451709694934197e-01 1.924833207777430522e-05 5.862394325961310182e-04
1.100000000000000000e+01 -9.770807384426501152e-02 -2.302005435611662043e-01 1.936587460672006350e-05 4.313022100849756729e-04
1.200000000000000000e+01 -7.803320336620736541e-02 -1.837378844725666704e-01 1.955398251010027999e-05 3.659163124439032536e-04
1.300000000000000000e+01 -7.183655169885032332e-02 -1.804838080430528624e-01 1.977046729284697387e-05 3.470861931788867634e-04
1.400000000000000000e+01 -7.714248145700895731e-02 -1.936207672390074241e-01 2.002377447228668103e-05 3.404095427979546545e-04
1.500000000000000000e+01 -8.424376145269601990e-02 -2.084692264237559267e-01 2.031196444826150054e-05 3.311620988239058982e-04
1.600000000000000000e+01 -8.645082679454596519e-02 -2.065057408172800424e-01 2.059597497765023840e-05 3.153169938243785878e-04
1.700000000000000000e+01 -7.676273156653821983e-02 -1.859634201883798577e-01 2.086576007986739044e-05 2.950223007410378490e-04
1.800000000000000000e+01 -6.613388066455491709e-02 -1.606296805894448232e-01 2.112413763970761785e-05 2.724165795988488302e-04
1.900000000000000000e+01 -5.491140216490746767e-02 -1.403581210426393389e-01 2.137969534979575147e-05 2.494000015157032978e-04
2.000000000000000000e+01 -5.281547910003631108e-02 -1.271036186265003809e-01 2.163577692021848934e-05 2.284334214616363966e-04
2.100000000000000000e+01 -4.887489595657761726e-02 -1.195644239770402156e-01 2.189378163776734039e-05 2.113163816869572352e-04
2.200000000000000000e+01 -4.947311665178654588e-02 -1.147666154648579462e-01 2.214815944181123026e-05 1.980557623098318904e-04
2.300000000000000000e+01 -5.028486931493949402e-02 -1.104882821228784368e-01 2.238888965224716527e-05 1.876004332860709012e-04
2.400000000000000000e+01 -5.061183412102495532e-02 -1.057649545009697184e-01 2.260957913026763003e-05 1.788297710332037601e-04
2.500000000000000000e+01 -4.388976487583819142e-02 -1.003190442997664994e-01 2.279992408067535220e-05 1.710830604063189866e-04
2.600000000000000000e+01 -4.628676613409227897e-02 -9.461321687316232021e-02 2.297168682847229105e-05 1.638354099699965692e-04
2.700000000000000000e+01 -3.523827212387217744e-02 -8.975206148767464476e-02 2.313083501136791527e-05 1.568954465653948731e-04
2.800000000000000000e+01 -3.518492368928357455e-02 -8.660110731896976388e-02 2.328419751735344141e-05 1.501323782678005243e-04
2.900000000000000000e+01 -3.392489826032748373e-02 -8.482737027265947749e-02 2.343128395160091348e-05 1.436943389402416875e-04
3.000000000000000000e+01 -4.250254962439679873e-02 -8.365999422408806896e-02 2.356435861723302658e-05 1.378682107380668374e-04
3.100000000000000000e+01 -3.999872832827119917e-02 -8.201703920274780457e-02 2.367909808133193371e-05 1.328601764984590756e-04
3.200000000000000000e+01 -3.416451253111314063e-02 -7.948785541285652290e-02 2.376804317978226303e-05 1.287390815146507983e-04
3.300000000000000000e+01 -3.957533953447411185e-02 -7.616148419538479319e-02 2.383350034550734610e-05 1.254364824750947983e-04
3.400000000000000000e+01 -3.160899833949121218e-02 -7.196768274384869601e-02 2.388012762624433546e-05 1.229305142106924896e-04
3.500000000000000000e+01 -3.497858544256431113e-02 -6.717742389622469168e-02 2.391014848942630408e-05 1.210213759741698801e-04
3.600000000000000000e+01 -3.489745649057952176e-02 -6.213904033858499987e-02 2.392818167714118451e-05 1.196257176245737048e-04
3.700000000000000000e+01 -3.401662339017993281e-02 -5.745266925816222559e-02 2.393672406003458469e-05 1.186299110382059674e-04
3.800000000000000000e+01 -2.158279439181867709e-02 -5.365342748162287012e-02 2.394100762029271266e-05 1.179430146927498300e-04
3.900000000000000000e+01 -2.059308513281385422e-02 -5.095299400757172248e-02 2.394012757013386041e-05 1.173751720150272834e-04
4.000000000000000000e+01 -2.083634724369865313e-02 -4.931151580702670956e-02 2.392914808647957935e-05 1.168678762942702105e-04
4.100000000000000000e+01 -1.939728040881158813e-02 -4.849727930624537359e-02 2.389657792929078463e-05 1.163210357540496096e-04
4.200000000000000000e+01 -1.765131095366411981e-02 -4.824396537065738649e-02 2.381661430600829412e-05 1.155778019077896779e-04
4.300000000000000000e+01 -2.761226726332927095e-02 -4.829962153171012129e-02 2.364691511263325400e-05 1.144028415852303579e-04
4.400000000000000000e+01 -2.690232668463119967e-02 -4.857468057187390442e-02 2.334120234857091871e-05 1.126586581827273051e-04
4.500000000000000000e+01 -2.613557642852126772e-02 -4.887501073820672143e-02 2.287591261097213083e-05 1.101787714948137544e-04
4.600000000000000000e+01 -2.355074523788405760e-02 -4.902294130136676531e-02 2.227823228984197290e-05 1.070792710762064536e-04
4.700000000000000000e+01 -2.082417054184932184e-02 -4.886271600633940865e-02 2.164097912851625777e-05 1.037864454355679866e-04
