# freqs 	 pli 	 dpli 	 meanpower(thalamus)	 meanpower(scalp)	pli
8.000000000000000000e+00 -2.101152323017881768e-02 -5.132454515521141930e-02 3.078520584180543764e-05 1.496737452567386878e-04
9.000000000000000000e+00 -4.614561315656049573e-02 -9.246017761910317601e-02 2.811630911555200606e-05 1.291727079894508816e-04
1.000000000000000000e+01 -4.015948154964300160e-02 -7.501619419578019199e-02 2.658102547202651826e-05 1.190191357409281752e-04
1.100000000000000000e+01 -3.671974555099008497e-02 -7.717572087905705258e-02 2.626094926702762650e-05 1.148864524521607636e-04
1.200000000000000000e+01 -5.134848656241714632e-02 -1.008966485036131983e-01 2.627367507876252121e-05 1.127499464449783795e-04
1.300000000000000000e+01 -5.415177847075083872e-02 -1.096383520721529586e-01 2.609466411476590102e-05 1.099347580205110603e-04
1.400000000000000000e+01 -5.494952669549962171e-02 -9.917203664823276421e-02 2.586528187671026363e-05 1.075694901179768292e-04
1.500000000000000000e+01 -4.584148007927915658e-02 -8.543002355560938565e-02 2.576460842876948651e-05 1.054453168311779833e-04
1.600000000000000000e+01 -3.316485950159520080e-02 -7.427010098087624690e-02 2.580750015285911963e-05 1.033643574461277318e-04
1.700000000000000000e+01 -2.764465563202639017e-02 -6.569123796036882568e-02 2.595291721118254917e-05 1.016757159167917151e-04
1.800000000000000000e+01 -2.571700757280259708e-02 -5.740825490223156607e-02 2.616045007818233828e-05 1.009088568325982709e-04
1.900000000000000000e+01 -2.576018316944022127e-02 -5.175893135998175382e-02 2.641823094341006969e-05 1.007772099187387511e-04
2.000000000000000000e+01 -2.925501068066883523e-02 -5.269127946039478538e-02 2.671238638609742128e-05 1.005185036855318431e-04
2.100000000000000000e+01 -2.637435145152192822e-02 -5.553757433914497527e-02 2.703509785952753011e-05 9.949692318413475326e-05
2.200000000000000000e+01 -2.331461395038489370e-02 -5.326445588375595952e-02 2.738201744102556918e-05 9.746210934949233427e-05
2.300000000000000000e+01 -1.836017550020670533e-02 -4.598700320083640158e-02 2.772424291688260057e-05 9.475031957533486282e-05
2.400000000000000000e+01 -1.398121523235247923e-02 -3.821530454389548970e-02 2.805545357254283110e-05 9.197879083202367960e-05
2.500000000000000000e+01 -1.462789849201808975e-02 -3.270418964897216924e-02 2.840393830469499487e-05 8.967257901623921590e-05
2.600000000000000000e+01 -1.492849020714564871e-02 -2.921206609971319437e-02 2.876902667301829152e-05 8.812513821555049639e-05
2.700000000000000000e+01 -1.372347493533942510e-02 -2.626866703509802767e-02 2.912599957847331381e-05 8.752361257470527109e-05
2.800000000000000000e+01 -1.202667938568869818e-02 -2.276481714868407169e-02 2.943322012381798813e-05 8.767378447274751620e-05
2.900000000000000000e+01 -8.983692875135430855e-03 -1.892675639383798597e-02 2.967662342058202557e-05 8.846574584915285267e-05
3.000000000000000000e+01 -8.888710175231157029e-03 -1.595598894426191253e-02 2.987072708870346441e-05 8.967338416053321180e-05
3.100000000000000000e+01 -9.714608321946345895e-03 -1.445504098830713464e-02 3.005515697016532665e-05 9.128390836914642196e-05
3.200000000000000000e+01 -6.784566906504357377e-03 -1.393458642221801630e-02 3.025444788551146340e-05 9.311722246473704435e-05
3.300000000000000000e+01 -5.711862971387822452e-03 -1.332919180049450987e-02 3.046810622307688428e-05 9.498900807788435759e-05
3.400000000000000000e+01 -5.085500515218855169e-03 -1.168903278420970610e-02 3.068649853534984696e-05 9.694719388564273501e-05
3.500000000000000000e+01 -3.288037568366533256e-03 -9.167702375947011165e-03 3.090390184635265452e-05 9.874680337074027265e-05
3.600000000000000000e+01 -1.754930615094333572e-03 -6.235840821951514970e-03 3.112054138988217097e-05 1.003886660495109158e-04
3.700000000000000000e+01 -1.752777997871397342e-03 -3.516007571348731160e-03 3.134092976204328363e-05 1.018308987287756915e-04
3.800000000000000000e+01 -5.924132674954048087e-04 -1.407505892443688044e-03 3.156954924661573367e-05 1.031434900302922618e-04
3.900000000000000000e+01 1.147265027813050651e-03 -1.870225891329564346e-04 3.180696343377348799e-05 1.041440048898824013e-04
4.000000000000000000e+01 2.012128099459353694e-03 2.535856239092759874e-04 3.204410041419429367e-05 1.049042646948354374e-04
4.100000000000000000e+01 6.698215385073019246e-04 8.807689243058995946e-05 3.225892285876066451e-05 1.053977922786405552e-04
4.200000000000000000e+01 -3.691128880856087407e-04 -4.059473279517503185e-04 3.240374909407972261e-05 1.055347263812248323e-04
4.300000000000000000e+01 -7.042843611748396100e-04 -9.662176849512389655e-04 3.240655122147117210e-05 1.050460287608663524e-04
4.400000000000000000e+01 -1.866429316865690765e-03 -1.428994597274575772e-03 3.219076090019150929e-05 1.039335713941459292e-04
4.500000000000000000e+01 -2.499874451219673190e-03 -1.693670794032659703e-03 3.171344719973367803e-05 1.020161507660318005e-04
4.600000000000000000e+01 -2.030313793520201106e-03 -1.801337810225567921e-03 3.101053516831149076e-05 9.941221377150097859e-05
4.700000000000000000e+01 -1.849428099926022934e-03 -1.828482069769552529e-03 3.020659443439995933e-05 9.652416197430994059e-05
