# freqs 	 pli 	 dpli 	 meanpower(thalamus)	 meanpower(scalp)	pli
8.000000000000000000e+00 7.549576186629666785e-02 1.723092821908732697e-01 6.550850217557943709e-05 2.064145307961095729e-04
9.000000000000000000e+00 3.995562586381309900e-02 8.791516611310053186e-02 6.213806119655524958e-05 1.822021266152205204e-04
1.000000000000000000e+01 1.879833257016776810e-02 4.554195314023495172e-02 6.338490308473697116e-05 1.570535402062091810e-04
1.100000000000000000e+01 1.123610042214214823e-02 4.631660993617092714e-02 6.469907098094774818e-05 1.393906791776807895e-04
1.200000000000000000e+01 7.291107420209184085e-03 4.099010086238766282e-02 6.151719853067787354e-05 1.281411423931968347e-04
1.300000000000000000e+01 3.673828355968539877e-03 2.598383068995303510e-02 5.768400917287233310e-05 1.213467315394193321e-04
1.400000000000000000e+01 -8.402473645197524026e-04 1.034064749962312901e-02 5.583628122070720840e-05 1.173492220511064018e-04
1.500000000000000000e+01 -3.602277319062382500e-03 1.647224869311722517e-03 5.558571279364665432e-05 1.148227114475259793e-04
1.600000000000000000e+01 -6.072139584307695813e-03 -1.921659225387141717e-03 5.580821161873642823e-05 1.132025647044516075e-04
1.700000000000000000e+01 -4.780508251428079898e-03 -4.955347172013073627e-03 5.608295657612931813e-05 1.123800894023207700e-04
1.800000000000000000e+01 -2.276509299879826611e-03 -7.215370796018596121e-03 5.639672218571927355e-05 1.119715094615496775e-04
1.900000000000000000e+01 -3.919296925319259647e-03 -8.764571884413348626e-03 5.682831674077840669e-05 1.116575502291687242e-04
2.000000000000000000e+01 -4.832818207361618337e-03 -9.534595692834388694e-03 5.740171017036195826e-05 1.112657144824020611e-04
2.100000000000000000e+01 -4.983121512052011114e-03 -8.733897327208398412e-03 5.808648801046358852e-05 1.104536311200880153e-04
2.200000000000000000e+01 -4.647641645201816551e-03 -5.849936280102215752e-03 5.884871142872881075e-05 1.089566056271183253e-04
2.300000000000000000e+01 -1.656522211920378280e-03 -1.314650496054143398e-03 5.988828924413428612e-05 1.069185981904284202e-04
2.400000000000000000e+01 1.443944294327882769e-03 3.858091437496291923e-03 6.137821364740682112e-05 1.046972378114504405e-04
2.500000000000000000e+01 2.356879422277597096e-03 7.806692873258810374e-03 6.309195225123471595e-05 1.022969435828302630e-04
2.600000000000000000e+01 8.635799329836230370e-04 8.438765506489297533e-03 6.448806384754309374e-05 9.944745524338624012e-05
2.700000000000000000e+01 -1.404577467746458272e-03 5.051239055027785183e-03 6.521873742949612718e-05 9.610335396766026136e-05
2.800000000000000000e+01 -3.623464870153367615e-03 -1.404214936902157835e-03 6.547348066432015577e-05 9.253022739197089080e-05
2.900000000000000000e+01 -6.015073328862899707e-03 -9.125279212946729723e-03 6.575112076050770101e-05 8.915285375306426026e-05
3.000000000000000000e+01 -8.188455977937336011e-03 -1.645633084690924577e-02 6.653881531209759881e-05 8.628807521480124981e-05
3.100000000000000000e+01 -1.070079469058229232e-02 -2.254408169393394556e-02 6.803604477279809630e-05 8.402298951324932289e-05
3.200000000000000000e+01 -1.204627751038239714e-02 -2.722454553307294620e-02 7.008079872839914181e-05 8.230734552419276360e-05
3.300000000000000000e+01 -1.253393886592661134e-02 -3.048804170740037831e-02 7.221505505941399044e-05 8.103049252112075871e-05
3.400000000000000000e+01 -1.359816179182081648e-02 -3.225351068026289375e-02 7.393036876703751445e-05 8.006766205716351790e-05
3.500000000000000000e+01 -1.360598151775013059e-02 -3.248935709313988812e-02 7.487295657726036598e-05 7.930223077815420310e-05
3.600000000000000000e+01 -1.271102989714080825e-02 -3.137079837893081563e-02 7.493090092338228583e-05 7.869419263920936919e-05
3.700000000000000000e+01 -1.232022039098689369e-02 -2.927888566096393044e-02 7.420267275784812010e-05 7.822377308003516830e-05
3.800000000000000000e+01 -1.188650861189464829e-02 -2.667722674988098550e-02 7.291366846526405640e-05 7.788877812075737262e-05
3.900000000000000000e+01 -1.010117958957665665e-02 -2.404444600973023802e-02 7.132312257207006913e-05 7.768389260678797072e-05
4.000000000000000000e+01 -8.386424149046133036e-03 -2.168495091880348960e-02 6.964426523062423305e-05 7.758853233117260809e-05
4.100000000000000000e+01 -7.489875326996016207e-03 -1.982555407369210668e-02 6.800599410060541945e-05 7.753929886946283299e-05
4.200000000000000000e+01 -7.140984518199935613e-03 -1.858652648281918299e-02 6.641735436226609099e-05 7.741831286821925710e-05
4.300000000000000000e+01 -8.257114705309685082e-03 -1.799751970577006394e-02 6.478352731864521724e-05 7.705137254535337663e-05
4.400000000000000000e+01 -8.134648563337974758e-03 -1.794746279624242699e-02 6.296362140627547593e-05 7.624749951573457890e-05
4.500000000000000000e+01 -8.237749681972720422e-03 -1.838460496648625445e-02 6.085343225503297054e-05 7.487924857320559728e-05
4.600000000000000000e+01 -9.368586597065129903e-03 -1.931888863166932729e-02 5.846812080667404131e-05 7.298720746286135451e-05
4.700000000000000000e+01 -1.054886008973266245e-02 -2.087820130713893482e-02 5.598080533874186357e-05 7.081739833855435799e-05
