# freqs 	 pli 	 dpli 	 meanpower(thalamus)	 meanpower(scalp)	pli
8.000000000000000000e+00 -9.654648637180050091e-03 -2.444053991291065403e-02 7.274858597331094567e-05 1.474906474514065197e-04
9.000000000000000000e+00 -3.125247818726884733e-03 1.487037519366492429e-02 6.526600944893598609e-05 1.355267219180564654e-04
1.000000000000000000e+01 -6.562602137484118553e-03 3.011863356086462787e-02 6.187634872104585666e-05 1.302854389727898436e-04
1.100000000000000000e+01 -2.496609232933139078e-02 -2.299826430747058115e-02 6.089713562565036889e-05 1.350855557132990385e-04
1.200000000000000000e+01 -4.481105991885359768e-02 -8.561428234202296539e-02 5.969495171737489284e-05 1.380146254710846174e-04
1.300000000000000000e+01 -4.329361523424214708e-02 -8.453827391994189755e-02 5.779456846629819319e-05 1.294853335824734230e-04
1.400000000000000000e+01 -3.223221863064757581e-02 -5.718136074945597697e-02 5.655931620507834135e-05 1.165579965607481508e-04
1.500000000000000000e+01 -1.963416349096217331e-02 -3.956801706479296660e-02 5.585473153955442801e-05 1.045484331829592593e-04
1.600000000000000000e+01 -1.594269897246889875e-02 -3.538359638804366991e-02 5.516887382561464084e-05 9.422125444213194656e-05
1.700000000000000000e+01 -1.672223958279677597e-02 -3.860858113474108927e-02 5.440679121051855764e-05 8.570738380141043698e-05
1.800000000000000000e+01 -1.736220340303964993e-02 -4.134620124891730253e-02 5.361782682752426531e-05 7.939394925225838498e-05
1.900000000000000000e+01 -1.578686711759079084e-02 -3.928748111558551942e-02 5.292429098750697504e-05 7.537085409706170312e-05
2.000000000000000000e+01 -1.537037109953981635e-02 -3.615838952008089413e-02 5.236706727560967950e-05 7.315890345823138378e-05
2.100000000000000000e+01 -1.377312729230345707e-02 -3.574981267662857148e-02 5.196890309401831049e-05 7.183384877848246366e-05
2.200000000000000000e+01 -1.178292309467418933e-02 -3.669115228184750832e-02 5.166906113151158527e-05 7.052151394855515302e-05
2.300000000000000000e+01 -1.374448918545150521e-02 -3.575524021674520575e-02 5.140893374201601891e-05 6.879172165002238565e-05
2.400000000000000000e+01 -1.220423852894470321e-02 -3.106814612401661083e-02 5.120347116316503332e-05 6.678527018019309697e-05
2.500000000000000000e+01 -8.025268527665534862e-03 -2.418409983832886523e-02 5.106591470356741273e-05 6.480466144284313603e-05
2.600000000000000000e+01 -4.822466036264592970e-03 -1.844570341923111242e-02 5.099193152068153418e-05 6.304144792345769206e-05
2.700000000000000000e+01 -2.895463118252463407e-03 -1.542886178995177791e-02 5.093555351860530584e-05 6.154243995390769751e-05
2.800000000000000000e+01 -2.082452921241401567e-03 -1.372569805381676673e-02 5.081332047217796576e-05 6.029795851906764761e-05
2.900000000000000000e+01 -4.614734635086882066e-03 -1.184844367548704841e-02 5.058138002042330118e-05 5.929716199304298105e-05
3.000000000000000000e+01 -5.054985866672168614e-03 -9.854353205731360490e-03 5.022095043413151322e-05 5.854961690527555246e-05
3.100000000000000000e+01 -4.368509698806171369e-03 -8.690552306356395806e-03 4.972117737245977854e-05 5.801805295310079959e-05
3.200000000000000000e+01 -5.115803281520328247e-03 -8.362663483867025654e-03 4.907666839282991638e-05 5.764648656215099251e-05
3.300000000000000000e+01 -3.207686805578388676e-03 -8.162335620731698410e-03 4.831120867877238093e-05 5.737654645595106716e-05
3.400000000000000000e+01 -2.034663442160419312e-03 -7.810922319799355924e-03 4.749527277926835568e-05 5.720678726874918203e-05
3.500000000000000000e+01 -1.894781917630916244e-03 -7.398432742901341064e-03 4.668905127380469368e-05 5.711942409713706718e-05
3.600000000000000000e+01 -3.427540234885897812e-03 -7.470363367446646724e-03 4.594137549102574346e-05 5.711733241529214658e-05
3.700000000000000000e+01 -3.320670168697748437e-03 -8.258872946357671482e-03 4.527660460908743031e-05 5.718777851322570736e-05
3.800000000000000000e+01 -2.381367625027133901e-03 -9.613666629386702356e-03 4.470586184857334950e-05 5.731286367804365049e-05
3.900000000000000000e+01 -3.927261263784687269e-03 -1.110447334666016424e-02 4.422988258517637647e-05 5.744363413519841142e-05
4.000000000000000000e+01 -7.889547399756386206e-03 -1.239363934253103275e-02 4.383739932190222578e-05 5.756697811172685030e-05
4.100000000000000000e+01 -8.042212325022161934e-03 -1.334550327367455685e-02 4.349180256778009760e-05 5.763995248223766874e-05
4.200000000000000000e+01 -8.810159428746782567e-03 -1.399099391211144384e-02 4.312828384341526808e-05 5.758314340685094989e-05
4.300000000000000000e+01 -8.070281996121473830e-03 -1.457997435205915862e-02 4.265130789896703282e-05 5.726930999470802077e-05
4.400000000000000000e+01 -7.418743068078873480e-03 -1.512362976079857299e-02 4.196253556609059673e-05 5.659726190095288375e-05
4.500000000000000000e+01 -6.393540315968318857e-03 -1.575715452609482981e-02 4.099811334328681248e-05 5.548511736600133891e-05
4.600000000000000000e+01 -6.663811400529138888e-03 -1.648229561054270070e-02 3.978620703875830437e-05 5.399346639347459784e-05
4.700000000000000000e+01 -6.983705039305063318e-03 -1.719038743033535210e-02 3.846676960728335906e-05 5.233222428959154459e-05
