# freqs 	 pli 	 dpli 	 meanpower(thalamus)	 meanpower(scalp)	pli
8.000000000000000000e+00 -2.695332538773369171e-03 -1.936638225284779968e-02 1.052937900917565422e-04 2.114383401231267835e-04
9.000000000000000000e+00 9.588438734797383872e-03 7.469725503846971065e-03 1.014491731224806496e-04 1.972460133610058120e-04
1.000000000000000000e+01 3.005714421945902826e-02 6.003805126603146969e-02 1.025145979259655906e-04 1.993696561671088967e-04
1.100000000000000000e+01 6.258286030309780090e-02 2.116456897340886212e-01 1.104166751640444722e-04 2.138824667864017506e-04
1.200000000000000000e+01 7.196221234720993898e-02 3.000054574894922554e-01 1.180141903346542727e-04 2.343343904647937138e-04
1.300000000000000000e+01 3.207880042046928198e-02 2.155538649672917306e-01 1.154856079719969480e-04 2.755806637988718680e-04
1.400000000000000000e+01 -1.606091629181363029e-02 6.288511489859066605e-02 1.039500550017541473e-04 2.926239059752170951e-04
1.500000000000000000e+01 -4.471558955493445259e-02 -5.873774389443663091e-02 9.030531899731438666e-05 2.563635308943783297e-04
1.600000000000000000e+01 -5.788595370723053496e-02 -1.126549000481752716e-01 7.979018953388594790e-05 2.015961448406878502e-04
1.700000000000000000e+01 -5.491638569601400843e-02 -1.159622920699440729e-01 7.288648371389235231e-05 1.608184704062454412e-04
1.800000000000000000e+01 -4.671567138690213561e-02 -1.050305652230368869e-01 6.796443273968065242e-05 1.386461019755451688e-04
1.900000000000000000e+01 -3.876615893452670103e-02 -9.571803098555417555e-02 6.396065700143276783e-05 1.273937196826543776e-04
2.000000000000000000e+01 -2.841410204844786042e-02 -8.670901328983800227e-02 6.066382585802100613e-05 1.212307535000764914e-04
2.100000000000000000e+01 -2.015146964965412388e-02 -7.560025674072082258e-02 5.819803524939841914e-05 1.172846772822310689e-04
2.200000000000000000e+01 -1.317150904621508870e-02 -6.312273253724898225e-02 5.651890845100092462e-05 1.140372441952812438e-04
2.300000000000000000e+01 -1.060573130430020501e-02 -5.138363420277617527e-02 5.530756494139004624e-05 1.107914419723767641e-04
2.400000000000000000e+01 -8.419401612992146594e-03 -4.123061049519593374e-02 5.419278801129048275e-05 1.076343915167546377e-04
2.500000000000000000e+01 -7.039034228255117501e-03 -3.302336227699066706e-02 5.299117613251019625e-05 1.051430277485496529e-04
2.600000000000000000e+01 -7.443139164679000996e-03 -2.810900128890014490e-02 5.166846986528307535e-05 1.038809134146920021e-04
2.700000000000000000e+01 -7.745716770936053423e-03 -2.730550475737815105e-02 5.025676880236708608e-05 1.037358975940707207e-04
2.800000000000000000e+01 -9.600271096972630078e-03 -2.958607749629296388e-02 4.881834164091226896e-05 1.034257613421574022e-04
2.900000000000000000e+01 -1.127386929263106234e-02 -3.289048944621402598e-02 4.744237291615899612e-05 1.013316923312038641e-04
3.000000000000000000e+01 -1.409622381406497489e-02 -3.568760867320844299e-02 4.619203044601417993e-05 9.683465587816377971e-05
3.100000000000000000e+01 -1.508613504730288435e-02 -3.723255920072778696e-02 4.510726149770649120e-05 9.056033952899451953e-05
3.200000000000000000e+01 -1.517323135944633264e-02 -3.735510272876428617e-02 4.420273838152652298e-05 8.370477702251177322e-05
3.300000000000000000e+01 -1.426489809685184233e-02 -3.608189832604363767e-02 4.345834272262370768e-05 7.732495537257446142e-05
3.400000000000000000e+01 -1.384942809914585689e-02 -3.360734703218901803e-02 4.284161518687978914e-05 7.201189889488064785e-05
3.500000000000000000e+01 -1.323867814277712197e-02 -3.037399032678376673e-02 4.231060651002004286e-05 6.783411110173411017e-05
3.600000000000000000e+01 -1.222843365933859276e-02 -2.688467719958668317e-02 4.183487901479996692e-05 6.457083439924389903e-05
3.700000000000000000e+01 -1.247057488760111577e-02 -2.354935244996408591e-02 4.139411255346966105e-05 6.192697599568950306e-05
3.800000000000000000e+01 -1.120408301542626453e-02 -2.061593267730072593e-02 4.097747368089197279e-05 5.968994541258641024e-05
3.900000000000000000e+01 -9.477316480710805749e-03 -1.809263695490878621e-02 4.058379230655250006e-05 5.773259103430404717e-05
4.000000000000000000e+01 -7.926319895721340228e-03 -1.596959596651419122e-02 4.020905268937081148e-05 5.598275235482288504e-05
4.100000000000000000e+01 -6.279528941145042474e-03 -1.420995696469081436e-02 3.983259987209589935e-05 5.437788896280546511e-05
4.200000000000000000e+01 -4.972460831597271674e-03 -1.277136552731210350e-02 3.941498366878771949e-05 5.284141413316784699e-05
4.300000000000000000e+01 -4.317608896245351061e-03 -1.160751144870837519e-02 3.888727352491873389e-05 5.126734466058575229e-05
4.400000000000000000e+01 -3.642431790723108312e-03 -1.068170766030654244e-02 3.817007524714973376e-05 4.955054756369417995e-05
4.500000000000000000e+01 -3.988277314145268967e-03 -9.949784263261724632e-03 3.721613809766007475e-05 4.761129295739105472e-05
4.600000000000000000e+01 -4.121032481541704248e-03 -9.387617665387853333e-03 3.605476439586940697e-05 4.546048405190234273e-05
4.700000000000000000e+01 -3.766327917763055092e-03 -8.979807489190862538e-03 3.481584479997424969e-05 4.322725004756464238e-05
