# freqs 	 pli 	 dpli 	 meanpower(thalamus)	 meanpower(scalp)	pli
8.000000000000000000e+00 4.692935360196601353e-03 1.169515014932071342e-02 3.448351110776316992e-05 1.855048478655756995e-04
9.000000000000000000e+00 -2.990263098101588260e-02 -7.348114094648443284e-02 3.819335837939939044e-05 1.854534866177878414e-04
1.000000000000000000e+01 -9.982710356815607811e-02 -2.803628940864372199e-01 4.891356281223301343e-05 2.061323543320866321e-04
1.100000000000000000e+01 -1.560804098882595525e-01 -4.610912502208125430e-01 5.952497943384293624e-05 2.456316566778354881e-04
1.200000000000000000e+01 -2.069404564140364111e-01 -5.456413093976070217e-01 6.190376560688688171e-05 2.881701277233879917e-04
1.300000000000000000e+01 -2.311361136384909309e-01 -5.951658263917608549e-01 5.856202398373597641e-05 3.096947622745357086e-04
1.400000000000000000e+01 -2.100048946836796937e-01 -5.516824859082565258e-01 4.964675050853519357e-05 2.843566289979422589e-04
1.500000000000000000e+01 -1.438614342375119370e-01 -3.889795265083806908e-01 3.916828931391638585e-05 2.333515229781916458e-04
1.600000000000000000e+01 -5.943314357377303681e-02 -1.613481997044373673e-01 3.170357275594190186e-05 1.890339543377523961e-04
1.700000000000000000e+01 2.694518939569172378e-03 1.929459254948647168e-03 2.781859582178238137e-05 1.600621993550497613e-04
1.800000000000000000e+01 2.519446919124736228e-02 6.647573998581082777e-02 2.607192351484264082e-05 1.416796085816774537e-04
1.900000000000000000e+01 2.393548192658623980e-02 7.186976871656144961e-02 2.539167744088074722e-05 1.287853660193477188e-04
2.000000000000000000e+01 1.684038060707059720e-02 5.316624670180758461e-02 2.521700017879856799e-05 1.177419298826495148e-04
2.100000000000000000e+01 8.408113388466890645e-03 2.742469213425228342e-02 2.508870955277131323e-05 1.071674622255842907e-04
2.200000000000000000e+01 -3.287800281469951957e-03 -2.907269458114511256e-04 2.469139821198168747e-05 9.771595907685839955e-05
2.300000000000000000e+01 -1.495074608609523424e-02 -2.635747281717797791e-02 2.401900663409547930e-05 9.006231423450731740e-05
2.400000000000000000e+01 -2.503066386490170048e-02 -4.410378646784806483e-02 2.325237347182067279e-05 8.413740331990034269e-05
2.500000000000000000e+01 -2.627800661107691782e-02 -4.758859116450733784e-02 2.251522939514461735e-05 7.941545497332290308e-05
2.600000000000000000e+01 -1.961499051221830131e-02 -3.691379504186292904e-02 2.183484629589389637e-05 7.539482358999123959e-05
2.700000000000000000e+01 -1.080602652741830157e-02 -1.853812774908830674e-02 2.121972783757388638e-05 7.181353009833053175e-05
2.800000000000000000e+01 -2.558525462453690655e-03 -6.516741629020847068e-04 2.070298529051685149e-05 6.864165858402334437e-05
2.900000000000000000e+01 4.193046884026494989e-03 1.147953200158680943e-02 2.030467837110736922e-05 6.591525087303085376e-05
3.000000000000000000e+01 6.758392966152705801e-03 1.696424163939613469e-02 1.999926126205172616e-05 6.357436800735597783e-05
3.100000000000000000e+01 6.296583076997693505e-03 1.780489323115800812e-02 1.972872867754580118e-05 6.150860513875546518e-05
3.200000000000000000e+01 4.735381814681365216e-03 1.651566096515962381e-02 1.943257099431429296e-05 5.959582932534761377e-05
3.300000000000000000e+01 3.988263791750537232e-03 1.474357836227963188e-02 1.908321952320527449e-05 5.778842231273038227e-05
3.400000000000000000e+01 3.647757701167014376e-03 1.315388461757936202e-02 1.869178516882549619e-05 5.617006268489741280e-05
3.500000000000000000e+01 4.037943806500329628e-03 1.195097270953993443e-02 1.829180820669394048e-05 5.489751793692013848e-05
3.600000000000000000e+01 4.494612531848107481e-03 1.125530492216813942e-02 1.792164965860467988e-05 5.407941927678295847e-05
3.700000000000000000e+01 4.982914780998556371e-03 1.115628289705563811e-02 1.760627397831658337e-05 5.363170897346190358e-05
3.800000000000000000e+01 5.468981817809747369e-03 1.157210356242859180e-02 1.735430698254158708e-05 5.326073327208258849e-05
3.900000000000000000e+01 5.599190347014843493e-03 1.218341124694652215e-02 1.716177899397886778e-05 5.263401202002353772e-05
4.000000000000000000e+01 6.085280155278051037e-03 1.261008146646671810e-02 1.701282627708559046e-05 5.155287696281463978e-05
4.100000000000000000e+01 5.438896421767131992e-03 1.257263669194799878e-02 1.688610660268518275e-05 5.000184693293429088e-05
4.200000000000000000e+01 4.729117913736923494e-03 1.199068102650311350e-02 1.675244351859553912e-05 4.809106760444038092e-05
4.300000000000000000e+01 3.952359291661414545e-03 1.098238021015525943e-02 1.657331376648904332e-05 4.595813058435033584e-05
4.400000000000000000e+01 3.928917549238122517e-03 9.795816430439452036e-03 1.630820852853539555e-05 4.370693665892245246e-05
4.500000000000000000e+01 3.269197983389756073e-03 8.641082156402442663e-03 1.593346199039079260e-05 4.138976877041689322e-05
4.600000000000000000e+01 2.332146234531204572e-03 7.630710971367381246e-03 1.546112868793066269e-05 3.905934702084527327e-05
4.700000000000000000e+01 1.594144380872410463e-03 6.747578446076304970e-03 1.494772665389628120e-05 3.681964445968164578e-05
