# freqs 	 pli 	 dpli 	 meanpower(thalamus)	 meanpower(scalp)	pli
8.000000000000000000e+00 -5.776213853342336557e-03 -4.103642487585597992e-02 7.337491050990845574e-05 3.823932288775647105e-04
9.000000000000000000e+00 -3.781144723604484142e-02 -1.148148919796112138e-01 7.063934585336965107e-05 4.249527049319732339e-04
1.000000000000000000e+01 -3.489878475017427380e-03 -2.415588689201232306e-02 6.568868206721939376e-05 3.361241490704195106e-04
1.100000000000000000e+01 2.191358567225020620e-02 4.263652858999741890e-02 6.205352899759076460e-05 2.601283508499698861e-04
1.200000000000000000e+01 3.019737475390670695e-02 6.685045564028792298e-02 5.916629338784171985e-05 2.124516465311252161e-04
1.300000000000000000e+01 3.275848652553688817e-02 6.006752195828347213e-02 5.682342827530379917e-05 1.765421679739494383e-04
1.400000000000000000e+01 2.250046400522526593e-02 3.022262781449948366e-02 5.518015313357522089e-05 1.526832845385712545e-04
1.500000000000000000e+01 4.351860909103174614e-03 -2.006588208799742808e-03 5.404906071306413043e-05 1.391925890132378742e-04
1.600000000000000000e+01 -5.895306121379497930e-03 -2.002408031606980540e-02 5.325555525625170767e-05 1.330699932028777256e-04
1.700000000000000000e+01 -8.876038928926821905e-03 -2.040593762529053362e-02 5.271305245159796436e-05 1.304632354521588695e-04
1.800000000000000000e+01 -5.212469260761887734e-03 -1.197883797367173438e-02 5.235934818690111638e-05 1.270634250462234101e-04
1.900000000000000000e+01 -2.668955159836944660e-03 -4.700644663926321389e-03 5.219861527516267766e-05 1.218716169765873185e-04
2.000000000000000000e+01 -2.053429980201349619e-03 -3.527558027645926429e-03 5.219949265949541971e-05 1.167861628922812908e-04
2.100000000000000000e+01 -4.124644421894782358e-03 -1.012092941899279605e-02 5.222931212044139456e-05 1.133140812239025966e-04
2.200000000000000000e+01 -9.838516134052495074e-03 -2.313050430794628964e-02 5.213594787920338591e-05 1.115846296097704822e-04
2.300000000000000000e+01 -1.582751883468717230e-02 -3.785117816325241774e-02 5.186051246268434987e-05 1.107668227761991850e-04
2.400000000000000000e+01 -2.111012773763505310e-02 -4.897428548063057635e-02 5.144356250311433413e-05 1.097964369423638456e-04
2.500000000000000000e+01 -2.396754128921028265e-02 -5.352834681141321882e-02 5.100023517470314994e-05 1.079472377077223092e-04
2.600000000000000000e+01 -2.314444635642690443e-02 -5.181410262862455596e-02 5.059727000884735619e-05 1.051297393574877659e-04
2.700000000000000000e+01 -2.155242625716592003e-02 -4.572687553158798213e-02 5.025039753469328946e-05 1.018045707354904740e-04
2.800000000000000000e+01 -1.717072137603783966e-02 -3.767744258634947441e-02 4.996277522943468996e-05 9.841951081206995054e-05
2.900000000000000000e+01 -1.328435591674174618e-02 -2.941114209367768836e-02 4.973102216942885175e-05 9.540316223673032427e-05
3.000000000000000000e+01 -9.867916290337598595e-03 -2.218872994762747033e-02 4.955635552579022913e-05 9.293049301576220055e-05
3.100000000000000000e+01 -7.640036561383423477e-03 -1.672799619783783484e-02 4.944581175851895657e-05 9.110943786141980868e-05
3.200000000000000000e+01 -6.138794811579641533e-03 -1.345467346468880339e-02 4.940072087465536681e-05 8.986910504054077583e-05
3.300000000000000000e+01 -5.398589991307507947e-03 -1.241185221929063179e-02 4.940993714042009598e-05 8.909342217554674145e-05
3.400000000000000000e+01 -5.586366824675308672e-03 -1.321232996359860377e-02 4.944939719299210637e-05 8.873819592437865280e-05
3.500000000000000000e+01 -6.314642093810358438e-03 -1.481060459074053093e-02 4.946892992941023120e-05 8.859249119641596085e-05
3.600000000000000000e+01 -6.349063055097121586e-03 -1.604188389551823579e-02 4.941566423525960307e-05 8.859002724756983205e-05
3.700000000000000000e+01 -6.222614003534194214e-03 -1.609173336965943196e-02 4.925484402967956197e-05 8.864544002258092882e-05
3.800000000000000000e+01 -5.960628207640717054e-03 -1.485125875742176506e-02 4.897931356781443427e-05 8.876135977372365661e-05
3.900000000000000000e+01 -5.602768422080380353e-03 -1.266069640258929430e-02 4.860516191839603557e-05 8.882912014848674018e-05
4.000000000000000000e+01 -3.950156641408381943e-03 -1.007542906326333934e-02 4.815986436815105373e-05 8.890112046423219851e-05
4.100000000000000000e+01 -2.380549495735991786e-03 -7.501735074479239443e-03 4.765527908357184859e-05 8.896372603314452914e-05
4.200000000000000000e+01 -7.722557622465046423e-04 -5.171680494773153551e-03 4.706778301299756171e-05 8.893936792928133111e-05
4.300000000000000000e+01 3.263888339412737228e-04 -3.166624413286126937e-03 4.633225069245965988e-05 8.862017585902244175e-05
4.400000000000000000e+01 1.336548109606429738e-03 -1.552603973683212672e-03 4.536470252162132883e-05 8.790300169433090248e-05
4.500000000000000000e+01 1.815417578117482431e-03 -3.058465718457608197e-04 4.411041739049234312e-05 8.657195071645530399e-05
4.600000000000000000e+01 2.527052394587687295e-03 6.278246592749643987e-04 4.260423412952079133e-05 8.463563288645657191e-05
4.700000000000000000e+01 3.068705905754697504e-03 1.282926144549348607e-03 4.099554840557152708e-05 8.234178923948824713e-05
