# freqs 	 pli 	 dpli 	 meanpower(thalamus)	 meanpower(scalp)	pli
8.000000000000000000e+00 3.924703305702790385e-02 1.998073912207478098e-01 5.306965271877943735e+01 5.237593696100810803e+02
9.000000000000000000e+00 -1.309614875314595896e-02 -4.000962785814163314e-02 4.811059974886818935e+01 4.170624349947742644e+02
1.000000000000000000e+01 -6.934274120967412469e-02 -2.026453245004958825e-01 4.462683114787753880e+01 3.318482412039297174e+02
1.100000000000000000e+01 -7.464894590405765640e-02 -2.097084312249132554e-01 4.259429337723982911e+01 2.813164366193699948e+02
1.200000000000000000e+01 -5.324894062614294460e-02 -1.411218480547192511e-01 4.103886290268597037e+01 2.550754034844867988e+02
1.300000000000000000e+01 -3.296417229010679267e-02 -6.938413993463445062e-02 3.921276494807915469e+01 2.452531518385181641e+02
1.400000000000000000e+01 -2.779317030882031206e-02 -4.829971906054851549e-02 3.725010784681307285e+01 2.359311717955377787e+02
1.500000000000000000e+01 -3.121606609009460256e-02 -6.987007301920898639e-02 3.543540701235777135e+01 2.167090761755609378e+02
1.600000000000000000e+01 -3.241210350630067960e-02 -8.333120416407108211e-02 3.370536682254223138e+01 1.909997482655559793e+02
1.700000000000000000e+01 -2.606098152437767712e-02 -7.177106890134116179e-02 3.200377952480117472e+01 1.662600330794133754e+02
1.800000000000000000e+01 -1.739909083693399680e-02 -4.855402922556197043e-02 3.049411695514670129e+01 1.464043408941682856e+02
1.900000000000000000e+01 -9.582217119726978843e-03 -2.787887599661133600e-02 2.931566457839522855e+01 1.315260055373846342e+02
2.000000000000000000e+01 -3.795546539238098087e-03 -1.404306791651432039e-02 2.845671787282522303e+01 1.203101688455024316e+02
2.100000000000000000e+01 -1.452573952434045232e-03 -5.855868970844254132e-03 2.784195428843079512e+01 1.115712009762390124e+02
2.200000000000000000e+01 -1.382888688523683425e-05 -1.109239412018635284e-03 2.739756395291450275e+01 1.045723762423507708e+02
2.300000000000000000e+01 1.653649465472034055e-03 1.974263260885323733e-03 2.707728345535878134e+01 9.885721336556294148e+01
2.400000000000000000e+01 3.336935826409967876e-03 4.969819579658635647e-03 2.684199887076205115e+01 9.404859756028383799e+01
2.500000000000000000e+01 5.584978703367122349e-03 8.785660523545702275e-03 2.665527033620322328e+01 8.983010021017128111e+01
2.600000000000000000e+01 7.714324459428868914e-03 1.301612511007827454e-02 2.649456611201401302e+01 8.597932694497093564e+01
2.700000000000000000e+01 9.864333997339786581e-03 1.666059721006740366e-02 2.635084020665809135e+01 8.235547123720068896e+01
2.800000000000000000e+01 1.098581154094119446e-02 1.913261176825429427e-02 2.621976335782313328e+01 7.887803271448854048e+01
2.900000000000000000e+01 1.104462522156151455e-02 2.059223003031323065e-02 2.610023288417116305e+01 7.556362813514739685e+01
3.000000000000000000e+01 1.157292329921144093e-02 2.151108411393636705e-02 2.599394703502754211e+01 7.246183748605166386e+01
3.100000000000000000e+01 1.299607534451177430e-02 2.228717086655427823e-02 2.590082800765627269e+01 6.964538298395477511e+01
3.200000000000000000e+01 1.375981550914483036e-02 2.301806532039846545e-02 2.582137820427461250e+01 6.713694126915764571e+01
3.300000000000000000e+01 1.294861689207355525e-02 2.366495173105984812e-02 2.575015789230945629e+01 6.492382102381763787e+01
3.400000000000000000e+01 1.276960511062347724e-02 2.419413375053757614e-02 2.568032263244752045e+01 6.299745660431206318e+01
3.500000000000000000e+01 1.327296419755057653e-02 2.456351110504173541e-02 2.561160425904168747e+01 6.131663682499742407e+01
3.600000000000000000e+01 1.308874570731515842e-02 2.477331182552255581e-02 2.554195538386809616e+01 5.984412547276376415e+01
3.700000000000000000e+01 1.272384089464119634e-02 2.485974841554530398e-02 2.547029538651529634e+01 5.853797518166637559e+01
3.800000000000000000e+01 1.290550379489681376e-02 2.491119349255344409e-02 2.539744308654206506e+01 5.737981040702773328e+01
3.900000000000000000e+01 1.352262732482158517e-02 2.505162424390641393e-02 2.532425149049569768e+01 5.634174668351815285e+01
4.000000000000000000e+01 1.422496974080274951e-02 2.535315011656730233e-02 2.524667410599620254e+01 5.540391823442350727e+01
4.100000000000000000e+01 1.465306600328664458e-02 2.580583475728828041e-02 2.515398763108617786e+01 5.452663278876523378e+01
4.200000000000000000e+01 1.489365287786283479e-02 2.634867430751085954e-02 2.501795858570762476e+01 5.364096877467680002e+01
4.300000000000000000e+01 1.462004603275031227e-02 2.692231264006720096e-02 2.479100107988842083e+01 5.263821844918794568e+01
4.400000000000000000e+01 1.435059286518597203e-02 2.750167355677848521e-02 2.442018347823178814e+01 5.141142968642216715e+01
4.500000000000000000e+01 1.412605653120795751e-02 2.805170133017729703e-02 2.387569442415584220e+01 4.987490347095015153e+01
4.600000000000000000e+01 1.440566744181385854e-02 2.852096408710330655e-02 2.318005197263899930e+01 4.804875147314023565e+01
4.700000000000000000e+01 1.411061527828735666e-02 2.883085406146459334e-02 2.242248707733686075e+01 4.608319435900830996e+01
