# freqs 	 pli 	 dpli 	 meanpower(thalamus)	 meanpower(scalp)	pli
8.000000000000000000e+00 -1.296604887134624080e-02 -1.487126099169304612e-02 6.558968109905386368e-05 1.787862435709715032e-04
9.000000000000000000e+00 -6.866477529724763357e-03 -5.334092395445501344e-03 6.250265454678566085e-05 1.321845943409132701e-04
1.000000000000000000e+01 -6.669164010260052351e-03 3.227985700952052967e-03 6.338165885621942794e-05 1.108583598306782896e-04
1.100000000000000000e+01 -1.166759588066651823e-02 1.969637563956573578e-02 6.726956112448838191e-05 1.061846516281968211e-04
1.200000000000000000e+01 3.389433688642491845e-03 4.713030055847043653e-02 7.130585606563220977e-05 1.087520285122123309e-04
1.300000000000000000e+01 2.372504783409216250e-02 8.014884235912544952e-02 7.447115006936310387e-05 1.136692101603152153e-04
1.400000000000000000e+01 3.911828469481519466e-02 1.048169980908476573e-01 7.559870648211123288e-05 1.170610650182597610e-04
1.500000000000000000e+01 4.624118750047703785e-02 1.147342543862388403e-01 7.380909968188127711e-05 1.169575297816074843e-04
1.600000000000000000e+01 4.753599316797889329e-02 1.147452003651550645e-01 6.989076088659931546e-05 1.140124534077482552e-04
1.700000000000000000e+01 4.259258127526335119e-02 1.038783330830483076e-01 6.573690946540268183e-05 1.100255877846873957e-04
1.800000000000000000e+01 2.964884146864472936e-02 7.629115511740394706e-02 6.275819091373069077e-05 1.058726504327196392e-04
1.900000000000000000e+01 9.572989734544750176e-03 3.424616177216598112e-02 6.139858760605788413e-05 1.017711690596773751e-04
2.000000000000000000e+01 -1.003863638123545649e-02 -9.302170359124629570e-03 6.153477171942635610e-05 9.789245557822114801e-05
2.100000000000000000e+01 -2.200255325147960558e-02 -4.051747570758486988e-02 6.275891782412977907e-05 9.427847485725182131e-05
2.200000000000000000e+01 -2.899630221764763760e-02 -5.437868494354296950e-02 6.420257281932285150e-05 9.076075278081331633e-05
2.300000000000000000e+01 -2.910118616985286205e-02 -5.459056777235762187e-02 6.464589854550796631e-05 8.719571317319134093e-05
2.400000000000000000e+01 -2.563872331098850099e-02 -4.697829619932590572e-02 6.339613463380204615e-05 8.362838673699056924e-05
2.500000000000000000e+01 -1.993479913206609722e-02 -3.644524457084417218e-02 6.079150688997069266e-05 8.033365199423090773e-05
2.600000000000000000e+01 -1.443368627008003585e-02 -2.647774183538804602e-02 5.779802791014311406e-05 7.752487324429307709e-05
2.700000000000000000e+01 -1.033960576127889754e-02 -1.871032363510502158e-02 5.523944511328173385e-05 7.530090034318726651e-05
2.800000000000000000e+01 -7.172857527687527719e-03 -1.330682876465350342e-02 5.341995612546106980e-05 7.357635561861365983e-05
2.900000000000000000e+01 -6.128702230815411683e-03 -9.769162514485516327e-03 5.226043121966950089e-05 7.227298852814255034e-05
3.000000000000000000e+01 -4.910575824297329535e-03 -7.568609223378373538e-03 5.154131236101562699e-05 7.132509697458771494e-05
3.100000000000000000e+01 -4.819787977129237622e-03 -6.305053834355418656e-03 5.107333505321011522e-05 7.071280945804076705e-05
3.200000000000000000e+01 -3.951058768719582261e-03 -5.706287461902724394e-03 5.073743576011584266e-05 7.031454654276448745e-05
3.300000000000000000e+01 -3.881839567494467427e-03 -5.644463303774681362e-03 5.046484500179836087e-05 6.997555714415350529e-05
3.400000000000000000e+01 -4.138050584343678368e-03 -6.293849179393308166e-03 5.022447705241510731e-05 6.963877550163193205e-05
3.500000000000000000e+01 -4.776089870703412871e-03 -7.761993432830901346e-03 4.999632664243209022e-05 6.925133837056506557e-05
3.600000000000000000e+01 -5.749372172004871273e-03 -1.018763531954748960e-02 4.977095280974271177e-05 6.886928467744044186e-05
3.700000000000000000e+01 -6.698489659952871177e-03 -1.347621586285931324e-02 4.954199127307828211e-05 6.852462381071788085e-05
3.800000000000000000e+01 -8.009292449720829474e-03 -1.731410595018286619e-02 4.930914964509031724e-05 6.824396300047560354e-05
3.900000000000000000e+01 -9.279054095799068452e-03 -2.099149232485136504e-02 4.906562950377970223e-05 6.796766702770213752e-05
4.000000000000000000e+01 -1.019092029235723826e-02 -2.390348127979340445e-02 4.880198170035283386e-05 6.767856352004976753e-05
4.100000000000000000e+01 -1.110128198580111365e-02 -2.555866829288885519e-02 4.849370385107931963e-05 6.732340430400605145e-05
4.200000000000000000e+01 -1.075188250836698819e-02 -2.582929223119815459e-02 4.809557782575793721e-05 6.682744949368759398e-05
4.300000000000000000e+01 -1.087335771139900931e-02 -2.494779445065335027e-02 4.753033542925683320e-05 6.606999509803505356e-05
4.400000000000000000e+01 -1.063977592225094637e-02 -2.340770984353469572e-02 4.671673028128687686e-05 6.498253988134698039e-05
4.500000000000000000e+01 -1.018302201724020917e-02 -2.167588646969112465e-02 4.560612111994818767e-05 6.348920433904386951e-05
4.600000000000000000e+01 -1.014337015778224958e-02 -2.009688103696535832e-02 4.423593518575232313e-05 6.164743627595979073e-05
4.700000000000000000e+01 -1.066326673435992987e-02 -1.877862617436478268e-02 4.275416453172984499e-05 5.966147572055803593e-05
