# freqs 	 pli 	 dpli 	 meanpower(thalamus)	 meanpower(scalp)	pli
8.000000000000000000e+00 -5.133388923900052830e-02 -9.635028730091327320e-02 1.141602491029277295e-04 4.466735776446260583e-04
9.000000000000000000e+00 -3.759550696955461790e-02 -5.300990984098943870e-02 1.049169108329113959e-04 3.910047902999042664e-04
1.000000000000000000e+01 -3.055039644201618977e-03 3.266708308987463505e-02 9.915026981344645805e-05 2.936185121710247685e-04
1.100000000000000000e+01 2.494989949177552763e-02 8.929837641029533812e-02 9.544349107586383907e-05 2.611120624975619520e-04
1.200000000000000000e+01 3.523839221127128551e-02 9.636130063492910625e-02 9.268681514693179267e-05 2.480105610103806803e-04
1.300000000000000000e+01 3.990008948736736144e-02 8.597132473918589479e-02 9.052650040008529398e-05 2.326216570517882160e-04
1.400000000000000000e+01 3.456457896668916480e-02 7.177296272088323770e-02 8.885541956970203603e-05 2.119008472572389502e-04
1.500000000000000000e+01 2.174910148896114920e-02 5.098060786396116373e-02 8.766141273123991820e-05 1.903308265583895790e-04
1.600000000000000000e+01 1.291726901715778419e-02 3.037258057615898135e-02 8.667401206397517546e-05 1.720231921939970076e-04
1.700000000000000000e+01 7.142294260217074871e-03 1.900845307211625895e-02 8.561173711911813510e-05 1.576641667846279246e-04
1.800000000000000000e+01 3.294651594768827942e-03 1.524358517511981669e-02 8.459019703206827479e-05 1.468898818243965804e-04
1.900000000000000000e+01 2.926365260124382753e-03 1.349977372376713093e-02 8.378993782438559363e-05 1.396592198078599686e-04
2.000000000000000000e+01 2.772819959782808503e-03 1.191230053456954034e-02 8.316277959066604411e-05 1.352215246981185702e-04
2.100000000000000000e+01 -1.200676029755232995e-04 9.685860274154925453e-03 8.249732445751634840e-05 1.324225847172019169e-04
2.200000000000000000e+01 -3.054981987651004833e-03 6.356763283765710232e-03 8.166874483836881657e-05 1.303225739728189976e-04
2.300000000000000000e+01 -5.398947758229725828e-03 2.620024650065607124e-03 8.069138547048967870e-05 1.284333618574753076e-04
2.400000000000000000e+01 -5.543744859423997001e-03 -7.193507167242456021e-04 7.961127060448617329e-05 1.265374579164565147e-04
2.500000000000000000e+01 -4.854857222645038439e-03 -3.621975828226651258e-03 7.847873670110443373e-05 1.245300275096290711e-04
2.600000000000000000e+01 -5.536734052505241227e-03 -6.065421240456372355e-03 7.736675101954270208e-05 1.224168621858399226e-04
2.700000000000000000e+01 -8.044568407527090403e-03 -8.045519222047341559e-03 7.634884416648928288e-05 1.203399542106177076e-04
2.800000000000000000e+01 -1.058310937650009005e-02 -9.828336410921682115e-03 7.548111131416582946e-05 1.183672560562443909e-04
2.900000000000000000e+01 -1.149274502517465962e-02 -1.152468680472251358e-02 7.480744559244265426e-05 1.166402412152254956e-04
3.000000000000000000e+01 -1.067902505635512367e-02 -1.270956081033424237e-02 7.431788061271795949e-05 1.152603595903249010e-04
3.100000000000000000e+01 -9.728824922998697070e-03 -1.311850058178615219e-02 7.392779408949444930e-05 1.144230987528489281e-04
3.200000000000000000e+01 -8.915256638691783364e-03 -1.296840403369070929e-02 7.350527193569445720e-05 1.141770028930408430e-04
3.300000000000000000e+01 -7.774197612445698374e-03 -1.260129390672374769e-02 7.292998083042629711e-05 1.144884443069473184e-04
3.400000000000000000e+01 -6.544216042961021294e-03 -1.218715009217816690e-02 7.214574910491520522e-05 1.153718136229340174e-04
3.500000000000000000e+01 -6.404321949256797444e-03 -1.152099481536055826e-02 7.115878277570371108e-05 1.166748486007026619e-04
3.600000000000000000e+01 -6.537817631027900526e-03 -1.039612297172112267e-02 7.002327839963954053e-05 1.183370765176702675e-04
3.700000000000000000e+01 -5.504092485426105054e-03 -8.867261245234597800e-03 6.881376713332540310e-05 1.202502178178687314e-04
3.800000000000000000e+01 -4.038466253021119785e-03 -7.316045575255719115e-03 6.760078355170765125e-05 1.223582386886942265e-04
3.900000000000000000e+01 -4.497772275699949557e-03 -6.392368370795040340e-03 6.643673008532888864e-05 1.244698785727988398e-04
4.000000000000000000e+01 -5.469825974083119061e-03 -6.385570961192096537e-03 6.534421830197544446e-05 1.265427429782542738e-04
4.100000000000000000e+01 -5.375462236834333517e-03 -7.213577002519394946e-03 6.430361112149559602e-05 1.284552791476810201e-04
4.200000000000000000e+01 -5.942966890186270230e-03 -8.468506037912420376e-03 6.324453308602645942e-05 1.300125441432455325e-04
4.300000000000000000e+01 -5.675172888202140338e-03 -9.704209609237764503e-03 6.204880207764553845e-05 1.308584858403086845e-04
4.400000000000000000e+01 -4.376553779384159681e-03 -1.051843420140176864e-02 6.058537188648917005e-05 1.307852237542482456e-04
4.500000000000000000e+01 -3.539442873880937080e-03 -1.077974078109484798e-02 5.877131027901746218e-05 1.295477038905705979e-04
4.600000000000000000e+01 -3.036730255535372448e-03 -1.050191455090130482e-02 5.663822049327676272e-05 1.272595746619464559e-04
4.700000000000000000e+01 -3.023806552899658759e-03 -9.786877004470340147e-03 5.437127756546395856e-05 1.244297626037835182e-04
