# freqs 	 pli 	 dpli 	 meanpower(thalamus)	 meanpower(scalp)	pli
8.000000000000000000e+00 1.614082776591411680e-02 3.877892339977356134e-02 1.206065344517381454e-04 1.913203926721691991e-04
9.000000000000000000e+00 2.517496670231183023e-02 4.767336307692424113e-02 1.145844327138198802e-04 1.763228631951715335e-04
1.000000000000000000e+01 3.977510496473797563e-02 7.435805157878816463e-02 1.164962646119867452e-04 1.724565138593554066e-04
1.100000000000000000e+01 4.595985537146602545e-02 8.817552071231918309e-02 1.202456737062663908e-04 1.785596861246809518e-04
1.200000000000000000e+01 3.742619730641946058e-02 6.590098294375727750e-02 1.179739750194024728e-04 1.835083067584257412e-04
1.300000000000000000e+01 1.757826783071960927e-02 3.104356034782276841e-02 1.127839376466635942e-04 1.845091728749195846e-04
1.400000000000000000e+01 -2.052524134381979951e-03 -1.236406413447361857e-03 1.071766986752960629e-04 1.787066979510624977e-04
1.500000000000000000e+01 -1.012879147480921782e-02 -1.309264378042251757e-02 1.009568886097610103e-04 1.651178325784858616e-04
1.600000000000000000e+01 -4.044137592098486292e-03 -4.659410711265189221e-03 9.489170831121731989e-05 1.490786226964428555e-04
1.700000000000000000e+01 3.105918102349124015e-03 7.938096188702248659e-03 8.964840110168882930e-05 1.353315735225563870e-04
1.800000000000000000e+01 5.766667151423488825e-03 1.563980023229832525e-02 8.517939663213180696e-05 1.249117877562624945e-04
1.900000000000000000e+01 5.722772448012215102e-03 1.722275033464588934e-02 8.121375790038334516e-05 1.170336010598041986e-04
2.000000000000000000e+01 6.836710842401304278e-03 1.619176682476321238e-02 7.772984640161246747e-05 1.109160887873128222e-04
2.100000000000000000e+01 1.078237899454064126e-02 1.777091730872378331e-02 7.466902860980868123e-05 1.060595751206405869e-04
2.200000000000000000e+01 1.388777565197929671e-02 2.298373822430222965e-02 7.179847554020728868e-05 1.020125788859796776e-04
2.300000000000000000e+01 1.565236005731392155e-02 2.831173195080452856e-02 6.883922989267759020e-05 9.840592330322293013e-05
2.400000000000000000e+01 1.599757902091596823e-02 3.105461215475237291e-02 6.574737085416143220e-05 9.505931937522804523e-05
2.500000000000000000e+01 1.568157366252341881e-02 3.133845631641692803e-02 6.274155828749498399e-05 9.193914292785631973e-05
2.600000000000000000e+01 1.542527319617036964e-02 3.057075626395830761e-02 6.003137513257563265e-05 8.903754724179367729e-05
2.700000000000000000e+01 1.513203348100764650e-02 2.972638367549113383e-02 5.768743333430126097e-05 8.635977693866450438e-05
2.800000000000000000e+01 1.537945879096212429e-02 2.879662714599019735e-02 5.567652268688684178e-05 8.388481748716397949e-05
2.900000000000000000e+01 1.574182441667027268e-02 2.692106031391678159e-02 5.396997742999192909e-05 8.163316226352917418e-05
3.000000000000000000e+01 1.396548888873000438e-02 2.335245504372174957e-02 5.252365473864749302e-05 7.964424828212132831e-05
3.100000000000000000e+01 1.076312290821569012e-02 1.812089544298000482e-02 5.129891514956090440e-05 7.796857374397956838e-05
3.200000000000000000e+01 6.763757370847910122e-03 1.201050057773424447e-02 5.025936844177916236e-05 7.661640290678142415e-05
3.300000000000000000e+01 3.605650145904354745e-03 5.920491160716736742e-03 4.936596739510405892e-05 7.553601939728991628e-05
3.400000000000000000e+01 6.033222404041688972e-04 4.794424391614510281e-04 4.858681936328776126e-05 7.466573423832902209e-05
3.500000000000000000e+01 -1.685527975709862113e-03 -3.934317204259548187e-03 4.789459168329311244e-05 7.392006013236448461e-05
3.600000000000000000e+01 -2.940954460766134846e-03 -7.107155750845244903e-03 4.726511732474782650e-05 7.321582135155471811e-05
3.700000000000000000e+01 -3.804349661978750300e-03 -8.986490530674016639e-03 4.667983916129708912e-05 7.247761142623019323e-05
3.800000000000000000e+01 -3.948344788788932073e-03 -9.726358669264804219e-03 4.612332598630393513e-05 7.166280929104884090e-05
3.900000000000000000e+01 -4.116459576540628003e-03 -9.691229247529039789e-03 4.558775556231275033e-05 7.076117097659621207e-05
4.000000000000000000e+01 -3.731747171958469701e-03 -9.228851632538731184e-03 4.506832980761059338e-05 6.979865494496166590e-05
4.100000000000000000e+01 -3.641617460008476827e-03 -8.595453557934744707e-03 4.454825485423734451e-05 6.879228016453280993e-05
4.200000000000000000e+01 -2.910206440147094804e-03 -7.906020816228659029e-03 4.398106210119333298e-05 6.771117984566174899e-05
4.300000000000000000e+01 -2.634550389839190702e-03 -7.194385692975367383e-03 4.329071852997544163e-05 6.646006464770611737e-05
4.400000000000000000e+01 -2.328730938560445718e-03 -6.432734180622357197e-03 4.239037869628663565e-05 6.492120676830896058e-05
4.500000000000000000e+01 -1.429942783967167895e-03 -5.627400679040221038e-03 4.122558346143848491e-05 6.300661702922181063e-05
4.600000000000000000e+01 -4.838244694852157808e-04 -4.773622651674725402e-03 3.982518087025980845e-05 6.075247462213386200e-05
4.700000000000000000e+01 -1.523226015312084799e-04 -3.871505917961371758e-03 3.832733317346321156e-05 5.835459816286633618e-05
