# freqs 	 pli 	 dpli 	 meanpower(thalamus)	 meanpower(scalp)	pli
8.000000000000000000e+00 2.480990238959579139e-02 7.752447184732838559e-02 2.329236337393533187e-05 3.862806010020977741e-04
9.000000000000000000e+00 1.391460858406818810e-02 4.749257948784732508e-02 2.159582517686842374e-05 2.790942875314471870e-04
1.000000000000000000e+01 9.296655152545863984e-03 4.531427557331170475e-02 2.058439710640312426e-05 2.263517905526840136e-04
1.100000000000000000e+01 -5.365002402239881819e-03 3.026757247685324653e-03 1.973208220976323818e-05 1.884502543047317322e-04
1.200000000000000000e+01 -3.298329440710299869e-03 -1.061008615528447573e-02 1.899439073046223841e-05 1.643591713673039358e-04
1.300000000000000000e+01 1.576760543213984178e-02 5.384844991032786826e-02 1.864675661151568909e-05 1.517328540481780884e-04
1.400000000000000000e+01 3.560370047374852853e-02 1.142509542244705828e-01 1.852014816706348666e-05 1.439972430196963368e-04
1.500000000000000000e+01 3.537575002127001794e-02 1.060240633551290806e-01 1.816761814459310950e-05 1.350807806723865591e-04
1.600000000000000000e+01 2.252943913044647486e-02 5.998521197158428186e-02 1.761903306221350828e-05 1.244041887444337347e-04
1.700000000000000000e+01 1.240500700477074371e-02 2.513130874108417123e-02 1.709959631148790326e-05 1.136912658034364235e-04
1.800000000000000000e+01 3.572210445378286043e-03 1.436803011406392536e-02 1.675132906965541495e-05 1.047747877951944864e-04
1.900000000000000000e+01 1.029350525983883241e-02 2.376711187362637312e-02 1.656717903360165346e-05 9.784861645848552485e-05
2.000000000000000000e+01 2.248646009409604324e-02 4.289689686112713868e-02 1.646531679760156151e-05 9.268363270845506616e-05
2.100000000000000000e+01 2.549555580840890193e-02 5.709669235786039160e-02 1.638735398017588421e-05 8.914086269855265405e-05
2.200000000000000000e+01 2.964556029514858401e-02 6.000844478967350820e-02 1.633371415220377122e-05 8.675426098727056232e-05
2.300000000000000000e+01 2.882021287806934423e-02 5.512824600879666359e-02 1.631105637586751614e-05 8.500782265549877031e-05
2.400000000000000000e+01 2.401568800635090969e-02 4.746684216635423809e-02 1.631160219878854316e-05 8.361467458602316635e-05
2.500000000000000000e+01 1.961092861779342722e-02 3.859539595449246185e-02 1.631706788924785952e-05 8.225100024941712758e-05
2.600000000000000000e+01 1.813258825054368806e-02 2.834326467631370639e-02 1.631022726283791731e-05 8.055396469769841937e-05
2.700000000000000000e+01 1.255829142446607087e-02 1.736426103820814387e-02 1.627761494629353632e-05 7.842292495037429725e-05
2.800000000000000000e+01 1.256194898012415878e-02 8.235180743197912864e-03 1.621618082163666771e-05 7.590468653120566102e-05
2.900000000000000000e+01 7.323107372587827485e-03 3.318491527255201974e-03 1.613243179705284294e-05 7.322926194650344184e-05
3.000000000000000000e+01 5.680502319820346889e-03 3.058995832266886601e-03 1.604101334314992657e-05 7.058636604371854777e-05
3.100000000000000000e+01 4.378894533721124950e-03 6.097103384983800466e-03 1.595898355796061029e-05 6.811884702713555189e-05
3.200000000000000000e+01 5.090269609209951279e-03 1.033869583205818642e-02 1.589311934229464761e-05 6.589202437758149504e-05
3.300000000000000000e+01 7.146365072351276888e-03 1.432086960965163816e-02 1.583819036243057460e-05 6.396226337424599140e-05
3.400000000000000000e+01 8.043776357662155846e-03 1.755171137455056526e-02 1.578806052030639259e-05 6.233524339839705095e-05
3.500000000000000000e+01 9.121401105115197264e-03 2.040718799900357802e-02 1.574016931879131296e-05 6.092604086194331077e-05
3.600000000000000000e+01 1.088152491153756771e-02 2.315642091516282794e-02 1.569388650695009035e-05 5.970920516629886065e-05
3.700000000000000000e+01 1.137266843523230403e-02 2.558624811669675536e-02 1.565065775944491391e-05 5.866796721100901697e-05
3.800000000000000000e+01 1.302585464058146798e-02 2.695734273647749923e-02 1.561161011699146097e-05 5.783296291790109326e-05
3.900000000000000000e+01 1.233484371360513317e-02 2.678203593787316719e-02 1.557704819875658066e-05 5.717137909509623523e-05
4.000000000000000000e+01 1.442343544683334991e-02 2.514399363984986743e-02 1.554414214676907559e-05 5.665817735626521145e-05
4.100000000000000000e+01 1.699635562989025919e-02 2.282831931492979721e-02 1.550365027798078903e-05 5.623988318316611472e-05
4.200000000000000000e+01 1.877779417709984564e-02 2.075722942834272791e-02 1.543768961629687916e-05 5.584029368754992698e-05
4.300000000000000000e+01 1.906784827347224320e-02 1.949182995084217454e-02 1.531766862246408575e-05 5.530031851585534244e-05
4.400000000000000000e+01 1.810413693441401822e-02 1.931689423868690816e-02 1.511108619961443564e-05 5.451869920780132671e-05
4.500000000000000000e+01 1.641435977847724090e-02 1.989977155351216331e-02 1.479775046827067140e-05 5.337981260758000557e-05
4.600000000000000000e+01 1.524461651681438545e-02 2.082361723976650786e-02 1.438914033108527916e-05 5.190917698162717577e-05
4.700000000000000000e+01 1.486586706902283742e-02 2.170450637174374184e-02 1.393901192775477035e-05 5.027707871952032950e-05
