# freqs 	 pli 	 dpli 	 meanpower(thalamus)	 meanpower(scalp)	pli
8.000000000000000000e+00 -9.770560180962934924e-03 -4.097732145980002155e-02 4.060867622934167542e+01 1.672654823231902981e+02
9.000000000000000000e+00 -1.525979207081359923e-02 -6.761780718889018327e-02 4.090850946283290313e+01 1.561285208282229462e+02
1.000000000000000000e+01 -2.964677154342889448e-02 -9.613991284465059350e-02 4.432251393945950468e+01 1.436342176814916911e+02
1.100000000000000000e+01 -3.235209023348605689e-02 -1.049505521725167673e-01 4.779970001277437319e+01 1.327339227376498343e+02
1.200000000000000000e+01 -3.860344613992469642e-02 -9.053137953754029910e-02 4.935540004721567442e+01 1.243720011816436966e+02
1.300000000000000000e+01 -3.431085800801748215e-02 -8.600101485055346162e-02 4.861771605201809621e+01 1.155773527746143685e+02
1.400000000000000000e+01 -3.798827265329608738e-02 -9.688962659785035902e-02 4.653777599021564271e+01 1.062224313295115934e+02
1.500000000000000000e+01 -3.755127597571775860e-02 -9.724738902563601073e-02 4.400188196995586054e+01 9.805222904751869351e+01
1.600000000000000000e+01 -3.365488087322161120e-02 -9.152878014913951032e-02 4.153221677908341292e+01 9.197729203288993460e+01
1.700000000000000000e+01 -3.270726670096289757e-02 -8.725858438119642180e-02 3.952456146861822361e+01 8.705590843887705432e+01
1.800000000000000000e+01 -3.515156695765527667e-02 -7.940169543294307852e-02 3.794924581714744960e+01 8.236030588949468267e+01
1.900000000000000000e+01 -2.744784077626374885e-02 -6.239446487729274210e-02 3.666436454929051081e+01 7.766569329787266440e+01
2.000000000000000000e+01 -1.951414628943228327e-02 -4.046239326546006987e-02 3.571159851842335087e+01 7.331696510300291436e+01
2.100000000000000000e+01 -1.343212476539344148e-02 -2.469562751306939377e-02 3.507310198704782067e+01 6.935155940832723331e+01
2.200000000000000000e+01 -1.181237391435869220e-02 -1.849775963244017912e-02 3.462523019783137102e+01 6.571507618578623067e+01
2.300000000000000000e+01 -1.519867493272473308e-02 -1.584794514942310800e-02 3.431835334479703903e+01 6.256810851698573828e+01
2.400000000000000000e+01 -1.744135947923792021e-02 -1.231092486111491635e-02 3.408124514296408591e+01 5.994948550347255178e+01
2.500000000000000000e+01 -1.630978491411342463e-02 -9.312994895936219097e-03 3.387995065451492849e+01 5.777471040988489648e+01
2.600000000000000000e+01 -1.176090516568030313e-02 -9.017110063564320530e-03 3.366070937826372500e+01 5.583954801689348102e+01
2.700000000000000000e+01 -8.015106250338520019e-03 -1.059449835308101315e-02 3.338805717780573445e+01 5.402131214872123621e+01
2.800000000000000000e+01 -5.050944690138662284e-03 -1.169346501049308221e-02 3.305134331107729651e+01 5.229996636127458487e+01
2.900000000000000000e+01 -4.327203658704810267e-03 -1.102551544018621002e-02 3.268961612099608516e+01 5.073214508714660553e+01
3.000000000000000000e+01 -3.129594934936251547e-03 -9.333696805609059330e-03 3.237182225854740381e+01 4.933897721076272802e+01
3.100000000000000000e+01 -2.600151428068486238e-03 -7.968179921715893427e-03 3.213649518470477062e+01 4.812951787632487566e+01
3.200000000000000000e+01 -2.931848824292582895e-03 -7.536796589907042605e-03 3.200770322945319180e+01 4.706165553865415774e+01
3.300000000000000000e+01 -4.255869305814305968e-03 -7.828188723504140092e-03 3.197853771445503668e+01 4.612123268247464836e+01
3.400000000000000000e+01 -4.853556485355648223e-03 -8.381563736063347286e-03 3.201839951518857674e+01 4.531231194298286624e+01
3.500000000000000000e+01 -5.240104378473634146e-03 -9.353521447687789675e-03 3.206752852087868177e+01 4.460057592618452560e+01
3.600000000000000000e+01 -9.207358263222871139e-03 -1.086118973823334277e-02 3.207062534292569467e+01 4.397943745801409676e+01
3.700000000000000000e+01 -1.016018326015065594e-02 -1.266563106672971735e-02 3.199266940889334521e+01 4.343717174455137808e+01
3.800000000000000000e+01 -1.087738604139332037e-02 -1.405040313463268992e-02 3.182204059407459340e+01 4.296082682333027236e+01
3.900000000000000000e+01 -1.109714711283756906e-02 -1.451552456872991746e-02 3.155835056819585915e+01 4.251954586741037190e+01
4.000000000000000000e+01 -1.085988547834051444e-02 -1.391226583055355306e-02 3.120945138596787416e+01 4.208823687953442771e+01
4.100000000000000000e+01 -1.036153827445863290e-02 -1.262331784029651661e-02 3.079022214709553751e+01 4.163336134128093136e+01
4.200000000000000000e+01 -1.056219282582794919e-02 -1.122825546423965662e-02 3.030000207687747604e+01 4.110406282841685055e+01
4.300000000000000000e+01 -1.039515984950117357e-02 -1.033732606895187284e-02 2.971117363827137581e+01 4.042107607318516216e+01
4.400000000000000000e+01 -1.027868174981741434e-02 -9.958131292961924091e-03 2.897979186476000990e+01 3.951124561474647123e+01
4.500000000000000000e+01 -9.857927077334375718e-03 -1.011682146457562603e-02 2.807835707480257881e+01 3.832702688244956590e+01
4.600000000000000000e+01 -1.051070244960958591e-02 -1.050805226623381834e-02 2.703501586134440515e+01 3.690199113409558862e+01
4.700000000000000000e+01 -8.223698108105824411e-03 -1.075905206928193768e-02 2.594574218702025092e+01 3.536570468262119249e+01
