# freqs 	 pli 	 dpli 	 meanpower(thalamus)	 meanpower(scalp)	pli
8.000000000000000000e+00 -4.173456539150734168e-02 -9.047852879637600931e-02 2.190894865911739115e-05 1.855048478655756995e-04
9.000000000000000000e+00 -4.879044140185775924e-02 -9.335942890071644018e-02 2.351981554501958473e-05 1.854534866177878414e-04
1.000000000000000000e+01 -4.908609509755523098e-02 -6.370468464942136144e-02 2.738546427580110926e-05 2.061323543320866321e-04
1.100000000000000000e+01 -9.807318142759140212e-03 4.918988935812387137e-02 3.058424020282648489e-05 2.456316566778354881e-04
1.200000000000000000e+01 4.467820171872041723e-02 1.455779463645686111e-01 3.132006223618276515e-05 2.881701277233879917e-04
1.300000000000000000e+01 7.255804290742363938e-02 1.612792679218453540e-01 3.078727460362524782e-05 3.096947622745357086e-04
1.400000000000000000e+01 7.496614481253029150e-02 1.530736743825497626e-01 2.909684065976930246e-05 2.843566289979422589e-04
1.500000000000000000e+01 7.337899618360059495e-02 1.455735127595102762e-01 2.678525050483099865e-05 2.333515229781916458e-04
1.600000000000000000e+01 6.580147129570576570e-02 1.367593559855752039e-01 2.465108964385083612e-05 1.890339543377523961e-04
1.700000000000000000e+01 5.858052604350115489e-02 1.288296275211203434e-01 2.296358936952258345e-05 1.600621993550497613e-04
1.800000000000000000e+01 4.784889264377527318e-02 1.141082691059356752e-01 2.171206758688309959e-05 1.416796085816774537e-04
1.900000000000000000e+01 3.437610345752235841e-02 8.638255539367585556e-02 2.084396657134526736e-05 1.287853660193477188e-04
2.000000000000000000e+01 2.136082689189362088e-02 5.458195957447815883e-02 2.027326183484054613e-05 1.177419298826495148e-04
2.100000000000000000e+01 9.674954072141426012e-03 2.762587343954710575e-02 1.988577989041897547e-05 1.071674622255842907e-04
2.200000000000000000e+01 2.727967987788509820e-03 7.326492016178397584e-03 1.958336109634152696e-05 9.771595907685839955e-05
2.300000000000000000e+01 -2.449455254373467290e-03 -6.663615668576830520e-03 1.934753016886935312e-05 9.006231423450731740e-05
2.400000000000000000e+01 -4.226039365267777841e-03 -1.521840382845183332e-02 1.919529306846002497e-05 8.413740331990034269e-05
2.500000000000000000e+01 -5.462821177011255996e-03 -2.017439031767081364e-02 1.912071018517869065e-05 7.941545497332290308e-05
2.600000000000000000e+01 -6.643850280279707185e-03 -2.374156398243945643e-02 1.907835865809496585e-05 7.539482358999123959e-05
2.700000000000000000e+01 -6.544079549763467778e-03 -2.770265872580432095e-02 1.901792033426419288e-05 7.181353009833053175e-05
2.800000000000000000e+01 -8.601898963927403358e-03 -3.262571329563167255e-02 1.890715209057408300e-05 6.864165858402334437e-05
2.900000000000000000e+01 -1.182238362456060170e-02 -3.782121246452330859e-02 1.873644559406811828e-05 6.591525087303085376e-05
3.000000000000000000e+01 -1.472998800488004890e-02 -4.207787128828836820e-02 1.851113361903353465e-05 6.357436800735597783e-05
3.100000000000000000e+01 -1.664432446876435226e-02 -4.445911423460628675e-02 1.823676056374289853e-05 6.150860513875546518e-05
3.200000000000000000e+01 -1.651755446095271376e-02 -4.455091048880020776e-02 1.793197836128291342e-05 5.959582932534761377e-05
3.300000000000000000e+01 -1.547522415960945509e-02 -4.250866445961844209e-02 1.762362490396951004e-05 5.778842231273038227e-05
3.400000000000000000e+01 -1.394100092403078098e-02 -3.885356519800263475e-02 1.733603923809014458e-05 5.617006268489741280e-05
3.500000000000000000e+01 -1.119861804339279156e-02 -3.426992783703151912e-02 1.708369345817327520e-05 5.489751793692013848e-05
3.600000000000000000e+01 -9.262940834219255196e-03 -2.949255150795000724e-02 1.687317269561161478e-05 5.407941927678295847e-05
3.700000000000000000e+01 -7.561492507767826436e-03 -2.513673508536217946e-02 1.670519084015355222e-05 5.363170897346190358e-05
3.800000000000000000e+01 -6.865963446384546615e-03 -2.153698834970915049e-02 1.657324671269403850e-05 5.326073327208258849e-05
3.900000000000000000e+01 -5.592061921697632013e-03 -1.871954984368984914e-02 1.646570010730553942e-05 5.263401202002353772e-05
4.000000000000000000e+01 -4.148990453307855632e-03 -1.648327573816650918e-02 1.637282376314641227e-05 5.155287696281463978e-05
4.100000000000000000e+01 -3.604990791344116728e-03 -1.460251918053162221e-02 1.628143326458296201e-05 5.000184693293429088e-05
4.200000000000000000e+01 -3.176857779564931216e-03 -1.291817194066716308e-02 1.617025472373040263e-05 4.809106760444038092e-05
4.300000000000000000e+01 -2.247039866696366739e-03 -1.137614950861359948e-02 1.600824755948924849e-05 4.595813058435033584e-05
4.400000000000000000e+01 -1.794250155065351673e-03 -9.971059017872386729e-03 1.576007241738665730e-05 4.370693665892245246e-05
4.500000000000000000e+01 -9.240960052222813850e-04 -8.711698809460996853e-03 1.540369475038723320e-05 4.138976877041689322e-05
4.600000000000000000e+01 -4.690845330825120897e-04 -7.561143714316190603e-03 1.494966239054087748e-05 3.905934702084527327e-05
4.700000000000000000e+01 3.033528992136808435e-04 -6.424699004570782850e-03 1.445240609626151548e-05 3.681964445968164578e-05
