# freqs 	 pli 	 dpli 	 meanpower(thalamus)	 meanpower(scalp)	pli
8.000000000000000000e+00 3.583922294584350639e-03 2.170754763258212969e-02 1.997511293565482516e-04 2.806015833236554977e-04
9.000000000000000000e+00 5.394332720438270445e-02 1.517451575128888341e-01 1.862224137420554480e-04 2.542204773350572114e-04
1.000000000000000000e+01 6.119325418941841399e-02 1.508565178447737742e-01 1.664428606769991696e-04 2.146145822553182216e-04
1.100000000000000000e+01 3.223720895330440400e-02 8.294597292516840692e-02 1.454174555421508563e-04 1.855372550206650900e-04
1.200000000000000000e+01 1.050450436935078564e-02 3.643093470366130099e-02 1.316663204498300110e-04 1.679360973546745466e-04
1.300000000000000000e+01 4.865688988085102411e-03 2.229506613255026470e-02 1.232279468928138911e-04 1.527570197015287669e-04
1.400000000000000000e+01 8.045400700399595387e-03 2.552648220275454891e-02 1.163073114407401097e-04 1.384059295858963235e-04
1.500000000000000000e+01 1.289750915374946946e-02 3.294314569896883427e-02 1.095912610723532991e-04 1.248963795584972537e-04
1.600000000000000000e+01 1.540901265623934382e-02 3.876264992244220220e-02 1.032247714117925572e-04 1.122490510752991436e-04
1.700000000000000000e+01 1.673419834522661340e-02 4.117562810283322688e-02 9.749382089707442009e-05 1.011518459289414051e-04
1.800000000000000000e+01 1.629670106591505491e-02 4.022500523041207948e-02 9.240987685414529861e-05 9.203255277844521237e-05
1.900000000000000000e+01 1.341299208455172184e-02 3.580277962414449983e-02 8.798163222812178063e-05 8.499574237267977701e-05
2.000000000000000000e+01 1.035757201216195786e-02 2.872741402314199152e-02 8.412237359378155362e-05 7.982503183738506620e-05
2.100000000000000000e+01 5.826894603872869241e-03 2.060689673024275123e-02 8.077191836113459180e-05 7.611532060234188740e-05
2.200000000000000000e+01 1.394743010404384323e-03 1.300342680171078305e-02 7.796013653114263918e-05 7.344956943632379896e-05
2.300000000000000000e+01 -2.139618339895907242e-03 6.758979812390298290e-03 7.568099367284685257e-05 7.159554628542016063e-05
2.400000000000000000e+01 -3.932130735799745612e-03 2.181257106829839060e-03 7.373493949722252725e-05 7.043035872821503556e-05
2.500000000000000000e+01 -4.820200037632259467e-03 -1.960743572900456872e-04 7.185323409241345426e-05 6.983226331402133530e-05
2.600000000000000000e+01 -4.957512435647059949e-03 -3.065600173833909971e-04 6.989401440195931259e-05 6.968384131004936709e-05
2.700000000000000000e+01 -5.101007449842358092e-03 8.129971203106679855e-04 6.789449865055442561e-05 6.991071697742687807e-05
2.800000000000000000e+01 -5.095941886572347319e-03 1.517092576622959717e-03 6.595950996155223089e-05 7.039455727309170373e-05
2.900000000000000000e+01 -4.355345461745330389e-03 9.649910409574925015e-04 6.416954734598812873e-05 7.100964026411788475e-05
3.000000000000000000e+01 -4.304803542934888295e-03 -7.730086779539473716e-04 6.258099202936533883e-05 7.162492458282186138e-05
3.100000000000000000e+01 -4.500611551814683205e-03 -3.256668545734868643e-03 6.119099522980339667e-05 7.222115834161228136e-05
3.200000000000000000e+01 -5.132824906532784844e-03 -5.985465157640035283e-03 5.996787190329436597e-05 7.280302299643024095e-05
3.300000000000000000e+01 -6.136452323291958881e-03 -8.472980610506896521e-03 5.887267669416335877e-05 7.338634408298873681e-05
3.400000000000000000e+01 -6.579856534307057178e-03 -1.031977523238474838e-02 5.786788885933533767e-05 7.403678599659885512e-05
3.500000000000000000e+01 -6.726898340478295116e-03 -1.127566969472039785e-02 5.692616421894320267e-05 7.474592766664899977e-05
3.600000000000000000e+01 -6.766258217953077282e-03 -1.143512236112005989e-02 5.603308784105563397e-05 7.553277178406988840e-05
3.700000000000000000e+01 -6.587587474500931385e-03 -1.109360384986294960e-02 5.518197740001320496e-05 7.638950004047658513e-05
3.800000000000000000e+01 -5.732868890022508289e-03 -1.065124175529297799e-02 5.436921193953036597e-05 7.731902508784244414e-05
3.900000000000000000e+01 -5.479122930298199051e-03 -1.026906391912414326e-02 5.359168682051435034e-05 7.826846521553614141e-05
4.000000000000000000e+01 -5.306368603612567590e-03 -1.010312908744015817e-02 5.284472912282745324e-05 7.921965397772146543e-05
4.100000000000000000e+01 -5.033946183327743691e-03 -1.012003060410287397e-02 5.210974132817808291e-05 8.010482578207910075e-05
4.200000000000000000e+01 -4.924232403802469502e-03 -1.019252353736494615e-02 5.134019063861706804e-05 8.080424964236647889e-05
4.300000000000000000e+01 -5.423177120773835756e-03 -1.017072290093840731e-02 5.045100308793100201e-05 8.111339935578508887e-05
4.400000000000000000e+01 -5.603495673548135672e-03 -9.981344097477579461e-03 4.933825483516238603e-05 8.087689842340261138e-05
4.500000000000000000e+01 -5.723313686817406605e-03 -9.622026770457916753e-03 4.793366003065714669e-05 7.997720527580992394e-05
4.600000000000000000e+01 -5.697207595296687951e-03 -9.197013136840688496e-03 4.626415320522460556e-05 7.851019693432863202e-05
4.700000000000000000e+01 -5.562061024358771165e-03 -8.882731443598178636e-03 4.448234390897060211e-05 7.681648652460003085e-05
