# freqs 	 pli 	 dpli 	 meanpower(thalamus)	 meanpower(scalp)	pli
8.000000000000000000e+00 8.785477217156928420e-02 2.816783556271944544e-01 5.306965271877943735e+01 2.733452380990457868e+02
9.000000000000000000e+00 5.636417844766454521e-02 1.446872308273505769e-01 4.811059974886818935e+01 2.248873486121554208e+02
1.000000000000000000e+01 1.189533997537389233e-02 3.458214288102502004e-02 4.462683114787753880e+01 1.864670370699659259e+02
1.100000000000000000e+01 -8.030673662851131947e-03 -2.134176913387562588e-02 4.259429337723982911e+01 1.616503124906072344e+02
1.200000000000000000e+01 -1.077831849782844888e-02 -2.826541113843471231e-02 4.103886290268597037e+01 1.475071081145565017e+02
1.300000000000000000e+01 -1.417434833743416028e-02 -1.919726301386262199e-02 3.921276494807915469e+01 1.427336033007181015e+02
1.400000000000000000e+01 -2.200974122100032154e-02 -3.599796051185819024e-02 3.725010784681307285e+01 1.395624487999933763e+02
1.500000000000000000e+01 -3.002689587300261947e-02 -6.723498554048670806e-02 3.543540701235777135e+01 1.311980211427347740e+02
1.600000000000000000e+01 -3.207992984665267167e-02 -7.973929026437980017e-02 3.370536682254223138e+01 1.183843870916886090e+02
1.700000000000000000e+01 -3.054228561626338642e-02 -7.065431126936141948e-02 3.200377952480117472e+01 1.050425686663843692e+02
1.800000000000000000e+01 -2.479569261071900080e-02 -5.376200682270405873e-02 3.049411695514670129e+01 9.375197343046481535e+01
1.900000000000000000e+01 -2.015343619282135290e-02 -3.924665071762988705e-02 2.931566457839522855e+01 8.495983567399468939e+01
2.000000000000000000e+01 -1.584940903501170020e-02 -2.886244617961446213e-02 2.845671787282522303e+01 7.815136441639168652e+01
2.100000000000000000e+01 -1.253198645330269936e-02 -2.132986045300113570e-02 2.784195428843079512e+01 7.284489362001600909e+01
2.200000000000000000e+01 -1.017129995839041560e-02 -1.623913821720138900e-02 2.739756395291450275e+01 6.867042599127064761e+01
2.300000000000000000e+01 -7.547419859196013471e-03 -1.314064961162703625e-02 2.707728345535878134e+01 6.528472682555353401e+01
2.400000000000000000e+01 -5.575321009144152719e-03 -1.092734433184493030e-02 2.684199887076205115e+01 6.242372870572290111e+01
2.500000000000000000e+01 -4.005024686302208030e-03 -8.484399185077205405e-03 2.665527033620322328e+01 5.993247951311926158e+01
2.600000000000000000e+01 -2.940217569200901000e-03 -5.482625540577656942e-03 2.649456611201401302e+01 5.774081247775409764e+01
2.700000000000000000e+01 -2.180786980182310847e-03 -2.417719912579841153e-03 2.635084020665809135e+01 5.580843852887600320e+01
2.800000000000000000e+01 -1.615873589843789138e-03 1.284255173191002544e-04 2.621976335782313328e+01 5.407730795610311958e+01
2.900000000000000000e+01 -9.246719940429078935e-05 2.037091275141399236e-03 2.610023288417116305e+01 5.251378932128709920e+01
3.000000000000000000e+01 8.852916687074496209e-04 3.606471898968309497e-03 2.599394703502754211e+01 5.109832431231944128e+01
3.100000000000000000e+01 1.923964724381018506e-03 5.029059533290961524e-03 2.590082800765627269e+01 4.984524097629792294e+01
3.200000000000000000e+01 1.834738921506894483e-03 6.119603121570648015e-03 2.582137820427461250e+01 4.875831614740766184e+01
3.300000000000000000e+01 2.629536814853224852e-03 6.557311061427473046e-03 2.575015789230945629e+01 4.782216321892589406e+01
3.400000000000000000e+01 3.270705495981860670e-03 6.246429768622595649e-03 2.568032263244752045e+01 4.701215972850843627e+01
3.500000000000000000e+01 2.936280161235280649e-03 5.429107110482943831e-03 2.561160425904168747e+01 4.629894366580708009e+01
3.600000000000000000e+01 2.098739274684627548e-03 4.459529830099328088e-03 2.554195538386809616e+01 4.566702464672592043e+01
3.700000000000000000e+01 1.485081906299028955e-03 3.626949711254885255e-03 2.547029538651529634e+01 4.510784343277063613e+01
3.800000000000000000e+01 1.601185570370266403e-03 3.065823884774901420e-03 2.539744308654206506e+01 4.461579956828892790e+01
3.900000000000000000e+01 1.391424690989101921e-03 2.812903162000989724e-03 2.532425149049569768e+01 4.418040735638568606e+01
4.000000000000000000e+01 1.779504004742292391e-03 2.814545953050281383e-03 2.524667410599620254e+01 4.378910763649997051e+01
4.100000000000000000e+01 1.944299417991577142e-03 2.998629626481270124e-03 2.515398763108617786e+01 4.341452635310118069e+01
4.200000000000000000e+01 1.892904881891901460e-03 3.291983162785379856e-03 2.501795858570762476e+01 4.300574110638964953e+01
4.300000000000000000e+01 2.220653549755229571e-03 3.617965780997437625e-03 2.479100107988842083e+01 4.248276382458043088e+01
4.400000000000000000e+01 2.597735272524341089e-03 3.933055975953935260e-03 2.442018347823178814e+01 4.176350599129328600e+01
4.500000000000000000e+01 2.624631105373279646e-03 4.181576564203009182e-03 2.387569442415584220e+01 4.079180252135117257e+01
4.600000000000000000e+01 2.817246139802801093e-03 4.320452317107755652e-03 2.318005197263899930e+01 3.959214438961105031e+01
4.700000000000000000e+01 2.857471967703283707e-03 4.324337258395819644e-03 2.242248707733686075e+01 3.829022945724548777e+01
