# freqs 	 pli 	 dpli 	 meanpower(thalamus)	 meanpower(scalp)	pli
8.000000000000000000e+00 -4.537666295524692833e-02 -8.429209059247297353e-02 4.455996691811897500e-05 2.577517648582648506e-04
9.000000000000000000e+00 -4.319616917331371708e-02 -7.383760753787889375e-02 4.236979530076012392e-05 2.358718264648719813e-04
1.000000000000000000e+01 -5.334195205833396070e-02 -1.029827760000110726e-01 4.096842115521997656e-05 2.162734165652439497e-04
1.100000000000000000e+01 -8.127130807494936660e-02 -2.114649795964071710e-01 4.062456519597178043e-05 2.128595941634497534e-04
1.200000000000000000e+01 -9.626052513618313378e-02 -2.713954101333809765e-01 3.952544634656840103e-05 2.174986273683481594e-04
1.300000000000000000e+01 -8.791123419161187003e-02 -2.245270653650267845e-01 3.762490053124521337e-05 2.137404306553774040e-04
1.400000000000000000e+01 -6.931973631722523899e-02 -1.691508437151858224e-01 3.570088210216453310e-05 1.946399285302516336e-04
1.500000000000000000e+01 -5.604383541576428429e-02 -1.409778929433781747e-01 3.416324866700643127e-05 1.669999640292259724e-04
1.600000000000000000e+01 -4.659058490093806459e-02 -1.159820928113773492e-01 3.312419410006177135e-05 1.419919305988531614e-04
1.700000000000000000e+01 -3.824718056678919759e-02 -8.907993970801432460e-02 3.251628121088127350e-05 1.241256379060065498e-04
1.800000000000000000e+01 -3.265877606088814916e-02 -6.685721848336549644e-02 3.214251598040195789e-05 1.121633817750379510e-04
1.900000000000000000e+01 -2.910474323517433376e-02 -5.234418913626692760e-02 3.188376764303418713e-05 1.037783873428440597e-04
2.000000000000000000e+01 -2.797630289932254155e-02 -4.511572769045731068e-02 3.169713221899582098e-05 9.745037037743612882e-05
2.100000000000000000e+01 -2.793615182126995070e-02 -4.444470924557995112e-02 3.157796104469101162e-05 9.240020120878138980e-05
2.200000000000000000e+01 -3.068763801840285535e-02 -4.954145577901111763e-02 3.149816416808236280e-05 8.821165234336687865e-05
2.300000000000000000e+01 -3.374249901128952012e-02 -5.697473871821231300e-02 3.140966753542736266e-05 8.459869781756733961e-05
2.400000000000000000e+01 -3.553266299089390123e-02 -6.124929465265872841e-02 3.127638791010352401e-05 8.137018626119635562e-05
2.500000000000000000e+01 -3.628877941780939143e-02 -5.873284779805637568e-02 3.109062273525813085e-05 7.839948742641401566e-05
2.600000000000000000e+01 -3.481692326787262648e-02 -4.974523894922511236e-02 3.087202957124884981e-05 7.558222686265970286e-05
2.700000000000000000e+01 -3.121584600502845877e-02 -3.741628830053516513e-02 3.065611371836604896e-05 7.283936936091132096e-05
2.800000000000000000e+01 -2.765256557632116141e-02 -2.507843696659142405e-02 3.047371431706510749e-05 7.013566158207240164e-05
2.900000000000000000e+01 -2.396930138554749165e-02 -1.497192075213914404e-02 3.033560458345972198e-05 6.749302338827705902e-05
3.000000000000000000e+01 -2.190382042105087218e-02 -8.194541601410800999e-03 3.023290665668570054e-05 6.496991868416207626e-05
3.100000000000000000e+01 -2.003331727716152130e-02 -5.193277115452579404e-03 3.014779728159564055e-05 6.261283476111933490e-05
3.200000000000000000e+01 -1.856380100101657354e-02 -5.863722663720567253e-03 3.006731239239124044e-05 6.044004926876946787e-05
3.300000000000000000e+01 -1.800817905490797316e-02 -9.499369439062864753e-03 2.998450401431995417e-05 5.844771952330721215e-05
3.400000000000000000e+01 -1.842521886994998026e-02 -1.496334765913520312e-02 2.989874787081773486e-05 5.662246338405084456e-05
3.500000000000000000e+01 -1.890953489918340003e-02 -2.102850599746304214e-02 2.980961963121563570e-05 5.493601233861081598e-05
3.600000000000000000e+01 -1.974946115030633276e-02 -2.672689204020799181e-02 2.971679575873052091e-05 5.336444557700037846e-05
3.700000000000000000e+01 -2.064592040805269396e-02 -3.148419651625031235e-02 2.962387093754378854e-05 5.189052959143154644e-05
3.800000000000000000e+01 -2.070375128105410648e-02 -3.513121432943275280e-02 2.953260592631297746e-05 5.049896688357707159e-05
3.900000000000000000e+01 -2.032786370001615425e-02 -3.776823493558397610e-02 2.944328885427090848e-05 4.917619741706336702e-05
4.000000000000000000e+01 -1.998420469368141633e-02 -3.955562662726830325e-02 2.935383061756850529e-05 4.791364435822203951e-05
4.100000000000000000e+01 -1.954718020919775021e-02 -4.064336998429665671e-02 2.925113828651655409e-05 4.669382917299086296e-05
4.200000000000000000e+01 -1.953014064029914149e-02 -4.116806220528224786e-02 2.910290318127197303e-05 4.548105241295707224e-05
4.300000000000000000e+01 -1.939417488222205596e-02 -4.123624289391531611e-02 2.885308802096507556e-05 4.420659728010574853e-05
4.400000000000000000e+01 -1.902485622134011262e-02 -4.096739893492321039e-02 2.844107757909497059e-05 4.279409438029867176e-05
4.500000000000000000e+01 -1.899914858480036481e-02 -4.047671437670507383e-02 2.783021416037140581e-05 4.118318035039100896e-05
4.600000000000000000e+01 -1.877401192350513712e-02 -3.984578498009296726e-02 2.704555146230312873e-05 3.938138567253853011e-05
4.700000000000000000e+01 -1.847753166374690656e-02 -3.912066340800755826e-02 2.619174130944936974e-05 3.749372847397686881e-05
