# freqs 	 pli 	 dpli 	 meanpower(thalamus)	 meanpower(scalp)	pli
8.000000000000000000e+00 1.084251939279219125e-02 2.938285360488560385e-02 1.022114473910866217e-04 2.253884176484970082e-04
9.000000000000000000e+00 -3.801660482613518355e-02 -5.013763149051362472e-02 8.649932673530482730e-05 1.711353815947056704e-04
1.000000000000000000e+01 -3.995126280857676931e-02 -5.030559420737996945e-02 8.313968696233816128e-05 1.385279094321114832e-04
1.100000000000000000e+01 -5.984193844549737067e-03 3.442810999972827773e-02 9.798571770119334791e-05 1.206279902288154852e-04
1.200000000000000000e+01 2.215265287210402279e-02 7.130505849507576266e-02 1.167775165527440298e-04 1.150180317868371350e-04
1.300000000000000000e+01 1.706271129555206670e-02 -4.621296532469730957e-04 1.171111646315972247e-04 1.189500083573464222e-04
1.400000000000000000e+01 -1.859464231522608719e-03 -7.639613453520904818e-02 1.007020172131720218e-04 1.212121890472525067e-04
1.500000000000000000e+01 -1.529191705079626165e-02 -9.745583534559737471e-02 8.052677252238467961e-05 1.122396391470809849e-04
1.600000000000000000e+01 -1.532516884679917778e-02 -7.093500681076556069e-02 6.490169539842007528e-05 9.628261311117724945e-05
1.700000000000000000e+01 -5.253470597410700438e-03 -3.534381880201985238e-02 5.517828212415287574e-05 8.149051714982323005e-05
1.800000000000000000e+01 -1.796244209982672101e-03 -1.878676081971264802e-02 4.970427647088334765e-05 7.105002982102193263e-05
1.900000000000000000e+01 -3.082491896934023284e-03 -1.505976796867351114e-02 4.671409057218941753e-05 6.431037705685164238e-05
2.000000000000000000e+01 -1.650357901216699223e-03 -9.431452453859024906e-03 4.532219941829446311e-05 5.989068770237934746e-05
2.100000000000000000e+01 3.992277312104670906e-03 -2.833486673317891645e-04 4.532477498580415648e-05 5.679832711661787851e-05
2.200000000000000000e+01 7.736410665709882173e-03 7.224546297627681274e-03 4.655501657474463259e-05 5.448342008774287131e-05
2.300000000000000000e+01 7.247049109860784731e-03 1.193023939570174267e-02 4.831936846923024821e-05 5.270796981644245338e-05
2.400000000000000000e+01 7.442911398842222241e-03 1.602383734840194182e-02 4.963673261661172807e-05 5.133331569952531009e-05
2.500000000000000000e+01 9.488425233004849774e-03 2.049747445507701243e-02 4.987605684347896104e-05 5.024816213843163863e-05
2.600000000000000000e+01 1.103693273745255492e-02 2.478904191106796884e-02 4.897184474204079225e-05 4.928193870687433485e-05
2.700000000000000000e+01 1.208822998905156876e-02 2.813825177952969034e-02 4.722392248675883386e-05 4.828778995756745899e-05
2.800000000000000000e+01 1.492627301393346581e-02 3.018894841045127037e-02 4.507517953058244196e-05 4.719289456765414953e-05
2.900000000000000000e+01 1.571346610454468079e-02 3.089694313135162712e-02 4.290961362076566168e-05 4.598210843906820519e-05
3.000000000000000000e+01 1.569415572959414681e-02 3.035238243063211397e-02 4.098005526265702372e-05 4.472241851036271411e-05
3.100000000000000000e+01 1.447145158024336527e-02 2.880135700305126029e-02 3.942325356992599378e-05 4.350361312094313545e-05
3.200000000000000000e+01 1.424585467187401526e-02 2.678157993388656857e-02 3.828351104097144823e-05 4.239706296828779777e-05
3.300000000000000000e+01 1.301844440850822085e-02 2.485774918191520008e-02 3.752054852930812974e-05 4.144214962139966183e-05
3.400000000000000000e+01 1.253197406966360082e-02 2.334556735533844726e-02 3.704034361443184800e-05 4.065086478354911084e-05
3.500000000000000000e+01 1.226054408798530823e-02 2.239669103552240428e-02 3.673069894176533406e-05 3.999281606411848129e-05
3.600000000000000000e+01 1.249760791037813831e-02 2.186143658371638918e-02 3.648286772484076612e-05 3.943523675016648636e-05
3.700000000000000000e+01 1.300985862878089282e-02 2.151068438854389017e-02 3.621991203897653423e-05 3.895264369442726446e-05
3.800000000000000000e+01 1.273209462003854764e-02 2.110765147953856669e-02 3.590575819814475323e-05 3.853452594369382320e-05
3.900000000000000000e+01 1.222466693275457705e-02 2.058917074474701792e-02 3.553427264050469810e-05 3.817049635856772764e-05
4.000000000000000000e+01 1.239957579678937875e-02 1.996250573293009353e-02 3.511755042819474559e-05 3.785173700997634391e-05
4.100000000000000000e+01 1.244335849275349584e-02 1.929739743849220868e-02 3.466544558573061996e-05 3.755539306298092181e-05
4.200000000000000000e+01 1.162155314925827389e-02 1.865421775000907639e-02 3.416275815297211338e-05 3.723533081756691512e-05
4.300000000000000000e+01 1.138752544868979096e-02 1.806620268517269284e-02 3.356572373644984062e-05 3.681757664326660082e-05
4.400000000000000000e+01 1.063392991057264189e-02 1.757353380459505954e-02 3.281452081939045091e-05 3.622249094594372232e-05
4.500000000000000000e+01 1.000043003197542864e-02 1.719248902875514587e-02 3.186873495107697387e-05 3.539226485723816093e-05
4.600000000000000000e+01 9.492444541776065906e-03 1.693880108242941038e-02 3.074783085672830931e-05 3.434607075502674211e-05
4.700000000000000000e+01 8.660691514555325307e-03 1.681404987342282470e-02 2.955083046471171140e-05 3.319951126646684427e-05
