# freqs 	 pli 	 dpli 	 meanpower(thalamus)	 meanpower(scalp)	pli
8.000000000000000000e+00 1.292921036239399468e-01 2.934505318132396012e-01 2.638184557580606593e-04 3.151375736778183048e-04
9.000000000000000000e+00 8.004321576857201248e-02 1.530888911606811398e-01 2.342873600403075059e-04 2.541073798418838018e-04
1.000000000000000000e+01 -1.251045183687725512e-03 -1.264068972377058002e-02 2.061424970169431514e-04 1.982492705968693259e-04
1.100000000000000000e+01 -5.724458126930434543e-02 -1.311795248220929688e-01 1.953013648255972419e-04 1.683828628521162152e-04
1.200000000000000000e+01 -7.370882339893057578e-02 -2.078206360142511311e-01 1.849634942578670942e-04 1.641460988573159661e-04
1.300000000000000000e+01 -6.484979312826047448e-02 -2.027062447719010507e-01 1.577552668471534606e-04 1.695543233176458867e-04
1.400000000000000000e+01 -4.305858384553912233e-02 -1.422788374712922188e-01 1.284643678792873715e-04 1.550564368729554421e-04
1.500000000000000000e+01 -1.881142329988999898e-02 -6.187161324719167577e-02 1.087589913363140544e-04 1.271550511704288677e-04
1.600000000000000000e+01 -4.081613354310753040e-03 -8.055433828103432045e-03 9.823223241862403708e-05 1.032822081864937246e-04
1.700000000000000000e+01 6.052798788395755657e-03 1.249172073452476869e-02 9.272518391221467161e-05 8.814983273906163894e-05
1.800000000000000000e+01 1.127795704239476469e-02 1.753952829463961000e-02 8.872096006878323971e-05 7.886007680060507419e-05
1.900000000000000000e+01 1.074024957619084363e-02 1.552064482799321923e-02 8.443331400310346278e-05 7.256651816864713271e-05
2.000000000000000000e+01 4.791219099081877458e-03 1.199522984233079327e-02 7.999951827265861274e-05 6.783320447014673234e-05
2.100000000000000000e+01 3.716464288027080103e-03 8.956265966748500409e-03 7.661120464580692163e-05 6.397832408580740148e-05
2.200000000000000000e+01 2.806255307258317868e-03 4.595557316334058021e-03 7.471335776477510879e-05 6.071240645081221342e-05
2.300000000000000000e+01 2.259040605110547526e-03 -8.620322791980217876e-04 7.349517111992542645e-05 5.801650871346421116e-05
2.400000000000000000e+01 2.046678348255362608e-03 -4.534521679104592563e-03 7.169035761322088251e-05 5.589856855506728319e-05
2.500000000000000000e+01 -1.613458803441200195e-03 -5.210074155532905434e-03 6.876102331800636755e-05 5.423153637664093432e-05
2.600000000000000000e+01 -1.217309415486758466e-03 -4.201711623700563752e-03 6.501660683757140623e-05 5.271660278686821213e-05
2.700000000000000000e+01 -1.117733174736526992e-03 -2.365990275527406553e-03 6.123937606540851052e-05 5.111332190857759697e-05
2.800000000000000000e+01 -3.667317486389603631e-04 7.129642545525284288e-04 5.793970553726377317e-05 4.938105514847865925e-05
2.900000000000000000e+01 1.580090145708020442e-03 5.500747211582316179e-03 5.534578738833150326e-05 4.763547413437028836e-05
3.000000000000000000e+01 3.707462393400225934e-03 1.109875591007715087e-02 5.336421204646166054e-05 4.605128545954656130e-05
3.100000000000000000e+01 7.207150436433563609e-03 1.568383528292509668e-02 5.185700345879199071e-05 4.475486976344656635e-05
3.200000000000000000e+01 9.118135901625109077e-03 1.837062426190852818e-02 5.065966524082931194e-05 4.374881917821633073e-05
3.300000000000000000e+01 8.903212040572721156e-03 1.941291403408810026e-02 4.966093585646742375e-05 4.298594715047538930e-05
3.400000000000000000e+01 7.211257240504228075e-03 1.913596961047974235e-02 4.881906561388741223e-05 4.238169988601313759e-05
3.500000000000000000e+01 6.782476882223292640e-03 1.848592137157736848e-02 4.803020202388998675e-05 4.185751852168070029e-05
3.600000000000000000e+01 7.096446710592321273e-03 1.793565723520118213e-02 4.726419227278155864e-05 4.138302931940545114e-05
3.700000000000000000e+01 5.631532622395242840e-03 1.795338099772679497e-02 4.649929567279694538e-05 4.094488899663447875e-05
3.800000000000000000e+01 5.387887580220807222e-03 1.857625193169042468e-02 4.575464959910966774e-05 4.054782299222602093e-05
3.900000000000000000e+01 6.455243157295209241e-03 1.980742476618144524e-02 4.502811181277093227e-05 4.020130426573774419e-05
4.000000000000000000e+01 7.388409322957122279e-03 2.097627069662360080e-02 4.435391300304571826e-05 3.989887099637716466e-05
4.100000000000000000e+01 7.716828567992470994e-03 2.157724715311970867e-02 4.373022135374889151e-05 3.961055148722857327e-05
4.200000000000000000e+01 7.102936530698108521e-03 2.138249953627828492e-02 4.312208523962834890e-05 3.928262774538629270e-05
4.300000000000000000e+01 7.335867427380153225e-03 2.037149752561920324e-02 4.244742813898315766e-05 3.883307059676495096e-05
4.400000000000000000e+01 7.410509942909764176e-03 1.904731115563880819e-02 4.163781549243864743e-05 3.817343018116692180e-05
4.500000000000000000e+01 7.866796623061861338e-03 1.763836635116597384e-02 4.061464495321714940e-05 3.725031153443295273e-05
4.600000000000000000e+01 6.902217385977934064e-03 1.636145655485531439e-02 3.938534707220898182e-05 3.609359863423684844e-05
4.700000000000000000e+01 6.723498632508752466e-03 1.531281414098098308e-02 3.806285034723132536e-05 3.483426047460386665e-05
