# freqs 	 pli 	 dpli 	 meanpower(thalamus)	 meanpower(scalp)	pli
8.000000000000000000e+00 3.089567746932510295e-02 5.221025681028691051e-02 2.641401347508778367e-05 1.362356966435949014e-04
9.000000000000000000e+00 7.663608783129960758e-03 8.009908647083950270e-03 2.593436739234648446e-05 1.242874099520455068e-04
1.000000000000000000e+01 -9.446378478517588467e-03 -3.089164186990576641e-02 2.639088196398582854e-05 1.230945062281135164e-04
1.100000000000000000e+01 -1.892877275776871449e-03 -2.228608003260508594e-03 2.794001795809859408e-05 1.343012828510273770e-04
1.200000000000000000e+01 1.991029071063063829e-02 5.605906624467117683e-02 2.948404240112590221e-05 1.443669486219047084e-04
1.300000000000000000e+01 2.909823120272903019e-02 6.229109401095520027e-02 3.035187901525457119e-05 1.487684581163074447e-04
1.400000000000000000e+01 3.254580347312586303e-02 6.059811691006664058e-02 3.031853702853087745e-05 1.446026967361190171e-04
1.500000000000000000e+01 4.084330563825261384e-02 8.027944048468969862e-02 2.941513433951088873e-05 1.315133411011919554e-04
1.600000000000000000e+01 4.599997125899952383e-02 9.999111280854242056e-02 2.808524215257149277e-05 1.157022003069769491e-04
1.700000000000000000e+01 4.312106859109077206e-02 9.680357014662521742e-02 2.673233418616326727e-05 1.025937985430831919e-04
1.800000000000000000e+01 3.271538553621495399e-02 7.281888403119789188e-02 2.558569919770759866e-05 9.316495807155660989e-05
1.900000000000000000e+01 1.942260363520145403e-02 4.277327052252562906e-02 2.475453930503787050e-05 8.621198856121814664e-05
2.000000000000000000e+01 7.114227582777509287e-03 1.753544319377556629e-02 2.422618423563863141e-05 8.082979528370414760e-05
2.100000000000000000e+01 1.890468154913739517e-04 8.076146415890340805e-04 2.391612319586149772e-05 7.654127982045281727e-05
2.200000000000000000e+01 -3.097068106921357748e-03 -7.991329040411455573e-03 2.373651412072374736e-05 7.295621016029893739e-05
2.300000000000000000e+01 -3.217862989171683518e-03 -1.143297346147089180e-02 2.362840974314631826e-05 6.983775995676399736e-05
2.400000000000000000e+01 -3.655569575925077166e-03 -1.220164754658270220e-02 2.357111590747988793e-05 6.713017781330599283e-05
2.500000000000000000e+01 -3.794324590187100974e-03 -1.227832084597559395e-02 2.356656951749947255e-05 6.482191783728193449e-05
2.600000000000000000e+01 -4.266839723463960315e-03 -1.275908085143719235e-02 2.359376805202523808e-05 6.286599905801738765e-05
2.700000000000000000e+01 -4.948565873683575395e-03 -1.360650278695342899e-02 2.363443312823929288e-05 6.119281257412686071e-05
2.800000000000000000e+01 -5.516191649452347086e-03 -1.401332615538982730e-02 2.368052598382733819e-05 5.975153160884391829e-05
2.900000000000000000e+01 -6.493534752668809681e-03 -1.330397836190817806e-02 2.371638275795089494e-05 5.855861666987454518e-05
3.000000000000000000e+01 -5.043955352180951208e-03 -1.149554577562627439e-02 2.373633108680613858e-05 5.767008246674958354e-05
3.100000000000000000e+01 -4.264400569798476419e-03 -9.164876855721326016e-03 2.374437268716908785e-05 5.709277312441502779e-05
3.200000000000000000e+01 -2.723444483055438743e-03 -7.106401398082244289e-03 2.374511967249795551e-05 5.671609493666526991e-05
3.300000000000000000e+01 -1.653813392515322400e-03 -5.936057793125261439e-03 2.374795556212461024e-05 5.638577139382163855e-05
3.400000000000000000e+01 -2.008797815485523393e-03 -5.827897773835636480e-03 2.376121078108731180e-05 5.599561313377245401e-05
3.500000000000000000e+01 -2.966802250962773287e-03 -6.517751523467977745e-03 2.378619894522185073e-05 5.550695285435606650e-05
3.600000000000000000e+01 -4.703599787567521763e-03 -7.509254936577861202e-03 2.381886654141448159e-05 5.494028142382400876e-05
3.700000000000000000e+01 -5.367650851913155323e-03 -8.322330989763615863e-03 2.385408144567212186e-05 5.432729300276848815e-05
3.800000000000000000e+01 -5.273528367247971166e-03 -8.655807235299895624e-03 2.388936142051390309e-05 5.369276837435491288e-05
3.900000000000000000e+01 -4.534289842638355300e-03 -8.466574986848688852e-03 2.392456162656281523e-05 5.304408838569053998e-05
4.000000000000000000e+01 -3.988715682217929166e-03 -7.879826869551596891e-03 2.395181830235362742e-05 5.238695776999018538e-05
4.100000000000000000e+01 -3.290605952906128836e-03 -7.112691653285908855e-03 2.395556515603489611e-05 5.171488227043739215e-05
4.200000000000000000e+01 -2.963461836257341719e-03 -6.368751744867925772e-03 2.390629458573015285e-05 5.098654204194827541e-05
4.300000000000000000e+01 -3.135307095201115158e-03 -5.768352876272210203e-03 2.375872886635206453e-05 5.011967021622931566e-05
4.400000000000000000e+01 -3.373794411490555010e-03 -5.333131245841835240e-03 2.346461808787148409e-05 4.902356522693994742e-05
4.500000000000000000e+01 -3.120547934627754087e-03 -5.020223088109883845e-03 2.299904415406755958e-05 4.763209472724620291e-05
4.600000000000000000e+01 -3.147526060730180316e-03 -4.747055344872674713e-03 2.239111886246252894e-05 4.597623737083505948e-05
4.700000000000000000e+01 -2.959202569936914256e-03 -4.424934389977670975e-03 2.173757219077764418e-05 4.421179029762570218e-05
