# freqs 	 pli 	 dpli 	 meanpower(thalamus)	 meanpower(scalp)	pli
8.000000000000000000e+00 -4.385574675096325092e-02 -8.575050951435758684e-02 1.580752186156553977e-04 3.151375736778183048e-04
9.000000000000000000e+00 -4.890656770743794478e-03 -1.471460408217111979e-02 1.636379609606594676e-04 2.541073798418838018e-04
1.000000000000000000e+01 3.662000603255945869e-02 8.639560673739959951e-02 1.721030773475969980e-04 1.982492705968693259e-04
1.100000000000000000e+01 6.471819110257080732e-02 1.611519189477541858e-01 1.671258316648109490e-04 1.683828628521162152e-04
1.200000000000000000e+01 9.228988596457839144e-02 2.251044952582416103e-01 1.539487337299673517e-04 1.641460988573159661e-04
1.300000000000000000e+01 9.986653268258033345e-02 2.717887761287234860e-01 1.375988817628348191e-04 1.695543233176458867e-04
1.400000000000000000e+01 8.366550929937713321e-02 2.418114336367563622e-01 1.197097658869086779e-04 1.550564368729554421e-04
1.500000000000000000e+01 5.756365180342667281e-02 1.598948776044198938e-01 1.049410028899399797e-04 1.271550511704288677e-04
1.600000000000000000e+01 3.776363558514198721e-02 9.597047588942086982e-02 9.569975560044989104e-05 1.032822081864937246e-04
1.700000000000000000e+01 2.585149276683185865e-02 6.729788597236870118e-02 8.986587769965334799e-05 8.814983273906163894e-05
1.800000000000000000e+01 2.069557077839023415e-02 5.265828201633240835e-02 8.515427002370579265e-05 7.886007680060507419e-05
1.900000000000000000e+01 1.578271025405957040e-02 4.279298955167878948e-02 8.080094955285873151e-05 7.256651816864713271e-05
2.000000000000000000e+01 1.296725472575635703e-02 3.681022352881954673e-02 7.671377545389842286e-05 6.783320447014673234e-05
2.100000000000000000e+01 1.146648500748781094e-02 3.310106035396113283e-02 7.286495085826038697e-05 6.397832408580740148e-05
2.200000000000000000e+01 8.513400316149282929e-03 2.848611826389456370e-02 6.932973306951788954e-05 6.071240645081221342e-05
2.300000000000000000e+01 7.706024997016659023e-03 2.272116659375256545e-02 6.619882755396185926e-05 5.801650871346421116e-05
2.400000000000000000e+01 5.372918599101249477e-03 1.857466245614633471e-02 6.343984508667075415e-05 5.589856855506728319e-05
2.500000000000000000e+01 6.235212545389465753e-03 1.723427022111384196e-02 6.101124418310756076e-05 5.423153637664093432e-05
2.600000000000000000e+01 5.444166064510610678e-03 1.665911481583016995e-02 5.881981077923297718e-05 5.271660278686821213e-05
2.700000000000000000e+01 5.453816996641726832e-03 1.462366436006967869e-02 5.682847899436263897e-05 5.111332190857759697e-05
2.800000000000000000e+01 3.449793158707365869e-03 1.105298579247420733e-02 5.505463010906215483e-05 4.938105514847865925e-05
2.900000000000000000e+01 1.359918798725265939e-03 7.631329835001263509e-03 5.349325788166692572e-05 4.763547413437028836e-05
3.000000000000000000e+01 -9.086489880519690908e-04 6.043750637497115503e-03 5.213818700552503947e-05 4.605128545954656130e-05
3.100000000000000000e+01 -1.963467134148125432e-04 6.839656123604272164e-03 5.095936912569348288e-05 4.475486976344656635e-05
3.200000000000000000e+01 1.432290787658671485e-03 9.458036145919163432e-03 4.992036857307263227e-05 4.374881917821633073e-05
3.300000000000000000e+01 3.484426402883849649e-03 1.300834900003524155e-02 4.898572392159100702e-05 4.298594715047538930e-05
3.400000000000000000e+01 5.219021132591712686e-03 1.685962649727825932e-02 4.812460317535694664e-05 4.238169988601313759e-05
3.500000000000000000e+01 7.297299273645066822e-03 2.070851733043306206e-02 4.732072850264011063e-05 4.185751852168070029e-05
3.600000000000000000e+01 9.276456632059011664e-03 2.433423009817970578e-02 4.657487894257579043e-05 4.138302931940545114e-05
3.700000000000000000e+01 1.000569777494295272e-02 2.748223475385636397e-02 4.588023040928305090e-05 4.094488899663447875e-05
3.800000000000000000e+01 9.779003629373119247e-03 2.991228342498053819e-02 4.522706519009414637e-05 4.054782299222602093e-05
3.900000000000000000e+01 1.132872827812103807e-02 3.152297558453531767e-02 4.461483361950524946e-05 4.020130426573774419e-05
4.000000000000000000e+01 1.177662211159221164e-02 3.245657608650180659e-02 4.403250954472783056e-05 3.989887099637716466e-05
4.100000000000000000e+01 1.093494819340528820e-02 3.295581087257415387e-02 4.345677374640642910e-05 3.961055148722857327e-05
4.200000000000000000e+01 1.089694382818628959e-02 3.324703249941424188e-02 4.284174603847226286e-05 3.928262774538629270e-05
4.300000000000000000e+01 1.174948895093647777e-02 3.349721296832323947e-02 4.211162421931069168e-05 3.883307059676495096e-05
4.400000000000000000e+01 1.189647396497021253e-02 3.378409703240177475e-02 4.118435101076933704e-05 3.817343018116692180e-05
4.500000000000000000e+01 1.224532716718279395e-02 3.407972792156906128e-02 4.000805954103468722e-05 3.725031153443295273e-05
4.600000000000000000e+01 1.296022636535602325e-02 3.434542244963190855e-02 3.860435271859238930e-05 3.609359863423684844e-05
4.700000000000000000e+01 1.336132077010060079e-02 3.455160064164110312e-02 3.710196706579731054e-05 3.483426047460386665e-05
