# freqs 	 pli 	 dpli 	 meanpower(thalamus)	 meanpower(scalp)	pli
8.000000000000000000e+00 7.922302246230252323e-03 -1.558773200523323570e-02 5.020149418190612654e-05 1.855048478655756995e-04
9.000000000000000000e+00 -4.656092148018793619e-02 -1.596251063504956491e-01 6.378743901055790506e-05 1.854534866177878414e-04
1.000000000000000000e+01 -1.330852815204865702e-01 -4.325687685545315797e-01 1.072322451302171290e-04 2.061323543320866321e-04
1.100000000000000000e+01 -2.121591349882432087e-01 -6.178900046946894653e-01 1.406367040715260700e-04 2.456316566778354881e-04
1.200000000000000000e+01 -2.651822907084966374e-01 -6.693613614882011342e-01 1.285300096266392932e-04 2.881701277233879917e-04
1.300000000000000000e+01 -2.943501808104467266e-01 -6.665663821091708519e-01 1.015638976399193752e-04 3.096947622745357086e-04
1.400000000000000000e+01 -2.902453768090847430e-01 -6.243345441479115632e-01 7.835584432968100484e-05 2.843566289979422589e-04
1.500000000000000000e+01 -2.459973006834007547e-01 -5.268868878339487694e-01 6.092903733128941904e-05 2.333515229781916458e-04
1.600000000000000000e+01 -1.749892805435588894e-01 -3.712614408824112533e-01 4.939102188792878829e-05 1.890339543377523961e-04
1.700000000000000000e+01 -9.570577546748855469e-02 -1.937675700577564941e-01 4.281922880451047184e-05 1.600621993550497613e-04
1.800000000000000000e+01 -3.159832494836306571e-02 -4.558445230891446792e-02 3.988633482140478394e-05 1.416796085816774537e-04
1.900000000000000000e+01 9.582265896297527050e-03 4.172666530191184581e-02 3.998668831675743202e-05 1.287853660193477188e-04
2.000000000000000000e+01 2.762938939867455243e-02 7.463698526646087017e-02 4.236283675990067257e-05 1.177419298826495148e-04
2.100000000000000000e+01 3.494875283001262073e-02 7.972145345997788679e-02 4.491153837057174666e-05 1.071674622255842907e-04
2.200000000000000000e+01 3.734835962603157838e-02 7.286027797309391207e-02 4.562324729210110325e-05 9.771595907685839955e-05
2.300000000000000000e+01 3.343635411467160007e-02 5.896932618466213527e-02 4.413562677564949891e-05 9.006231423450731740e-05
2.400000000000000000e+01 2.793307464991198058e-02 4.131768383895242924e-02 4.138190537065176977e-05 8.413740331990034269e-05
2.500000000000000000e+01 2.133598894297146845e-02 2.455687817255063077e-02 3.843230360356047841e-05 7.941545497332290308e-05
2.600000000000000000e+01 1.587899416158820159e-02 1.307826569252078068e-02 3.589667325069624402e-05 7.539482358999123959e-05
2.700000000000000000e+01 1.282234184413852569e-02 8.227379859521233643e-03 3.395511183878549549e-05 7.181353009833053175e-05
2.800000000000000000e+01 1.076471797757407554e-02 7.794757528597880125e-03 3.258122690667535277e-05 6.864165858402334437e-05
2.900000000000000000e+01 7.861504039298087415e-03 8.392686793876436707e-03 3.170269109503367393e-05 6.591525087303085376e-05
3.000000000000000000e+01 6.022696494684065538e-03 8.071885567875683107e-03 3.118274606914093588e-05 6.357436800735597783e-05
3.100000000000000000e+01 3.650338144643531461e-03 6.770295015954206665e-03 3.082331473727718108e-05 6.150860513875546518e-05
3.200000000000000000e+01 1.872112286084324628e-03 5.244113865593227203e-03 3.042625516188671628e-05 5.959582932534761377e-05
3.300000000000000000e+01 9.657704884634013640e-04 4.021784104639392239e-03 2.987455027048092714e-05 5.778842231273038227e-05
3.400000000000000000e+01 2.293955317569592342e-04 3.226938544450047922e-03 2.916168574812430823e-05 5.617006268489741280e-05
3.500000000000000000e+01 -4.614351023351676186e-05 2.880660039967088398e-03 2.836325842438614786e-05 5.489751793692013848e-05
3.600000000000000000e+01 4.283425712547867464e-05 2.989937965323229141e-03 2.758466915178778463e-05 5.407941927678295847e-05
3.700000000000000000e+01 1.180998732607618611e-03 3.473446764922761675e-03 2.690168485312873829e-05 5.363170897346190358e-05
3.800000000000000000e+01 1.583260140737769057e-03 4.075902075529886336e-03 2.634706485635070479e-05 5.326073327208258849e-05
3.900000000000000000e+01 2.000240503506201060e-03 4.469938668723238799e-03 2.590522760756971399e-05 5.263401202002353772e-05
4.000000000000000000e+01 2.168580233737941575e-03 4.432014365690936479e-03 2.553633762202940145e-05 5.155287696281463978e-05
4.100000000000000000e+01 2.808736252144161064e-03 3.949921794414011471e-03 2.519384287585548028e-05 5.000184693293429088e-05
4.200000000000000000e+01 3.120154948699780609e-03 3.208226907509917694e-03 2.482872965645023018e-05 4.809106760444038092e-05
4.300000000000000000e+01 2.878261616077370556e-03 2.475334013714985352e-03 2.438607589663535093e-05 4.595813058435033584e-05
4.400000000000000000e+01 2.467214971985365150e-03 1.993027391776098622e-03 2.381679530367196223e-05 4.370693665892245246e-05
4.500000000000000000e+01 2.061147792048307302e-03 1.872534828475221286e-03 2.309629505898874740e-05 4.138976877041689322e-05
4.600000000000000000e+01 2.061045530413899932e-03 2.110280966519437369e-03 2.224908994670045124e-05 3.905934702084527327e-05
4.700000000000000000e+01 2.602460419131812173e-03 2.636596523128889331e-03 2.136083573146825741e-05 3.681964445968164578e-05
