# freqs 	 pli 	 dpli 	 meanpower(thalamus)	 meanpower(scalp)	pli
8.000000000000000000e+00 -7.740877397309113735e-03 -8.077357961573871162e-03 1.509974503602817461e-04 2.975213314739906436e-04
9.000000000000000000e+00 -2.763300476748871762e-02 -2.165125546324448910e-02 1.232551918956412346e-04 2.435045520373363805e-04
1.000000000000000000e+01 -1.306971683674847942e-03 2.793162440517122161e-02 1.178309574673953820e-04 2.155382760925939729e-04
1.100000000000000000e+01 1.348556046557760658e-02 4.239473494022608091e-02 1.295166780020843103e-04 1.961588031312878075e-04
1.200000000000000000e+01 1.198777850462621856e-02 9.466428200237830479e-03 1.277535707580863366e-04 1.875737591942698568e-04
1.300000000000000000e+01 8.548640643529772584e-03 -5.243569751317794791e-02 1.117973510012694455e-04 2.002405855460586553e-04
1.400000000000000000e+01 8.452129944045852841e-03 -8.941126330553807178e-02 9.616764000007628043e-05 2.131753707097830657e-04
1.500000000000000000e+01 9.235527760699399624e-03 -7.202321319616464268e-02 8.499713078234964400e-05 2.036027173994668378e-04
1.600000000000000000e+01 1.297831714603437173e-02 -2.219384683380815418e-02 7.712349028724983183e-05 1.771636050074212345e-04
1.700000000000000000e+01 1.893753193805683410e-02 2.515698994045376807e-02 7.180664256185236938e-05 1.501516618228357716e-04
1.800000000000000000e+01 2.610682810783798366e-02 5.068347799837133461e-02 6.872682365953241635e-05 1.312987408650165679e-04
1.900000000000000000e+01 2.843479241290188322e-02 5.630695199803225498e-02 6.733261298477493035e-05 1.203234883878736064e-04
2.000000000000000000e+01 2.756569050354409911e-02 5.482012700941769900e-02 6.730032453817711704e-05 1.137043458882857402e-04
2.100000000000000000e+01 2.890381247116735261e-02 5.347516882953433359e-02 6.828451529202974766e-05 1.085879483910424795e-04
2.200000000000000000e+01 2.912020599730023862e-02 5.307370756734606371e-02 6.929241491600332916e-05 1.037021444709097269e-04
2.300000000000000000e+01 2.857382495672890557e-02 5.346315763035679181e-02 6.902152888677786735e-05 9.886345698800371839e-05
2.400000000000000000e+01 2.800930594220585670e-02 5.417918734183860274e-02 6.700878082717734961e-05 9.431407112742899810e-05
2.500000000000000000e+01 2.786421469891889671e-02 5.408055386465496911e-02 6.377495665427439610e-05 9.027087674060480004e-05
2.600000000000000000e+01 2.631128637035323042e-02 5.241847602800737971e-02 6.015768753041890216e-05 8.682971011769295168e-05
2.700000000000000000e+01 2.398924745333509689e-02 4.967750940925437508e-02 5.681218903440265095e-05 8.394055493507910303e-05
2.800000000000000000e+01 2.382002738316274862e-02 4.721233001943687252e-02 5.405227401276450162e-05 8.137818867775356189e-05
2.900000000000000000e+01 2.462633432243521020e-02 4.616277275203781172e-02 5.192339956062128092e-05 7.892345892313537721e-05
3.000000000000000000e+01 2.451451239538953233e-02 4.643133964792461876e-02 5.036205641038680883e-05 7.648286789022172973e-05
3.100000000000000000e+01 2.396449606851281180e-02 4.691253452577238969e-02 4.926750355873948695e-05 7.407692413017303418e-05
3.200000000000000000e+01 2.178239684411100927e-02 4.648263806820806393e-02 4.851603614263531303e-05 7.176108736811097539e-05
3.300000000000000000e+01 2.134098808683131815e-02 4.482424822155384875e-02 4.797026336908636945e-05 6.961146847789449299e-05
3.400000000000000000e+01 2.000990676807349461e-02 4.238383961305537684e-02 4.748541973212416935e-05 6.767374479892804468e-05
3.500000000000000000e+01 1.841479771714152336e-02 3.998561826900667165e-02 4.695815196574307633e-05 6.594691667532234097e-05
3.600000000000000000e+01 1.736898272131765300e-02 3.816285365065272966e-02 4.634259708958813804e-05 6.440552041009597515e-05
3.700000000000000000e+01 1.744126309132593491e-02 3.704810907501255440e-02 4.564837408671673652e-05 6.301144977916223536e-05
3.800000000000000000e+01 1.795521297169705432e-02 3.651823394193801087e-02 4.491127904675104230e-05 6.175308695208662027e-05
3.900000000000000000e+01 1.886411332406951954e-02 3.635961719017151428e-02 4.417324373045854386e-05 6.059350284926273841e-05
4.000000000000000000e+01 1.961326153153911817e-02 3.633837495220973435e-02 4.345446533020224164e-05 5.951300867418524864e-05
4.100000000000000000e+01 2.003860501138905043e-02 3.621090989348040023e-02 4.275439545577709710e-05 5.846948384182834314e-05
4.200000000000000000e+01 2.051679549927614213e-02 3.577628073506454454e-02 4.203850623753298575e-05 5.738865625060365693e-05
4.300000000000000000e+01 1.991336542290333619e-02 3.492831833035169031e-02 4.123527913729319597e-05 5.616970506903596916e-05
4.400000000000000000e+01 1.978191980351378526e-02 3.376756689490075652e-02 4.026417639665106274e-05 5.470904896449935319e-05
4.500000000000000000e+01 1.858383748801741356e-02 3.246691337009278283e-02 3.908055279060197436e-05 5.292915047669716406e-05
4.600000000000000000e+01 1.780633589352603741e-02 3.128745602173982343e-02 3.772136980982731939e-05 5.086113125119747126e-05
4.700000000000000000e+01 1.809199125986752157e-02 3.048327550219126492e-02 3.633039131269781384e-05 4.866470479816717545e-05
