# freqs 	 pli 	 dpli 	 meanpower(thalamus)	 meanpower(scalp)	pli
8.000000000000000000e+00 -9.677206311676438133e-02 -2.345945341356189817e-01 6.186281275571251825e+01 3.669082649556115143e+02
9.000000000000000000e+00 -9.780470516700312533e-02 -2.499289621969535968e-01 6.122856335932580407e+01 3.057050714692884981e+02
1.000000000000000000e+01 -9.045206737057127910e-02 -2.377113449600539441e-01 6.069989003865663335e+01 2.501002720571040925e+02
1.100000000000000000e+01 -7.042861037128292367e-02 -1.945132904759481751e-01 6.020524367558877543e+01 2.144120465069083536e+02
1.200000000000000000e+01 -4.973938577409729028e-02 -1.335563036871046660e-01 6.009285189236371849e+01 1.957799843100301302e+02
1.300000000000000000e+01 -4.155145301502894545e-02 -9.958631098852650798e-02 6.013391036010687429e+01 1.898208858150374851e+02
1.400000000000000000e+01 -3.913225205220541986e-02 -9.145298057252619628e-02 6.048407747820244396e+01 1.853894675145866984e+02
1.500000000000000000e+01 -3.616495864259254567e-02 -8.095737844044212372e-02 6.116198641795786273e+01 1.736318260787854797e+02
1.600000000000000000e+01 -2.697307137446919648e-02 -5.337288591370984575e-02 6.097995952973376887e+01 1.558975511083146444e+02
1.700000000000000000e+01 -2.061576523452322146e-02 -2.655331140337829215e-02 5.884306017761539920e+01 1.377344948211883207e+02
1.800000000000000000e+01 -1.548590160985520089e-02 -1.373371926789226927e-02 5.492963776417372657e+01 1.226120822845217617e+02
1.900000000000000000e+01 -1.192129931476819914e-02 -9.857529231489886579e-03 5.029182263972864320e+01 1.111456238119154989e+02
2.000000000000000000e+01 -1.099703431067325377e-02 -7.191478688995119051e-03 4.592092094885785514e+01 1.025113775370894018e+02
2.100000000000000000e+01 -9.520191387001187069e-03 -4.291203399808398572e-03 4.235087119688905233e+01 9.590364482308339689e+01
2.200000000000000000e+01 -7.625993396890570937e-03 -2.258725912436176583e-03 3.971170139820759459e+01 9.073393700312516330e+01
2.300000000000000000e+01 -6.277423210025280878e-03 -8.919825460484894506e-04 3.787560826499250055e+01 8.652200512385455511e+01
2.400000000000000000e+01 -5.708112650312355610e-03 6.503963907980967081e-04 3.661990962358066071e+01 8.294368443919179867e+01
2.500000000000000000e+01 -4.322510315508083095e-03 2.361554785968474415e-03 3.572343935168043316e+01 7.980320601995398988e+01
2.600000000000000000e+01 -3.153225948514414533e-03 3.679422941843029250e-03 3.503448220958077997e+01 7.698599692786294213e+01
2.700000000000000000e+01 -2.220845669557605911e-03 4.151850683042201257e-03 3.449432837521205641e+01 7.441102750683054978e+01
2.800000000000000000e+01 -1.429020641154233684e-03 3.370274704804478594e-03 3.407389818810266036e+01 7.201736659791856709e+01
2.900000000000000000e+01 -1.684437665023423483e-03 1.145061832169261403e-03 3.375050108762919621e+01 6.980667566302385296e+01
3.000000000000000000e+01 -2.718547318901901391e-03 -2.272228064496908950e-03 3.349033452827912782e+01 6.780103317849111022e+01
3.100000000000000000e+01 -4.595174573759670464e-03 -6.090367682143580513e-03 3.325887999894892744e+01 6.601049405804027970e+01
3.200000000000000000e+01 -6.407244376158221198e-03 -9.471960250176467838e-03 3.302048372507331209e+01 6.442264200720926226e+01
3.300000000000000000e+01 -6.939883265035293181e-03 -1.185998607599046857e-02 3.274554494588208797e+01 6.302180214883242115e+01
3.400000000000000000e+01 -6.352058504681045055e-03 -1.300133884716557844e-02 3.242825545144619781e+01 6.180680294290930021e+01
3.500000000000000000e+01 -5.556102099663034165e-03 -1.290641004296162915e-02 3.207445029970516259e+01 6.075153092253223974e+01
3.600000000000000000e+01 -4.198679826284257462e-03 -1.177127685924448698e-02 3.170322287025338781e+01 5.984181096626817009e+01
3.700000000000000000e+01 -3.188902296555860567e-03 -9.989917296445391739e-03 3.133689088797481759e+01 5.905774512000709109e+01
3.800000000000000000e+01 -2.099548728554922680e-03 -8.078128508516772485e-03 3.099187915191152953e+01 5.838952949771752543e+01
3.900000000000000000e+01 -1.574423549284153026e-03 -6.405180281368636624e-03 3.067376198385433739e+01 5.780083520709534639e+01
4.000000000000000000e+01 -1.218130024462440964e-03 -5.184028328596034310e-03 3.038450816321062220e+01 5.727137372727698761e+01
4.100000000000000000e+01 -1.264928013549458446e-03 -4.378513823247347572e-03 3.011291886978247945e+01 5.675674739563930160e+01
4.200000000000000000e+01 -1.456667013020570764e-03 -3.817689157292010124e-03 2.982311897099004128e+01 5.618461262156770175e+01
4.300000000000000000e+01 -1.670116493748718262e-03 -3.298210513181459337e-03 2.945378828340986033e+01 5.543665692840647097e+01
4.400000000000000000e+01 -1.633534578436658235e-03 -2.741733927713314260e-03 2.893850895377149257e+01 5.440790988884454293e+01
4.500000000000000000e+01 -1.411032826994979656e-03 -2.086063224366066938e-03 2.823370892312580338e+01 5.301368152708742087e+01
4.600000000000000000e+01 -1.575334441713120356e-03 -1.355918215261778898e-03 2.735843369828736726e+01 5.128614567153757520e+01
4.700000000000000000e+01 -1.783385549782590508e-03 -6.176226516243861400e-04 2.641261745767101132e+01 4.939734011983280482e+01
