# freqs 	 pli 	 dpli 	 meanpower(thalamus)	 meanpower(scalp)	pli
8.000000000000000000e+00 -2.131095488484708450e-02 -1.467529708133162233e-02 2.996917002472191882e+01 1.672654823231902981e+02
9.000000000000000000e+00 5.322509266820271180e-03 9.862648286267417658e-03 3.119821974995799252e+01 1.561285208282229462e+02
1.000000000000000000e+01 4.250612652078680082e-03 2.316849147569700548e-02 3.405498699358825121e+01 1.436342176814916911e+02
1.100000000000000000e+01 2.191167403978237435e-02 6.961178272197016126e-02 3.663729268006699158e+01 1.327339227376498343e+02
1.200000000000000000e+01 2.980740791913766286e-02 1.222442935794804675e-01 3.787212136818867947e+01 1.243720011816436966e+02
1.300000000000000000e+01 4.748081123513901020e-02 1.585813324674561486e-01 3.764725725876159146e+01 1.155773527746143685e+02
1.400000000000000000e+01 5.986812165341751091e-02 1.532173297041878046e-01 3.638533795392618941e+01 1.062224313295115934e+02
1.500000000000000000e+01 4.995750286627317904e-02 1.222714553240679819e-01 3.498887944567631081e+01 9.805222904751869351e+01
1.600000000000000000e+01 3.669330952360511100e-02 9.363725667437530764e-02 3.385281111584198044e+01 9.197729203288993460e+01
1.700000000000000000e+01 3.344724678198080642e-02 8.292945344883950742e-02 3.286669300873883515e+01 8.705590843887705432e+01
1.800000000000000000e+01 3.698222000415530425e-02 8.137053292022897177e-02 3.190200359990511458e+01 8.236030588949468267e+01
1.900000000000000000e+01 3.223728697498052381e-02 7.275610150977379620e-02 3.106298292509340087e+01 7.766569329787266440e+01
2.000000000000000000e+01 2.195541775805848195e-02 5.549140829865044366e-02 3.041123385238675070e+01 7.331696510300291436e+01
2.100000000000000000e+01 1.271680746599664069e-02 3.800490170846997084e-02 2.993917110070361076e+01 6.935155940832723331e+01
2.200000000000000000e+01 7.330442153992667090e-03 2.675670704102769970e-02 2.966505695587740732e+01 6.571507618578623067e+01
2.300000000000000000e+01 7.489289963241766400e-03 1.992330748519787267e-02 2.951222401696144715e+01 6.256810851698573828e+01
2.400000000000000000e+01 3.957247649484470220e-03 1.403321203167300253e-02 2.936593016855912808e+01 5.994948550347255178e+01
2.500000000000000000e+01 -8.014050164543795682e-04 8.209162349529170247e-03 2.919489870621193006e+01 5.777471040988489648e+01
2.600000000000000000e+01 -3.837058184374800111e-03 2.979911308874609501e-03 2.900120740689429866e+01 5.583954801689348102e+01
2.700000000000000000e+01 -5.183520471658843547e-03 -3.093904040277710280e-04 2.878514704360248189e+01 5.402131214872123621e+01
2.800000000000000000e+01 -1.698381854982026476e-03 -4.065255641909871435e-04 2.856096057884250072e+01 5.229996636127458487e+01
2.900000000000000000e+01 9.488190819005314384e-04 2.211453699048280576e-03 2.834908042768237024e+01 5.073214508714660553e+01
3.000000000000000000e+01 5.636409075682085240e-05 5.452798500743595914e-03 2.817111358858702630e+01 4.933897721076272802e+01
3.100000000000000000e+01 1.348976786756428447e-03 7.469061763453804445e-03 2.803630073940625778e+01 4.812951787632487566e+01
3.200000000000000000e+01 1.363282333327312098e-03 7.956142092919879505e-03 2.794988172070480559e+01 4.706165553865415774e+01
3.300000000000000000e+01 1.449041338047321126e-03 7.621158911455641269e-03 2.789576258306947310e+01 4.612123268247464836e+01
3.400000000000000000e+01 1.168082878665921897e-03 7.275510593205338807e-03 2.786394453669829829e+01 4.531231194298286624e+01
3.500000000000000000e+01 2.617008965777166667e-03 7.529012791678564576e-03 2.784145436228688908e+01 4.460057592618452560e+01
3.600000000000000000e+01 3.061194162926858357e-03 8.489609171074372074e-03 2.782015846098460088e+01 4.397943745801409676e+01
3.700000000000000000e+01 5.723127142989037006e-03 9.827916891061449361e-03 2.779697272645868011e+01 4.343717174455137808e+01
3.800000000000000000e+01 6.800541836963082398e-03 1.094160422320342683e-02 2.776382148839528696e+01 4.296082682333027236e+01
3.900000000000000000e+01 6.062007249804332067e-03 1.144572911085958017e-02 2.770562094792184382e+01 4.251954586741037190e+01
4.000000000000000000e+01 5.328020510493284949e-03 1.106489680581766374e-02 2.761759501721029153e+01 4.208823687953442771e+01
4.100000000000000000e+01 3.328619555745896894e-03 9.820820796276238593e-03 2.749346617428471617e+01 4.163336134128093136e+01
4.200000000000000000e+01 2.220354557237984826e-03 7.909717511542664267e-03 2.730691938256259377e+01 4.110406282841685055e+01
4.300000000000000000e+01 9.220565464425044548e-05 5.657906161345064786e-03 2.701361473579412120e+01 4.042107607318516216e+01
4.400000000000000000e+01 -4.217209605913418155e-04 3.324244529960759809e-03 2.656249957344493495e+01 3.951124561474647123e+01
4.500000000000000000e+01 -2.448194363962070443e-03 1.259202701119370091e-03 2.592572736550084400e+01 3.832702688244956590e+01
4.600000000000000000e+01 -4.367848231042649118e-03 -2.580131833122977121e-04 2.513224913826507034e+01 3.690199113409558862e+01
4.700000000000000000e+01 -4.047065401085147597e-03 -9.661246713988921658e-04 2.428048786086171162e+01 3.536570468262119249e+01
