# freqs 	 pli 	 dpli 	 meanpower(thalamus)	 meanpower(scalp)	pli
8.000000000000000000e+00 3.554244702249693272e-02 5.508759066316003261e-02 8.771806046102904907e-05 2.403579912532938733e-04
9.000000000000000000e+00 1.580115123257707158e-02 2.152235442451114200e-02 8.352304491688597237e-05 1.674770518788950288e-04
1.000000000000000000e+01 3.141965214004688138e-03 5.874613852266420515e-03 8.109908363989518467e-05 1.473962315861330249e-04
1.100000000000000000e+01 -1.030464815330629606e-02 -1.056989969130806527e-02 8.055600985143282651e-05 1.450588328606297660e-04
1.200000000000000000e+01 -3.267712429689531572e-02 -5.280789760718079123e-02 8.235592907574528572e-05 1.475364591824096842e-04
1.300000000000000000e+01 -3.778097480962896992e-02 -7.427619150178561835e-02 8.641158660501442406e-05 1.510099533365589640e-04
1.400000000000000000e+01 -3.091221119026330705e-02 -5.971079089793385891e-02 9.110212652944154276e-05 1.514179359593047604e-04
1.500000000000000000e+01 -1.985319588267281735e-02 -3.470363298976095884e-02 9.530278893665056336e-05 1.492760816274734152e-04
1.600000000000000000e+01 -1.247968959030635976e-02 -8.750653798895507637e-03 9.871643089897602749e-05 1.476447775638200783e-04
1.700000000000000000e+01 -4.764900982784709381e-03 2.836701135490897214e-03 1.007928991840033176e-04 1.477442947035655606e-04
1.800000000000000000e+01 -7.654460836301480407e-03 -1.275843200870016396e-02 1.013694927472063304e-04 1.498584010555215030e-04
1.900000000000000000e+01 -2.920461885032845512e-02 -4.959123094200208054e-02 1.008038358254042128e-04 1.544856051640529251e-04
2.000000000000000000e+01 -4.734255271766916323e-02 -8.699658376983110397e-02 9.971564994715713262e-05 1.617449069804301198e-04
2.100000000000000000e+01 -5.505541506665417861e-02 -1.094470873977905906e-01 9.860456948467723605e-05 1.707123055027813584e-04
2.200000000000000000e+01 -6.370270825167516360e-02 -1.151957478159239129e-01 9.775974867855392306e-05 1.788968631791839215e-04
2.300000000000000000e+01 -6.188454219175194837e-02 -1.100194812549455947e-01 9.790041956717529504e-05 1.845597698103658359e-04
2.400000000000000000e+01 -5.855551816023243927e-02 -1.007341012063178859e-01 1.002430923995652759e-04 1.879277711135158191e-04
2.500000000000000000e+01 -5.970202504859624393e-02 -9.212700722962553768e-02 1.046771995566502715e-04 1.890078043877778098e-04
2.600000000000000000e+01 -5.934379300380442784e-02 -8.404715047174590725e-02 1.083401714710531321e-04 1.862838320294825075e-04
2.700000000000000000e+01 -5.306553407401568695e-02 -7.374158731580891801e-02 1.079201320932986847e-04 1.788420544481326274e-04
2.800000000000000000e+01 -4.134718031460367371e-02 -6.027465857107634772e-02 1.026485837177261293e-04 1.676865192337643356e-04
2.900000000000000000e+01 -2.927539701297746447e-02 -4.490591027964558474e-02 9.443740432426890737e-05 1.548329772891701467e-04
3.000000000000000000e+01 -2.005288058428313439e-02 -3.049671280785768226e-02 8.592941470717290928e-05 1.422009549538907176e-04
3.100000000000000000e+01 -1.340950624924005553e-02 -1.948945962768091483e-02 7.883098459615143854e-05 1.311365155172652009e-04
3.200000000000000000e+01 -7.901693547462935660e-03 -1.257883566926040059e-02 7.355503510217352415e-05 1.221430531278207862e-04
3.300000000000000000e+01 -4.056624113065148383e-03 -9.002297289667050145e-03 6.974661593293365013e-05 1.152289453080706605e-04
3.400000000000000000e+01 -4.001013461993374425e-03 -7.864631244273940017e-03 6.687618389945633338e-05 1.101387149704126893e-04
3.500000000000000000e+01 -4.938351532939128270e-03 -8.409999982446410283e-03 6.455422072432451144e-05 1.064008263262659551e-04
3.600000000000000000e+01 -8.479831073720902820e-03 -1.002680210737446134e-02 6.257461236284954300e-05 1.036638128504188780e-04
3.700000000000000000e+01 -8.648657046955401939e-03 -1.183391636954661021e-02 6.084956715587373788e-05 1.016561141542407515e-04
3.800000000000000000e+01 -7.732664940090013851e-03 -1.291688432914581998e-02 5.934309649086722113e-05 1.002343233437660852e-04
3.900000000000000000e+01 -6.522911660306694032e-03 -1.287383428683369635e-02 5.802075414975596654e-05 9.918418015556602040e-05
4.000000000000000000e+01 -5.887545913893527799e-03 -1.183688105137720332e-02 5.683128614463343127e-05 9.842051591700074018e-05
4.100000000000000000e+01 -5.055046007497517903e-03 -1.038072631507135947e-02 5.571168269446219608e-05 9.782844970287094227e-05
4.200000000000000000e+01 -4.515794630748585364e-03 -9.155931201972007660e-03 5.459319471494188060e-05 9.725634556901110170e-05
4.300000000000000000e+01 -4.224682083797812009e-03 -8.560415555843400859e-03 5.337498798741758670e-05 9.645352010615263762e-05
4.400000000000000000e+01 -5.167372543460155287e-03 -8.669486138834399391e-03 5.195072723973781980e-05 9.523707031726374040e-05
4.500000000000000000e+01 -5.774109205670797593e-03 -9.227609493211049591e-03 5.025483741735797480e-05 9.336253435739075171e-05
4.600000000000000000e+01 -5.995369702692059447e-03 -9.815920889271446959e-03 4.831637858416408196e-05 9.084674484741530383e-05
4.700000000000000000e+01 -6.062892372202126172e-03 -1.003390185622424907e-02 4.629162006326008354e-05 8.798861712169716697e-05
