# freqs 	 pli 	 dpli 	 meanpower(thalamus)	 meanpower(scalp)	pli
8.000000000000000000e+00 -2.803670050672626632e-02 -7.634018402402081849e-02 1.823727124646989267e-04 1.629416831532464534e-04
9.000000000000000000e+00 -5.585995747869737516e-02 -1.378681652248432421e-01 2.172787836820814708e-04 1.629407884626689698e-04
1.000000000000000000e+01 -7.785772159120220304e-02 -1.989142597389529921e-01 2.501900428953706475e-04 1.723321718944244784e-04
1.100000000000000000e+01 -1.039134219585259450e-01 -2.951712920989990607e-01 3.112134022196345147e-04 1.900122473747290820e-04
1.200000000000000000e+01 -9.087858751165973914e-02 -2.882628216459626191e-01 3.013642915549088878e-04 2.162328812748134455e-04
1.300000000000000000e+01 -7.273139808771843240e-02 -2.258545889153105168e-01 2.324280181765842794e-04 2.535182374440452685e-04
1.400000000000000000e+01 -6.729797609879359377e-02 -2.038311447307619706e-01 1.790501503619990715e-04 2.654483081711709789e-04
1.500000000000000000e+01 -6.229149952813418240e-02 -1.809247998701661031e-01 1.565599581037620345e-04 2.420070537912685066e-04
1.600000000000000000e+01 -4.742759288213833913e-02 -1.514022912512159869e-01 1.465342954105153890e-04 2.087357109892732201e-04
1.700000000000000000e+01 -3.314407378491553147e-02 -1.268563219702585898e-01 1.367362676925238415e-04 1.830263086276866181e-04
1.800000000000000000e+01 -2.596087643270827278e-02 -1.073806859566726057e-01 1.257194601128531391e-04 1.661186826503348443e-04
1.900000000000000000e+01 -2.144637059787671968e-02 -9.629929251790415867e-02 1.155359728936304826e-04 1.541733418603431099e-04
2.000000000000000000e+01 -2.563625203451345980e-02 -9.566265787107405827e-02 1.088612615216720482e-04 1.446773053710313697e-04
2.100000000000000000e+01 -3.543530853035976175e-02 -9.804347117202732997e-02 1.068023394889258611e-04 1.365606578543928479e-04
2.200000000000000000e+01 -4.434697748233717984e-02 -9.543096109416612793e-02 1.067580553510026679e-04 1.294034918552089538e-04
2.300000000000000000e+01 -4.929735249177245177e-02 -8.878462509492154875e-02 1.047248707128749245e-04 1.230310696660736995e-04
2.400000000000000000e+01 -4.978043116868441365e-02 -8.211956075452077342e-02 9.926579708194018447e-05 1.173413649057436021e-04
2.500000000000000000e+01 -4.742131721849766196e-02 -7.656058891127300037e-02 9.172127559547441826e-05 1.122942647582734571e-04
2.600000000000000000e+01 -4.405236573247112847e-02 -7.083817784926096928e-02 8.419401337155906894e-05 1.078004557816164192e-04
2.700000000000000000e+01 -3.970337062539530670e-02 -6.337636150195505302e-02 7.807699736933073568e-05 1.037887088394047377e-04
2.800000000000000000e+01 -3.431700548802319589e-02 -5.411254024278364105e-02 7.360634576021844332e-05 1.000950852158577768e-04
2.900000000000000000e+01 -2.845881174849880166e-02 -4.419206344795687663e-02 7.035115721811963107e-05 9.658704854424651905e-05
3.000000000000000000e+01 -2.234265826186525999e-02 -3.485397198004662467e-02 6.782654247075311593e-05 9.317496456913017494e-05
3.100000000000000000e+01 -1.759084938704028045e-02 -2.687805331146183446e-02 6.577596317795649991e-05 8.981952758056123052e-05
3.200000000000000000e+01 -1.462657188206211052e-02 -2.056915534034324880e-02 6.408215739498089266e-05 8.646052810101923630e-05
3.300000000000000000e+01 -1.194277512125636875e-02 -1.596073547373132867e-02 6.259863940250002157e-05 8.307763191302587071e-05
3.400000000000000000e+01 -1.027646133712900416e-02 -1.283546778241128825e-02 6.115553103987184558e-05 7.967090862517568403e-05
3.500000000000000000e+01 -8.395988811658242415e-03 -1.114695194457997716e-02 5.964403207701148447e-05 7.626811202894836941e-05
3.600000000000000000e+01 -7.142473746791982298e-03 -1.093915830528568132e-02 5.805960382627022199e-05 7.293456284025875112e-05
3.700000000000000000e+01 -8.042828150844314600e-03 -1.239237541629286711e-02 5.645747004329998279e-05 6.974111293585522932e-05
3.800000000000000000e+01 -8.173079544401249535e-03 -1.561871663298179495e-02 5.491772102536878093e-05 6.675367449007697969e-05
3.900000000000000000e+01 -8.544797371502384220e-03 -2.050147777823491807e-02 5.350716228482711148e-05 6.401542396805921700e-05
4.000000000000000000e+01 -9.812649440774144291e-03 -2.667869138017493758e-02 5.224444986036573183e-05 6.154579232311290242e-05
4.100000000000000000e+01 -1.226463168072418342e-02 -3.359793913110437763e-02 5.109911556825514050e-05 5.930981129543072224e-05
4.200000000000000000e+01 -1.509856138934130565e-02 -4.061554630561001883e-02 5.000164086068413873e-05 5.723142972231897547e-05
4.300000000000000000e+01 -1.752809396563848390e-02 -4.714120265399506654e-02 4.884563186282102153e-05 5.518516040712914949e-05
4.400000000000000000e+01 -1.984140373332868995e-02 -5.278669976479266612e-02 4.751448907844552078e-05 5.304273193551339670e-05
4.500000000000000000e+01 -2.241425018849599674e-02 -5.729701973919365532e-02 4.592689797239399367e-05 5.070735175064739549e-05
4.600000000000000000e+01 -2.438805988546254716e-02 -6.056146146389285861e-02 4.409262767227750652e-05 4.817004100762950367e-05
4.700000000000000000e+01 -2.567071385291551031e-02 -6.246665727880703484e-02 4.213546571209233945e-05 4.553755840497665812e-05
