# freqs 	 pli 	 dpli 	 meanpower(thalamus)	 meanpower(scalp)	pli
8.000000000000000000e+00 1.645222032142017177e-02 3.569125911913425403e-02 2.235735958400563534e-04 2.855813533008519280e-04
9.000000000000000000e+00 2.078972062402570375e-02 5.058173520970443010e-02 2.161042974512768287e-04 3.054215587256266392e-04
1.000000000000000000e+01 1.684034356264349150e-02 5.206195683373563733e-03 2.153644079095756985e-04 3.683346008325812798e-04
1.100000000000000000e+01 -3.859511505839064577e-02 -2.031700776446342116e-01 2.403331112364741242e-04 4.510190300347192180e-04
1.200000000000000000e+01 -6.718688691924913636e-02 -2.310749804939462304e-01 2.460166402761804335e-04 4.792527847391814580e-04
1.300000000000000000e+01 -7.067586653867553859e-02 -1.806358778837082457e-01 2.302100312724256008e-04 4.875644249152507269e-04
1.400000000000000000e+01 -8.164225606914762845e-02 -1.990367237160980129e-01 2.192559954779241195e-04 4.755373731097107680e-04
1.500000000000000000e+01 -1.004283387180129050e-01 -2.382917244650248900e-01 2.117004398787295470e-04 4.299256848955069544e-04
1.600000000000000000e+01 -9.873287321938911676e-02 -2.423258934680281029e-01 1.992539827323957429e-04 3.779248390799267647e-04
1.700000000000000000e+01 -7.838403147319987496e-02 -1.983083088083513190e-01 1.822109097319845738e-04 3.373455397486222786e-04
1.800000000000000000e+01 -5.479561186113580951e-02 -1.369385856709459948e-01 1.659875780538981323e-04 3.078438799101151208e-04
1.900000000000000000e+01 -3.813890344803350096e-02 -9.406315900860806600e-02 1.535884506822154450e-04 2.848875850864395821e-04
2.000000000000000000e+01 -3.284912537154168616e-02 -7.813512429389611602e-02 1.445450397380687851e-04 2.655610471013551384e-04
2.100000000000000000e+01 -3.551224467170256693e-02 -8.038623774226899554e-02 1.374044481396239487e-04 2.483485023857589309e-04
2.200000000000000000e+01 -3.935319611811438634e-02 -8.940695041209725802e-02 1.311411781507351682e-04 2.325312346975123064e-04
2.300000000000000000e+01 -4.266310732962681068e-02 -9.593314939527057550e-02 1.249708184300836510e-04 2.180461691589148003e-04
2.400000000000000000e+01 -4.246630051751227458e-02 -9.472433176688724310e-02 1.186116062637624524e-04 2.051561816485690016e-04
2.500000000000000000e+01 -3.739063450384182141e-02 -8.491566322742231943e-02 1.123560247955058514e-04 1.941827944841452934e-04
2.600000000000000000e+01 -2.938861904350648785e-02 -6.853904962500344256e-02 1.066538753038361227e-04 1.850668910708989587e-04
2.700000000000000000e+01 -2.106480788723450945e-02 -4.921551548853886349e-02 1.016607986996921712e-04 1.773073072779117216e-04
2.800000000000000000e+01 -1.344770634602702152e-02 -3.068651247487675857e-02 9.724120709425016829e-05 1.702642803081000496e-04
2.900000000000000000e+01 -5.512076059450113537e-03 -1.579228640899447977e-02 9.314212643950957543e-05 1.634172822069552709e-04
3.000000000000000000e+01 -2.347521025586810865e-03 -5.788438399347416163e-03 8.916450391867297264e-05 1.565236106014600108e-04
3.100000000000000000e+01 -2.905624644440861775e-04 -2.818331331727321701e-04 8.522476079732624332e-05 1.495451319008607905e-04
3.200000000000000000e+01 4.095364979963815491e-04 2.124146976798148376e-03 8.133252391766260378e-05 1.425743073038214623e-04
3.300000000000000000e+01 -7.126689442709911119e-04 2.858663404290584954e-03 7.756354664085043980e-05 1.357693287283911272e-04
3.400000000000000000e+01 -1.377104855219094199e-03 2.717304123703823040e-03 7.400634405204807760e-05 1.292957855382651877e-04
3.500000000000000000e+01 -1.722830853937875337e-03 1.950426037371915354e-03 7.072680401664772052e-05 1.232593975457862414e-04
3.600000000000000000e+01 -1.971078532793426371e-03 4.921155852963053461e-04 6.776352232252588336e-05 1.177472063574626484e-04
3.700000000000000000e+01 -3.117042249854174232e-03 -1.639460372665343382e-03 6.512674543866703769e-05 1.128023677399274529e-04
3.800000000000000000e+01 -3.665105271925647897e-03 -4.283848144341822171e-03 6.279938210396291093e-05 1.084173968619469398e-04
3.900000000000000000e+01 -4.535293322561972928e-03 -7.370236672669873423e-03 6.074973903587513059e-05 1.045512432712447106e-04
4.000000000000000000e+01 -5.555093742091700253e-03 -1.093450932421815083e-02 5.892657213791401558e-05 1.011224036792688708e-04
4.100000000000000000e+01 -6.576360842060116792e-03 -1.511371155654681747e-02 5.726794288224642697e-05 9.801917413119170923e-05
4.200000000000000000e+01 -8.762916213660027973e-03 -1.996396054959805738e-02 5.568823738814755015e-05 9.506861090184421260e-05
4.300000000000000000e+01 -1.190560372894439861e-02 -2.536227055272061159e-02 5.407380581278970665e-05 9.205344944825531359e-05
4.400000000000000000e+01 -1.507238928827016669e-02 -3.097682832325843877e-02 5.231036308863097828e-05 8.875092871743215706e-05
4.500000000000000000e+01 -1.669727819003012995e-02 -3.648918930244873099e-02 5.031595986805095707e-05 8.500785879560386615e-05
4.600000000000000000e+01 -1.855514491086545856e-02 -4.161821865265322856e-02 4.810106883741568614e-05 8.082172657677410567e-05
4.700000000000000000e+01 -2.018243934037146012e-02 -4.617884671473624497e-02 4.579648948593298738e-05 7.636942591469741807e-05
