# freqs 	 pli 	 dpli 	 meanpower(thalamus)	 meanpower(scalp)	pli
8.000000000000000000e+00 -1.734369749313547510e-02 -2.139093659582996451e-02 1.737889591910547055e-04 4.192993637359388685e-04
9.000000000000000000e+00 -1.962171656695607669e-02 -4.742052141652704916e-02 1.479078000979783681e-04 3.717419040700567501e-04
1.000000000000000000e+01 -1.985579461837228520e-03 -1.491210421100227146e-03 1.296426473392853012e-04 2.689351829709382452e-04
1.100000000000000000e+01 1.569423830165729908e-02 2.921785401907985025e-02 1.220402894582050082e-04 1.967017994993902478e-04
1.200000000000000000e+01 3.505034530909580115e-02 5.535359946574858192e-02 1.193217465799625024e-04 1.722964201218677739e-04
1.300000000000000000e+01 3.927776818121166830e-02 8.834904045090009872e-02 1.179685979638768386e-04 1.675785608400535032e-04
1.400000000000000000e+01 4.244225165448226728e-02 1.089336322232423021e-01 1.172048040948817820e-04 1.671349671551460524e-04
1.500000000000000000e+01 3.703998164354666001e-02 1.030071991836322559e-01 1.167431079168539234e-04 1.646595738326374098e-04
1.600000000000000000e+01 3.511553110116326371e-02 8.592246122914361239e-02 1.158655180710061551e-04 1.570307517822323656e-04
1.700000000000000000e+01 2.893760758457093393e-02 7.051606856311289084e-02 1.136298810365240022e-04 1.448722536432366678e-04
1.800000000000000000e+01 2.289433212852226909e-02 6.096110043306929988e-02 1.103406050157489977e-04 1.306609243934132413e-04
1.900000000000000000e+01 2.278052345564664932e-02 5.599361137357861118e-02 1.067183186065931113e-04 1.169994195205874136e-04
2.000000000000000000e+01 2.220873327451599114e-02 5.391028832553790284e-02 1.033136772417627157e-04 1.055504178343702026e-04
2.100000000000000000e+01 1.982499063111382159e-02 5.385935274551349738e-02 1.002630712246404827e-04 9.684817364418285936e-05
2.200000000000000000e+01 2.012688307389992257e-02 5.237625535662095849e-02 9.740822619303575057e-05 9.041618567264634860e-05
2.300000000000000000e+01 1.727178613094908569e-02 4.721684612212241616e-02 9.457062913383638763e-05 8.536559266590008736e-05
2.400000000000000000e+01 1.300835988505216409e-02 3.920413788323996729e-02 9.160820750686484836e-05 8.103458669497497495e-05
2.500000000000000000e+01 7.820300889205759887e-03 3.033929290644976282e-02 8.850799588721625121e-05 7.715413375897777111e-05
2.600000000000000000e+01 7.200727551392550191e-03 2.288236453859272129e-02 8.531514494278816469e-05 7.365006543157620123e-05
2.700000000000000000e+01 7.899207235029742299e-03 1.835096825435547641e-02 8.220568474285978801e-05 7.060957853849795260e-05
2.800000000000000000e+01 7.384397519500245782e-03 1.643926042194272449e-02 7.927145169597717839e-05 6.792280319306758863e-05
2.900000000000000000e+01 5.937018117639566994e-03 1.553460504712171099e-02 7.658250222849554637e-05 6.555069164029320898e-05
3.000000000000000000e+01 5.804007293250112477e-03 1.445296275455413421e-02 7.412697011029812473e-05 6.348617234154384930e-05
3.100000000000000000e+01 5.395281907773128403e-03 1.302491478471736255e-02 7.183780147455246651e-05 6.175209732705049979e-05
3.200000000000000000e+01 3.725381053969202636e-03 1.123900962750523126e-02 6.966943021039167063e-05 6.028659988412594678e-05
3.300000000000000000e+01 2.000266702226963754e-03 9.003105290844776176e-03 6.762411709919821895e-05 5.904465618472976815e-05
3.400000000000000000e+01 -2.261871023286543200e-04 6.502727031643621564e-03 6.573592983503747799e-05 5.808499041947834537e-05
3.500000000000000000e+01 -2.805882943255689696e-03 4.083082042527529272e-03 6.401159402551761201e-05 5.729317033934918832e-05
3.600000000000000000e+01 -2.410659413475928735e-03 1.914204651597336930e-03 6.245254116810929849e-05 5.665512361016551848e-05
3.700000000000000000e+01 -2.291570740535670697e-03 -1.036665740904183040e-04 6.104547741725881171e-05 5.615425011430325605e-05
3.800000000000000000e+01 -2.276770619006680992e-03 -2.075987369224429734e-03 5.978183609373213326e-05 5.582627762597982646e-05
3.900000000000000000e+01 -3.651870585926561379e-03 -4.011405724486341584e-03 5.863643540591366763e-05 5.556293560471933720e-05
4.000000000000000000e+01 -4.779468217614295765e-03 -5.612447066181851241e-03 5.759690266204617223e-05 5.539759214601695141e-05
4.100000000000000000e+01 -4.989175341902927184e-03 -6.649851807980615599e-03 5.662788630536560498e-05 5.528051860656669331e-05
4.200000000000000000e+01 -5.335331473288088856e-03 -7.089775366811921532e-03 5.566395014429842300e-05 5.512521071008833244e-05
4.300000000000000000e+01 -4.533039159484939136e-03 -7.178632318806310239e-03 5.460525830662690496e-05 5.474687643466706296e-05
4.400000000000000000e+01 -3.129117835185230706e-03 -7.106647318249107413e-03 5.334705640380896040e-05 5.412112624475739060e-05
4.500000000000000000e+01 -1.743502836679115169e-03 -7.134838374605800490e-03 5.180935643567565732e-05 5.310848367875528500e-05
4.600000000000000000e+01 -1.342356590266414584e-03 -7.381438076319860736e-03 5.000951007818004687e-05 5.174673667393162268e-05
4.700000000000000000e+01 -2.046685956472134478e-03 -7.816212356932651303e-03 4.809935557810312309e-05 5.022842011577223600e-05
