# freqs 	 pli 	 dpli 	 meanpower(thalamus)	 meanpower(scalp)	pli
8.000000000000000000e+00 1.045571699039032493e-01 2.419572461472118685e-01 6.094926385040494627e-05 3.261039527363784559e-04
9.000000000000000000e+00 6.643794611278443230e-02 1.489872905213177057e-01 5.747028824379080516e-05 3.015072282699832228e-04
1.000000000000000000e+01 1.939406656268606588e-02 3.368393148042489460e-02 5.380960000098900306e-05 2.251667663565241439e-04
1.100000000000000000e+01 1.493623091986510552e-03 2.949960325719653133e-04 5.152011494294452063e-05 1.789788225001917815e-04
1.200000000000000000e+01 -4.714939921499084093e-03 -3.037243908542400402e-03 5.010804404752874225e-05 1.622681698142248552e-04
1.300000000000000000e+01 -5.241468004079832821e-03 4.045688326533417359e-04 4.924852034322405476e-05 1.587722007996184730e-04
1.400000000000000000e+01 1.046217935767116466e-03 5.120821944346227311e-03 4.888048477700185243e-05 1.596240370201702427e-04
1.500000000000000000e+01 7.390307491078521203e-03 1.475475447340278586e-02 4.897118881681928557e-05 1.606600821451514903e-04
1.600000000000000000e+01 9.602837694940516075e-03 2.139534203016038583e-02 4.923990597615810866e-05 1.607310986491551727e-04
1.700000000000000000e+01 9.960552608639546002e-03 2.090120507076003234e-02 4.936558472771327609e-05 1.596883880074896698e-04
1.800000000000000000e+01 9.639514312495397683e-03 1.777109010050256788e-02 4.930287499893812916e-05 1.577703325111776925e-04
1.900000000000000000e+01 9.407574782251671569e-03 1.696414571744248728e-02 4.919434772890301464e-05 1.558044939231566348e-04
2.000000000000000000e+01 1.154617765294526331e-02 2.030584489616053465e-02 4.921469857540225040e-05 1.545406231011956888e-04
2.100000000000000000e+01 1.432596510333978938e-02 2.647211470311517170e-02 4.942809437759185042e-05 1.542196150340078621e-04
2.200000000000000000e+01 1.795849081073322071e-02 3.251419069561659048e-02 4.981257138349652375e-05 1.544539771653200477e-04
2.300000000000000000e+01 1.921673698930592353e-02 3.563977028820834031e-02 5.037107331688203465e-05 1.549508622928522463e-04
2.400000000000000000e+01 1.677386920020870406e-02 3.360626130572989811e-02 5.115747877117054793e-05 1.555483839953031202e-04
2.500000000000000000e+01 1.133578120195088967e-02 2.480096623958892230e-02 5.226068447484503256e-05 1.561368635836730208e-04
2.600000000000000000e+01 4.624605527897987858e-03 1.040042858006762737e-02 5.369869501541658344e-05 1.566203637360192517e-04
2.700000000000000000e+01 -1.792375472462565730e-03 -4.464127408067155613e-03 5.529825734742468621e-05 1.571862555115162918e-04
2.800000000000000000e+01 -4.895906559296617049e-03 -1.402350737421778105e-02 5.675897005887952458e-05 1.578318630922106167e-04
2.900000000000000000e+01 -4.487349754511544241e-03 -1.578253699885189681e-02 5.789468951572398196e-05 1.587159495312395253e-04
3.000000000000000000e+01 -2.225376257665695467e-03 -1.116969765231440141e-02 5.871006992001699979e-05 1.598174003254827021e-04
3.100000000000000000e+01 1.859985059337442275e-03 -3.395601645569530820e-03 5.929576395964398654e-05 1.611941574849095552e-04
3.200000000000000000e+01 5.356791668047548340e-03 4.551099590958209741e-03 5.969648671287957275e-05 1.626671301144030500e-04
3.300000000000000000e+01 8.218796675669486074e-03 1.079217274161463000e-02 5.987622562472073699e-05 1.640091172226392912e-04
3.400000000000000000e+01 1.010140313611006084e-02 1.455832336704487515e-02 5.978022987760740786e-05 1.651884551827264766e-04
3.500000000000000000e+01 1.074255716416781109e-02 1.592234933154415555e-02 5.938998337536687124e-05 1.659975956092501559e-04
3.600000000000000000e+01 1.071584456432560922e-02 1.553560152642499692e-02 5.875520739111178011e-05 1.664693852664055919e-04
3.700000000000000000e+01 1.082273458339674463e-02 1.430136730035712171e-02 5.796501957954971741e-05 1.666330693051155086e-04
3.800000000000000000e+01 1.068155355308301503e-02 1.309882591647947535e-02 5.711624260232351806e-05 1.666176312230763115e-04
3.900000000000000000e+01 1.079165923642444805e-02 1.254459941520616115e-02 5.627457195316624218e-05 1.663486610327435174e-04
4.000000000000000000e+01 1.114090751164214209e-02 1.293440205951286448e-02 5.547638495180748646e-05 1.659493442361573265e-04
4.100000000000000000e+01 1.173574598215359338e-02 1.425293102853801043e-02 5.471462875743066080e-05 1.654217785049356341e-04
4.200000000000000000e+01 1.249009580968515887e-02 1.626825396830979681e-02 5.393156886719560730e-05 1.646489806447806162e-04
4.300000000000000000e+01 1.341966985175743060e-02 1.866571499146878546e-02 5.302264579424512142e-05 1.632921031952488087e-04
4.400000000000000000e+01 1.469542022983359730e-02 2.112432355338707962e-02 5.187657350654158953e-05 1.611533809979857445e-04
4.500000000000000000e+01 1.547929410585566559e-02 2.342040539019291795e-02 5.042174242659110866e-05 1.579178767165090823e-04
4.600000000000000000e+01 1.666341967407926686e-02 2.541312891802533294e-02 4.869293328431929346e-05 1.536710350376552041e-04
4.700000000000000000e+01 1.773328057785717587e-02 2.701174986921040660e-02 4.685984101495259841e-05 1.489398605985083144e-04
