# freqs 	 pli 	 dpli 	 meanpower(thalamus)	 meanpower(scalp)	pli
8.000000000000000000e+00 1.901781031151931339e-02 4.552729020098883472e-02 2.235735958400563534e-04 2.721148150533374342e-04
9.000000000000000000e+00 2.477804285404760706e-02 5.791968858126317343e-02 2.161042974512768287e-04 2.891164235738890318e-04
1.000000000000000000e+01 2.950246899998855421e-02 4.571836226167302203e-02 2.153644079095756985e-04 3.418285773474388127e-04
1.100000000000000000e+01 -1.442088816103450494e-02 -1.033979233086583099e-01 2.403331112364741242e-04 4.102657433494141304e-04
1.200000000000000000e+01 -3.917481069745265554e-02 -1.385638562357557335e-01 2.460166402761804335e-04 4.412630975497997335e-04
1.300000000000000000e+01 -5.233051365612370609e-02 -1.330924686169623894e-01 2.302100312724256008e-04 4.632391244026161392e-04
1.400000000000000000e+01 -7.378647503662351392e-02 -1.793058304256699154e-01 2.192559954779241195e-04 4.616171928246438341e-04
1.500000000000000000e+01 -9.569989225579768333e-02 -2.279760756517782982e-01 2.117004398787295470e-04 4.224326289408099518e-04
1.600000000000000000e+01 -9.594138325215771645e-02 -2.335552950769145819e-01 1.992539827323957429e-04 3.740774815043790150e-04
1.700000000000000000e+01 -7.577976158794402783e-02 -1.876753351373130763e-01 1.822109097319845738e-04 3.347801553734776098e-04
1.800000000000000000e+01 -5.233745856857206086e-02 -1.253014804928311576e-01 1.659875780538981323e-04 3.051981957102007726e-04
1.900000000000000000e+01 -3.504411687047694068e-02 -8.277221501264030168e-02 1.535884506822154450e-04 2.820138799103915229e-04
2.000000000000000000e+01 -2.692321834457307023e-02 -6.632297860442856741e-02 1.445450397380687851e-04 2.631752736641694373e-04
2.100000000000000000e+01 -2.861422317573418528e-02 -6.599948995002727359e-02 1.374044481396239487e-04 2.466612510086949104e-04
2.200000000000000000e+01 -3.237067971526055854e-02 -7.151544712231976131e-02 1.311411781507351682e-04 2.312520953237242704e-04
2.300000000000000000e+01 -3.182857204762368913e-02 -7.595691664316069069e-02 1.249708184300836510e-04 2.166365716961710119e-04
2.400000000000000000e+01 -3.148331818955951017e-02 -7.580537543208931694e-02 1.186116062637624524e-04 2.032832808225025793e-04
2.500000000000000000e+01 -2.845752385245985464e-02 -7.000777521214995858e-02 1.123560247955058514e-04 1.916626021608184639e-04
2.600000000000000000e+01 -2.442344746254344195e-02 -5.908704966348632404e-02 1.066538753038361227e-04 1.817464951195175602e-04
2.700000000000000000e+01 -1.909965386745173660e-02 -4.498535522098760092e-02 1.016607986996921712e-04 1.731231358189674982e-04
2.800000000000000000e+01 -1.378125715597419004e-02 -3.035225223698279767e-02 9.724120709425016829e-05 1.652697580776339302e-04
2.900000000000000000e+01 -8.249744213396352499e-03 -1.771391523672570176e-02 9.314212643950957543e-05 1.577663466674123264e-04
3.000000000000000000e+01 -4.675938419536152489e-03 -8.459447911534336007e-03 8.916450391867297264e-05 1.504223153782909374e-04
3.100000000000000000e+01 -3.765822960735152724e-03 -2.453820532052300874e-03 8.522476079732624332e-05 1.432167527849092159e-04
3.200000000000000000e+01 -3.183720442832630067e-03 1.378510715927771168e-03 8.133252391766260378e-05 1.361802976078727403e-04
3.300000000000000000e+01 -3.487099692780650569e-03 4.120493371399355960e-03 7.756354664085043980e-05 1.294241497735821808e-04
3.400000000000000000e+01 -2.590022128344397594e-03 6.201660694505857670e-03 7.400634405204807760e-05 1.230778952639427601e-04
3.500000000000000000e+01 -1.488117789734796394e-03 7.513648464612283917e-03 7.072680401664772052e-05 1.172068303137532478e-04
3.600000000000000000e+01 -1.217007064109006066e-03 7.779960212066325265e-03 6.776352232252588336e-05 1.118639836444705051e-04
3.700000000000000000e+01 -1.434160722387143672e-03 6.942647875771146282e-03 6.512674543866703769e-05 1.070668120481239692e-04
3.800000000000000000e+01 -1.884853302625677908e-03 5.182240607159204274e-03 6.279938210396291093e-05 1.028099956276492654e-04
3.900000000000000000e+01 -2.302221473152520331e-03 2.634904006884895410e-03 6.074973903587513059e-05 9.904307416074878379e-05
4.000000000000000000e+01 -2.892836400747511322e-03 -6.469866587317585956e-04 5.892657213791401558e-05 9.569166172108655171e-05
4.100000000000000000e+01 -3.945890198208302710e-03 -4.724916041130030817e-03 5.726794288224642697e-05 9.265111940480654916e-05
4.200000000000000000e+01 -5.857044363713505113e-03 -9.595659780334527336e-03 5.568823738814755015e-05 8.976448168689865018e-05
4.300000000000000000e+01 -8.293704459942426860e-03 -1.509868145022612643e-02 5.407380581278970665e-05 8.682567775375372337e-05
4.400000000000000000e+01 -1.070598698877642078e-02 -2.087365910409300779e-02 5.231036308863097828e-05 8.363207634585769726e-05
4.500000000000000000e+01 -1.276374496648493596e-02 -2.658891236229799990e-02 5.031595986805095707e-05 8.003636894503190547e-05
4.600000000000000000e+01 -1.430305063214088249e-02 -3.196739019626317763e-02 4.810106883741568614e-05 7.603264102672122634e-05
4.700000000000000000e+01 -1.589736105203524638e-02 -3.683178303973550644e-02 4.579648948593298738e-05 7.178601051097013939e-05
