# freqs 	 pli 	 dpli 	 meanpower(thalamus)	 meanpower(scalp)	pli
8.000000000000000000e+00 -6.658652070415049806e-02 -1.894082440905574538e-01 5.908926797482173831e-05 2.817180403010428598e-04
9.000000000000000000e+00 -3.767383067990406204e-02 -1.078958292441610928e-01 6.668876518049171825e-05 2.718986617656333040e-04
1.000000000000000000e+01 -5.607509416717763699e-03 -1.601356856949454413e-02 7.446104771043158405e-05 2.331361545931839830e-04
1.100000000000000000e+01 2.607950463178150069e-04 1.891813613248642841e-03 7.883567771049328785e-05 2.066638514227784414e-04
1.200000000000000000e+01 -4.008138059623584347e-03 -7.011874224584551882e-03 7.871310080832620831e-05 1.952859529914121684e-04
1.300000000000000000e+01 -9.634816857707192636e-03 -1.862807875285345596e-02 7.529821703154980549e-05 1.930480759315270696e-04
1.400000000000000000e+01 -1.050580618451666184e-02 -2.505186485500019572e-02 7.032125134294055333e-05 1.951514193263333564e-04
1.500000000000000000e+01 -1.436129409871043060e-02 -2.736673466082803138e-02 6.550552303867952352e-05 1.965468492402958143e-04
1.600000000000000000e+01 -1.233286910588351180e-02 -2.498638479556980485e-02 6.203892349537056602e-05 1.953534270066796064e-04
1.700000000000000000e+01 -8.143062572490998574e-03 -1.635941811528665926e-02 6.038779649995009130e-05 1.918405158575311499e-04
1.800000000000000000e+01 -2.594197747916588814e-03 -5.561410106022611835e-03 6.042953521078414599e-05 1.871019643447735872e-04
1.900000000000000000e+01 1.147500984082726197e-03 2.376253455795244041e-03 6.131643889260564263e-05 1.827877450575726953e-04
2.000000000000000000e+01 2.642190702603316229e-03 6.252666840675359661e-03 6.176364016188964174e-05 1.800890240484494600e-04
2.100000000000000000e+01 3.179073646301615232e-03 7.779306273872621351e-03 6.098807907349690209e-05 1.791245235095074875e-04
2.200000000000000000e+01 4.772124591152447290e-03 9.161778443323833135e-03 5.919258230580699224e-05 1.793370695451381022e-04
2.300000000000000000e+01 6.189890569068936914e-03 1.096136028349144025e-02 5.713355416517103724e-05 1.801082265949143044e-04
2.400000000000000000e+01 6.968770596945536404e-03 1.240201003891774727e-02 5.544102501871993804e-05 1.808632839432970359e-04
2.500000000000000000e+01 6.356782345482395354e-03 1.318653800103017533e-02 5.438367518279827253e-05 1.813770731755810274e-04
2.600000000000000000e+01 7.004301396128869393e-03 1.452559411284939581e-02 5.400750392091858336e-05 1.816118858588659237e-04
2.700000000000000000e+01 9.790977877382563491e-03 1.821145648330945929e-02 5.435386254958250561e-05 1.818901093844488542e-04
2.800000000000000000e+01 1.336946042929280237e-02 2.400139225249966340e-02 5.559554353267492162e-05 1.820865948578969404e-04
2.900000000000000000e+01 1.534064325937662190e-02 2.798373406598141100e-02 5.820588184717402148e-05 1.822963484463420696e-04
3.000000000000000000e+01 1.402194168492122348e-02 2.526239318688503280e-02 6.289995875505426559e-05 1.823122184953735803e-04
3.100000000000000000e+01 9.208611202123587192e-03 1.509607010242497264e-02 6.996810988866758777e-05 1.823049356678847191e-04
3.200000000000000000e+01 2.889899126136924717e-03 1.800954814124818351e-03 7.839259135767089796e-05 1.822621205188750828e-04
3.300000000000000000e+01 -3.693893314717811450e-03 -9.565535799290994512e-03 8.596692162477458099e-05 1.821531063823944867e-04
3.400000000000000000e+01 -8.454873604284854696e-03 -1.643924030392964614e-02 9.048583169696680173e-05 1.823049217609057436e-04
3.500000000000000000e+01 -1.019696803638695838e-02 -1.858979791865780426e-02 9.082677805911519749e-05 1.824914489955350180e-04
3.600000000000000000e+01 -1.003109822578213822e-02 -1.707362194538802197e-02 8.727283417967519224e-05 1.828238771602217979e-04
3.700000000000000000e+01 -7.737369155025703230e-03 -1.330557771791272825e-02 8.108162013556021786e-05 1.833100303623911003e-04
3.800000000000000000e+01 -4.948128697925248398e-03 -8.633586913238840838e-03 7.384841151776856661e-05 1.840843900871572862e-04
3.900000000000000000e+01 -2.568514809669470832e-03 -3.978145871802050461e-03 6.693494162047032342e-05 1.848434049573921014e-04
4.000000000000000000e+01 -4.812931570765668020e-04 -1.674025131648333611e-05 6.118103037062972652e-05 1.856515358735770678e-04
4.100000000000000000e+01 1.347564783481320283e-03 2.988850290983251310e-03 5.683925449348219865e-05 1.863756045087500948e-04
4.200000000000000000e+01 2.338280291998204134e-03 5.065723285676699585e-03 5.372421375299585625e-05 1.867595483764382717e-04
4.300000000000000000e+01 2.605814453162950441e-03 6.437806122222903583e-03 5.143008108320305246e-05 1.862549954985262871e-04
4.400000000000000000e+01 3.188682924822478556e-03 7.288853612770423464e-03 4.953330480044912333e-05 1.846979253373130098e-04
4.500000000000000000e+01 3.712043689052220170e-03 7.827957801167481286e-03 4.771607875590789789e-05 1.816775910699971889e-04
4.600000000000000000e+01 3.867969731145861484e-03 8.165658957776589927e-03 4.584288132987060060e-05 1.773521224111004673e-04
4.700000000000000000e+01 4.103377257207575617e-03 8.347142361194728744e-03 4.397221007268596355e-05 1.724138203578993187e-04
