# freqs 	 pli 	 dpli 	 meanpower(thalamus)	 meanpower(scalp)	pli
8.000000000000000000e+00 2.343145621699371794e-02 8.690195037442940973e-02 5.312485256805289392e-05 2.996965274609370272e-04
9.000000000000000000e+00 6.778172838325953638e-03 2.628507994674138606e-02 5.051602128642545788e-05 3.123688494778216777e-04
1.000000000000000000e+01 -1.932171199981285933e-02 -4.242732267328083728e-02 4.736589027536090331e-05 2.546980339910604883e-04
1.100000000000000000e+01 -2.504961040160115157e-02 -7.630645728836783770e-02 4.574643453152474755e-05 2.012667209115748148e-04
1.200000000000000000e+01 -2.137856670852138208e-02 -6.806163702109764568e-02 4.462001128016985547e-05 1.669975179039370219e-04
1.300000000000000000e+01 -1.312557971122586993e-02 -3.729503445202963369e-02 4.411487022899467087e-05 1.430952893925995493e-04
1.400000000000000000e+01 -7.146939525273417367e-03 -1.725942100445622060e-02 4.427517793740421001e-05 1.283537081718261891e-04
1.500000000000000000e+01 -5.334093010843308710e-03 -1.356137603746062660e-02 4.466884853302495164e-05 1.205368074685195647e-04
1.600000000000000000e+01 -5.412391086254157366e-03 -1.356259594356701119e-02 4.485824720121912640e-05 1.153781996660418845e-04
1.700000000000000000e+01 -5.162486393276130396e-03 -1.421805462052323950e-02 4.472351458312287623e-05 1.106246852777720990e-04
1.800000000000000000e+01 -6.406662277731929069e-03 -1.595858164933470699e-02 4.439610569786792485e-05 1.050919565504838146e-04
1.900000000000000000e+01 -6.545319173378975203e-03 -1.528896471577543582e-02 4.403403410997538183e-05 9.863748134361523246e-05
2.000000000000000000e+01 -5.601228544407123311e-03 -1.118620097175010951e-02 4.375955871926395509e-05 9.260102462953798217e-05
2.100000000000000000e+01 -2.499884765861244609e-03 -4.188321249008242035e-03 4.360011775453841583e-05 8.813881718611547682e-05
2.200000000000000000e+01 7.790518149665560509e-04 3.507063462730938136e-03 4.353234413448141217e-05 8.533728642862841438e-05
2.300000000000000000e+01 2.840326171453814476e-03 7.651241568036789946e-03 4.349732657081498025e-05 8.357667365402717463e-05
2.400000000000000000e+01 1.666985176071283156e-03 6.142977055201144856e-03 4.343140196269732400e-05 8.198669457694596424e-05
2.500000000000000000e+01 -4.033331056343269377e-04 9.643842200356628550e-04 4.331014717319157226e-05 7.993765983612065556e-05
2.600000000000000000e+01 -1.997978109242137118e-03 -4.427612405864923308e-03 4.314052138005949113e-05 7.728005445082559489e-05
2.700000000000000000e+01 -3.994489771196453425e-03 -8.013851935491929368e-03 4.295544657856477508e-05 7.429367371703355196e-05
2.800000000000000000e+01 -4.775592706592100313e-03 -9.437310462767432850e-03 4.277814152154862639e-05 7.128898498435597261e-05
2.900000000000000000e+01 -4.354613956712546224e-03 -9.326131325987776360e-03 4.262073688380222248e-05 6.856443031107692149e-05
3.000000000000000000e+01 -2.964200645009414103e-03 -8.019575747274302474e-03 4.249539910113918676e-05 6.624131943928137376e-05
3.100000000000000000e+01 -1.341562766994110504e-03 -5.201035972695080417e-03 4.241414979439146071e-05 6.436814131231234713e-05
3.200000000000000000e+01 6.828207251773253054e-04 -3.014443885189484001e-04 4.239088955383198864e-05 6.288336277303056983e-05
3.300000000000000000e+01 2.328840656341593911e-03 6.769479426036693025e-03 4.242833830992161583e-05 6.170812727745784607e-05
3.400000000000000000e+01 4.990596968480677520e-03 1.507151671322168145e-02 4.250128831421440663e-05 6.081071707656685569e-05
3.500000000000000000e+01 8.064628352832571220e-03 2.297380900933544690e-02 4.253875577769238763e-05 6.007474354596770383e-05
3.600000000000000000e+01 9.553602189760947855e-03 2.853394970545032258e-02 4.245994235864471189e-05 5.945478825989282124e-05
3.700000000000000000e+01 1.022465714011700465e-02 3.043197395751851692e-02 4.220326932434671487e-05 5.889496431214730703e-05
3.800000000000000000e+01 1.017508206925268194e-02 2.838576789747052770e-02 4.176266649852150483e-05 5.839258646105070137e-05
3.900000000000000000e+01 8.942042076460886973e-03 2.328148859783420524e-02 4.117715971095465524e-05 5.788274162983553185e-05
4.000000000000000000e+01 6.867116808625410053e-03 1.652216271072000364e-02 4.051159963704937741e-05 5.738376609329970136e-05
4.100000000000000000e+01 4.499579850427348413e-03 9.558865807509319551e-03 3.981629810614500692e-05 5.688043416726128344e-05
4.200000000000000000e+01 2.030402339652357183e-03 3.428361697784643430e-03 3.910103398083366054e-05 5.632157683844162146e-05
4.300000000000000000e+01 -1.895717098663539154e-05 -1.358172290481857039e-03 3.832373704352480992e-05 5.558096332390457985e-05
4.400000000000000000e+01 -1.009666385763148847e-03 -4.861425750143076943e-03 3.741678235096021553e-05 5.460066261974956883e-05
4.500000000000000000e+01 -2.189990651391991727e-03 -7.330255301979308677e-03 3.632803849340028905e-05 5.327078797015154704e-05
4.600000000000000000e+01 -2.720904591469619060e-03 -9.144358639452785861e-03 3.507627660474905512e-05 5.161445370196669319e-05
4.700000000000000000e+01 -2.933522597530560660e-03 -1.065417114634954754e-02 3.377679088087448599e-05 4.979458628410578160e-05
