# freqs 	 pli 	 dpli 	 meanpower(thalamus)	 meanpower(scalp)	pli
8.000000000000000000e+00 -2.834692136003516202e-02 -5.975315794512547213e-02 9.688250603156552565e-05 1.500650394936153625e-04
9.000000000000000000e+00 4.151066651066651243e-03 -1.859151754727000200e-02 9.108644314687295857e-05 1.377001453036018732e-04
1.000000000000000000e+01 -1.182848454524698927e-03 -4.921672343181440930e-03 8.847750765490709811e-05 1.329809109497656161e-04
1.100000000000000000e+01 2.257226490149602180e-02 4.113672108653790294e-02 8.993874935931417554e-05 1.311009397992884821e-04
1.200000000000000000e+01 2.191679273279574514e-02 3.424162325597045198e-02 9.428257600259149244e-05 1.325339973273175734e-04
1.300000000000000000e+01 5.617266921971428122e-03 -6.595207498031005824e-03 9.993259529118505733e-05 1.405441865477308097e-04
1.400000000000000000e+01 8.430012382933192716e-03 4.992894834955209464e-03 1.045429383095345386e-04 1.496564044597060614e-04
1.500000000000000000e+01 1.333106067517153027e-02 2.239205085941928589e-02 1.051684668375567236e-04 1.511152476614494868e-04
1.600000000000000000e+01 -2.730092377313627326e-03 8.233087467330554507e-03 1.020857389003621023e-04 1.460762261271356002e-04
1.700000000000000000e+01 -1.614779565594136324e-02 -2.991487740004061813e-02 9.815564227923333619e-05 1.411652885431265202e-04
1.800000000000000000e+01 -3.313440258609971073e-02 -7.235570571167102005e-02 9.522233827044617697e-05 1.407872170766052186e-04
1.900000000000000000e+01 -4.946418378484238043e-02 -1.030469460219962108e-01 9.309252182799181022e-05 1.457464536969935588e-04
2.000000000000000000e+01 -6.065327724314999169e-02 -1.175504884636114217e-01 9.121312979965226389e-05 1.540847526766248000e-04
2.100000000000000000e+01 -6.179337998738886062e-02 -1.179949775171459103e-01 8.915765787132507044e-05 1.622131646676652729e-04
2.200000000000000000e+01 -5.537112411064933765e-02 -1.077068757389280096e-01 8.693368833990227826e-05 1.664657398658262377e-04
2.300000000000000000e+01 -4.600324011746318581e-02 -9.298680702044716251e-02 8.539285037243622982e-05 1.647128817123148044e-04
2.400000000000000000e+01 -4.170131169342512073e-02 -8.429509251502009803e-02 8.593169133782245321e-05 1.573986602873409977e-04
2.500000000000000000e+01 -4.040321190616288916e-02 -8.685387144441603091e-02 8.868605737697533376e-05 1.472751408454720196e-04
2.600000000000000000e+01 -4.512909473283984590e-02 -9.463903867413481219e-02 9.162692418157552642e-05 1.370317265807500975e-04
2.700000000000000000e+01 -4.820277055804172983e-02 -9.680143726820460148e-02 9.211902766212073934e-05 1.281098237125979705e-04
2.800000000000000000e+01 -4.594679594827943969e-02 -8.763445465043723237e-02 8.900741665356934958e-05 1.204885933914393812e-04
2.900000000000000000e+01 -3.757901866791934359e-02 -6.905477507557533645e-02 8.306331736887808607e-05 1.131581466414283057e-04
3.000000000000000000e+01 -2.499664964011797871e-02 -4.632755508140821987e-02 7.611407327220817600e-05 1.054214112319560594e-04
3.100000000000000000e+01 -1.176520793893708929e-02 -2.397649390314160467e-02 6.975980214105548997e-05 9.745698542864990441e-05
3.200000000000000000e+01 -3.661198171533651055e-03 -4.491121305947415668e-03 6.481133020974808132e-05 8.992920917414801304e-05
3.300000000000000000e+01 -6.728359085890820010e-04 1.095541161815212321e-02 6.129640530884137054e-05 8.350963400562236467e-05
3.400000000000000000e+01 2.574023907401443417e-03 2.159126579345961930e-02 5.886524506274577810e-05 7.846696940213494418e-05
3.500000000000000000e+01 3.564169853822871190e-03 2.705176100116305285e-02 5.708525804215533786e-05 7.466496715354453608e-05
3.600000000000000000e+01 3.802353364425925270e-03 2.760258588320283271e-02 5.565877067184657874e-05 7.178583460133196510e-05
3.700000000000000000e+01 3.176729069378106656e-03 2.440556242567018877e-02 5.442203841701998739e-05 6.951148750228022214e-05
3.800000000000000000e+01 2.389953915633799032e-03 1.907454317499632929e-02 5.330031908051261673e-05 6.760240093416405025e-05
3.900000000000000000e+01 2.469760507713715785e-03 1.312890851224533112e-02 5.223994519286258260e-05 6.592546899560235347e-05
4.000000000000000000e+01 3.652313900423030213e-04 7.534827456976189546e-03 5.122471876713462674e-05 6.445775088352156262e-05
4.100000000000000000e+01 -2.871502055546430363e-04 2.729431432351895649e-03 5.024032913591048189e-05 6.314567282791169105e-05
4.200000000000000000e+01 -1.560622689634559102e-03 -1.248569366690144549e-03 4.925079732912572198e-05 6.190174275233529275e-05
4.300000000000000000e+01 -3.247654635734597336e-03 -4.490500036545224880e-03 4.817771625625580655e-05 6.058421080494119919e-05
4.400000000000000000e+01 -3.714565466706509344e-03 -7.133086246395686260e-03 4.692265423710661055e-05 5.904484444545345594e-05
4.500000000000000000e+01 -3.479844180441787980e-03 -9.222272660227352065e-03 4.542871219524785071e-05 5.716913151089339669e-05
4.600000000000000000e+01 -5.012466237274049510e-03 -1.076440902024443542e-02 4.372476127347899863e-05 5.495285446110558116e-05
4.700000000000000000e+01 -6.800424879027499453e-03 -1.174506031994757872e-02 4.194152071282712218e-05 5.254041508154025380e-05
