# freqs 	 pli 	 dpli 	 meanpower(thalamus)	 meanpower(scalp)	pli
8.000000000000000000e+00 -3.460786225584885911e-02 -5.739801745193609528e-02 7.365190026504042464e+01 3.702421569140913107e+02
9.000000000000000000e+00 1.899753631540187712e-02 4.792053683486699467e-02 7.008250216427830992e+01 3.601716486671668918e+02
1.000000000000000000e+01 3.037226016209573429e-02 6.346594308290180730e-02 6.699943936299793279e+01 3.085246161973640255e+02
1.100000000000000000e+01 1.907301066447908075e-02 3.051467722489843368e-02 6.582151700490310020e+01 2.383802834628132246e+02
1.200000000000000000e+01 8.087841637232355552e-03 -1.514221190277558740e-03 6.630553486222129322e+01 1.906746366639624171e+02
1.300000000000000000e+01 -4.211018957111771314e-03 -3.580562498846030089e-02 6.857091687870493502e+01 1.699506154131062772e+02
1.400000000000000000e+01 -1.568802915686533239e-02 -6.408711816175584330e-02 7.236617423535302862e+01 1.598791509004154818e+02
1.500000000000000000e+01 -1.784652171742776711e-02 -7.384114821629324255e-02 7.631381427169111475e+01 1.518328622749535270e+02
1.600000000000000000e+01 -1.575183423907963037e-02 -6.845080794663910284e-02 7.849564704791617942e+01 1.441148614485738904e+02
1.700000000000000000e+01 -1.920958658635366773e-02 -6.435343521470145156e-02 7.813194671315862649e+01 1.375910671987303431e+02
1.800000000000000000e+01 -2.596413957700809821e-02 -6.963919419687973622e-02 7.597553140361350188e+01 1.320314375678439092e+02
1.900000000000000000e+01 -3.232077060929782614e-02 -8.059732134592582919e-02 7.339219164638441839e+01 1.262420332335752988e+02
2.000000000000000000e+01 -3.875263725499430295e-02 -9.060783942659847434e-02 7.133600217821147282e+01 1.196902918105391080e+02
2.100000000000000000e+01 -4.151984389745981552e-02 -9.494769261115733328e-02 7.016670302789786717e+01 1.128389774964062156e+02
2.200000000000000000e+01 -4.816565021623948895e-02 -1.073599640079663242e-01 7.054435256906694462e+01 1.072326259940928992e+02
2.300000000000000000e+01 -8.948637852479784938e-02 -1.943590558396786350e-01 7.513448096141112842e+01 1.055940642255300901e+02
2.400000000000000000e+01 -1.871824158534747540e-01 -3.967296060507300437e-01 8.772258496767317126e+01 1.100472801584423905e+02
2.500000000000000000e+01 -2.982973703300400015e-01 -5.963631774221006543e-01 1.074004837799552092e+02 1.180389641076870930e+02
2.600000000000000000e+01 -3.795426649799326091e-01 -7.095399482388394796e-01 1.265971343121394881e+02 1.234300925675007647e+02
2.700000000000000000e+01 -4.174525367206894932e-01 -7.494298988946964668e-01 1.370986980554701518e+02 1.219662979283472310e+02
2.800000000000000000e+01 -4.128013173144591264e-01 -7.360135397287754788e-01 1.356530632567428256e+02 1.137312553269418203e+02
2.900000000000000000e+01 -3.668893546132664385e-01 -6.719576529937442144e-01 1.246063837401577672e+02 1.018097596594632392e+02
3.000000000000000000e+01 -2.878435585531564644e-01 -5.526543536232972897e-01 1.092135324577837707e+02 8.970809704796192818e+01
3.100000000000000000e+01 -1.939591287062640834e-01 -3.917088454211168913e-01 9.460729215842820850e+01 7.977908836667322134e+01
3.200000000000000000e+01 -1.103095736873879185e-01 -2.329061879016741665e-01 8.393181128864533491e+01 7.269752222893410476e+01
3.300000000000000000e+01 -5.403291307972388907e-02 -1.174517673661690381e-01 7.801263665751420717e+01 6.803996997373252498e+01
3.400000000000000000e+01 -2.287907677941999202e-02 -5.184115423731347483e-02 7.605460400007071087e+01 6.506482878243080847e+01
3.500000000000000000e+01 -8.321617108209217531e-03 -2.068555084621720094e-02 7.655738508230135153e+01 6.307106733720738845e+01
3.600000000000000000e+01 -2.785153170622352466e-03 -8.141232643934371085e-03 7.801592286200776982e+01 6.162708757807903481e+01
3.700000000000000000e+01 -2.171058371063997686e-03 -4.432283559436088136e-03 7.925211190863140587e+01 6.047882601259563984e+01
3.800000000000000000e+01 -2.058373895963091973e-03 -4.547645523216672578e-03 7.955086627898685947e+01 5.951456836412919671e+01
3.900000000000000000e+01 -3.581284771043871228e-03 -6.262397288508013762e-03 7.865136695082544804e+01 5.864389638051746090e+01
4.000000000000000000e+01 -4.965978408912510855e-03 -8.421766276902289960e-03 7.667417993247974550e+01 5.784331796205108844e+01
4.100000000000000000e+01 -6.270104843611845613e-03 -1.053869261672563985e-02 7.394697200069705900e+01 5.707580219144402633e+01
4.200000000000000000e+01 -6.835091184874245857e-03 -1.241514677768957610e-02 7.083267989133723574e+01 5.627630448151762010e+01
4.300000000000000000e+01 -8.132632544357825191e-03 -1.395184233516994464e-02 6.759325796084876004e+01 5.532655809668278124e+01
4.400000000000000000e+01 -8.493082150998304894e-03 -1.508212548630901914e-02 6.434946013192596581e+01 5.414023448905435743e+01
4.500000000000000000e+01 -7.969030922767753045e-03 -1.578782310991658222e-02 6.112188086562972700e+01 5.263045009978296918e+01
4.600000000000000000e+01 -7.491256966731204593e-03 -1.608695052191975658e-02 5.794470523489036395e+01 5.083620550320408427e+01
4.700000000000000000e+01 -6.855878831500001810e-03 -1.603847667959559797e-02 5.494828326009215402e+01 4.893559451589798215e+01
