# freqs 	 pli 	 dpli 	 meanpower(thalamus)	 meanpower(scalp)	pli
8.000000000000000000e+00 9.658545896056192070e-02 2.120566546542999309e-01 3.965105842609619954e-05 3.002835212415986416e-04
9.000000000000000000e+00 1.071928151183521305e-01 2.152948595916900909e-01 3.854159172608285534e-05 2.988264061225418748e-04
1.000000000000000000e+01 4.150723353925525605e-02 8.089181137508498487e-02 3.589910447364459581e-05 2.741977437452120143e-04
1.100000000000000000e+01 6.296209921662844662e-03 1.767697088749369330e-02 3.433603358177905870e-05 2.330848948386675672e-04
1.200000000000000000e+01 -9.624868732121048646e-04 6.302170895169163789e-03 3.375649014617547125e-05 2.044400676447482158e-04
1.300000000000000000e+01 -2.349577890943416961e-03 -4.861948107209744714e-04 3.361487998209193551e-05 1.908489647948605932e-04
1.400000000000000000e+01 -7.206708180207097546e-03 -1.153757871262402895e-02 3.361637278341818671e-05 1.828373294791265020e-04
1.500000000000000000e+01 -1.323580299473335609e-02 -2.348874326014544628e-02 3.360915108822312589e-05 1.768745458081160034e-04
1.600000000000000000e+01 -1.810919378715873315e-02 -3.201277842822158187e-02 3.356112276764108420e-05 1.724508676753861206e-04
1.700000000000000000e+01 -1.952151575131915590e-02 -3.461438795742319968e-02 3.350825796794926003e-05 1.691937052248211853e-04
1.800000000000000000e+01 -1.743843080821716462e-02 -2.893094415410760525e-02 3.351481030725558450e-05 1.665536908272694156e-04
1.900000000000000000e+01 -1.281685813837846362e-02 -1.678509926103371672e-02 3.361128074176463431e-05 1.641090329339562996e-04
2.000000000000000000e+01 -6.758008109145860996e-03 -3.292127832586822130e-03 3.377379558883889188e-05 1.614220439000454239e-04
2.100000000000000000e+01 -5.222891523535968606e-04 6.145294477031259042e-03 3.396054031819446974e-05 1.581692925042649191e-04
2.200000000000000000e+01 1.403716875061158465e-03 8.359149739282962718e-03 3.412868126860607929e-05 1.541537788545294541e-04
2.300000000000000000e+01 -6.822912038528524759e-04 3.143350581472685156e-03 3.424764601309008752e-05 1.493836814838125806e-04
2.400000000000000000e+01 -4.651998535190944584e-03 -7.157002012610661629e-03 3.429683845730499461e-05 1.440460578825812383e-04
2.500000000000000000e+01 -9.557040399953429036e-03 -1.900890324790881561e-02 3.428011278223343277e-05 1.384066457803975704e-04
2.600000000000000000e+01 -1.382447590522071015e-02 -2.924749927529957452e-02 3.421691522639379589e-05 1.327847315023699564e-04
2.700000000000000000e+01 -1.652914228555451073e-02 -3.602689035450570149e-02 3.413158062756588621e-05 1.276053370873754642e-04
2.800000000000000000e+01 -1.782930214949732944e-02 -3.889790730924667927e-02 3.404014972066887263e-05 1.230618664546247567e-04
2.900000000000000000e+01 -1.809555146716569640e-02 -3.860735152575476420e-02 3.394775231569923117e-05 1.192672497243141934e-04
3.000000000000000000e+01 -1.696130701140225253e-02 -3.631950587063654395e-02 3.385547661998820760e-05 1.161329614370020116e-04
3.100000000000000000e+01 -1.561715464698648637e-02 -3.293122753861823376e-02 3.376434845829117673e-05 1.135865404898348202e-04
3.200000000000000000e+01 -1.514522454473441609e-02 -2.892695096797262208e-02 3.367757216825795278e-05 1.114674776675257000e-04
3.300000000000000000e+01 -1.379349071374079243e-02 -2.464606504738588166e-02 3.359849209896543734e-05 1.096586660342005151e-04
3.400000000000000000e+01 -1.275917505556382892e-02 -2.045925797556296874e-02 3.353366016287543457e-05 1.081880331328894187e-04
3.500000000000000000e+01 -1.119890565078901848e-02 -1.665679106437717438e-02 3.348033260584279511e-05 1.069687244850950271e-04
3.600000000000000000e+01 -9.684967744189264954e-03 -1.326333707644929139e-02 3.343306692927358224e-05 1.060371150221848797e-04
3.700000000000000000e+01 -8.529569000448924618e-03 -1.012162318211351844e-02 3.338480826173206379e-05 1.053789643377394427e-04
3.800000000000000000e+01 -7.060460409123016021e-03 -7.048199834073572145e-03 3.332856137698806412e-05 1.050173191563601546e-04
3.900000000000000000e+01 -5.717003986111772983e-03 -3.922856469746716958e-03 3.325730071975069291e-05 1.048304919806621261e-04
4.000000000000000000e+01 -4.585644200919179563e-03 -7.563020511647194173e-04 3.316598617814366887e-05 1.048192394883600519e-04
4.100000000000000000e+01 -3.453679970387694542e-03 2.342545969124862088e-03 3.304067080179262097e-05 1.049066763571866761e-04
4.200000000000000000e+01 -2.554835083691326964e-03 5.227104146652818140e-03 3.284940188582219123e-05 1.049440717230635135e-04
4.300000000000000000e+01 -2.014875257267702106e-03 7.788503194142409186e-03 3.253652953069116816e-05 1.046513236161129227e-04
4.400000000000000000e+01 -1.098626586546360426e-03 9.948145684542540959e-03 3.203832748312028652e-05 1.038610831275121443e-04
4.500000000000000000e+01 -3.179292891680624450e-05 1.170426408289210879e-02 3.131636471884459248e-05 1.023249459241122914e-04
4.600000000000000000e+01 3.986157173101456935e-04 1.306100566083745300e-02 3.040062474030806028e-05 1.000747859563241160e-04
4.700000000000000000e+01 9.568739692126299783e-04 1.401369685884946287e-02 2.940873314118242380e-05 9.745290677894313965e-05
