# freqs 	 pli 	 dpli 	 meanpower(thalamus)	 meanpower(scalp)	pli
8.000000000000000000e+00 7.368830710714395493e-02 1.298588299765215393e-01 7.078092655725601984e-05 1.661031828416731089e-04
9.000000000000000000e+00 7.418564485681006238e-02 1.015203426478852866e-01 6.424980998463310461e-05 1.618878506770377534e-04
1.000000000000000000e+01 4.203958823349726592e-02 5.425198726391820131e-02 5.960429278286305185e-05 1.517974465251857607e-04
1.100000000000000000e+01 2.213111316964200617e-02 1.922307045135106598e-02 5.619632442969257875e-05 1.368094429906032360e-04
1.200000000000000000e+01 8.324006182568507300e-03 7.825093477942156317e-03 5.332680188447141235e-05 1.208180138962093863e-04
1.300000000000000000e+01 1.348080458917770910e-02 1.785927599487712944e-02 5.113530944660438552e-05 1.066496555326879346e-04
1.400000000000000000e+01 9.340699521995518909e-03 1.313481352538066124e-02 4.928352998524913002e-05 9.551600126072193960e-05
1.500000000000000000e+01 -3.963034454484890522e-03 -4.182755020851076748e-03 4.821042371563881597e-05 8.712061577140790944e-05
1.600000000000000000e+01 -1.220322846465387787e-02 -1.362746002010899009e-02 4.764140595675042726e-05 8.084159205275819938e-05
1.700000000000000000e+01 -4.930543117850689182e-03 -4.977969738556372800e-03 4.734674576744292104e-05 7.611590232048537775e-05
1.800000000000000000e+01 4.147365490017057392e-03 6.899122413109473433e-03 4.718670178235673973e-05 7.252990815519840472e-05
1.900000000000000000e+01 8.123463007101167782e-03 8.887973664050065337e-03 4.707697235688707997e-05 6.976204228234217884e-05
2.000000000000000000e+01 5.621001978373192827e-03 2.238692677119504156e-03 4.693332999585134998e-05 6.746642614509098352e-05
2.100000000000000000e+01 -2.044602985763435254e-03 -5.760134838299220926e-03 4.675267179256226873e-05 6.556861409660613303e-05
2.200000000000000000e+01 -4.188934067066432329e-03 -1.046665827203918479e-02 4.652100534106377692e-05 6.399405200803134257e-05
2.300000000000000000e+01 -1.005333807113506853e-02 -1.293772578577847762e-02 4.627828677315505421e-05 6.248446303967843845e-05
2.400000000000000000e+01 -1.191941616872534832e-02 -1.447671542267717736e-02 4.600113069444677650e-05 6.081805234669064803e-05
2.500000000000000000e+01 -1.009355044036513646e-02 -1.453810513587886800e-02 4.568442349806565474e-05 5.899644515000882980e-05
2.600000000000000000e+01 -6.590252468984270258e-03 -1.283722955866140568e-02 4.539030032886356205e-05 5.716044524516781042e-05
2.700000000000000000e+01 -2.960805429684882240e-03 -1.027762271307728660e-02 4.511375400501565727e-05 5.544762406405942111e-05
2.800000000000000000e+01 -1.414477874603092128e-03 -8.347436594395870810e-03 4.485142465188051477e-05 5.389756387583621036e-05
2.900000000000000000e+01 -1.497168398897736783e-03 -8.097387856561858929e-03 4.462032617191077270e-05 5.248472121016763760e-05
3.000000000000000000e+01 -2.271432398474140715e-03 -9.413591392248786202e-03 4.442414116530497733e-05 5.124341481159299690e-05
3.100000000000000000e+01 -3.219630883559512248e-03 -1.120903019607620218e-02 4.424107859555225891e-05 5.016703032454382269e-05
3.200000000000000000e+01 -5.872059256130399661e-03 -1.204701912661253725e-02 4.407712223105678345e-05 4.922923356646672401e-05
3.300000000000000000e+01 -5.936427339807435859e-03 -1.107634287011426133e-02 4.392730904839181898e-05 4.840722559354729385e-05
3.400000000000000000e+01 -4.770095712945988942e-03 -8.360246826613876303e-03 4.378329232158080470e-05 4.766757538083180924e-05
3.500000000000000000e+01 -3.144823010642638830e-03 -4.780554430449965829e-03 4.363939143926239906e-05 4.700176202264765918e-05
3.600000000000000000e+01 -2.651630083468867541e-03 -1.299056866068014652e-03 4.348053880680840508e-05 4.639852469887907041e-05
3.700000000000000000e+01 -6.877967890254013976e-04 1.318669223281942809e-03 4.331031167988028650e-05 4.582666693403970388e-05
3.800000000000000000e+01 9.702208147217349999e-04 2.555006809312325346e-03 4.312845898871780576e-05 4.526016053923103506e-05
3.900000000000000000e+01 7.911526529043778780e-05 2.110489701677623238e-03 4.294150886689338025e-05 4.469211724601428046e-05
4.000000000000000000e+01 3.380824977798621632e-04 2.851283797126692780e-05 4.275081991680159695e-05 4.413648195701653799e-05
4.100000000000000000e+01 -1.158192090395480326e-03 -3.199240213711071739e-03 4.254097967436019944e-05 4.357301343020890123e-05
4.200000000000000000e+01 -2.987396069592300040e-03 -6.793944929672938136e-03 4.226838580412147449e-05 4.295360398497363464e-05
4.300000000000000000e+01 -4.228299952265685176e-03 -1.006234569291227475e-02 4.185150466676015326e-05 4.221185959779739482e-05
4.400000000000000000e+01 -5.706711552184121072e-03 -1.256805315386127185e-02 4.119241597130903501e-05 4.126650721089312600e-05
4.500000000000000000e+01 -5.268325007741999667e-03 -1.431756111166792786e-02 4.023784093867644265e-05 4.005675032773730389e-05
4.600000000000000000e+01 -5.887911334982249417e-03 -1.549169096405816730e-02 3.902736241435560339e-05 3.860684948245685311e-05
4.700000000000000000e+01 -6.283377797853469636e-03 -1.628635671800565676e-02 3.770994167625016141e-05 3.704735024787303519e-05
