# freqs 	 pli 	 dpli 	 meanpower(thalamus)	 meanpower(scalp)	pli
8.000000000000000000e+00 -1.598868301807122860e-01 -3.419119201558287746e-01 1.402947764954944315e-04 9.423214930013963046e-04
9.000000000000000000e+00 -1.467812624900886008e-02 -1.186766036114570919e-02 1.188165826433672641e-04 8.132650844183246259e-04
1.000000000000000000e+01 2.915684655703872780e-02 7.089024838819824037e-02 1.015265992123167045e-04 5.938935743223052767e-04
1.100000000000000000e+01 2.201122213351839121e-02 4.932620069759344195e-02 9.332252806162177189e-05 4.188905479066600338e-04
1.200000000000000000e+01 9.418285321489708317e-03 1.710342223654843369e-02 9.029403915067731523e-05 3.461930346064208213e-04
1.300000000000000000e+01 -8.115421908825035460e-04 -1.866294058204256198e-03 8.837602417192675763e-05 3.266248479676657252e-04
1.400000000000000000e+01 1.931367845477428109e-03 3.913003981136263347e-03 8.649555362709516787e-05 3.200688686566227192e-04
1.500000000000000000e+01 8.599994120778801585e-03 1.506550886020552489e-02 8.455946139673645200e-05 3.105228181351270072e-04
1.600000000000000000e+01 1.431164609490949424e-02 2.529676618678110278e-02 8.216832998981875823e-05 2.949563063749293594e-04
1.700000000000000000e+01 1.888372847423202064e-02 3.338639440979742495e-02 7.910068229311829641e-05 2.747940691937156700e-04
1.800000000000000000e+01 2.254375901712214053e-02 3.465112652813113342e-02 7.572081696725995565e-05 2.522105191223674337e-04
1.900000000000000000e+01 2.163650464427086667e-02 3.157458850748707385e-02 7.254849109787545709e-05 2.297924894735867553e-04
2.000000000000000000e+01 1.787937055701820099e-02 2.811270006051436177e-02 6.989591292592891181e-05 2.102681810114330832e-04
2.100000000000000000e+01 1.530445644213790021e-02 2.596980814280535829e-02 6.777752412068569323e-05 1.949857341026877409e-04
2.200000000000000000e+01 1.588866596907115986e-02 2.395351465397248594e-02 6.607194970776324877e-05 1.838208824794692047e-04
2.300000000000000000e+01 1.407602256982791455e-02 2.079405229955356982e-02 6.465319954641456784e-05 1.757126487086817571e-04
2.400000000000000000e+01 1.353132075767861896e-02 1.717576660346368730e-02 6.345395657375001045e-05 1.693211446867742267e-04
2.500000000000000000e+01 1.238506814759772305e-02 1.449563623435219314e-02 6.244556580555690988e-05 1.638384526057100983e-04
2.600000000000000000e+01 1.348490766511978474e-02 1.403005716705419195e-02 6.163509518017040137e-05 1.586911494010527837e-04
2.700000000000000000e+01 1.687777658964313698e-02 1.664487101219988205e-02 6.105678289436039009e-05 1.537746896310675519e-04
2.800000000000000000e+01 1.825831799716345558e-02 2.233395107166633378e-02 6.068137321321765857e-05 1.490146437281932479e-04
2.900000000000000000e+01 2.166007978562837014e-02 2.968207122780064378e-02 6.043279521901344142e-05 1.444359511051776024e-04
3.000000000000000000e+01 2.469086172174269483e-02 3.610730625746321615e-02 6.018196462926734506e-05 1.400651342159749851e-04
3.100000000000000000e+01 2.707409166908312376e-02 3.937578445812819211e-02 5.978829876322902466e-05 1.360921818506587828e-04
3.200000000000000000e+01 2.658061617547161082e-02 3.887842456487843740e-02 5.917673942294151320e-05 1.325265425536502795e-04
3.300000000000000000e+01 2.573659778704675757e-02 3.526994199946288655e-02 5.836385919888020525e-05 1.293592446620136366e-04
3.400000000000000000e+01 2.373363816788100905e-02 2.970272227128068973e-02 5.742879477728738536e-05 1.267233047992910849e-04
3.500000000000000000e+01 2.184992177046751055e-02 2.320472468867085941e-02 5.644726959474504380e-05 1.245742238903768228e-04
3.600000000000000000e+01 1.928728882847847992e-02 1.665304915774556971e-02 5.547211487628661108e-05 1.229636038420512528e-04
3.700000000000000000e+01 1.687946852406861653e-02 1.070308171623742324e-02 5.454240494699704388e-05 1.218537006179141351e-04
3.800000000000000000e+01 1.287044799850141710e-02 5.840442923771297680e-03 5.367784150924840696e-05 1.212083972107753075e-04
3.900000000000000000e+01 1.077530565647463225e-02 2.090695377607768458e-03 5.287919783262736166e-05 1.207696728628962143e-04
4.000000000000000000e+01 9.257466157847771965e-03 -5.324375865513319983e-04 5.214032511937142616e-05 1.204813125126597261e-04
4.100000000000000000e+01 9.087882393716217866e-03 -2.121030461291211703e-03 5.143829596492448849e-05 1.202504065933887004e-04
4.200000000000000000e+01 8.859557309930005814e-03 -2.782073405705467409e-03 5.071942313755963179e-05 1.199523688937576286e-04
4.300000000000000000e+01 9.321544825664088499e-03 -2.594151857618787888e-03 4.988643760761575605e-05 1.192976496643700907e-04
4.400000000000000000e+01 8.734611949227468961e-03 -1.839868693893421166e-03 4.883594513394958787e-05 1.181500198756082245e-04
4.500000000000000000e+01 7.947923672441471396e-03 -7.286969028021318033e-04 4.749655287409272657e-05 1.162117975610153483e-04
4.600000000000000000e+01 7.187820413470309353e-03 5.272360489901161545e-04 4.589298818788252243e-05 1.134958467751109504e-04
4.700000000000000000e+01 7.366632989697709764e-03 1.793966588013468132e-03 4.417500328650847218e-05 1.103501498670455844e-04
