# freqs 	 pli 	 dpli 	 meanpower(thalamus)	 meanpower(scalp)	pli
8.000000000000000000e+00 -1.356541627707512875e-02 -8.881925140742683716e-03 6.198700169006108338e-05 2.274519004366403851e-04
9.000000000000000000e+00 -1.699065907754602339e-02 -3.571401931651813078e-02 5.516429449324509993e-05 1.880467337975913022e-04
1.000000000000000000e+01 -1.435203837123202528e-02 -2.057627050228721249e-02 5.142083119094454903e-05 1.586276054696015637e-04
1.100000000000000000e+01 -5.927512194439195879e-03 7.937045284237262410e-03 5.210529640197466368e-05 1.346173775540893808e-04
1.200000000000000000e+01 -1.184972163111916156e-04 4.003720979708677574e-02 5.306220227866644039e-05 1.182142647500488054e-04
1.300000000000000000e+01 7.327203346516278359e-03 4.314508886945455507e-02 5.132189835665155239e-05 1.083916825559672580e-04
1.400000000000000000e+01 1.315698345136823502e-02 3.554914583240424003e-02 4.844981948413695826e-05 1.024398101143670682e-04
1.500000000000000000e+01 1.558390028830560978e-02 3.585238591800999491e-02 4.549004799537008858e-05 9.664842970999470593e-05
1.600000000000000000e+01 1.409013749453527121e-02 3.191619079907086903e-02 4.320101660793986524e-05 8.989977356703990688e-05
1.700000000000000000e+01 1.513110380709537656e-02 2.602672118118292202e-02 4.189201470092225382e-05 8.386370973258507348e-05
1.800000000000000000e+01 9.234191816940533551e-03 2.291461790526316475e-02 4.126449463398429435e-05 7.964345904084145391e-05
1.900000000000000000e+01 1.006215899699584512e-02 2.065480446126149658e-02 4.097207386711964895e-05 7.694534638297653066e-05
2.000000000000000000e+01 1.037074990906281836e-02 1.958371297288436647e-02 4.094782864333983065e-05 7.499094996005651204e-05
2.100000000000000000e+01 1.321991100799990541e-02 2.030335519998467328e-02 4.117824903903726734e-05 7.330248924221768544e-05
2.200000000000000000e+01 1.203239852052998687e-02 2.116624427680171769e-02 4.161971317671509418e-05 7.187871615557507392e-05
2.300000000000000000e+01 1.031434088964843995e-02 1.985537986150517561e-02 4.215532906895171289e-05 7.049850732342831806e-05
2.400000000000000000e+01 6.800337535001737405e-03 1.477050533857310333e-02 4.265447499984597002e-05 6.903930592770741634e-05
2.500000000000000000e+01 4.133902668564450392e-03 8.049632180199661757e-03 4.304119539040765334e-05 6.742252031325181338e-05
2.600000000000000000e+01 -2.137345843931006331e-05 4.580226230522658863e-03 4.339316806029833309e-05 6.565777104664665407e-05
2.700000000000000000e+01 1.175234100615954631e-03 7.377480898026518227e-03 4.387265505966322660e-05 6.389611022352029255e-05
2.800000000000000000e+01 7.534094468564623594e-03 1.508123506333389555e-02 4.454684823178516170e-05 6.219363507578169596e-05
2.900000000000000000e+01 1.474616955236261392e-02 2.382845117861127557e-02 4.533661891209229923e-05 6.054790912853671585e-05
3.000000000000000000e+01 1.737278941087121512e-02 3.042052724676001796e-02 4.603440359324569025e-05 5.898614562486087813e-05
3.100000000000000000e+01 2.150607372100474604e-02 3.364763451069576611e-02 4.638559484701819749e-05 5.753987198143323891e-05
3.200000000000000000e+01 2.037799946024950251e-02 3.384141552359027499e-02 4.624307275749363095e-05 5.624255674762660610e-05
3.300000000000000000e+01 1.966949980177723489e-02 3.210832435085905767e-02 4.562788745091189262e-05 5.507625981498713726e-05
3.400000000000000000e+01 1.777378832427815511e-02 2.972714199862213150e-02 4.467167220482003880e-05 5.402330488762946024e-05
3.500000000000000000e+01 1.646811560327391885e-02 2.763156112653730040e-02 4.354116962934185213e-05 5.307107189882841718e-05
3.600000000000000000e+01 1.791898752265339012e-02 2.591759034704766221e-02 4.240395385145155291e-05 5.221301255389146893e-05
3.700000000000000000e+01 1.618370356643734562e-02 2.452689402329078297e-02 4.136739623270173165e-05 5.145488831678429287e-05
3.800000000000000000e+01 1.537402146248501543e-02 2.346793527322164896e-02 4.048083790284157812e-05 5.079919262245689073e-05
3.900000000000000000e+01 1.487754370133851679e-02 2.288765511000633024e-02 3.975234382262971103e-05 5.022085402300237880e-05
4.000000000000000000e+01 1.286455929078684016e-02 2.264561870113292533e-02 3.915980097159695250e-05 4.970288130014296319e-05
4.100000000000000000e+01 1.454463482350493164e-02 2.243817865572919623e-02 3.864561893871173857e-05 4.921319415908584734e-05
4.200000000000000000e+01 1.496386389133648291e-02 2.194500204437043259e-02 3.814325256907141477e-05 4.869897245134261642e-05
4.300000000000000000e+01 1.285106915695252879e-02 2.104293236987654983e-02 3.756021138208569683e-05 4.806899847483911935e-05
4.400000000000000000e+01 1.151109331320801163e-02 1.991594087419646178e-02 3.680126594523786627e-05 4.724237079849759834e-05
4.500000000000000000e+01 1.194846484791856935e-02 1.872426459189747289e-02 3.580785909692420579e-05 4.612535683035343554e-05
4.600000000000000000e+01 1.165638388537151675e-02 1.759528775398926104e-02 3.460525222859280747e-05 4.471989559094483952e-05
4.700000000000000000e+01 1.039528226686577128e-02 1.655033059333871001e-02 3.331613005633827531e-05 4.315189671621521888e-05
