# freqs 	 pli 	 dpli 	 meanpower(thalamus)	 meanpower(scalp)	pli
8.000000000000000000e+00 -2.682541090791265223e-02 -6.989058601223627210e-02 3.333805396757364011e-05 1.273394358305905520e-04
9.000000000000000000e+00 -4.291226181546469592e-02 -9.684680312021819171e-02 3.112385023241546475e-05 1.117485394055522626e-04
1.000000000000000000e+01 -6.522656150367384109e-02 -1.499855467373581164e-01 3.460026775859166001e-05 1.046937779897210623e-04
1.100000000000000000e+01 -8.414314849679321862e-02 -2.054629175036008504e-01 3.975038392493882792e-05 1.023759226343459527e-04
1.200000000000000000e+01 -8.394776689198724107e-02 -1.952532068326773007e-01 3.859195545534039869e-05 1.009769883427892730e-04
1.300000000000000000e+01 -8.329330132819286192e-02 -1.821123578033039536e-01 3.379893618990157251e-05 1.034153654120878479e-04
1.400000000000000000e+01 -8.465670039350642329e-02 -2.231145607200492598e-01 3.003460472852085726e-05 1.050800802918063019e-04
1.500000000000000000e+01 -8.218095023843531577e-02 -2.526753953641774908e-01 2.789165454864951841e-05 9.930334340702262055e-05
1.600000000000000000e+01 -7.203989799504531555e-02 -2.291737245508901899e-01 2.662697974658863643e-05 8.775848603315241400e-05
1.700000000000000000e+01 -6.072136957187191514e-02 -1.753105179071837438e-01 2.585761074716470186e-05 7.591570643746460448e-05
1.800000000000000000e+01 -4.456488582924735681e-02 -1.247613717724269655e-01 2.547761066906723438e-05 6.706044725965461717e-05
1.900000000000000000e+01 -3.582593312283335885e-02 -9.121452773327200225e-02 2.551530116265039264e-05 6.133726212296852559e-05
2.000000000000000000e+01 -2.994893036802454001e-02 -7.026230796886341612e-02 2.602440815738624286e-05 5.760528392861782144e-05
2.100000000000000000e+01 -2.543699462101642328e-02 -5.714325368184842990e-02 2.681624679816150942e-05 5.484528531096905836e-05
2.200000000000000000e+01 -2.034579129508698805e-02 -4.826897043308542301e-02 2.753506226299381923e-05 5.254889252867100524e-05
2.300000000000000000e+01 -1.647281655639883102e-02 -4.115506071569369900e-02 2.789563853767392115e-05 5.054757298905717777e-05
2.400000000000000000e+01 -1.494726618245981187e-02 -3.503490213164636019e-02 2.786048345964834330e-05 4.884220362641162829e-05
2.500000000000000000e+01 -1.388005785729006306e-02 -3.016576782742990195e-02 2.761230528303228518e-05 4.743374384681155707e-05
2.600000000000000000e+01 -1.241389951893155479e-02 -2.669540143179657127e-02 2.735550732421332775e-05 4.629763722856989255e-05
2.700000000000000000e+01 -1.244931000511672985e-02 -2.403813203258491765e-02 2.721238922454195328e-05 4.535783052183697161e-05
2.800000000000000000e+01 -1.073386989320343488e-02 -2.141693142871936573e-02 2.720766796542629318e-05 4.450869713048405136e-05
2.900000000000000000e+01 -9.407373094748807882e-03 -1.859320330437850069e-02 2.732386107328813431e-05 4.366737282419096041e-05
3.000000000000000000e+01 -7.664184332803354420e-03 -1.585590299864096317e-02 2.752361514450869250e-05 4.282161909321015715e-05
3.100000000000000000e+01 -7.586991079976056554e-03 -1.361127170232457294e-02 2.777270106071899979e-05 4.199710081753341021e-05
3.200000000000000000e+01 -6.729509508749430442e-03 -1.202780169868243772e-02 2.804898437688833126e-05 4.123392720840271129e-05
3.300000000000000000e+01 -6.234868525598481585e-03 -1.099708390374002677e-02 2.832900408256916838e-05 4.056095689462602745e-05
3.400000000000000000e+01 -4.935117152288247266e-03 -1.028814854726044746e-02 2.859498817211148446e-05 3.998380560835420965e-05
3.500000000000000000e+01 -4.278819187037705314e-03 -9.727810944200906626e-03 2.884819090984921421e-05 3.949552534752303907e-05
3.600000000000000000e+01 -5.009244417830522288e-03 -9.314295887478696648e-03 2.909131795881014611e-05 3.909068739365953064e-05
3.700000000000000000e+01 -5.031137600774350169e-03 -9.109295345436843952e-03 2.932694951072182176e-05 3.875437715861757156e-05
3.800000000000000000e+01 -5.040776736049875847e-03 -9.118734924653841209e-03 2.955659417867872825e-05 3.846765953801198270e-05
3.900000000000000000e+01 -5.439553809031684277e-03 -9.275859984296357108e-03 2.978666755097850348e-05 3.821473652544165955e-05
4.000000000000000000e+01 -6.032509135688564686e-03 -9.498448126091640215e-03 3.001326303962627978e-05 3.798091178138545874e-05
4.100000000000000000e+01 -6.705609266930901390e-03 -9.712553876409910428e-03 3.021627811741621589e-05 3.774471810768865239e-05
4.200000000000000000e+01 -6.973395964548282679e-03 -9.869194005892862123e-03 3.035033332347436772e-05 3.746119554973204610e-05
4.300000000000000000e+01 -6.501489098684569250e-03 -9.946655098344992299e-03 3.035178608080424083e-05 3.705556229745406524e-05
4.400000000000000000e+01 -6.727724774271894026e-03 -9.893859226545991675e-03 3.015184752729209764e-05 3.644866925098386916e-05
4.500000000000000000e+01 -6.231886074041354494e-03 -9.704367121758029208e-03 2.971253417938914739e-05 3.558660718293450682e-05
4.600000000000000000e+01 -5.511858584538252559e-03 -9.343344609002627796e-03 2.906467876843214500e-05 3.449462123312248550e-05
4.700000000000000000e+01 -5.085362877251102878e-03 -8.766847754851118599e-03 2.832842924848440704e-05 3.329633337471073196e-05
