# freqs 	 pli 	 dpli 	 meanpower(thalamus)	 meanpower(scalp)	pli
8.000000000000000000e+00 -1.444339053464241233e-02 -3.882464581627488587e-02 4.025159648389947550e-05 3.268964519836824916e-04
9.000000000000000000e+00 3.609467758730761089e-02 7.532588825906995356e-02 4.007350746206432736e-05 3.043549303145664923e-04
1.000000000000000000e+01 2.221415489707386642e-02 4.441719449351735904e-02 3.927711139734472138e-05 2.283378882832781567e-04
1.100000000000000000e+01 2.664286370055614275e-03 3.755565440113489153e-04 3.849903343998188827e-05 1.809151501008584716e-04
1.200000000000000000e+01 -9.445560077142291450e-04 -3.758775964896481775e-02 3.822698638363114239e-05 1.661813648964529787e-04
1.300000000000000000e+01 1.896228096509644046e-03 -5.331192684913257929e-02 3.887568535489051150e-05 1.666433338601877427e-04
1.400000000000000000e+01 5.430597895035565309e-03 -2.696480855449555347e-02 4.088086417233530927e-05 1.701593585038876498e-04
1.500000000000000000e+01 6.409228613391646824e-03 7.375041498591678726e-04 4.426477985816534475e-05 1.705840758023241532e-04
1.600000000000000000e+01 9.313677126493856429e-03 1.481467629337190201e-02 4.784984690135526031e-05 1.666466536525853495e-04
1.700000000000000000e+01 1.157123606200873532e-02 2.254642146787767462e-02 4.998810951680421143e-05 1.598253045645774107e-04
1.800000000000000000e+01 1.123611189041579667e-02 2.463630848985371921e-02 5.019621228859114375e-05 1.518319000624800629e-04
1.900000000000000000e+01 8.679731676393038359e-03 2.123516121911140156e-02 4.933632994372722316e-05 1.443846728450532519e-04
2.000000000000000000e+01 6.683713164219046328e-03 1.545216976683842260e-02 4.850287740954777868e-05 1.386517618371696818e-04
2.100000000000000000e+01 3.993090266217684536e-03 9.339625151354606636e-03 4.821250201879255596e-05 1.348555030977474309e-04
2.200000000000000000e+01 1.017887561097787679e-03 2.615541071299983585e-03 4.843725867859285255e-05 1.324583243465651881e-04
2.300000000000000000e+01 -3.341806562637390787e-03 -5.464953532186313072e-03 4.895519854587632868e-05 1.309976923459258899e-04
2.400000000000000000e+01 -9.540746109112751075e-03 -1.568691656131734197e-02 4.959321483022545180e-05 1.301760580284387387e-04
2.500000000000000000e+01 -1.675540328013385219e-02 -2.892949068769294987e-02 5.029241503731607122e-05 1.298320562760604444e-04
2.600000000000000000e+01 -2.487429948183819683e-02 -4.398676095942671144e-02 5.103397123382332341e-05 1.296086725048271860e-04
2.700000000000000000e+01 -3.080406787250856634e-02 -5.625893539413914790e-02 5.174043841459334146e-05 1.291712671035404850e-04
2.800000000000000000e+01 -3.272741267476356880e-02 -6.100570189285103861e-02 5.228745202184096724e-05 1.281606951134897101e-04
2.900000000000000000e+01 -3.051845709704265747e-02 -5.668792187881522421e-02 5.262321279043413193e-05 1.266768607875688193e-04
3.000000000000000000e+01 -2.448677983138974890e-02 -4.541759696185952710e-02 5.279375706104234243e-05 1.250090704939510445e-04
3.100000000000000000e+01 -1.689708616210702091e-02 -3.080360087928549553e-02 5.289564840192987981e-05 1.235734785634463894e-04
3.200000000000000000e+01 -9.655943206240285431e-03 -1.612238878429603575e-02 5.299024458140002685e-05 1.224861349709886423e-04
3.300000000000000000e+01 -3.328641268108049021e-03 -3.438279527661544915e-03 5.307642652903284174e-05 1.216994942653218419e-04
3.400000000000000000e+01 1.949741504235904827e-03 6.387887695797082356e-03 5.312509027604247753e-05 1.212527377528088463e-04
3.500000000000000000e+01 5.855300901612799092e-03 1.323505392717011162e-02 5.310577539157581049e-05 1.209608137930950661e-04
3.600000000000000000e+01 8.807675193343338788e-03 1.755627565811179736e-02 5.301085638541869069e-05 1.208089552955508747e-04
3.700000000000000000e+01 1.086331129393688921e-02 2.013185707563896337e-02 5.285167008682994250e-05 1.207473271751508643e-04
3.800000000000000000e+01 1.259797933734563280e-02 2.186880040615913484e-02 5.264579213347554139e-05 1.208106586318247422e-04
3.900000000000000000e+01 1.374867233540313580e-02 2.342837022017574267e-02 5.239604669219498936e-05 1.208546846767152855e-04
4.000000000000000000e+01 1.505275301079761485e-02 2.527796714831346062e-02 5.209929466791490279e-05 1.209039597465378084e-04
4.100000000000000000e+01 1.617338593687994361e-02 2.753127335316547797e-02 5.173112880837659974e-05 1.208765289497216555e-04
4.200000000000000000e+01 1.720695026389296167e-02 3.004550427190462794e-02 5.123874109561267254e-05 1.206142576174491906e-04
4.300000000000000000e+01 1.836809920997518539e-02 3.253705877414075215e-02 5.053860454152953740e-05 1.198196848249442561e-04
4.400000000000000000e+01 1.939199591830130867e-02 3.474965390765960560e-02 4.954292010201667289e-05 1.183489726219255709e-04
4.500000000000000000e+01 2.025298886839984117e-02 3.649364302903869428e-02 4.820176413104008105e-05 1.159644734416475156e-04
4.600000000000000000e+01 2.091411820758096174e-02 3.770149991278338997e-02 4.656486566273230284e-05 1.127401286060891516e-04
4.700000000000000000e+01 2.172394168709315329e-02 3.838001240704520117e-02 4.480671055795123412e-05 1.090758044167446767e-04
