# freqs 	 pli 	 dpli 	 meanpower(thalamus)	 meanpower(scalp)	pli
8.000000000000000000e+00 -3.401307453381325480e-02 -4.780777518080537442e-02 1.440204122779204280e-04 7.299472612428824659e-04
9.000000000000000000e+00 -2.461931678979047133e-02 -6.349967602009283507e-02 1.239761171417293206e-04 6.343517970292317969e-04
1.000000000000000000e+01 -1.887765839477377472e-02 -4.536858917798974183e-02 1.132585583429250006e-04 4.793807050270687434e-04
1.100000000000000000e+01 -1.283050839431157733e-02 -2.662442365383991746e-02 1.082169706716083670e-04 3.552608886726615922e-04
1.200000000000000000e+01 -7.870062351011173837e-03 -9.307237269982464659e-03 1.032209313216512049e-04 3.025203155841790391e-04
1.300000000000000000e+01 -1.374876054984902618e-02 -8.234801546729302382e-03 9.791722678926808806e-05 2.868824686316549344e-04
1.400000000000000000e+01 -1.188975850106420429e-02 -9.224149856450522544e-03 9.329969539486410374e-05 2.813635481901483005e-04
1.500000000000000000e+01 -8.625009364153189695e-03 -1.831092018155181314e-02 8.948302368477653547e-05 2.734045355889900284e-04
1.600000000000000000e+01 -1.224537032253264664e-02 -2.906130733963102619e-02 8.622392366056298328e-05 2.591463754260812024e-04
1.700000000000000000e+01 -1.116364667074718625e-02 -2.954070828629347389e-02 8.361108201315216575e-05 2.414861296143670755e-04
1.800000000000000000e+01 -1.042026778862302841e-02 -2.496352890008219153e-02 8.182661906759614858e-05 2.236673595574338873e-04
1.900000000000000000e+01 -9.916587513610464200e-03 -2.448464637165196842e-02 8.068452839157207580e-05 2.080372311076007221e-04
2.000000000000000000e+01 -1.334132898589956984e-02 -3.240748180688135527e-02 7.989637037479431947e-05 1.958415837281952943e-04
2.100000000000000000e+01 -1.979152316664370762e-02 -4.613387652715371379e-02 7.927193312997627675e-05 1.868232849523081382e-04
2.200000000000000000e+01 -2.649511169484259493e-02 -5.937350361423335277e-02 7.879549863066378417e-05 1.796698909174700913e-04
2.300000000000000000e+01 -2.633138863756902606e-02 -6.787378718737729910e-02 7.854463861997614080e-05 1.732491931459286070e-04
2.400000000000000000e+01 -2.711487755342789976e-02 -7.192800478535871234e-02 7.882910374021239786e-05 1.670541158600334034e-04
2.500000000000000000e+01 -2.795234897809833335e-02 -7.361306598448791316e-02 8.018222506205330291e-05 1.612572539466566087e-04
2.600000000000000000e+01 -2.703563411841175892e-02 -7.345819015812740660e-02 8.351543689241582925e-05 1.560577210883073648e-04
2.700000000000000000e+01 -2.757563955192989316e-02 -7.042948721039889171e-02 8.992089517629626863e-05 1.517605441400743859e-04
2.800000000000000000e+01 -2.529903239811210833e-02 -6.468634143076223975e-02 9.942799009881832977e-05 1.482392565073799404e-04
2.900000000000000000e+01 -2.449281649526628690e-02 -5.779285184782422674e-02 1.100727445964832249e-04 1.455684819110522415e-04
3.000000000000000000e+01 -2.310525281919842758e-02 -5.080052258681110738e-02 1.186192253581554060e-04 1.436651775474463233e-04
3.100000000000000000e+01 -2.089041176245153703e-02 -4.373617786056064466e-02 1.224646845729324108e-04 1.426557409376409354e-04
3.200000000000000000e+01 -1.855740548906056886e-02 -3.651146785476819256e-02 1.208296528089619214e-04 1.423889738521554580e-04
3.300000000000000000e+01 -1.493825583243228033e-02 -2.908496026291236200e-02 1.146863106826547798e-04 1.426932804537673033e-04
3.400000000000000000e+01 -1.168614746361189109e-02 -2.187288438555597125e-02 1.059719404679080511e-04 1.436740683660407681e-04
3.500000000000000000e+01 -7.341374902777696686e-03 -1.523252236601676732e-02 9.665532197996031471e-05 1.450013103621614703e-04
3.600000000000000000e+01 -4.380544926152875850e-03 -9.796120944732809518e-03 8.819173645366372785e-05 1.466934017326407920e-04
3.700000000000000000e+01 -2.235964679494965943e-03 -6.139608946795529522e-03 8.131348844826445936e-05 1.486590381883030659e-04
3.800000000000000000e+01 -8.509699359959511326e-04 -4.685957032839218467e-03 7.614700751198289895e-05 1.509560605762362974e-04
3.900000000000000000e+01 -5.997552443915950618e-04 -5.158882992759825786e-03 7.244176407645821136e-05 1.532187094300960174e-04
4.000000000000000000e+01 -1.518948390757070147e-03 -7.060367321773361113e-03 6.982292216588976161e-05 1.554408443370755869e-04
4.100000000000000000e+01 -3.176724758749820045e-03 -9.577658618733487367e-03 6.792068078205373664e-05 1.574148361728988871e-04
4.200000000000000000e+01 -5.025958182340459213e-03 -1.196280474581285121e-02 6.640604796911179716e-05 1.588485474150653251e-04
4.300000000000000000e+01 -6.445729047737206417e-03 -1.361384223763595011e-02 6.499066284992971562e-05 1.592020055855538545e-04
4.400000000000000000e+01 -5.771381895759751871e-03 -1.449655136006929891e-02 6.343667415736805324e-05 1.584086524201058332e-04
4.500000000000000000e+01 -5.420163006383747241e-03 -1.455970885004021463e-02 6.158726664173784222e-05 1.561651650073120877e-04
4.600000000000000000e+01 -5.344032852992708013e-03 -1.403379490371541374e-02 5.944274127746312946e-05 1.527108046242111651e-04
4.700000000000000000e+01 -4.979843129032565305e-03 -1.322284828231779646e-02 5.718467717887254037e-05 1.487437774409056611e-04
