# freqs 	 pli 	 dpli 	 meanpower(thalamus)	 meanpower(scalp)	pli
8.000000000000000000e+00 -1.293559716438062723e-01 -2.474951069380297020e-01 1.497288099502600055e-04 2.522871416886002705e-04
9.000000000000000000e+00 -7.751200480779583957e-02 -1.464033523421957028e-01 1.404790892752870001e-04 2.276713842920160787e-04
1.000000000000000000e+01 -7.025687312467981949e-02 -1.309276013704054886e-01 1.311075426021074408e-04 2.014282942623961306e-04
1.100000000000000000e+01 -8.316238950281619469e-02 -1.554092379595764517e-01 1.214125859843380207e-04 1.781263357046250365e-04
1.200000000000000000e+01 -8.066545749717450586e-02 -1.472730997661316210e-01 1.102099086848445746e-04 1.557715586454555209e-04
1.300000000000000000e+01 -5.395771306289542241e-02 -1.109356530248907652e-01 9.960619475217338066e-05 1.360496296543595607e-04
1.400000000000000000e+01 -3.473572787314783278e-02 -7.317902705341434999e-02 9.217898800360397617e-05 1.208894018560131340e-04
1.500000000000000000e+01 -2.460344685970498185e-02 -5.050473719527155680e-02 8.663521253398110962e-05 1.108493209431958158e-04
1.600000000000000000e+01 -1.743004963332332735e-02 -3.573625721782828363e-02 8.204169097578144383e-05 1.038245747747256181e-04
1.700000000000000000e+01 -1.301868694901938024e-02 -2.081894739781729037e-02 7.825922623036904370e-05 9.843099279628027612e-05
1.800000000000000000e+01 -7.327136214621142625e-03 -5.924380447293499038e-03 7.502248878535069606e-05 9.449874084935814059e-05
1.900000000000000000e+01 -2.316917345320750662e-03 5.308208462361069593e-03 7.238771373429646056e-05 9.159656193664797918e-05
2.000000000000000000e+01 -3.150649502981916258e-03 1.006349849981260855e-02 7.051740001270835731e-05 8.924623426682726983e-05
2.100000000000000000e+01 -3.383610337208185423e-03 1.267415410715512850e-02 6.933103232568178125e-05 8.727298986179806578e-05
2.200000000000000000e+01 2.765242438790206647e-03 1.777699656130185546e-02 6.861488925597945788e-05 8.550807800001047128e-05
2.300000000000000000e+01 1.145955282602437349e-02 2.551957425979636124e-02 6.806754778097986146e-05 8.376889578913355940e-05
2.400000000000000000e+01 1.461781912342955715e-02 3.249453246327643069e-02 6.755566103660776210e-05 8.183702439424136998e-05
2.500000000000000000e+01 1.861209623310649056e-02 3.566471801948024878e-02 6.711779504195509636e-05 7.975419961864017610e-05
2.600000000000000000e+01 1.693398486155025390e-02 3.543817965268832720e-02 6.682085807615926760e-05 7.761418075328930881e-05
2.700000000000000000e+01 1.732452360432825897e-02 3.427138222704518428e-02 6.662935489003763356e-05 7.557761742576661265e-05
2.800000000000000000e+01 1.661529625729874643e-02 3.388042613007688497e-02 6.652152215363354526e-05 7.374920176747814713e-05
2.900000000000000000e+01 1.473925940101425761e-02 3.513972715672174230e-02 6.659585672472858957e-05 7.219850842146187516e-05
3.000000000000000000e+01 1.483593226824835021e-02 3.911120908295148690e-02 6.702445135409114711e-05 7.094997942450711516e-05
3.100000000000000000e+01 1.673902648943291493e-02 4.713892272525550126e-02 6.800033640192045242e-05 7.002436780574371265e-05
3.200000000000000000e+01 1.793901156677181821e-02 5.968518217393405101e-02 6.958087919301039488e-05 6.936009611776492454e-05
3.300000000000000000e+01 2.042052948485138103e-02 7.530524180929176747e-02 7.169068336006209955e-05 6.890246462776822441e-05
3.400000000000000000e+01 2.574949842361708152e-02 9.107489840459129238e-02 7.405031328535621846e-05 6.859303448808149741e-05
3.500000000000000000e+01 3.116531553604399984e-02 1.036777700127832491e-01 7.619689212939952962e-05 6.838074864358120210e-05
3.600000000000000000e+01 3.657042334899240910e-02 1.111125096746830437e-01 7.760142953990449067e-05 6.819563090144829213e-05
3.700000000000000000e+01 4.166308605125913778e-02 1.122197510369125351e-01 7.787319875092781616e-05 6.797811080667575713e-05
3.800000000000000000e+01 4.359204897519743105e-02 1.070771130964582318e-01 7.688219396142886820e-05 6.771056201197158883e-05
3.900000000000000000e+01 3.937422644307431857e-02 9.667772684589158450e-02 7.474451186075094309e-05 6.738651648622165163e-05
4.000000000000000000e+01 3.371067382230173021e-02 8.272966556824631890e-02 7.178545414773506166e-05 6.701783736371779256e-05
4.100000000000000000e+01 2.741786706679474189e-02 6.698282017897529139e-02 6.839980398559825070e-05 6.661682831299806649e-05
4.200000000000000000e+01 2.330008383109036588e-02 5.126589277765011832e-02 6.492692296977346626e-05 6.615194005390702880e-05
4.300000000000000000e+01 2.066593739658209583e-02 3.711817927903699604e-02 6.156002259399605085e-05 6.553070708492254588e-05
4.400000000000000000e+01 1.508758580510191800e-02 2.541665062138899131e-02 5.833022972348269410e-05 6.461941137165028485e-05
4.500000000000000000e+01 1.211021698862385122e-02 1.635162116836407289e-02 5.519154682681887277e-05 6.330123244107942789e-05
4.600000000000000000e+01 1.025873202720284372e-02 9.599878549199879207e-03 5.213517093739562802e-05 6.156792170160249405e-05
4.700000000000000000e+01 7.265366956302972239e-03 4.669660944934433608e-03 4.925417469970332530e-05 5.958200580005950877e-05
