# freqs 	 pli 	 dpli 	 meanpower(thalamus)	 meanpower(scalp)	pli
8.000000000000000000e+00 -3.178267260400266525e-02 8.151560794090842443e-02 7.274858597331094567e-05 1.599770108121173181e-04
9.000000000000000000e+00 -3.564406018709025820e-02 -5.847942322659672489e-03 6.526600944893598609e-05 1.270971094649441684e-04
1.000000000000000000e+01 -2.715966254389607856e-02 -3.171006843500655259e-02 6.187634872104585666e-05 1.082539784073590868e-04
1.100000000000000000e+01 -1.944039785000251097e-02 -1.329323603370924541e-02 6.089713562565036889e-05 1.004591175120893553e-04
1.200000000000000000e+01 -2.507623541424180980e-02 -6.495487446600664572e-02 5.969495171737489284e-05 9.676564147655805572e-05
1.300000000000000000e+01 -3.928099298205144085e-02 -1.062803121003745577e-01 5.779456846629819319e-05 9.345823769858874305e-05
1.400000000000000000e+01 -4.773657586340797343e-02 -1.116760188732958542e-01 5.655931620507834135e-05 8.957556397610309134e-05
1.500000000000000000e+01 -4.613691383119546824e-02 -1.060627608841218511e-01 5.585473153955442801e-05 8.456676243121706788e-05
1.600000000000000000e+01 -3.791823789887009688e-02 -8.933862301607291279e-02 5.516887382561464084e-05 7.906977737700421078e-05
1.700000000000000000e+01 -2.610381776204261095e-02 -6.914134389471925102e-02 5.440679121051855764e-05 7.421841026907855703e-05
1.800000000000000000e+01 -1.649639711951596602e-02 -4.845295793775164506e-02 5.361782682752426531e-05 7.073804718145607485e-05
1.900000000000000000e+01 -7.617542169546565739e-03 -2.435102366170379881e-02 5.292429098750697504e-05 6.892090641412413439e-05
2.000000000000000000e+01 -3.599451222907787320e-03 -6.291394931620143509e-03 5.236706727560967950e-05 6.841745388585968892e-05
2.100000000000000000e+01 1.168466186670307850e-03 -1.072135035719636552e-03 5.196890309401831049e-05 6.831943243823975214e-05
2.200000000000000000e+01 1.589153400961072771e-03 -3.099118061975936200e-03 5.166906113151158527e-05 6.779114700918935615e-05
2.300000000000000000e+01 3.121753956044504962e-03 -5.250782290926231735e-03 5.140893374201601891e-05 6.654303649439827250e-05
2.400000000000000000e+01 2.130986557201562312e-03 -5.618129073459705684e-03 5.120347116316503332e-05 6.479343097908137636e-05
2.500000000000000000e+01 1.905271655394727036e-03 -5.153829537090361297e-03 5.106591470356741273e-05 6.297455892434128204e-05
2.600000000000000000e+01 1.630918256400118666e-03 -3.954025479761346870e-03 5.099193152068153418e-05 6.140000476570684667e-05
2.700000000000000000e+01 4.007714673025930888e-03 -1.727852749466935118e-03 5.093555351860530584e-05 6.023510024578624929e-05
2.800000000000000000e+01 7.660743935721510932e-03 8.973204410919263926e-04 5.081332047217796576e-05 5.938063235326169700e-05
2.900000000000000000e+01 7.252968692992095394e-03 2.760326742573918166e-03 5.058138002042330118e-05 5.879659921274793999e-05
3.000000000000000000e+01 5.224390333954845311e-03 2.919822427986960411e-03 5.022095043413151322e-05 5.843899805057684743e-05
3.100000000000000000e+01 2.941394620599074253e-03 1.328600803248282218e-03 4.972117737245977854e-05 5.833382313922404422e-05
3.200000000000000000e+01 3.103922007886661220e-04 -1.263125192010478839e-03 4.907666839282991638e-05 5.840947589206153248e-05
3.300000000000000000e+01 -2.235301156567564770e-03 -3.863809516271345720e-03 4.831120867877238093e-05 5.856060588821719690e-05
3.400000000000000000e+01 -1.858390433964799120e-03 -6.003695457425367414e-03 4.749527277926835568e-05 5.879307507763175159e-05
3.500000000000000000e+01 -7.560882814902183165e-04 -7.558381046826106661e-03 4.668905127380469368e-05 5.902695872152492545e-05
3.600000000000000000e+01 -3.423789604646066179e-04 -8.612136468913915779e-03 4.594137549102574346e-05 5.929027668004979853e-05
3.700000000000000000e+01 -1.065160996596941582e-03 -9.111504250380413755e-03 4.527660460908743031e-05 5.958039460699347285e-05
3.800000000000000000e+01 -1.474687902172457966e-03 -8.878419778360851708e-03 4.470586184857334950e-05 5.991094949431738609e-05
3.900000000000000000e+01 -1.112945903906440153e-04 -8.008349028336267036e-03 4.422988258517637647e-05 6.018675997169000580e-05
4.000000000000000000e+01 9.267121179173381119e-04 -6.610541846492388497e-03 4.383739932190222578e-05 6.042788979825042364e-05
4.100000000000000000e+01 2.098937790966180078e-03 -5.014296800770590146e-03 4.349180256778009760e-05 6.062229055789353097e-05
4.200000000000000000e+01 4.261715211848215307e-03 -3.587617103313914691e-03 4.312828384341526808e-05 6.070735077253050835e-05
4.300000000000000000e+01 3.958556263809764192e-03 -2.667250502081882062e-03 4.265130789896703282e-05 6.051030830948163841e-05
4.400000000000000000e+01 4.121053567346524317e-03 -2.077377318151169949e-03 4.196253556609059673e-05 5.997561620817276596e-05
4.500000000000000000e+01 4.187340980363980433e-03 -1.883983768433842481e-03 4.099811334328681248e-05 5.897493980864690837e-05
4.600000000000000000e+01 3.888366126697863443e-03 -1.911478828227761422e-03 3.978620703875830437e-05 5.755924794990853900e-05
4.700000000000000000e+01 3.450251501849402411e-03 -1.920238883790296482e-03 3.846676960728335906e-05 5.594606470153076370e-05
