# freqs 	 pli 	 dpli 	 meanpower(thalamus)	 meanpower(scalp)	pli
8.000000000000000000e+00 4.856225940953798337e-02 6.234921758584432289e-02 1.029161254808142855e-04 7.040014967306207176e-04
9.000000000000000000e+00 7.543653364688567009e-02 1.566462650120364897e-01 8.675116890400640557e-05 5.205052663728168072e-04
1.000000000000000000e+01 7.964339969617013903e-02 1.647940624735981796e-01 8.395281595916305494e-05 3.926363253758008735e-04
1.100000000000000000e+01 7.189385765096110992e-02 1.390107754378017701e-01 7.984951934274743730e-05 3.212902668079019525e-04
1.200000000000000000e+01 4.925250297640450248e-02 1.297069156833161041e-01 7.392933508249574341e-05 2.881138692225478862e-04
1.300000000000000000e+01 2.667337695017614474e-02 1.137410901157057397e-01 6.919363751024640199e-05 2.740133257003113192e-04
1.400000000000000000e+01 1.314612484825250852e-02 8.791357911929925661e-02 6.621106529220035066e-05 2.641459225588933465e-04
1.500000000000000000e+01 9.686254781240766568e-03 6.329257871613502839e-02 6.391584988009633918e-05 2.517092327800376215e-04
1.600000000000000000e+01 6.339321357285428865e-03 3.525997774530260226e-02 6.174870618831327653e-05 2.346399486067075088e-04
1.700000000000000000e+01 -1.077689433853817403e-03 8.903333651517113950e-03 5.990757612272010852e-05 2.151671288163032139e-04
1.800000000000000000e+01 -2.314759384752919466e-04 -6.522398541596577046e-04 5.871164475082435907e-05 1.971297622651424887e-04
1.900000000000000000e+01 1.572251751823652366e-03 5.129253444770629465e-03 5.809551475234902738e-05 1.822929863984302980e-04
2.000000000000000000e+01 9.903439470114117765e-03 1.693703396146506793e-02 5.763936593211194516e-05 1.699019738383936585e-04
2.100000000000000000e+01 2.221477474026906790e-02 2.942070629186575859e-02 5.701216411496539424e-05 1.593684211170008993e-04
2.200000000000000000e+01 2.286744700034309269e-02 3.945378167817337883e-02 5.619117606594866321e-05 1.496054982829458577e-04
2.300000000000000000e+01 2.495611935535343995e-02 4.699384121036272177e-02 5.534346251437060888e-05 1.399341869074102903e-04
2.400000000000000000e+01 2.934207692123590866e-02 5.263866906782378730e-02 5.445399571312723358e-05 1.304880757573319413e-04
2.500000000000000000e+01 2.874966097097911635e-02 5.764777463371262983e-02 5.374568261452587287e-05 1.215659596033896890e-04
2.600000000000000000e+01 2.932261255224785299e-02 6.483110367612524017e-02 5.326286590457284285e-05 1.133568573705070050e-04
2.700000000000000000e+01 3.015800850262815788e-02 7.442208371180643323e-02 5.299451516775842929e-05 1.060430633607228922e-04
2.800000000000000000e+01 3.484634587929397870e-02 8.326317980450763379e-02 5.279730713408283812e-05 9.958559506620504086e-05
2.900000000000000000e+01 4.250109662240299929e-02 8.855083044506451007e-02 5.254753032588448813e-05 9.380614668042778928e-05
3.000000000000000000e+01 4.365649025425080709e-02 8.932613965755849261e-02 5.220061127355170912e-05 8.860624712860625993e-05
3.100000000000000000e+01 4.099877187106241300e-02 8.689844834329718548e-02 5.172680941392259775e-05 8.384170054837981683e-05
3.200000000000000000e+01 4.380382775119617128e-02 8.352550535382192998e-02 5.107631067210279994e-05 7.951659465672776517e-05
3.300000000000000000e+01 4.652998732087749306e-02 8.031893859482608367e-02 5.032582369243939342e-05 7.575786622461100177e-05
3.400000000000000000e+01 4.401597971437456319e-02 7.771553417757322280e-02 4.955597841931997191e-05 7.248683438141093841e-05
3.500000000000000000e+01 4.330526584377890342e-02 7.559794607499502328e-02 4.885067530415213125e-05 6.960369842551977456e-05
3.600000000000000000e+01 3.858390144719531234e-02 7.328857303917085675e-02 4.821621669124340654e-05 6.706377016645917683e-05
3.700000000000000000e+01 3.623881739463234719e-02 7.021166618604858523e-02 4.764762089977168751e-05 6.482079471036630023e-05
3.800000000000000000e+01 3.437938512565378441e-02 6.623822017429004116e-02 4.715053457928186339e-05 6.280909172474656024e-05
3.900000000000000000e+01 3.538313122373970554e-02 6.155899990752387169e-02 4.673413017095190186e-05 6.101716030273553822e-05
4.000000000000000000e+01 3.484812245874192860e-02 5.703776854417350745e-02 4.638079996262383926e-05 5.944644498559794319e-05
4.100000000000000000e+01 3.145105355050106105e-02 5.390882048123865622e-02 4.602838663530980099e-05 5.803166437364220832e-05
4.200000000000000000e+01 3.267801906948563512e-02 5.292063686244843218e-02 4.559786841720238348e-05 5.669115478276835198e-05
4.300000000000000000e+01 3.010300073344175653e-02 5.392258779698077403e-02 4.498595128190322921e-05 5.531992836235667850e-05
4.400000000000000000e+01 3.333891373496281063e-02 5.624048470393194082e-02 4.410914100735550508e-05 5.377402832365948883e-05
4.500000000000000000e+01 3.293952583664163519e-02 5.908139382277884794e-02 4.290931103767599438e-05 5.195401082660228723e-05
4.600000000000000000e+01 3.276336242975008695e-02 6.174848899056586959e-02 4.143264300211728216e-05 4.984998281206660340e-05
4.700000000000000000e+01 3.469166507238059111e-02 6.390774325852169313e-02 3.983330363871917854e-05 4.757663416475392640e-05
