# freqs 	 pli 	 dpli 	 meanpower(thalamus)	 meanpower(scalp)	pli
8.000000000000000000e+00 -5.506597291677899075e-03 -2.955004816144336799e-02 4.423857461099089499e-05 1.855048478655756995e-04
9.000000000000000000e+00 -5.254289568620546663e-02 -1.494038432592748322e-01 5.092919079439895639e-05 1.854534866177878414e-04
1.000000000000000000e+01 -1.547198741506365938e-01 -4.453810714887833644e-01 7.335208199870717975e-05 2.061323543320866321e-04
1.100000000000000000e+01 -2.479663260032443084e-01 -6.583773179753952265e-01 9.433787950751888524e-05 2.456316566778354881e-04
1.200000000000000000e+01 -3.383947072153247748e-01 -7.551628959231082572e-01 9.779058650196026283e-05 2.881701277233879917e-04
1.300000000000000000e+01 -3.932631656064572434e-01 -8.020581153175038169e-01 9.128747140790081514e-05 3.096947622745357086e-04
1.400000000000000000e+01 -3.824665671306330395e-01 -7.744900076032785741e-01 7.567117002888508329e-05 2.843566289979422589e-04
1.500000000000000000e+01 -3.014845406497684288e-01 -6.479595734954587405e-01 5.747258967671063981e-05 2.333515229781916458e-04
1.600000000000000000e+01 -1.899651012317398469e-01 -4.216675660733224529e-01 4.459960369568968157e-05 1.890339543377523961e-04
1.700000000000000000e+01 -9.740184705766383177e-02 -2.105168295051575988e-01 3.805335371551505161e-05 1.600621993550497613e-04
1.800000000000000000e+01 -4.874775428135204314e-02 -9.522582955237197944e-02 3.529750447273775102e-05 1.416796085816774537e-04
1.900000000000000000e+01 -2.799389592638426225e-02 -4.733045817130121513e-02 3.454946220728726610e-05 1.287853660193477188e-04
2.000000000000000000e+01 -1.911970112101268188e-02 -3.090180100292864995e-02 3.494920011367174095e-05 1.177419298826495148e-04
2.100000000000000000e+01 -1.865486658691727431e-02 -3.175739903491524296e-02 3.554734797404660788e-05 1.071674622255842907e-04
2.200000000000000000e+01 -2.617338033555269977e-02 -4.491691858316909647e-02 3.559622663000893116e-05 9.771595907685839955e-05
2.300000000000000000e+01 -3.696834849090919334e-02 -6.448607059981406597e-02 3.508454662379596907e-05 9.006231423450731740e-05
2.400000000000000000e+01 -4.603111550352561449e-02 -8.111281014818368107e-02 3.434073605629355881e-05 8.413740331990034269e-05
2.500000000000000000e+01 -4.858839844849063144e-02 -8.709363173485594467e-02 3.352498903982961519e-05 7.941545497332290308e-05
2.600000000000000000e+01 -4.602345389853359364e-02 -8.145488879426392159e-02 3.258493296383511241e-05 7.539482358999123959e-05
2.700000000000000000e+01 -3.903018689533000601e-02 -6.879061511130818429e-02 3.149271490664748777e-05 7.181353009833053175e-05
2.800000000000000000e+01 -3.114998689878085286e-02 -5.557612600412778492e-02 3.036493462701463244e-05 6.864165858402334437e-05
2.900000000000000000e+01 -2.540948700082252751e-02 -4.641886174599074710e-02 2.935412558611163656e-05 6.591525087303085376e-05
3.000000000000000000e+01 -2.276065774339253167e-02 -4.264177071552517628e-02 2.853586348486787411e-05 6.357436800735597783e-05
3.100000000000000000e+01 -2.235213666445282424e-02 -4.263091381334838809e-02 2.785848290610006318e-05 6.150860513875546518e-05
3.200000000000000000e+01 -2.354827996045465513e-02 -4.384438079696770935e-02 2.723586768150447880e-05 5.959582932534761377e-05
3.300000000000000000e+01 -2.436233927298455185e-02 -4.430824631414249926e-02 2.660426336812397223e-05 5.778842231273038227e-05
3.400000000000000000e+01 -2.401066093436973400e-02 -4.299352089752879469e-02 2.594494577992188580e-05 5.617006268489741280e-05
3.500000000000000000e+01 -2.212690380944643681e-02 -3.976581574388155654e-02 2.529993649460293779e-05 5.489751793692013848e-05
3.600000000000000000e+01 -1.904992037716468981e-02 -3.497570094457005258e-02 2.471808734614163765e-05 5.407941927678295847e-05
3.700000000000000000e+01 -1.645158438217589683e-02 -2.946866434621361538e-02 2.423110899646288232e-05 5.363170897346190358e-05
3.800000000000000000e+01 -1.409904772056732973e-02 -2.438849190111230802e-02 2.383663052167806496e-05 5.326073327208258849e-05
3.900000000000000000e+01 -1.198804930031235373e-02 -2.072662742863311605e-02 2.351827099758523997e-05 5.263401202002353772e-05
4.000000000000000000e+01 -1.070537706733321569e-02 -1.891524857358625744e-02 2.324305856521786175e-05 5.155287696281463978e-05
4.100000000000000000e+01 -1.101149258718299440e-02 -1.880257901657012704e-02 2.297638804224834283e-05 5.000184693293429088e-05
4.200000000000000000e+01 -1.112126778761217578e-02 -1.984266081216514224e-02 2.267849188813370501e-05 4.809106760444038092e-05
4.300000000000000000e+01 -1.147401697532220675e-02 -2.137968499213346515e-02 2.230732045930671620e-05 4.595813058435033584e-05
4.400000000000000000e+01 -1.215234165313455912e-02 -2.285719298309210265e-02 2.181687470953311652e-05 4.370693665892245246e-05
4.500000000000000000e+01 -1.292671190711412559e-02 -2.394045520183475315e-02 2.118809492820794815e-05 4.138976877041689322e-05
4.600000000000000000e+01 -1.363740378250204686e-02 -2.444919889734772575e-02 2.044503315098687056e-05 3.905934702084527327e-05
4.700000000000000000e+01 -1.360397272034270105e-02 -2.430676923381031376e-02 1.967043144800301914e-05 3.681964445968164578e-05
