# freqs 	 pli 	 dpli 	 meanpower(thalamus)	 meanpower(scalp)	pli
8.000000000000000000e+00 -4.368200884695013636e-02 -1.130730484886571102e-01 7.508396411501033307e-05 2.020309904863505602e-04
9.000000000000000000e+00 -1.584404367449734896e-02 -4.383388450324086222e-02 7.294217070908386614e-05 1.557648059523939019e-04
1.000000000000000000e+01 -3.166631074349745591e-03 -3.084056832252995636e-02 7.765645422338622898e-05 1.329710387782978315e-04
1.100000000000000000e+01 -3.091875603009602326e-03 -4.126630555969660469e-02 8.851384088724401588e-05 1.269119110317722436e-04
1.200000000000000000e+01 1.689620077041007005e-03 -2.602335338995656264e-02 9.785172653304928026e-05 1.287679136611774859e-04
1.300000000000000000e+01 1.215072375269307323e-02 4.129676190286366184e-03 9.950396231064519050e-05 1.323178310042978591e-04
1.400000000000000000e+01 2.806551260386086141e-02 3.669682696684256618e-02 9.411833146734526639e-05 1.342388255174355356e-04
1.500000000000000000e+01 3.916330469679433351e-02 6.526342038972152149e-02 8.598822035637032114e-05 1.334184644697921653e-04
1.600000000000000000e+01 4.347016504443503709e-02 8.079977595890984465e-02 7.871917116036200970e-05 1.305359624409768867e-04
1.700000000000000000e+01 3.830023450199630808e-02 7.549264805897064334e-02 7.390697039213030501e-05 1.265524718084079796e-04
1.800000000000000000e+01 2.568102066148099383e-02 4.822127069005235217e-02 7.184797930904919647e-05 1.221697436787749628e-04
1.900000000000000000e+01 1.011768060066170483e-02 1.159697372871394856e-02 7.226870667790067911e-05 1.178331674148273438e-04
2.000000000000000000e+01 -1.817224717482682304e-03 -1.437612650700161900e-02 7.435146910045151061e-05 1.137783291891598930e-04
2.100000000000000000e+01 -3.510087280190937568e-03 -1.578561017047220433e-02 7.683365020002386843e-05 1.101020890908408623e-04
2.200000000000000000e+01 2.971247740357117403e-03 3.389056512352098347e-03 7.820713461222736243e-05 1.066318412613031488e-04
2.300000000000000000e+01 1.010676752871652803e-02 2.495325421519048459e-02 7.725479467983321197e-05 1.030381013387692972e-04
2.400000000000000000e+01 1.457181844122789997e-02 3.428354557729819396e-02 7.394519371555474381e-05 9.920450703488366392e-05
2.500000000000000000e+01 1.530863079518101320e-02 3.017272929019690353e-02 6.939764478328595387e-05 9.541538249542776704e-05
2.600000000000000000e+01 1.213451313039609451e-02 2.020405712352730046e-02 6.495479331251121117e-05 9.206370803708356935e-05
2.700000000000000000e+01 8.230139042545303249e-03 1.126810869720149856e-02 6.143277167444009064e-05 8.938521796364626260e-05
2.800000000000000000e+01 5.300703288761063163e-03 5.531666052513111234e-03 5.893690791513488472e-05 8.731826826635980302e-05
2.900000000000000000e+01 3.127236793485744376e-03 2.082314255037334173e-03 5.719261858656946333e-05 8.576429060086222236e-05
3.000000000000000000e+01 3.542092781150904535e-03 -1.701526253952382749e-04 5.588868505248432105e-05 8.460081299239787292e-05
3.100000000000000000e+01 3.442953596582679424e-03 -1.744504843643167932e-03 5.482563879273526523e-05 8.379714638092494337e-05
3.200000000000000000e+01 2.313662720557182247e-03 -2.759392003367052131e-03 5.389903901861341364e-05 8.325788186787929127e-05
3.300000000000000000e+01 1.908764415946596254e-03 -3.400763400417592102e-03 5.305655568413703227e-05 8.289296363119185525e-05
3.400000000000000000e+01 9.940113667373639411e-04 -3.960355345125373197e-03 5.227426853873086518e-05 8.269435593354934903e-05
3.500000000000000000e+01 3.596081472969762417e-04 -4.959752560912157431e-03 5.153446843136091194e-05 8.257919221421743962e-05
3.600000000000000000e+01 -1.920554335007291591e-04 -6.713438474386919028e-03 5.084248550796620613e-05 8.252812993399817859e-05
3.700000000000000000e+01 -1.703146569184956763e-03 -9.238834980049350290e-03 5.019657654720650024e-05 8.250933488263215566e-05
3.800000000000000000e+01 -2.600108692144610569e-03 -1.217101411226407214e-02 4.959365202224587827e-05 8.251602922633460326e-05
3.900000000000000000e+01 -4.146442314002071923e-03 -1.500730372769411985e-02 4.902616494668743380e-05 8.246914598308506246e-05
4.000000000000000000e+01 -5.469369098218050847e-03 -1.716563278601078435e-02 4.848218389770756907e-05 8.235909533337354882e-05
4.100000000000000000e+01 -5.658215023621048986e-03 -1.828015794956892176e-02 4.793454861273241038e-05 8.213202400942290070e-05
4.200000000000000000e+01 -5.553862495138339739e-03 -1.824148619221094281e-02 4.733564986894759572e-05 8.170324989670597611e-05
4.300000000000000000e+01 -5.018326428337111476e-03 -1.716150569022805231e-02 4.660478394511913036e-05 8.092041699643395586e-05
4.400000000000000000e+01 -4.111313262959171919e-03 -1.532867651343101933e-02 4.565499183485714459e-05 7.968798976421096348e-05
4.500000000000000000e+01 -3.595572927878177508e-03 -1.298027938014566056e-02 4.443423246066364199e-05 7.789464769822240417e-05
4.600000000000000000e+01 -2.894176750001299821e-03 -1.030294652171071142e-02 4.297420084487397476e-05 7.561205223081559994e-05
4.700000000000000000e+01 -1.739298039971153356e-03 -7.431511176225453520e-03 4.141637404792313968e-05 7.312920201059131681e-05
