# freqs 	 pli 	 dpli 	 meanpower(thalamus)	 meanpower(scalp)	pli
8.000000000000000000e+00 2.160444669730149370e-02 6.850375491084184643e-02 5.487349819223079708e-05 2.503088518332368989e-04
9.000000000000000000e+00 1.273897233117050800e-03 2.406858895259848113e-02 5.283517263741641155e-05 2.271161323872991199e-04
1.000000000000000000e+01 -2.707480948944607571e-02 -4.066690261397189893e-02 5.359480805531955148e-05 2.176061803592056147e-04
1.100000000000000000e+01 -5.594461503000194846e-02 -1.127632959560942172e-01 5.591905665047766194e-05 2.373011099928345124e-04
1.200000000000000000e+01 -8.065258780429154783e-02 -1.801040963670515749e-01 5.631171593084407839e-05 2.778800257232106599e-04
1.300000000000000000e+01 -1.114988896998219681e-01 -2.603039221032310002e-01 5.447598292561754257e-05 3.016384347635660376e-04
1.400000000000000000e+01 -1.259105835451247435e-01 -3.065080630725177668e-01 5.133498100614174473e-05 2.824750373422292116e-04
1.500000000000000000e+01 -1.156242793113333861e-01 -2.985731684004395148e-01 4.749997887876661893e-05 2.355247919579090321e-04
1.600000000000000000e+01 -8.873819583551709189e-02 -2.498543103150261957e-01 4.377744162619004914e-05 1.881844187496279491e-04
1.700000000000000000e+01 -6.265220077013991529e-02 -1.797523643257691317e-01 4.088896397376921501e-05 1.539053736064913364e-04
1.800000000000000000e+01 -4.419203669854029209e-02 -1.166790752978748846e-01 3.907961747856126633e-05 1.326247311551294382e-04
1.900000000000000000e+01 -3.266477797190529136e-02 -7.868160042718330693e-02 3.813721474142062017e-05 1.197933369154584191e-04
2.000000000000000000e+01 -2.644440581729384093e-02 -6.099702665824970754e-02 3.764044385501208971e-05 1.116868474287249313e-04
2.100000000000000000e+01 -2.362731996563413248e-02 -5.345185326926062824e-02 3.727716323963138222e-05 1.061741903543127061e-04
2.200000000000000000e+01 -2.303744100698186179e-02 -4.978171146868368840e-02 3.690843539588016325e-05 1.021653050598684339e-04
2.300000000000000000e+01 -2.281340845669267703e-02 -4.679196946694608172e-02 3.651613832737203200e-05 9.900060150554141443e-05
2.400000000000000000e+01 -2.028519936321175610e-02 -4.283613223255954700e-02 3.611897873584233334e-05 9.627451728264908154e-05
2.500000000000000000e+01 -1.786686192874990114e-02 -3.767127582344601683e-02 3.573665750236334386e-05 9.374468557860776187e-05
2.600000000000000000e+01 -1.469955913431519531e-02 -3.172739675955522920e-02 3.538358269613190869e-05 9.128061927125793757e-05
2.700000000000000000e+01 -1.200394697904188721e-02 -2.549859997895618374e-02 3.506829634978514231e-05 8.885151708868946005e-05
2.800000000000000000e+01 -9.161622471016298355e-03 -1.946657429383427673e-02 3.479159527692138310e-05 8.643614211773452925e-05
2.900000000000000000e+01 -6.765789067353616092e-03 -1.426551223004918559e-02 3.454770190937471176e-05 8.403949443681309271e-05
3.000000000000000000e+01 -4.791109099198693523e-03 -1.034978094006289845e-02 3.432791838497411266e-05 8.170395863477435876e-05
3.100000000000000000e+01 -3.347344326712092203e-03 -7.832108023648826772e-03 3.412643113278002139e-05 7.951659528671613621e-05
3.200000000000000000e+01 -2.439085269709148802e-03 -6.442687859153586709e-03 3.393809443003793254e-05 7.756858786415142797e-05
3.300000000000000000e+01 -2.200360500546480729e-03 -5.778570659680107649e-03 3.375576489071724964e-05 7.591754208705563502e-05
3.400000000000000000e+01 -1.857372873002619343e-03 -5.462706553921137589e-03 3.357402772372129578e-05 7.459476257880329707e-05
3.500000000000000000e+01 -1.897436835399997400e-03 -5.213138030835352474e-03 3.339153446308926345e-05 7.358095962879343142e-05
3.600000000000000000e+01 -1.920879366460463006e-03 -4.940076117274797354e-03 3.321409883292055052e-05 7.283604165065756474e-05
3.700000000000000000e+01 -1.763700186066147939e-03 -4.715919970007779669e-03 3.305020754899414204e-05 7.230195164936522472e-05
3.800000000000000000e+01 -1.712268845103453443e-03 -4.682258774689830420e-03 3.290587691872501683e-05 7.191913219658100710e-05
3.900000000000000000e+01 -2.147154926101036646e-03 -4.949743252051658562e-03 3.278000665088434619e-05 7.162257711354954866e-05
4.000000000000000000e+01 -2.427447074098051157e-03 -5.477574291917620963e-03 3.266304743734770586e-05 7.137708667256906941e-05
4.100000000000000000e+01 -2.735428509675920210e-03 -6.104184242665611909e-03 3.253461754732675607e-05 7.113708042578561282e-05
4.200000000000000000e+01 -2.734584815875051086e-03 -6.614176112732498940e-03 3.235366565296327154e-05 7.082053815654356873e-05
4.300000000000000000e+01 -2.979851586227919014e-03 -6.818635737174200129e-03 3.205632265011325066e-05 7.028817284554347616e-05
4.400000000000000000e+01 -2.979641240916116370e-03 -6.660059353495091997e-03 3.157476556075487838e-05 6.939877233707610451e-05
4.500000000000000000e+01 -3.076223967335290320e-03 -6.130271736346878941e-03 3.086983765401399472e-05 6.805268412900015941e-05
4.600000000000000000e+01 -2.853958256651180098e-03 -5.279439805979322699e-03 2.996826469887952632e-05 6.630533597280487091e-05
4.700000000000000000e+01 -2.575472799573272700e-03 -4.165872306740077066e-03 2.898231476133325747e-05 6.440610681911626220e-05
