# freqs 	 pli 	 dpli 	 meanpower(thalamus)	 meanpower(scalp)	pli
8.000000000000000000e+00 3.521603983013890660e-02 1.060973846176571506e-01 1.316882339835550827e-04 1.653735574175939794e-04
9.000000000000000000e+00 -1.455594217131311137e-03 2.405561772635208054e-02 1.276270666416310458e-04 1.471399671109537271e-04
1.000000000000000000e+01 -1.440846767681368788e-02 -3.330429765160971417e-02 1.294989011273822667e-04 1.373717715532391957e-04
1.100000000000000000e+01 -1.871675996348266119e-02 -5.620039486115251809e-02 1.383381679874599098e-04 1.376770009279621376e-04
1.200000000000000000e+01 -2.839482809630551607e-02 -1.110868589840350584e-01 1.472524428783672317e-04 1.565455491983960021e-04
1.300000000000000000e+01 -6.344512136569190053e-02 -2.607348038011235158e-01 1.488451507009614641e-04 2.025600014522852444e-04
1.400000000000000000e+01 -8.695950619081543875e-02 -3.495513261088096235e-01 1.410017373536802572e-04 2.241517048709245296e-04
1.500000000000000000e+01 -8.049676223452835455e-02 -2.963007795849025849e-01 1.269788773744899308e-04 1.986762205220583030e-04
1.600000000000000000e+01 -4.749000094961622342e-02 -1.509704357777512662e-01 1.142741772662842631e-04 1.578368714204109939e-04
1.700000000000000000e+01 -8.025452090168314415e-03 -1.934411896998386796e-02 1.063070044158310063e-04 1.288298449521627987e-04
1.800000000000000000e+01 1.539717216568068855e-02 4.213324676270682745e-02 1.014608830684423523e-04 1.145721926624092740e-04
1.900000000000000000e+01 2.419787202294289979e-02 5.943008159176785959e-02 9.764690978299754760e-05 1.080924718904485184e-04
2.000000000000000000e+01 2.731071752852501366e-02 6.354153107819987545e-02 9.398593290859666221e-05 1.045352060935691866e-04
2.100000000000000000e+01 2.590448557178297306e-02 6.388479813373269811e-02 9.038352493526572514e-05 1.018849804521598513e-04
2.200000000000000000e+01 2.620050547598988880e-02 6.142564864929538071e-02 8.690994222912332807e-05 9.950151180837566399e-05
2.300000000000000000e+01 2.665825264443035664e-02 5.752605206255084758e-02 8.349365862375367491e-05 9.706192592505122915e-05
2.400000000000000000e+01 2.664870324404652185e-02 5.449724858468209254e-02 8.011407882286834315e-05 9.457178919896265014e-05
2.500000000000000000e+01 2.577151463874606530e-02 5.373207224880619665e-02 7.676392908842172671e-05 9.251020827527374360e-05
2.600000000000000000e+01 2.241211056032704069e-02 5.441227904716475217e-02 7.353267316346229622e-05 9.162319705400706366e-05
2.700000000000000000e+01 1.786889534616632746e-02 5.409750072548893257e-02 7.050647805377533654e-05 9.204903567007718837e-05
2.800000000000000000e+01 1.444574177844718324e-02 5.143232850770988046e-02 6.769121548874335807e-05 9.259156288755704888e-05
2.900000000000000000e+01 1.231362478376422584e-02 4.703384372379039446e-02 6.506964643059723915e-05 9.155711263503703041e-05
3.000000000000000000e+01 9.944882481688538389e-03 4.233340912528523597e-02 6.264933030759539212e-05 8.822104299833130321e-05
3.100000000000000000e+01 7.398173906669853854e-03 3.792339844075878763e-02 6.046013256986410380e-05 8.314401673551831461e-05
3.200000000000000000e+01 7.111784252784871495e-03 3.387306617062559727e-02 5.849528624218186171e-05 7.747749839487914957e-05
3.300000000000000000e+01 6.031795336458138646e-03 3.014628209046369550e-02 5.675679352161025400e-05 7.223597470873057292e-05
3.400000000000000000e+01 4.693452769008650029e-03 2.687101247831931092e-02 5.522177966749158449e-05 6.793726780785118240e-05
3.500000000000000000e+01 4.792658701871442030e-03 2.442863385779505889e-02 5.386492191784584085e-05 6.461081509093003297e-05
3.600000000000000000e+01 5.024236071941043033e-03 2.291137073817440389e-02 5.263944814868560976e-05 6.201967032198912226e-05
3.700000000000000000e+01 4.405860514892292155e-03 2.224463044298391132e-02 5.151109012467180624e-05 5.990750346247516127e-05
3.800000000000000000e+01 3.845264841138803288e-03 2.234585292865646014e-02 5.045890548155349675e-05 5.809366364853494474e-05
3.900000000000000000e+01 5.272063445083518228e-03 2.319986650874656872e-02 4.947112231999042112e-05 5.646974550488874915e-05
4.000000000000000000e+01 6.733211519858802070e-03 2.472420414598454352e-02 4.853441387504174804e-05 5.498193153296258433e-05
4.100000000000000000e+01 7.966099939457451859e-03 2.670085215994488434e-02 4.762524552210467370e-05 5.358302930053234929e-05
4.200000000000000000e+01 9.531121480014264485e-03 2.874557426547606070e-02 4.670109681199712502e-05 5.220747802186574655e-05
4.300000000000000000e+01 1.149634963571581278e-02 3.048690950566933927e-02 4.568951703315213438e-05 5.075613507276116951e-05
4.400000000000000000e+01 1.248782182657342046e-02 3.167004892482215561e-02 4.450264145844706401e-05 4.913759866515325197e-05
4.500000000000000000e+01 1.341917780984988942e-02 3.221134587401566773e-02 4.308241353269754494e-05 4.728297319400803181e-05
4.600000000000000000e+01 1.418340916439423186e-02 3.210132810166912293e-02 4.144613540570978640e-05 4.521341948989988409e-05
4.700000000000000000e+01 1.421630073154290380e-02 3.129253237270274157e-02 3.972149702771067022e-05 4.307682047843176972e-05
