# freqs 	 pli 	 dpli 	 meanpower(thalamus)	 meanpower(scalp)	pli
8.000000000000000000e+00 -1.962297566541219007e-01 -4.080054452867394876e-01 1.327970451190428158e-04 2.674412918163646276e-04
9.000000000000000000e+00 -1.516167876507766021e-01 -3.419226566970786640e-01 1.002642662402363199e-04 2.298707081487137607e-04
1.000000000000000000e+01 -6.487663058161446950e-02 -1.545544008044171247e-01 7.983261456326391672e-05 1.905627064271604167e-04
1.100000000000000000e+01 -1.546793429820465977e-02 -4.342862485235771119e-02 7.198182466069017274e-05 1.601551851986056786e-04
1.200000000000000000e+01 3.247171872773295127e-03 1.003557729511902336e-02 6.796289043408265272e-05 1.416705408604326030e-04
1.300000000000000000e+01 1.857654431512981152e-02 5.547070859647761087e-02 6.412204088157215539e-05 1.332370582045769259e-04
1.400000000000000000e+01 2.731823712636548968e-02 8.009822977467631611e-02 6.157807137115056564e-05 1.309491856422319430e-04
1.500000000000000000e+01 3.627185255454668661e-02 8.218851805106573705e-02 6.046543686348166026e-05 1.314469365174280484e-04
1.600000000000000000e+01 3.249469146129592423e-02 6.505359414575516419e-02 6.031060918896984823e-05 1.331191516695667278e-04
1.700000000000000000e+01 1.637207538738104373e-02 3.089410343601434877e-02 6.088482960763165084e-05 1.350822081758552894e-04
1.800000000000000000e+01 7.202182315393310975e-03 -9.077791695146967751e-03 6.148040584626195289e-05 1.365557085018728484e-04
1.900000000000000000e+01 -1.335810063237816842e-02 -4.353448858032828855e-02 6.168322698552701207e-05 1.362834057102054310e-04
2.000000000000000000e+01 -2.480896018185569860e-02 -6.639102615106316774e-02 6.161026596863421645e-05 1.336294334490499178e-04
2.100000000000000000e+01 -3.689036041489818923e-02 -7.916547567962782528e-02 6.125675501631601242e-05 1.287818792646868154e-04
2.200000000000000000e+01 -3.843416249773871918e-02 -8.483534273286440219e-02 6.060171246435156508e-05 1.225713586734183068e-04
2.300000000000000000e+01 -3.330161107382947211e-02 -8.258539984461610306e-02 5.985235806961986888e-05 1.158561800336552845e-04
2.400000000000000000e+01 -3.360615980544424952e-02 -7.112202641009737758e-02 5.911599434914098869e-05 1.091118712913248209e-04
2.500000000000000000e+01 -2.744917804538872519e-02 -5.429253134897652627e-02 5.831659601891059233e-05 1.024247603833706825e-04
2.600000000000000000e+01 -1.915367031763972466e-02 -3.711671259467635986e-02 5.748748699334812069e-05 9.587164703654805608e-05
2.700000000000000000e+01 -1.339671053409480575e-02 -2.293638229879031709e-02 5.669124088254483035e-05 8.978544265474034498e-05
2.800000000000000000e+01 -9.355044106693780406e-03 -1.316795031420217761e-02 5.594310353706653718e-05 8.429757071860500748e-05
2.900000000000000000e+01 -3.561507350147340590e-03 -7.880949736227249244e-03 5.527808164289312455e-05 7.938215352860461755e-05
3.000000000000000000e+01 -1.575467954508996031e-03 -5.875268007858007110e-03 5.473809166573723292e-05 7.504537569250990890e-05
3.100000000000000000e+01 -1.811627848079893971e-03 -5.208735403948943667e-03 5.430389332209178065e-05 7.125199221360183413e-05
3.200000000000000000e+01 7.596667595148261004e-05 -3.945283540966912708e-03 5.392772124291832870e-05 6.792490311347104659e-05
3.300000000000000000e+01 3.982073075007807293e-03 -8.394150420391538817e-04 5.361020428349151374e-05 6.499813098080881697e-05
3.400000000000000000e+01 3.907271914056895633e-03 4.333558965882850639e-03 5.334833124741795486e-05 6.238897108410013527e-05
3.500000000000000000e+01 9.577654951267878386e-03 1.086166674240601412e-02 5.314093400699093330e-05 6.003707616764142958e-05
3.600000000000000000e+01 1.286103634200467388e-02 1.762817181580341244e-02 5.296489399021723224e-05 5.788594428192551228e-05
3.700000000000000000e+01 1.398401970958733018e-02 2.358811527433861063e-02 5.279235685836647092e-05 5.591547508488293534e-05
3.800000000000000000e+01 1.577397774534533559e-02 2.793568276439642104e-02 5.259890399294747470e-05 5.408818746542245906e-05
3.900000000000000000e+01 1.469990299042557742e-02 3.009577331089671390e-02 5.235498145577164821e-05 5.236887132505538517e-05
4.000000000000000000e+01 1.366983543225392880e-02 2.986803059853157180e-02 5.204964480136006766e-05 5.073232723566284419e-05
4.100000000000000000e+01 1.478226398225386019e-02 2.754264378052932380e-02 5.164554737467509768e-05 4.915567990660602487e-05
4.200000000000000000e+01 1.466656545977447663e-02 2.389242173281953471e-02 5.108787933553635922e-05 4.760398785398424650e-05
4.300000000000000000e+01 1.488247349644510747e-02 1.989452694720935180e-02 5.031013467755115245e-05 4.601545310453406895e-05
4.400000000000000000e+01 1.405837557030452725e-02 1.648956684556213831e-02 4.925124176217790403e-05 4.431388720830264103e-05
4.500000000000000000e+01 1.123076274402327358e-02 1.423484405325491954e-02 4.788126973945674108e-05 4.243590323747928631e-05
4.600000000000000000e+01 7.924582395250984179e-03 1.329272052848255725e-02 4.625553381796074513e-05 4.039511057470473581e-05
4.700000000000000000e+01 8.585087815448436133e-03 1.348244472719996312e-02 4.454851750148780320e-05 3.830239739771680504e-05
