# freqs 	 pli 	 dpli 	 meanpower(thalamus)	 meanpower(scalp)	pli
8.000000000000000000e+00 9.699956065918351536e-03 -1.516914025125413144e-02 6.436331120139202836e-05 2.783809284319849393e-04
9.000000000000000000e+00 -3.607034710968961503e-03 -1.763804222782051900e-02 5.986022000664902021e-05 2.167978110914613470e-04
1.000000000000000000e+01 -1.312734366654860416e-02 -1.747506357977601441e-02 5.628422650271782524e-05 1.725775193214913934e-04
1.100000000000000000e+01 -1.585262547789159301e-02 -5.291809000064504748e-02 5.378025371981368975e-05 1.457046961834982735e-04
1.200000000000000000e+01 -8.715497983996459835e-03 -9.155101325705686244e-02 5.119556129848717513e-05 1.334968816068346649e-04
1.300000000000000000e+01 -3.604282250215817135e-03 -9.192368714273546626e-02 4.854916189063653568e-05 1.266250721692527802e-04
1.400000000000000000e+01 -2.645907590037392502e-03 -7.314244673409404929e-02 4.687767836563574427e-05 1.195875546860170670e-04
1.500000000000000000e+01 -8.807707900816011751e-03 -6.077066808057988295e-02 4.622907393398763563e-05 1.109283517738757951e-04
1.600000000000000000e+01 -1.337601525282808290e-02 -5.114460971779115350e-02 4.607717389537580033e-05 1.011904622995297921e-04
1.700000000000000000e+01 -1.586702232387281544e-02 -3.984847900431227885e-02 4.605353138780101117e-05 9.224406725653978086e-05
1.800000000000000000e+01 -1.446716332871072173e-02 -3.332678172651917098e-02 4.600955645666642300e-05 8.490707141463053518e-05
1.900000000000000000e+01 -1.351282593734183524e-02 -2.823034169202722626e-02 4.589793598713010509e-05 7.909243599464493607e-05
2.000000000000000000e+01 -1.050560125175393697e-02 -2.277275467022965919e-02 4.580389815577868130e-05 7.438885937490709907e-05
2.100000000000000000e+01 -9.904601160439631055e-03 -1.831479070520919059e-02 4.583098100467032637e-05 7.066872135030874478e-05
2.200000000000000000e+01 -1.420612628405612358e-02 -1.523715193165983001e-02 4.596614923081265050e-05 6.792072141930150810e-05
2.300000000000000000e+01 -4.826808595773660580e-03 -1.366640762925089118e-02 4.618825223178467908e-05 6.594180492867269020e-05
2.400000000000000000e+01 -1.160537495406756530e-03 -1.366549838267666628e-02 4.651614139663373383e-05 6.439900589890338646e-05
2.500000000000000000e+01 -3.164615380558185621e-03 -1.368385727699731290e-02 4.691555965271607738e-05 6.296678510024092889e-05
2.600000000000000000e+01 -6.213584053205129833e-03 -1.115819529288616767e-02 4.728226446443907591e-05 6.149993757352318800e-05
2.700000000000000000e+01 -4.425441165269872884e-03 -5.956808779872473959e-03 4.750081688596298951e-05 5.996872974112517200e-05
2.800000000000000000e+01 -2.089740866888488598e-03 -9.858472038110678310e-04 4.751545938538667956e-05 5.836924482555483834e-05
2.900000000000000000e+01 -3.049518686481994057e-04 1.085792110401250562e-03 4.733988163573999434e-05 5.676273838427951053e-05
3.000000000000000000e+01 8.774694356864596451e-04 2.345860309339484434e-04 4.703396489852130742e-05 5.522340632584833703e-05
3.100000000000000000e+01 6.266351260319897015e-04 -1.479052324723768505e-03 4.665774955342421546e-05 5.380656248438068015e-05
3.200000000000000000e+01 -2.056540528705552359e-03 -2.194042100112873067e-03 4.623346600198181730e-05 5.252386275070765890e-05
3.300000000000000000e+01 -3.980577593918583484e-03 -1.431969924875931000e-03 4.576552692146470570e-05 5.138238241477399108e-05
3.400000000000000000e+01 -2.724427298345586269e-03 1.813246009032256842e-04 4.524980976308323364e-05 5.041365661623210310e-05
3.500000000000000000e+01 1.106467641016184011e-03 2.167687022002531480e-03 4.468811355488013561e-05 4.958800849803883428e-05
3.600000000000000000e+01 3.801689351377301410e-03 4.044573536812094867e-03 4.409825128701389229e-05 4.890232689286313410e-05
3.700000000000000000e+01 5.417331572063213696e-03 5.477192590766257613e-03 4.350000536804365632e-05 4.835819966126305466e-05
3.800000000000000000e+01 5.975440911972878556e-03 6.282855862709527464e-03 4.289802355308071135e-05 4.795180170598884264e-05
3.900000000000000000e+01 2.969445862878048337e-03 6.042842997482018516e-03 4.228842216892963541e-05 4.762098590504917732e-05
4.000000000000000000e+01 2.287324656739858544e-03 4.899144871042071178e-03 4.167217751949299184e-05 4.736290007133327283e-05
4.100000000000000000e+01 1.996147061973463019e-03 3.171082620010887664e-03 4.104045162187877643e-05 4.713762707484760015e-05
4.200000000000000000e+01 -3.145448638948904543e-04 1.289090541001735061e-03 4.035793004433885174e-05 4.686859182880921893e-05
4.300000000000000000e+01 -8.559745476483904096e-04 -4.957788550481604176e-04 3.956100527163766218e-05 4.645706589002282754e-05
4.400000000000000000e+01 -1.144935431565959972e-03 -1.931346481231800086e-03 3.857628260165315659e-05 4.582929686518465412e-05
4.500000000000000000e+01 6.330335430578608010e-04 -3.223352753382173128e-03 3.735887092553263737e-05 4.489325912160927964e-05
4.600000000000000000e+01 -7.159705128122730239e-04 -4.626005063997139927e-03 3.593385429254823167e-05 4.367261359292534819e-05
4.700000000000000000e+01 -3.422251957361180635e-03 -6.382213819362399405e-03 3.441726664041683769e-05 4.231643344545274709e-05
