# freqs 	 pli 	 dpli 	 meanpower(thalamus)	 meanpower(scalp)	pli
8.000000000000000000e+00 -3.997330600033906917e-02 -3.705706129373282504e-02 6.772181442534466100e+01 2.925806262762522465e+02
9.000000000000000000e+00 -3.132232606869696928e-02 -1.591732674708568399e-02 6.339697501377592204e+01 2.903876717713155244e+02
1.000000000000000000e+01 -1.890521698187147548e-02 -1.755274428320897570e-02 5.974808550904373305e+01 2.431795850577061913e+02
1.100000000000000000e+01 -6.313662076225291971e-03 -2.357275748349500766e-02 5.690642234373100194e+01 1.963882412218201807e+02
1.200000000000000000e+01 -1.447908040193396015e-02 -4.526501040824242733e-02 5.497055913622601508e+01 1.687049821889262091e+02
1.300000000000000000e+01 -1.372649175221928551e-02 -4.457475267771155575e-02 5.412602360267036516e+01 1.558927662052093126e+02
1.400000000000000000e+01 -9.483169294464445509e-03 -4.882871632670846701e-02 5.406019097203105872e+01 1.507850326494678654e+02
1.500000000000000000e+01 -1.347338734046073933e-02 -6.092231734865316550e-02 5.400712125699496369e+01 1.482182035532792668e+02
1.600000000000000000e+01 -1.874662964535264015e-02 -6.552325488215193783e-02 5.376743372397488230e+01 1.454270022484574554e+02
1.700000000000000000e+01 -1.970720076517711722e-02 -6.473470975320255727e-02 5.353174892867122736e+01 1.420858086425663203e+02
1.800000000000000000e+01 -2.025941178081941754e-02 -6.376706868863731004e-02 5.349808360598350987e+01 1.391759108992672509e+02
1.900000000000000000e+01 -2.359295393848786712e-02 -6.714607106961698046e-02 5.381511763479609556e+01 1.368601230902369821e+02
2.000000000000000000e+01 -2.851009402222736203e-02 -7.527472028711953977e-02 5.461049939340960435e+01 1.350056465114664661e+02
2.100000000000000000e+01 -3.219348757867181166e-02 -8.379114480141035270e-02 5.694708254157712446e+01 1.334423682407957017e+02
2.200000000000000000e+01 -3.945157726464760400e-02 -9.348032178613525922e-02 6.473260781292708543e+01 1.323316664964215192e+02
2.300000000000000000e+01 -5.111710347533879317e-02 -1.185407388058478534e-01 8.304068897357166179e+01 1.322754248082161155e+02
2.400000000000000000e+01 -7.276860120055826664e-02 -1.655672048935011298e-01 1.100829371196818158e+02 1.330084441838974669e+02
2.500000000000000000e+01 -9.635330635586579484e-02 -2.281094861467552470e-01 1.391452941595807431e+02 1.328663271985718950e+02
2.600000000000000000e+01 -1.209098425099290192e-01 -2.976001334061824655e-01 1.667688719769674321e+02 1.301096618230479010e+02
2.700000000000000000e+01 -1.509219317350446454e-01 -3.633033824138151568e-01 1.910647685586473870e+02 1.243902741755926940e+02
2.800000000000000000e+01 -1.837591568918250928e-01 -4.142480909855610349e-01 2.064565541973003917e+02 1.167557014855736526e+02
2.900000000000000000e+01 -2.067215930869258089e-01 -4.400899450077495056e-01 2.074126151625135890e+02 1.086035834814756669e+02
3.000000000000000000e+01 -2.096063916967174923e-01 -4.352505383944949569e-01 1.936772167698472629e+02 1.009997998322649693e+02
3.100000000000000000e+01 -1.939548998908470767e-01 -4.004073530350552024e-01 1.697751695597585240e+02 9.448909793970433668e+01
3.200000000000000000e+01 -1.626854117303303537e-01 -3.433217064032916821e-01 1.420296019274678372e+02 8.920295989398746883e+01
3.300000000000000000e+01 -1.266254564537397653e-01 -2.742684738387762278e-01 1.158148725235910632e+02 8.502325223613428307e+01
3.400000000000000000e+01 -9.220885554204914791e-02 -2.043447312648170866e-01 9.435950817926404000e+01 8.175029854505510230e+01
3.500000000000000000e+01 -6.228675614622691120e-02 -1.432419303151431789e-01 7.872062337765089524e+01 7.914521716007426733e+01
3.600000000000000000e+01 -4.113876523965556697e-02 -9.686690874461517664e-02 6.829023428104328275e+01 7.700201871035540080e+01
3.700000000000000000e+01 -2.921104292150606546e-02 -6.586905570790767273e-02 6.171247281638378013e+01 7.515313144584324334e+01
3.800000000000000000e+01 -2.271950660034639108e-02 -4.700340630921204244e-02 5.761210675161182593e+01 7.351020838313526440e+01
3.900000000000000000e+01 -1.797249247013963172e-02 -3.609422388611632088e-02 5.496532090910434931e+01 7.201666711102852503e+01
4.000000000000000000e+01 -1.495665693463987117e-02 -3.001462677378220409e-02 5.311797040102482725e+01 7.063985106235557510e+01
4.100000000000000000e+01 -1.420138629930217493e-02 -2.697841745797553703e-02 5.166944096087756577e+01 6.934082379020250642e+01
4.200000000000000000e+01 -1.467850203291718239e-02 -2.596302793664011579e-02 5.038295699977719977e+01 6.804999048990019617e+01
4.300000000000000000e+01 -1.459728547564254249e-02 -2.630195159044728878e-02 4.909486837083635891e+01 6.665619951888933770e+01
4.400000000000000000e+01 -1.481429177455144235e-02 -2.742970080326496626e-02 4.769478281054199442e+01 6.502022101894847594e+01
4.500000000000000000e+01 -1.612412060859997470e-02 -2.909819455454690229e-02 4.613732044580591918e+01 6.303172963269071261e+01
4.600000000000000000e+01 -1.626455167510885980e-02 -3.131874400480297305e-02 4.449714135595565523e+01 6.070483882775195639e+01
4.700000000000000000e+01 -1.740956043663235281e-02 -3.431367130764587103e-02 4.299039029920665911e+01 5.820453592721786862e+01
