# freqs 	 pli 	 dpli 	 meanpower(thalamus)	 meanpower(scalp)	pli
8.000000000000000000e+00 -2.489821106541134990e-02 -1.454128178189715015e-01 8.164982618030892070e+01 4.834119237551287256e+02
9.000000000000000000e+00 -1.751933855653582325e-02 -1.103773741113088652e-01 8.255406222542633543e+01 3.947268597798430960e+02
1.000000000000000000e+01 -1.716491769081891425e-02 -8.079638842254178999e-02 8.328452251244137017e+01 3.166235281623860374e+02
1.100000000000000000e+01 -3.304322739302614081e-02 -8.440099168190537404e-02 8.265893077801912625e+01 2.621857770868843431e+02
1.200000000000000000e+01 -4.765845573385755346e-02 -1.006342985170474158e-01 8.012857370852529471e+01 2.306380101269401166e+02
1.300000000000000000e+01 -6.075801596508471208e-02 -1.290402437992793916e-01 7.627831637331284753e+01 2.174347756775418077e+02
1.400000000000000000e+01 -7.395243445407566341e-02 -1.634094045209365242e-01 7.250428030675230673e+01 2.089663013128983096e+02
1.500000000000000000e+01 -7.944799125950803564e-02 -1.804053521535175508e-01 6.913539693322110224e+01 1.945318815910922012e+02
1.600000000000000000e+01 -7.486476388904457491e-02 -1.692155724963854413e-01 6.536092394401137540e+01 1.746676225973932048e+02
1.700000000000000000e+01 -6.364191780328061487e-02 -1.398354384022545416e-01 6.073456827283651194e+01 1.550410570025334493e+02
1.800000000000000000e+01 -5.195209209467138711e-02 -1.092199718078351034e-01 5.578327699742823853e+01 1.390873670389038068e+02
1.900000000000000000e+01 -4.195941071874363659e-02 -8.719004385455812745e-02 5.128741150479153532e+01 1.268220273830939817e+02
2.000000000000000000e+01 -3.618059872863754745e-02 -7.293196619571479244e-02 4.769644327327424094e+01 1.171614509532549278e+02
2.100000000000000000e+01 -3.089259795697066324e-02 -6.087976503589206251e-02 4.505060253033204987e+01 1.094342416241800464e+02
2.200000000000000000e+01 -2.433153698723194980e-02 -4.893232706958036693e-02 4.315747157460714334e+01 1.033612009793606603e+02
2.300000000000000000e+01 -2.033181010525093521e-02 -3.814986455718308994e-02 4.179053337943524582e+01 9.878770024849026754e+01
2.400000000000000000e+01 -1.781297226594047781e-02 -2.933000132426803047e-02 4.072983463248344549e+01 9.546975532051087043e+01
2.500000000000000000e+01 -1.465255969966914977e-02 -2.237094052309200609e-02 3.980616046476212944e+01 9.313164760296707811e+01
2.600000000000000000e+01 -1.164225524845046746e-02 -1.691538583711807778e-02 3.892137987662712817e+01 9.149923442488068304e+01
2.700000000000000000e+01 -8.818664299938570872e-03 -1.253737481625857332e-02 3.804733796097787035e+01 9.039228736091281746e+01
2.800000000000000000e+01 -6.688147891703594833e-03 -8.927356856729901438e-03 3.719381447429061893e+01 8.963859098800358538e+01
2.900000000000000000e+01 -5.767329163126723793e-03 -6.204811020436561478e-03 3.637567363502601836e+01 8.917777359843205431e+01
3.000000000000000000e+01 -5.407556016513449457e-03 -4.667421532557943648e-03 3.559190467721528961e+01 8.894923326034505351e+01
3.100000000000000000e+01 -4.954347179473866762e-03 -4.288513226031060929e-03 3.484034565985241727e+01 8.896634812885051247e+01
3.200000000000000000e+01 -5.371374257690963126e-03 -4.647653119911972566e-03 3.412479859477451072e+01 8.918756557355108328e+01
3.300000000000000000e+01 -5.199634306082400598e-03 -5.175638656963036689e-03 3.344985636248241434e+01 8.955537407184930032e+01
3.400000000000000000e+01 -4.977798748351818306e-03 -5.438819661844618292e-03 3.282122884058431822e+01 9.003482382741941592e+01
3.500000000000000000e+01 -4.250230737891336381e-03 -5.394208637664804802e-03 3.224695410206444990e+01 9.049016927048421621e+01
3.600000000000000000e+01 -4.401244092294910766e-03 -5.099413257253986899e-03 3.173461334507735288e+01 9.087037742912009719e+01
3.700000000000000000e+01 -4.178159182308763438e-03 -4.689927761526350644e-03 3.128180051687986563e+01 9.112399664488665962e+01
3.800000000000000000e+01 -3.665544497120982147e-03 -4.263829096197323774e-03 3.088079947521492130e+01 9.125745704651615142e+01
3.900000000000000000e+01 -3.860813231830638285e-03 -4.056469080701242610e-03 3.052365646634867602e+01 9.122190880631737286e+01
4.000000000000000000e+01 -3.810320261617588557e-03 -4.161348426587381348e-03 3.020027138542805645e+01 9.107035639222492307e+01
4.100000000000000000e+01 -3.566460044873633918e-03 -4.650906711007929406e-03 2.989081515627022867e+01 9.079867642966820540e+01
4.200000000000000000e+01 -3.613507502527587862e-03 -5.488565738636366417e-03 2.955695387734522583e+01 9.034013104661387672e+01
4.300000000000000000e+01 -3.735265921830032212e-03 -6.527043949246368743e-03 2.914050159374875193e+01 8.951580156226316376e+01
4.400000000000000000e+01 -4.420664780736954617e-03 -7.633178967652312456e-03 2.858016354395525482e+01 8.822303006944962078e+01
4.500000000000000000e+01 -4.918491648397691103e-03 -8.676143085073584338e-03 2.783656751558845244e+01 8.632762191218549219e+01
4.600000000000000000e+01 -5.320655216095340062e-03 -9.601054251628294081e-03 2.692848998518885040e+01 8.390206809721117054e+01
4.700000000000000000e+01 -5.352443388055558304e-03 -1.040242349153952528e-02 2.595110478543971055e+01 8.126352466764568305e+01
