# freqs 	 pli 	 dpli 	 meanpower(thalamus)	 meanpower(scalp)	pli
8.000000000000000000e+00 -3.193404915253506005e-02 -8.046139271320830455e-02 3.392716538066998990e-05 1.020278670936895782e-04
9.000000000000000000e+00 -3.493441875262424251e-02 -6.999452342292444840e-02 3.280819032317117194e-05 9.705814190793010025e-05
1.000000000000000000e+01 -4.110167446798243529e-02 -7.759325996340514509e-02 3.454485983699175425e-05 9.321089019500235803e-05
1.100000000000000000e+01 -3.387385307865427991e-02 -9.483143678002019239e-02 3.567271614160483217e-05 8.988661208392214783e-05
1.200000000000000000e+01 -2.056587805115339326e-02 -5.431068815367980085e-02 3.500938441146991700e-05 8.707861838129484172e-05
1.300000000000000000e+01 -5.015247143151007128e-03 2.190979168267209037e-02 3.448042741228492849e-05 8.550876083815403029e-05
1.400000000000000000e+01 1.060755986542647952e-02 5.952240889723957318e-02 3.457763286920631821e-05 8.403363309247070020e-05
1.500000000000000000e+01 1.358425186825400546e-02 4.490651257509821470e-02 3.423874229999425818e-05 8.127105904551003301e-05
1.600000000000000000e+01 1.267214124268518059e-02 2.298546341102737645e-02 3.354531025701090377e-05 7.765071084099558010e-05
1.700000000000000000e+01 1.383402268408244658e-02 1.266860472814494536e-02 3.324150205884226307e-05 7.451333999786649987e-05
1.800000000000000000e+01 1.210195354211696453e-02 9.985197450060117122e-03 3.332833016045597818e-05 7.235563185595840485e-05
1.900000000000000000e+01 6.317302394110613402e-03 1.059277731430330848e-02 3.353420378967207573e-05 7.083097510306865453e-05
2.000000000000000000e+01 -7.778462511678437994e-04 7.814206364933476423e-03 3.375082875926423902e-05 6.927649879994495700e-05
2.100000000000000000e+01 -4.959501557632398430e-03 -4.682289778403326240e-03 3.403542772971627855e-05 6.744900940340875387e-05
2.200000000000000000e+01 -1.928434309322856616e-02 -3.388785346365917606e-02 3.456874826716606141e-05 6.554525916326960392e-05
2.300000000000000000e+01 -3.895403137321617332e-02 -9.539521268244854912e-02 3.585968233758514613e-05 6.401880997965079753e-05
2.400000000000000000e+01 -6.943613957676103565e-02 -1.970054724100002153e-01 3.849819438239108642e-05 6.335233961825895686e-05
2.500000000000000000e+01 -9.775593530757421823e-02 -3.055347241910802980e-01 4.228197323599991881e-05 6.359489310174346727e-05
2.600000000000000000e+01 -1.177825250757835451e-01 -3.786039252878204975e-01 4.602081387987007728e-05 6.397956482167694279e-05
2.700000000000000000e+01 -1.234144816402814454e-01 -4.044226327651105901e-01 4.839050999328134580e-05 6.351519208777281619e-05
2.800000000000000000e+01 -1.186585661209619696e-01 -3.914656924949131422e-01 4.873554231684774712e-05 6.174342265379022992e-05
2.900000000000000000e+01 -1.103015688173926839e-01 -3.507602606957058167e-01 4.722167977633572663e-05 5.891879630101000171e-05
3.000000000000000000e+01 -9.574463517286212200e-02 -2.917396656725563253e-01 4.456803567545373178e-05 5.570760090139084794e-05
3.100000000000000000e+01 -7.429666629742881501e-02 -2.237828199754484382e-01 4.159653659348057245e-05 5.272053493599128572e-05
3.200000000000000000e+01 -5.515786436827205957e-02 -1.577428265835740528e-01 3.890690103479882520e-05 5.028339827164839414e-05
3.300000000000000000e+01 -4.050905057020051658e-02 -1.028720952010498818e-01 3.679336366139118031e-05 4.845363258814938250e-05
3.400000000000000000e+01 -2.827373286765640092e-02 -6.294117758378844907e-02 3.530498658137516812e-05 4.710529254676772538e-05
3.500000000000000000e+01 -1.848823183478637971e-02 -3.666909382901450964e-02 3.434867828233828556e-05 4.608665439474068535e-05
3.600000000000000000e+01 -1.053712374467091414e-02 -2.044734555215235033e-02 3.380035193868280164e-05 4.530226678425776539e-05
3.700000000000000000e+01 -7.373335977398394817e-03 -1.066136246391558365e-02 3.354248392409077314e-05 4.469386067189415351e-05
3.800000000000000000e+01 -6.013128449179407607e-03 -4.599991765750208357e-03 3.346718751029453300e-05 4.420921335641124966e-05
3.900000000000000000e+01 -3.826642288775010739e-03 -6.527120975549408587e-04 3.349440716411184902e-05 4.380008456186631940e-05
4.000000000000000000e+01 -2.467749729835051319e-03 2.023505336326450292e-03 3.357234792633156088e-05 4.343459904829508419e-05
4.100000000000000000e+01 -3.874451963318879203e-03 3.840639720671356217e-03 3.365112501107606925e-05 4.307988796910931946e-05
4.200000000000000000e+01 -5.008123717392480231e-03 5.076218743696268160e-03 3.366059124570592442e-05 4.267652445276301298e-05
4.300000000000000000e+01 -6.259510929039135800e-03 5.933639482237812283e-03 3.353262648630331522e-05 4.214393525134757138e-05
4.400000000000000000e+01 -5.074042223034709587e-03 6.634813731630823455e-03 3.319629614901124397e-05 4.139493597940967684e-05
4.500000000000000000e+01 -3.229530074623343083e-03 7.227379884969425787e-03 3.261026749691523771e-05 4.036743780696464018e-05
4.600000000000000000e+01 -3.317817003425950744e-03 7.733901076463872183e-03 3.180782025432254230e-05 3.907888966283479026e-05
4.700000000000000000e+01 -2.529042799779964053e-03 8.175627239898066237e-03 3.091636268569559722e-05 3.764897952320742758e-05
