# freqs 	 pli 	 dpli 	 meanpower(thalamus)	 meanpower(scalp)	pli
8.000000000000000000e+00 -6.024536513416062222e-02 -1.427202914784218291e-01 1.802029426900307119e-04 3.244224330360636504e-04
9.000000000000000000e+00 -7.027309004414566962e-02 -1.702848262115224109e-01 1.705047582062118509e-04 2.961847365771632041e-04
1.000000000000000000e+01 -6.738926240536882717e-02 -1.449513908630916115e-01 1.609910441445208066e-04 2.523003940737954666e-04
1.100000000000000000e+01 -7.513660320880453936e-02 -1.702369100755158626e-01 1.546707463986417405e-04 2.217322737422527804e-04
1.200000000000000000e+01 -9.230474808732831715e-02 -2.453381597152203553e-01 1.512615378504563119e-04 2.048479144963658125e-04
1.300000000000000000e+01 -1.000331239143398832e-01 -2.569119717410892068e-01 1.461865567860631365e-04 1.884557070343454289e-04
1.400000000000000000e+01 -9.549657438659579778e-02 -2.148205450522737425e-01 1.395090821350239701e-04 1.699315631549033897e-04
1.500000000000000000e+01 -8.377820407690654558e-02 -1.691042530481876305e-01 1.322745283434489212e-04 1.504727139453588788e-04
1.600000000000000000e+01 -7.276679188089457684e-02 -1.366713268453646490e-01 1.247810234237435188e-04 1.318950992612372608e-04
1.700000000000000000e+01 -6.228951523554591280e-02 -1.135925039532333508e-01 1.172126761497734341e-04 1.163274448974391197e-04
1.800000000000000000e+01 -5.177871150862347477e-02 -9.362528665652014581e-02 1.097177581511235529e-04 1.047160417749913488e-04
1.900000000000000000e+01 -4.178197995323376657e-02 -7.577793152845058167e-02 1.023480328520017484e-04 9.646666161911465927e-05
2.000000000000000000e+01 -3.307182976787513551e-02 -6.068584812761059627e-02 9.525923686082311403e-05 9.053368580346754491e-05
2.100000000000000000e+01 -2.543490843793012185e-02 -4.793466695548240925e-02 8.868545497276071480e-05 8.605106858247294583e-05
2.200000000000000000e+01 -1.959196390755999634e-02 -3.761276580976730816e-02 8.280366638176464252e-05 8.244675819090077206e-05
2.300000000000000000e+01 -1.533261748514364725e-02 -3.045724246345917624e-02 7.769482097695691353e-05 7.945358396896201310e-05
2.400000000000000000e+01 -1.250638114006293565e-02 -2.550619531549709260e-02 7.335024598138533325e-05 7.696069734614774057e-05
2.500000000000000000e+01 -1.058085127035494032e-02 -2.035239415969471513e-02 6.967818694891971627e-05 7.491894425240470414e-05
2.600000000000000000e+01 -7.060177299498776420e-03 -1.389387086819329764e-02 6.654941847212452258e-05 7.330008578927728617e-05
2.700000000000000000e+01 -3.645062338206149846e-03 -7.142575117295185683e-03 6.385235924160281244e-05 7.207524932873894652e-05
2.800000000000000000e+01 9.085558889318747964e-05 -1.453232406253035167e-03 6.149305522892648272e-05 7.112220258345230669e-05
2.900000000000000000e+01 2.236713484882484407e-03 2.919359621228195031e-03 5.940623976392687261e-05 7.030144337715239235e-05
3.000000000000000000e+01 3.747237363175413404e-03 6.599152318316029407e-03 5.754377299252666457e-05 6.951176363493692006e-05
3.100000000000000000e+01 4.540684273190767443e-03 1.021458056524587703e-02 5.587909675001914749e-05 6.877026929723135886e-05
3.200000000000000000e+01 5.621060806369292291e-03 1.397075500592066637e-02 5.438488714825028762e-05 6.813978686820627330e-05
3.300000000000000000e+01 7.146908075850739311e-03 1.772952541883192693e-02 5.303242365371932745e-05 6.768026540290182017e-05
3.400000000000000000e+01 8.233294716059132504e-03 2.124141725329534852e-02 5.179760645404400519e-05 6.744508952340465572e-05
3.500000000000000000e+01 8.710913706586701291e-03 2.423590156278151303e-02 5.065503170700268707e-05 6.741301154274748411e-05
3.600000000000000000e+01 9.122320220381296280e-03 2.649781640906414409e-02 4.959047259674132061e-05 6.755004569256954888e-05
3.700000000000000000e+01 9.383454170634382766e-03 2.794528977768872754e-02 4.859892196775564445e-05 6.779708072520476128e-05
3.800000000000000000e+01 9.787437254777037535e-03 2.867548323824447090e-02 4.767741587563850312e-05 6.810465559284790981e-05
3.900000000000000000e+01 9.363451460441636273e-03 2.880544407582338873e-02 4.682130324003305717e-05 6.841757314888445140e-05
4.000000000000000000e+01 9.232158980112609853e-03 2.847463599064369716e-02 4.602068894638786404e-05 6.870836478436418045e-05
4.100000000000000000e+01 8.471811895032019951e-03 2.776572289141709948e-02 4.525297719816272679e-05 6.893838522107255276e-05
4.200000000000000000e+01 8.105094131847880023e-03 2.675084127661153666e-02 4.447133785488019604e-05 6.902605569666975564e-05
4.300000000000000000e+01 8.186969457462783470e-03 2.550272514499477006e-02 4.359887417309920839e-05 6.883371666151418694e-05
4.400000000000000000e+01 7.858221905882823918e-03 2.412758036715440327e-02 4.254584324883431846e-05 6.823557823590569013e-05
4.500000000000000000e+01 7.291352172810791794e-03 2.268352019944877909e-02 4.125448480078019043e-05 6.713976990577862492e-05
4.600000000000000000e+01 7.079932181169304103e-03 2.118927674976315428e-02 3.974928155664916553e-05 6.561202685741774644e-05
4.700000000000000000e+01 6.973866839433020062e-03 1.962699958871988448e-02 3.816294530651443356e-05 6.391081382057800118e-05
