# freqs 	 pli 	 dpli 	 meanpower(thalamus)	 meanpower(scalp)	pli
8.000000000000000000e+00 1.063170651403247055e-02 2.300816590201033504e-02 1.316882339835550827e-04 1.624646367457519588e-04
9.000000000000000000e+00 5.677325409121310174e-03 2.344619611893155806e-02 1.276270666416310458e-04 1.504750738694066701e-04
1.000000000000000000e+01 1.419285553572439138e-03 2.920253659841155758e-02 1.294989011273822667e-04 1.460390609344384733e-04
1.100000000000000000e+01 2.870921174749322454e-03 4.575189143707625306e-02 1.383381679874599098e-04 1.487014405556085666e-04
1.200000000000000000e+01 -2.882075584851045286e-02 -3.397908569463096995e-02 1.472524428783672317e-04 1.664027889599455892e-04
1.300000000000000000e+01 -8.972534571523056723e-02 -2.485316694947780070e-01 1.488451507009614641e-04 2.072559479206597115e-04
1.400000000000000000e+01 -1.240679975663153134e-01 -3.665844105917195339e-01 1.410017373536802572e-04 2.266289228007667758e-04
1.500000000000000000e+01 -1.105152987155854638e-01 -3.081828463556304798e-01 1.269788773744899308e-04 2.031016235765694419e-04
1.600000000000000000e+01 -6.211715405123639094e-02 -1.467852229876845105e-01 1.142741772662842631e-04 1.645426842818077011e-04
1.700000000000000000e+01 -9.495400459624794148e-03 1.958334094168141110e-03 1.063070044158310063e-04 1.361030474401684872e-04
1.800000000000000000e+01 2.035570720892194291e-02 7.589729567252535836e-02 1.014608830684423523e-04 1.210507023035966407e-04
1.900000000000000000e+01 3.272797620728792878e-02 9.513927389787227296e-02 9.764690978299754760e-05 1.133204429091433000e-04
2.000000000000000000e+01 3.423896666504230163e-02 9.273351798244128252e-02 9.398593290859666221e-05 1.086920342169504219e-04
2.100000000000000000e+01 3.550771609556339914e-02 8.714039330530072569e-02 9.038352493526572514e-05 1.055077146145443832e-04
2.200000000000000000e+01 3.689728392872098500e-02 8.337783128712940306e-02 8.690994222912332807e-05 1.027577747633154934e-04
2.300000000000000000e+01 3.644347916548078964e-02 7.912820695591205045e-02 8.349365862375367491e-05 9.984777706426282453e-05
2.400000000000000000e+01 3.396685108255851487e-02 7.198328693453258376e-02 8.011407882286834315e-05 9.673688965969183984e-05
2.500000000000000000e+01 2.786283362038665876e-02 6.239749985739541371e-02 7.676392908842172671e-05 9.389860146373171269e-05
2.600000000000000000e+01 2.242813238885463245e-02 5.283447646875304160e-02 7.353267316346229622e-05 9.198451576981176662e-05
2.700000000000000000e+01 1.860295529246099033e-02 4.541502420007099972e-02 7.050647805377533654e-05 9.109983545032039132e-05
2.800000000000000000e+01 1.649446848611732172e-02 4.023240493051753047e-02 6.769121548874335807e-05 9.036736060046829237e-05
2.900000000000000000e+01 1.369791853301417957e-02 3.563725445938264319e-02 6.506964643059723915e-05 8.854417991319919116e-05
3.000000000000000000e+01 1.130474735022092385e-02 3.035652260026427962e-02 6.264933030759539212e-05 8.508930699734273343e-05
3.100000000000000000e+01 7.994607663958203450e-03 2.439737767290799803e-02 6.046013256986410380e-05 8.041297358630731921e-05
3.200000000000000000e+01 5.230278952988645126e-03 1.858735294015579492e-02 5.849528624218186171e-05 7.537274559741466938e-05
3.300000000000000000e+01 2.737127235501492228e-03 1.348697992469625843e-02 5.675679352161025400e-05 7.071506614482432141e-05
3.400000000000000000e+01 9.888466849842822252e-04 9.256245506947868851e-03 5.522177966749158449e-05 6.679666055923623165e-05
3.500000000000000000e+01 3.241044357636413973e-04 5.810788267299036094e-03 5.386492191784584085e-05 6.361052599992256902e-05
3.600000000000000000e+01 -1.229422712356611829e-03 3.187917947607728144e-03 5.263944814868560976e-05 6.099808953594099972e-05
3.700000000000000000e+01 -2.775938579574457367e-03 1.490199833996155984e-03 5.151109012467180624e-05 5.878745583265259386e-05
3.800000000000000000e+01 -2.798747771897093419e-03 7.704421984161494846e-04 5.045890548155349675e-05 5.685769678804671647e-05
3.900000000000000000e+01 -1.906836216717989986e-03 9.414427967293019072e-04 4.947112231999042112e-05 5.512236098361014214e-05
4.000000000000000000e+01 -9.310433908647436710e-04 1.844032529239738412e-03 4.853441387504174804e-05 5.353077556747331861e-05
4.100000000000000000e+01 5.381036718160787415e-04 3.276324294880812640e-03 4.762524552210467370e-05 5.203058070431767530e-05
4.200000000000000000e+01 1.537626479239691821e-03 5.020312051124255735e-03 4.670109681199712502e-05 5.055229057844646341e-05
4.300000000000000000e+01 3.055741722005313014e-03 6.851950906919646034e-03 4.568951703315213438e-05 4.901036640565667674e-05
4.400000000000000000e+01 3.945845570196752569e-03 8.577724335610549880e-03 4.450264145844706401e-05 4.732321829037293377e-05
4.500000000000000000e+01 5.021817475924816518e-03 1.008670973230677698e-02 4.308241353269754494e-05 4.542811276268286439e-05
4.600000000000000000e+01 5.795907721563234825e-03 1.131959721006377956e-02 4.144613540570978640e-05 4.334069861885565215e-05
4.700000000000000000e+01 6.148682757477405385e-03 1.224919182182907310e-02 3.972149702771067022e-05 4.118754520961273764e-05
