# freqs 	 pli 	 dpli 	 meanpower(thalamus)	 meanpower(scalp)	pli
8.000000000000000000e+00 9.573593993483496892e-03 7.240780606935334762e-02 4.231595259286051285e-05 1.750564073031609920e-04
9.000000000000000000e+00 -1.226577719226942115e-02 6.095368205893444101e-03 4.077413585034556662e-05 1.428987191842639266e-04
1.000000000000000000e+01 -5.376657802822536712e-03 -4.652538147802656732e-03 4.073987480346187898e-05 1.270826418895583117e-04
1.100000000000000000e+01 -4.035548106820737932e-03 -7.981710220484133922e-03 4.061348506922490500e-05 1.135060716515209054e-04
1.200000000000000000e+01 1.762055430129094236e-03 6.921534675420598810e-03 4.026824849032293094e-05 1.023123506402489653e-04
1.300000000000000000e+01 5.302284678915692752e-03 3.919345980980162847e-02 4.009356747919365843e-05 9.414003774168303246e-05
1.400000000000000000e+01 4.533084203257646549e-03 8.536491801087993381e-02 4.030139929005814949e-05 8.690214289380083894e-05
1.500000000000000000e+01 1.358013872692097682e-02 9.915911919172208655e-02 4.028943076124214651e-05 8.015416612403848098e-05
1.600000000000000000e+01 1.593936196915213266e-02 7.218858108204673218e-02 3.987293328146286094e-05 7.356378382677675957e-05
1.700000000000000000e+01 4.082058330781768683e-03 3.183690676326601798e-02 3.923275089261236417e-05 6.741240356385217413e-05
1.800000000000000000e+01 -3.209023646559627969e-03 -1.562528272787643046e-03 3.879534240418220726e-05 6.220250217868733122e-05
1.900000000000000000e+01 -2.284493865071417131e-03 -2.079576956486784214e-02 3.878506651958773253e-05 5.831171325939547308e-05
2.000000000000000000e+01 -6.210949762701717218e-03 -2.735461934926425309e-02 3.914569219734968298e-05 5.550396162478125547e-05
2.100000000000000000e+01 -8.024325263217682580e-03 -2.874555117767237794e-02 3.970754285252647137e-05 5.331812471192813537e-05
2.200000000000000000e+01 -6.906514266433285906e-03 -2.860151244987359925e-02 4.035480955547324949e-05 5.164831785678517434e-05
2.300000000000000000e+01 -9.553143305040387098e-03 -2.514481511332130811e-02 4.100093737305930740e-05 5.051008232308738902e-05
2.400000000000000000e+01 -4.693628238924966653e-03 -1.577088555869846434e-02 4.166171408201281947e-05 4.965892113326451077e-05
2.500000000000000000e+01 3.460107953273487084e-03 -7.152587405121783523e-04 4.230172766739833577e-05 4.895591152196161760e-05
2.600000000000000000e+01 1.235639433276385611e-02 1.616445759281273653e-02 4.282822095810481035e-05 4.831367982030412514e-05
2.700000000000000000e+01 2.035552066393764292e-02 2.956517078146685129e-02 4.315696583152634684e-05 4.769363314310893083e-05
2.800000000000000000e+01 2.318798688066955882e-02 3.639808338151972328e-02 4.327522911228358327e-05 4.702020438632541021e-05
2.900000000000000000e+01 2.054861299787194909e-02 3.746048557198055490e-02 4.325324348749401610e-05 4.629788816937398531e-05
3.000000000000000000e+01 1.799019047520081585e-02 3.542893202582737128e-02 4.317335870629435813e-05 4.553175985090314026e-05
3.100000000000000000e+01 1.188819622850962460e-02 3.211041088169171859e-02 4.305847809931132757e-05 4.475045514396365921e-05
3.200000000000000000e+01 7.787869567750581139e-03 2.837149601450374842e-02 4.290136540744192266e-05 4.403040999105385330e-05
3.300000000000000000e+01 5.994825355756791714e-03 2.428354352086074808e-02 4.267912249671021983e-05 4.339695741516488506e-05
3.400000000000000000e+01 3.635518303510890375e-03 1.933817185616102524e-02 4.236518704856684646e-05 4.287846963026564360e-05
3.500000000000000000e+01 5.768017311794240232e-04 1.329154185495936766e-02 4.195179668843003549e-05 4.244787404124593003e-05
3.600000000000000000e+01 -1.767593095170254952e-03 6.381619642635983324e-03 4.144214289618204324e-05 4.210501519006377681e-05
3.700000000000000000e+01 -3.081243317746776376e-03 -7.365748729329870022e-04 4.084527819654394610e-05 4.184116670848381090e-05
3.800000000000000000e+01 -4.867046686357738745e-03 -7.298723789397298413e-03 4.017669323236176972e-05 4.166856271847381579e-05
3.900000000000000000e+01 -5.837840615645515860e-03 -1.303994102960620224e-02 3.945115609038279866e-05 4.156488893906534662e-05
4.000000000000000000e+01 -7.512813370831082117e-03 -1.780960319831863606e-02 3.867865360370747736e-05 4.152133007725435191e-05
4.100000000000000000e+01 -9.870821380068301593e-03 -2.176456680205237151e-02 3.785776604305066871e-05 4.150649485774809364e-05
4.200000000000000000e+01 -1.104445714315000285e-02 -2.506400012416084774e-02 3.696601659204352632e-05 4.146312771508210053e-05
4.300000000000000000e+01 -1.238465461086866830e-02 -2.801159547814444095e-02 3.596080930854020201e-05 4.127777877104752525e-05
4.400000000000000000e+01 -1.242833132146866498e-02 -3.061350320055728630e-02 3.479131097547786443e-05 4.087765348956531923e-05
4.500000000000000000e+01 -1.052276180293736964e-02 -3.312342014112967803e-02 3.342779794871269703e-05 4.019339335714682888e-05
4.600000000000000000e+01 -9.660681499047476042e-03 -3.557134001004058632e-02 3.189505579976359179e-05 3.924252614317961716e-05
4.700000000000000000e+01 -1.105569717525086218e-02 -3.783496356403159150e-02 3.029149247022251175e-05 3.816392807125915278e-05
