# freqs 	 pli 	 dpli 	 meanpower(thalamus)	 meanpower(scalp)	pli
8.000000000000000000e+00 -3.512790476013617422e-03 -1.605508361526195027e-02 3.687755109088598478e-05 1.693001606969616734e-04
9.000000000000000000e+00 7.755938899334883889e-03 1.975502521676383502e-02 3.453665042890234356e-05 1.554595844642027739e-04
1.000000000000000000e+01 8.393247180026887008e-03 2.764167868888422336e-02 3.420037877330384379e-05 1.398913847438682271e-04
1.100000000000000000e+01 1.066146605549830526e-02 2.689280213969300753e-02 3.439364459662558218e-05 1.281588202770449257e-04
1.200000000000000000e+01 1.043932046400484863e-02 1.733914383846555871e-02 3.490662278167100852e-05 1.241567457701080711e-04
1.300000000000000000e+01 3.844934296720170942e-03 2.451575810202229200e-03 3.573743148748511928e-05 1.242115649819099370e-04
1.400000000000000000e+01 -2.964814944869724207e-03 -1.337756342534367898e-02 3.638073262189628890e-05 1.241395146578219732e-04
1.500000000000000000e+01 -9.567971627060339185e-03 -2.263258244864018581e-02 3.638795383984700028e-05 1.230192516887086750e-04
1.600000000000000000e+01 -1.227825273707195027e-02 -2.597144218200014149e-02 3.596035658520460251e-05 1.222800637948359519e-04
1.700000000000000000e+01 -1.311118185866692355e-02 -2.709434696232621356e-02 3.558134333804684646e-05 1.229816334002117634e-04
1.800000000000000000e+01 -8.284456000698549663e-03 -2.294540438563430138e-02 3.548713377497642166e-05 1.249459337769115918e-04
1.900000000000000000e+01 -3.087885321498583680e-03 -1.437174826204456850e-02 3.562074003074855509e-05 1.273657273794449765e-04
2.000000000000000000e+01 1.108579905414844606e-04 -4.257469857221674557e-03 3.581473303488967819e-05 1.291034819343442525e-04
2.100000000000000000e+01 5.622084360684809559e-03 6.887936943137936557e-03 3.589738778190084751e-05 1.292851901641726097e-04
2.200000000000000000e+01 1.151002737504934308e-02 1.842247000038560803e-02 3.585654436529680074e-05 1.276017828250680609e-04
2.300000000000000000e+01 1.709996346511439419e-02 2.839840874468637505e-02 3.576404339813093965e-05 1.242014522044547617e-04
2.400000000000000000e+01 2.006624103772295525e-02 3.522708761838184294e-02 3.567957074178998547e-05 1.194572618150971274e-04
2.500000000000000000e+01 2.092441341392611842e-02 3.819743750872777593e-02 3.562864210161655851e-05 1.139113340337221514e-04
2.600000000000000000e+01 1.766836315156037132e-02 3.636844461067954143e-02 3.562142158750100353e-05 1.081211864878838549e-04
2.700000000000000000e+01 1.262156295089943148e-02 2.806965650591008651e-02 3.568236151876964069e-05 1.025724872815110192e-04
2.800000000000000000e+01 4.409308259136338060e-03 1.052849706213386180e-02 3.590143601930725545e-05 9.758371519006205693e-05
2.900000000000000000e+01 -7.348417660030876625e-03 -1.989962201002900069e-02 3.642576064486396031e-05 9.333175613276248664e-05
3.000000000000000000e+01 -2.494353702063988043e-02 -6.471082796408295090e-02 3.736563147984303803e-05 8.990066795705979738e-05
3.100000000000000000e+01 -4.540628413030058097e-02 -1.179009430970362482e-01 3.862820892457513317e-05 8.720844575217862656e-05
3.200000000000000000e+01 -6.420681203351333299e-02 -1.660393112921003111e-01 3.988042821962843511e-05 8.502498211303148904e-05
3.300000000000000000e+01 -7.528698253594744150e-02 -1.962895180562355679e-01 4.070816389246619172e-05 8.311199185249427198e-05
3.400000000000000000e+01 -7.862704955253004002e-02 -2.027204118113908327e-01 4.085123903346731477e-05 8.132004638062255561e-05
3.500000000000000000e+01 -7.344474887029389665e-02 -1.866928528301657342e-01 4.030678431845147717e-05 7.959037736279498548e-05
3.600000000000000000e+01 -6.257670666777341573e-02 -1.545414691049165068e-01 3.927502356135169429e-05 7.795646584091415305e-05
3.700000000000000000e+01 -4.796763872030967990e-02 -1.150973878358976660e-01 3.804258552085846852e-05 7.648714222543870301e-05
3.800000000000000000e+01 -3.253598370015515356e-02 -7.691253948678543340e-02 3.685345637042309502e-05 7.524766630357686737e-05
3.900000000000000000e+01 -1.861783726904070110e-02 -4.581463040629316086e-02 3.585356250829569076e-05 7.423655732643546178e-05
4.000000000000000000e+01 -8.921873623081942248e-03 -2.396826275970288800e-02 3.508257444641374342e-05 7.342340947847782293e-05
4.100000000000000000e+01 -3.696483361567531097e-03 -1.059493146850547067e-02 3.450122854119634414e-05 7.273704423092353501e-05
4.200000000000000000e+01 -1.274589330352937514e-03 -3.517859725712190778e-03 3.402216631987427567e-05 7.205997909367391620e-05
4.300000000000000000e+01 -9.929100852829257466e-04 -4.113684420580018667e-04 3.353651244179677889e-05 7.122507566441505119e-05
4.400000000000000000e+01 -2.855192518248343973e-04 5.486149081011771570e-04 3.293210953343099316e-05 7.006020365807532496e-05
4.500000000000000000e+01 -4.691891131844730888e-04 5.353869865396695092e-04 3.213910731420150952e-05 6.844393938578174918e-05
4.600000000000000000e+01 -9.872453523903565713e-04 1.735054842843779667e-04 3.116898922356888728e-05 6.639964326684935929e-05
4.700000000000000000e+01 -1.932000106531884132e-03 -2.626447932905185897e-04 3.012963081172263300e-05 6.414101244439805922e-05
