# freqs 	 pli 	 dpli 	 meanpower(thalamus)	 meanpower(scalp)	pli
8.000000000000000000e+00 -5.325689578805564012e-03 -1.091043089932470893e-02 2.355275957249977774e-05 2.654959115253890012e-04
9.000000000000000000e+00 2.273261380251887648e-03 1.427036064968034527e-02 2.260084385050570421e-05 2.129075111431843917e-04
1.000000000000000000e+01 -1.635520301462602133e-02 -4.523664132786648501e-02 2.245098030569024449e-05 2.012234709309242153e-04
1.100000000000000000e+01 -6.945122962646531339e-02 -1.787985990544640746e-01 2.337886850454648448e-05 2.158545422459811865e-04
1.200000000000000000e+01 -1.087936559172933554e-01 -2.544719067467172691e-01 2.500401261323128714e-05 2.360707950487219613e-04
1.300000000000000000e+01 -1.116828592433410650e-01 -2.484331988087121468e-01 2.637905980555580119e-05 2.486867641648715958e-04
1.400000000000000000e+01 -1.009812111387558137e-01 -2.141486747407309599e-01 2.694030618110453793e-05 2.518009583035810692e-04
1.500000000000000000e+01 -8.048979636002620563e-02 -1.674587273390789610e-01 2.678573236066609793e-05 2.492730084302111158e-04
1.600000000000000000e+01 -5.704082408957557998e-02 -1.184822614663902512e-01 2.609174496710140907e-05 2.452560953790390423e-04
1.700000000000000000e+01 -3.411588530603235081e-02 -7.589552246345772357e-02 2.528552324823290191e-05 2.414611315541980883e-04
1.800000000000000000e+01 -1.446392326621522180e-02 -3.311409220306986423e-02 2.463529628912330580e-05 2.384739087954356666e-04
1.900000000000000000e+01 6.573325887600837102e-03 1.135211826933791267e-02 2.423832305869653137e-05 2.361155944369841314e-04
2.000000000000000000e+01 2.117350768424142507e-02 4.363336940735168534e-02 2.402892419702881693e-05 2.325193401309463175e-04
2.100000000000000000e+01 2.466376044781498633e-02 5.304295188066982664e-02 2.389589757615343481e-05 2.256090938413097375e-04
2.200000000000000000e+01 1.842406075586922737e-02 4.329435024343640526e-02 2.374934979460082904e-05 2.139263586046117422e-04
2.300000000000000000e+01 8.181047991398253741e-03 2.614584484762504102e-02 2.359560616864938057e-05 1.968489678244541880e-04
2.400000000000000000e+01 1.304980863110143325e-03 1.109919871302630923e-02 2.347142531656315346e-05 1.761508673104893500e-04
2.500000000000000000e+01 -2.272821633726155276e-03 1.246597737426153240e-03 2.341106967217066473e-05 1.553626462200523848e-04
2.600000000000000000e+01 -1.953127614600666181e-03 -4.909889525985147544e-03 2.340824981293892040e-05 1.376661328182966369e-04
2.700000000000000000e+01 -3.943580578534507976e-03 -9.861967145300149645e-03 2.343918002999303629e-05 1.243019827478318714e-04
2.800000000000000000e+01 -4.343254851676398194e-03 -1.467351511922836658e-02 2.347430842210496954e-05 1.148461247340242886e-04
2.900000000000000000e+01 -6.203244575335008920e-03 -1.870815166481337027e-02 2.351246118246279486e-05 1.082114703722624323e-04
3.000000000000000000e+01 -7.962261428325840065e-03 -2.125820046097362179e-02 2.354760282262604199e-05 1.034091785846699457e-04
3.100000000000000000e+01 -9.526556706849941686e-03 -2.229419554989835531e-02 2.359076218553754308e-05 9.978893555836569607e-05
3.200000000000000000e+01 -1.035065145391415170e-02 -2.239649808070932890e-02 2.364978057655350805e-05 9.695566309617251676e-05
3.300000000000000000e+01 -1.023769639376521760e-02 -2.218078401655356954e-02 2.372059107148845241e-05 9.466359487700736603e-05
3.400000000000000000e+01 -1.074769741419514049e-02 -2.199561189409101822e-02 2.379806901262307477e-05 9.277024571568517918e-05
3.500000000000000000e+01 -1.017510532676297631e-02 -2.186443512398788744e-02 2.387730167008617754e-05 9.112154215803807897e-05
3.600000000000000000e+01 -8.714546609849410652e-03 -2.178848231400588170e-02 2.395234961183451535e-05 8.954007627282339779e-05
3.700000000000000000e+01 -8.360438865290318114e-03 -2.178140076304915448e-02 2.401733812057131335e-05 8.791968425065339421e-05
3.800000000000000000e+01 -8.892417203017774149e-03 -2.175171251761576219e-02 2.406459332934684792e-05 8.620581222424836786e-05
3.900000000000000000e+01 -9.938531139251294971e-03 -2.148861153724579073e-02 2.409373727450165751e-05 8.439440825221051253e-05
4.000000000000000000e+01 -9.276027838290118802e-03 -2.057507085375161193e-02 2.410195843221634132e-05 8.251760727243064779e-05
4.100000000000000000e+01 -8.004301613371202911e-03 -1.877311686390157816e-02 2.407591125103506421e-05 8.060160372474980842e-05
4.200000000000000000e+01 -5.713565926886580819e-03 -1.615919915573616958e-02 2.399059166206225516e-05 7.863966788997175277e-05
4.300000000000000000e+01 -3.314950453155589977e-03 -1.311925308255643303e-02 2.380673811190170652e-05 7.654633230185363163e-05
4.400000000000000000e+01 -1.689404903797037246e-03 -1.015602665470466751e-02 2.348075593700752194e-05 7.420470752097772815e-05
4.500000000000000000e+01 3.355744862319152413e-04 -7.649622534363055559e-03 2.299233447776741576e-05 7.153011294210953695e-05
4.600000000000000000e+01 1.503256908910254042e-03 -5.789345504630740401e-03 2.237222864883129213e-05 6.855947266403241737e-05
4.700000000000000000e+01 1.723940082559495025e-03 -4.577825029452997109e-03 2.171883281806360767e-05 6.550638126626808823e-05
