# freqs 	 pli 	 dpli 	 meanpower(thalamus)	 meanpower(scalp)	pli
8.000000000000000000e+00 9.579618910258404230e-02 3.335186595434191381e-01 7.238297204659414774e+01 2.733452380990457868e+02
9.000000000000000000e+00 7.437175832011679033e-02 2.027692491147525256e-01 6.523021509733980849e+01 2.248873486121554208e+02
1.000000000000000000e+01 5.017799106817880106e-02 1.298354449594529281e-01 5.919481462516500159e+01 1.864670370699659259e+02
1.100000000000000000e+01 2.803039465642330474e-02 7.260720062204319147e-02 5.614350085846687222e+01 1.616503124906072344e+02
1.200000000000000000e+01 1.662505254163294116e-02 4.245883258322696863e-02 5.462759690647021671e+01 1.475071081145565017e+02
1.300000000000000000e+01 1.074191059723599885e-02 2.381277248205160638e-02 5.247094721833559561e+01 1.427336033007181015e+02
1.400000000000000000e+01 2.961508381937331871e-03 -4.441481626106751242e-03 4.910829966604862307e+01 1.395624487999933763e+02
1.500000000000000000e+01 -6.201932906782653583e-03 -2.716778470872878090e-02 4.517366922622593250e+01 1.311980211427347740e+02
1.600000000000000000e+01 -9.730643693368184674e-03 -2.889335008078545292e-02 4.145398653964821278e+01 1.183843870916886090e+02
1.700000000000000000e+01 -8.082812327484246301e-03 -1.681433902677511444e-02 3.842171333448474968e+01 1.050425686663843692e+02
1.800000000000000000e+01 -4.846738577417073965e-03 -4.422508803939976564e-03 3.616780633718197180e+01 9.375197343046481535e+01
1.900000000000000000e+01 -1.165007396910069720e-03 3.175734049895236749e-03 3.454809465370760080e+01 8.495983567399468939e+01
2.000000000000000000e+01 1.199775324868629757e-03 5.976827058165784350e-03 3.338547329343789727e+01 7.815136441639168652e+01
2.100000000000000000e+01 1.542733382954198209e-03 5.413652168081449501e-03 3.255220834667368024e+01 7.284489362001600909e+01
2.200000000000000000e+01 6.228651401880589767e-04 3.803721712595558874e-03 3.195954444858103827e+01 6.867042599127064761e+01
2.300000000000000000e+01 3.209486773027791736e-04 3.079100230694748006e-03 3.152679200773408041e+01 6.528472682555353401e+01
2.400000000000000000e+01 3.596245160900072755e-04 3.727000923571996503e-03 3.117897653890238985e+01 6.242372870572290111e+01
2.500000000000000000e+01 1.585804087021727184e-03 5.193513961576776833e-03 3.086967127741740669e+01 5.993247951311926158e+01
2.600000000000000000e+01 3.288968003822805106e-03 6.735956397321805206e-03 3.058585130427187337e+01 5.774081247775409764e+01
2.700000000000000000e+01 3.916801760624425560e-03 7.845686509577169676e-03 3.032371365431361454e+01 5.580843852887600320e+01
2.800000000000000000e+01 4.129044615787994497e-03 8.544643046049786583e-03 3.008040252476212473e+01 5.407730795610311958e+01
2.900000000000000000e+01 4.585832401224875995e-03 9.077692750872974961e-03 2.985262074132947419e+01 5.251378932128709920e+01
3.000000000000000000e+01 5.125323994115464632e-03 9.641265625050106716e-03 2.964549209684270892e+01 5.109832431231944128e+01
3.100000000000000000e+01 4.943484062614591189e-03 1.012607383693509173e-02 2.945967548533869262e+01 4.984524097629792294e+01
3.200000000000000000e+01 4.908314766506736981e-03 1.029831100289389442e-02 2.928870679962200896e+01 4.875831614740766184e+01
3.300000000000000000e+01 4.648902230096742770e-03 9.951159899032124140e-03 2.913155846836396989e+01 4.782216321892589406e+01
3.400000000000000000e+01 4.090381606481083808e-03 9.020680732080635367e-03 2.898630258054228293e+01 4.701215972850843627e+01
3.500000000000000000e+01 3.753604911478038240e-03 7.631922689885285369e-03 2.884728382900406984e+01 4.629894366580708009e+01
3.600000000000000000e+01 3.306587093005365283e-03 6.020007712377844176e-03 2.870795987167907271e+01 4.566702464672592043e+01
3.700000000000000000e+01 2.502635731373448365e-03 4.461083280887356145e-03 2.856618343057576581e+01 4.510784343277063613e+01
3.800000000000000000e+01 2.368885410205638382e-03 3.148138595036304929e-03 2.842153501790712866e+01 4.461579956828892790e+01
3.900000000000000000e+01 1.968323205977856420e-03 2.121866021571371889e-03 2.827447798046675587e+01 4.418040735638568606e+01
4.000000000000000000e+01 1.422648067117709058e-03 1.294410982681277892e-03 2.812238906945167116e+01 4.378910763649997051e+01
4.100000000000000000e+01 1.414806529595435654e-03 5.454216997488540563e-04 2.795379638638988595e+01 4.341452635310118069e+01
4.200000000000000000e+01 1.383571999048243545e-03 -1.876176486045336644e-04 2.774022628806801549e+01 4.300574110638964953e+01
4.300000000000000000e+01 9.161163560577034173e-04 -8.988355069812461106e-04 2.743331820337166960e+01 4.248276382458043088e+01
4.400000000000000000e+01 3.319498192908217115e-04 -1.513244293654438834e-03 2.697715657837524006e+01 4.176350599129328600e+01
4.500000000000000000e+01 2.175048630767531966e-04 -1.997882755772789273e-03 2.633884156812812805e+01 4.079180252135117257e+01
4.600000000000000000e+01 3.711267732910874108e-04 -2.336655348045495184e-03 2.554273732739824254e+01 3.959214438961105031e+01
4.700000000000000000e+01 4.019063803436085476e-04 -2.525050465325090997e-03 2.468618011273047586e+01 3.829022945724548777e+01
