# freqs 	 pli 	 dpli 	 meanpower(thalamus)	 meanpower(scalp)	pli
8.000000000000000000e+00 -9.121897465072277902e-03 -1.099209611661379656e-02 8.359676168407664137e-05 2.259697272393346612e-04
9.000000000000000000e+00 9.153731722449607103e-03 2.700247764596960115e-02 8.136796921368312876e-05 2.114078985534727749e-04
1.000000000000000000e+01 6.247484939364235899e-03 2.026818239520042017e-02 7.886689188563523795e-05 1.874106046638086571e-04
1.100000000000000000e+01 -8.628898219033656961e-03 -1.570456450352129829e-02 7.331107638816535487e-05 1.594745363619318363e-04
1.200000000000000000e+01 -1.294379886563544989e-02 -2.729722752594043733e-02 6.275426243380252927e-05 1.348575852381602878e-04
1.300000000000000000e+01 -1.064885554394679086e-02 -1.051447557941740524e-02 5.331542218116564429e-05 1.177402400378317550e-04
1.400000000000000000e+01 -4.340536977680688885e-03 2.515589055696564481e-03 4.963491451084385580e-05 1.082768684568300414e-04
1.500000000000000000e+01 3.920155101084963028e-04 3.358797455117344156e-03 4.847081517560700398e-05 1.025502483830107998e-04
1.600000000000000000e+01 2.271304726393488793e-03 4.015858819239081709e-03 4.626854785742361679e-05 9.609488039304628522e-05
1.700000000000000000e+01 3.045644210990451368e-03 3.118845317756845873e-03 4.306250544291376881e-05 8.832509651089320911e-05
1.800000000000000000e+01 5.154093648654751655e-04 1.873973142708970478e-04 4.009517222152560276e-05 8.106534449883992023e-05
1.900000000000000000e+01 3.789101648616425015e-04 -2.359260049629413603e-03 3.798786970305944818e-05 7.539245566167601979e-05
2.000000000000000000e+01 -1.137656734419756691e-03 -3.590547250384178591e-03 3.667728144281727471e-05 7.117164555185477007e-05
2.100000000000000000e+01 -2.784265323060888982e-03 -4.439342858102861104e-03 3.587469931281620753e-05 6.793553740003265614e-05
2.200000000000000000e+01 -4.377355358359420572e-03 -6.123397279331244808e-03 3.529855362648128117e-05 6.527926177039432461e-05
2.300000000000000000e+01 -4.948986314702822666e-03 -8.531437639942282547e-03 3.480349523354685096e-05 6.299398280421446045e-05
2.400000000000000000e+01 -5.873463096119860977e-03 -1.068158463620962582e-02 3.436927031631319303e-05 6.090556617900688333e-05
2.500000000000000000e+01 -5.293364408859596408e-03 -1.195498159955207286e-02 3.401152782799068952e-05 5.893632183568109736e-05
2.600000000000000000e+01 -6.229948850627507577e-03 -1.230393376947000114e-02 3.374237438742914947e-05 5.707379345335985313e-05
2.700000000000000000e+01 -6.198068282186924155e-03 -1.190244730362626825e-02 3.355463860567820986e-05 5.535331307810879728e-05
2.800000000000000000e+01 -5.041345931894828693e-03 -1.111248624636137702e-02 3.341449228904083322e-05 5.380732230124686365e-05
2.900000000000000000e+01 -4.598229279082864142e-03 -1.041827546381457643e-02 3.330673082505433236e-05 5.244460758270530644e-05
3.000000000000000000e+01 -4.169721746987506070e-03 -1.021799256858669201e-02 3.321798932691919919e-05 5.124602887599697483e-05
3.100000000000000000e+01 -5.267911038914785578e-03 -1.056237021085243942e-02 3.313327049937183971e-05 5.017770166837163019e-05
3.200000000000000000e+01 -5.735562032973254808e-03 -1.112447845165213944e-02 3.303984622642684255e-05 4.919721760010330414e-05
3.300000000000000000e+01 -5.275582685037858051e-03 -1.143395451019577069e-02 3.292882854857541187e-05 4.828143643259675497e-05
3.400000000000000000e+01 -4.684476364773104001e-03 -1.114878888361317544e-02 3.280067639156635721e-05 4.741039757115557781e-05
3.500000000000000000e+01 -4.043782378327760718e-03 -1.029205819045767717e-02 3.266209159768744953e-05 4.658219002575758274e-05
3.600000000000000000e+01 -3.941872126755918172e-03 -9.205297929039580815e-03 3.251786157254581779e-05 4.580317886078759203e-05
3.700000000000000000e+01 -4.138271187471950080e-03 -8.352897302465123880e-03 3.237514737764078600e-05 4.507674514152922203e-05
3.800000000000000000e+01 -3.450430449072836633e-03 -8.081748129201541536e-03 3.223727060603282418e-05 4.440235833111656869e-05
3.900000000000000000e+01 -4.024241823849171625e-03 -8.486850801267308356e-03 3.210219246076372138e-05 4.377457038545309377e-05
4.000000000000000000e+01 -4.013066423678922703e-03 -9.398942629949657082e-03 3.196389375339536742e-05 4.318038602959194897e-05
4.100000000000000000e+01 -4.401488185645546954e-03 -1.053748207237339973e-02 3.180968888275374480e-05 4.259440004153026933e-05
4.200000000000000000e+01 -5.216113331390822422e-03 -1.164500531339988237e-02 3.160702483550414081e-05 4.197136021410347446e-05
4.300000000000000000e+01 -5.600219104484441962e-03 -1.257490589396562802e-02 3.129613983112777603e-05 4.123495066209822182e-05
4.400000000000000000e+01 -6.395394766679994222e-03 -1.325224242669221023e-02 3.080988282203522485e-05 4.029920673885212701e-05
4.500000000000000000e+01 -6.698775535910790266e-03 -1.368284869300231271e-02 3.010676006566468939e-05 3.911096682954511087e-05
4.600000000000000000e+01 -7.185151861406894463e-03 -1.387056480804015057e-02 2.921171881541949513e-05 3.769362649036910349e-05
4.700000000000000000e+01 -7.709172999472365360e-03 -1.381266676373016887e-02 2.823496272851585935e-05 3.616817595059949159e-05
