# freqs 	 pli 	 dpli 	 meanpower(thalamus)	 meanpower(scalp)	pli
8.000000000000000000e+00 -9.718165168372611129e-02 -2.056581517195354425e-01 1.111642871128249105e-04 4.798825837786747039e-04
9.000000000000000000e+00 -4.981683520487198424e-02 -9.484194722346521444e-02 8.851133330759202323e-05 3.017567358546108898e-04
1.000000000000000000e+01 -2.390798445083441165e-02 -3.590436935270002738e-02 7.554527748713923279e-05 2.245458722067563762e-04
1.100000000000000000e+01 -1.007336385349467262e-02 -7.776148106465351813e-04 6.983238902903135190e-05 2.043756348293912246e-04
1.200000000000000000e+01 -2.425617384398740840e-03 7.214636841452674865e-03 6.715145877947127596e-05 2.006627742807886520e-04
1.300000000000000000e+01 1.007074576746942209e-02 1.170533980651742960e-02 6.558088019767969491e-05 2.035751593935940826e-04
1.400000000000000000e+01 1.045804254689894006e-02 1.342452189405563337e-02 6.454500031302042886e-05 2.055357018794770813e-04
1.500000000000000000e+01 2.920971108515144424e-03 3.529406637617751256e-03 6.414208413456686387e-05 2.014994314845330566e-04
1.600000000000000000e+01 -8.457880639844808299e-03 -2.107037074074190677e-02 6.537798278491586121e-05 1.936470005981790561e-04
1.700000000000000000e+01 -2.043737844091343681e-02 -5.933087917205866202e-02 6.860340945663865935e-05 1.849887634656555483e-04
1.800000000000000000e+01 -3.865298553591296760e-02 -1.086541523227448069e-01 7.249519775709817565e-05 1.768961630308026522e-04
1.900000000000000000e+01 -5.931471802357520667e-02 -1.546389173064333655e-01 7.494438888107993202e-05 1.699006761484625602e-04
2.000000000000000000e+01 -7.394071450914892207e-02 -1.802358349356758815e-01 7.480643500409807920e-05 1.639242251705246120e-04
2.100000000000000000e+01 -7.413658940717827994e-02 -1.819273284135300150e-01 7.256993306176405837e-05 1.576215735468089918e-04
2.200000000000000000e+01 -7.399897948377283374e-02 -1.691245874532038285e-01 6.935761032854819211e-05 1.502283732370297148e-04
2.300000000000000000e+01 -6.992029984036986223e-02 -1.529208406816426336e-01 6.609522769288831692e-05 1.417147145082972332e-04
2.400000000000000000e+01 -6.182567595494618123e-02 -1.373037705238747685e-01 6.322967608301043139e-05 1.326025153250321874e-04
2.500000000000000000e+01 -5.272718146579196546e-02 -1.213958271492840552e-01 6.082186164800562362e-05 1.234521628154989538e-04
2.600000000000000000e+01 -4.553010904658302133e-02 -1.046438530656854243e-01 5.883604652565204823e-05 1.146881298100144462e-04
2.700000000000000000e+01 -3.714522640971378020e-02 -8.766408038749838594e-02 5.724766435450332478e-05 1.066407832572548403e-04
2.800000000000000000e+01 -3.319196172034209746e-02 -7.237230375141576189e-02 5.601330667143554742e-05 9.943742267875534894e-05
2.900000000000000000e+01 -2.817257938428321604e-02 -5.998810466929863083e-02 5.508047361026277794e-05 9.314585669700096765e-05
3.000000000000000000e+01 -2.647082042732621515e-02 -5.095163884149858657e-02 5.437894711191661065e-05 8.779303814632933450e-05
3.100000000000000000e+01 -2.130895064726041552e-02 -4.467799799211849554e-02 5.386129383087065703e-05 8.337473861495099897e-05
3.200000000000000000e+01 -1.824797682270196120e-02 -3.987455450312858696e-02 5.347753819416051896e-05 7.972558406878031950e-05
3.300000000000000000e+01 -1.703541022970362848e-02 -3.547671890346232315e-02 5.320295248941630173e-05 7.668307763205125692e-05
3.400000000000000000e+01 -1.514876881924190170e-02 -3.090439616931974984e-02 5.301544182441452429e-05 7.419239150023375882e-05
3.500000000000000000e+01 -1.472102224093878309e-02 -2.617336982732325693e-02 5.288559409693234737e-05 7.214337347411853762e-05
3.600000000000000000e+01 -1.371863400689851339e-02 -2.180113022373156989e-02 5.278395373370837492e-05 7.047243690049826814e-05
3.700000000000000000e+01 -1.195434373900001145e-02 -1.847003033819547696e-02 5.267202717831219938e-05 6.912190957798331717e-05
3.800000000000000000e+01 -8.015170051825577097e-03 -1.662226845654224405e-02 5.252479114967300981e-05 6.802435702668409366e-05
3.900000000000000000e+01 -4.980419866020199815e-03 -1.576857417568619524e-02 5.232904073854878512e-05 6.707784671890756141e-05
4.000000000000000000e+01 -3.910842174348914090e-03 -1.531663195137932323e-02 5.208685928443513972e-05 6.623685062780715880e-05
4.100000000000000000e+01 -2.392611328385005169e-03 -1.456014129391429088e-02 5.178129418871207153e-05 6.543056370068826171e-05
4.200000000000000000e+01 -2.588116203186865017e-03 -1.312223199284189359e-02 5.136628362329255862e-05 6.455893249876462116e-05
4.300000000000000000e+01 -3.469367975561865342e-03 -1.090885863927534491e-02 5.075740732787671850e-05 6.346670881360887324e-05
4.400000000000000000e+01 -2.240954039402472033e-03 -8.422561242134085635e-03 4.985670587791999714e-05 6.203576969435886527e-05
4.500000000000000000e+01 -1.591668304185498047e-03 -5.831632895811379724e-03 4.861092400850166093e-05 6.016544815596668001e-05
4.600000000000000000e+01 -1.359746513310546197e-03 -3.373680954193184096e-03 4.707041214568445122e-05 5.790387570941269688e-05
4.700000000000000000e+01 -5.360071467619567740e-04 -1.207285329044544215e-03 4.541385193059483625e-05 5.545986015711292059e-05
