# freqs 	 pli 	 dpli 	 meanpower(thalamus)	 meanpower(scalp)	pli
8.000000000000000000e+00 -1.059837455259829420e-01 -2.098272534448836213e-01 1.734108846319782748e-04 5.164423142455408164e-04
9.000000000000000000e+00 -7.374302902560049555e-02 -1.448520016006047406e-01 1.322266723427989389e-04 3.410403319426171930e-04
1.000000000000000000e+01 -3.261236485211248953e-02 -5.173556399802783229e-02 1.131389368871331272e-04 2.544062671112294464e-04
1.100000000000000000e+01 1.442052804580638316e-03 -7.757156716654745390e-03 1.029544520472324413e-04 2.280742465949745141e-04
1.200000000000000000e+01 1.347130333370605629e-02 -4.123110453260849027e-04 9.734999950707033645e-05 2.243503648853075209e-04
1.300000000000000000e+01 3.269980260422094501e-03 -2.177057480555938829e-03 9.425859592378795458e-05 2.270554811458855716e-04
1.400000000000000000e+01 -7.697899747855548990e-04 -1.007920477515064119e-02 9.196912541417253653e-05 2.283730246979927324e-04
1.500000000000000000e+01 -9.679995718871195476e-03 -2.148085723001618569e-02 8.974162574663814681e-05 2.245964666500404705e-04
1.600000000000000000e+01 -1.418566601067248155e-02 -3.812665946845816139e-02 8.794531964202384022e-05 2.179721054532981724e-04
1.700000000000000000e+01 -1.950891455477739289e-02 -6.447693566236585572e-02 8.716196562354020828e-05 2.107888937631216466e-04
1.800000000000000000e+01 -2.704259181184480790e-02 -9.519959723857451817e-02 8.730121949942934402e-05 2.045043109233147562e-04
1.900000000000000000e+01 -3.509657945332090440e-02 -1.138063978801127224e-01 8.756679212200578683e-05 1.996645985903733724e-04
2.000000000000000000e+01 -3.687108197534308407e-02 -1.108731401780512632e-01 8.716874487442646520e-05 1.953152223260432323e-04
2.100000000000000000e+01 -3.722739469812934299e-02 -9.482140764907735775e-02 8.612945831759172494e-05 1.895574374493746853e-04
2.200000000000000000e+01 -3.140879676024697920e-02 -8.028985719043554847e-02 8.469486088657814246e-05 1.815647270419030524e-04
2.300000000000000000e+01 -3.153244502839624291e-02 -7.284746686458476450e-02 8.312741910033840992e-05 1.716136853518390401e-04
2.400000000000000000e+01 -3.008224392876927833e-02 -6.896961896206087184e-02 8.156143433834419482e-05 1.600810093915982721e-04
2.500000000000000000e+01 -2.706464700497632214e-02 -6.278496907789016257e-02 7.994458560733061839e-05 1.476879176976955287e-04
2.600000000000000000e+01 -2.091474690913799200e-02 -5.227177263563568405e-02 7.820590177527064106e-05 1.352683731335957104e-04
2.700000000000000000e+01 -1.784073299728606080e-02 -3.931580942109612342e-02 7.636486097269510481e-05 1.235617068295063884e-04
2.800000000000000000e+01 -1.382664924472927492e-02 -2.672236126344155679e-02 7.450606784722994455e-05 1.130139922701942578e-04
2.900000000000000000e+01 -9.464989720419477587e-03 -1.557512364733318333e-02 7.273059680872847102e-05 1.039837189675306222e-04
3.000000000000000000e+01 -5.899546956181128503e-03 -5.815708776265416692e-03 7.111229406302077972e-05 9.652118621764889199e-05
3.100000000000000000e+01 -2.206429007824633939e-03 1.778308988011757189e-03 6.970274264082908580e-05 9.054058328998315110e-05
3.200000000000000000e+01 9.585390618413480203e-04 6.253458936700301458e-03 6.850214783893932165e-05 8.576967401135914752e-05
3.300000000000000000e+01 -6.803977766356525013e-04 7.328826394738716631e-03 6.749122922102273204e-05 8.193772376731310255e-05
3.400000000000000000e+01 -4.250366340231489029e-03 5.486659288669181941e-03 6.663487055248810140e-05 7.887545959143529557e-05
3.500000000000000000e+01 -4.395925975405716446e-03 2.038038347968920867e-03 6.589123674080275275e-05 7.634571018019729849e-05
3.600000000000000000e+01 -4.626908985381071766e-03 -1.650388627199083713e-03 6.522147215622690821e-05 7.424435155642580538e-05
3.700000000000000000e+01 -5.300207863709457609e-03 -4.570975837722995698e-03 6.458879293098049085e-05 7.247089233886480294e-05
3.800000000000000000e+01 -4.580724915034941475e-03 -6.280468202570980811e-03 6.398341983742341266e-05 7.095984951645972370e-05
3.900000000000000000e+01 -2.170273900433515417e-03 -6.921673624985653223e-03 6.340263083184211317e-05 6.957320549216971400e-05
4.000000000000000000e+01 -2.350256375294679234e-03 -6.846192327683937352e-03 6.283362637674733131e-05 6.826118579121477224e-05
4.100000000000000000e+01 -3.834291309476714309e-03 -6.422692438183804156e-03 6.223578227564369322e-05 6.693483598723984850e-05
4.200000000000000000e+01 -4.791773081058298134e-03 -5.876637774606170532e-03 6.153297337605271276e-05 6.549306152330490146e-05
4.300000000000000000e+01 -3.473722938001635833e-03 -5.144664227295848123e-03 6.061996884438975531e-05 6.378561796167414154e-05
4.400000000000000000e+01 -3.122691947553029885e-03 -4.567107829486800365e-03 5.937854392976154905e-05 6.180315815008234918e-05
4.500000000000000000e+01 -2.880748052317442295e-03 -4.036720006290950985e-03 5.773651353399586266e-05 5.942942527661745943e-05
4.600000000000000000e+01 -1.513669580207196346e-03 -3.668667749849563973e-03 5.574542742918758668e-05 5.670329559065614137e-05
4.700000000000000000e+01 -1.192477132393269688e-03 -3.575131154440694663e-03 5.361203671928011725e-05 5.380324981542085181e-05
