# freqs 	 pli 	 dpli 	 meanpower(thalamus)	 meanpower(scalp)	pli
8.000000000000000000e+00 -3.078768326660708682e-02 -4.030864441358000816e-02 8.771806046102904907e-05 2.559411565165847758e-04
9.000000000000000000e+00 3.826532351653686749e-03 -1.884655464113141332e-02 8.352304491688597237e-05 1.614795677789714523e-04
1.000000000000000000e+01 -8.911106574139395983e-03 -2.008777055652796392e-02 8.109908363989518467e-05 1.377793338498764378e-04
1.100000000000000000e+01 -7.577887920292240148e-03 -2.585333759268849951e-02 8.055600985143282651e-05 1.352797494659771027e-04
1.200000000000000000e+01 -1.371425403249759353e-02 -2.702726250104087527e-02 8.235592907574528572e-05 1.440367307398031686e-04
1.300000000000000000e+01 -2.302910186240923404e-02 -5.159510587654053682e-02 8.641158660501442406e-05 1.617214969479612756e-04
1.400000000000000000e+01 -3.583016627155501121e-02 -8.473454763323652605e-02 9.110212652944154276e-05 1.716068851992820759e-04
1.500000000000000000e+01 -4.741944577220526952e-02 -1.043911039024375542e-01 9.530278893665056336e-05 1.651699016483089704e-04
1.600000000000000000e+01 -4.878086285283730894e-02 -1.078664772368579244e-01 9.871643089897602749e-05 1.535327764334598773e-04
1.700000000000000000e+01 -5.236296292522378548e-02 -1.062857558018576176e-01 1.007928991840033176e-04 1.448479251354660414e-04
1.800000000000000000e+01 -5.773473067473546688e-02 -1.113267517996102823e-01 1.013694927472063304e-04 1.394162899517535604e-04
1.900000000000000000e+01 -6.504261251752548045e-02 -1.219523577592552532e-01 1.008038358254042128e-04 1.366008528794141873e-04
2.000000000000000000e+01 -6.456977426204672799e-02 -1.247739734055451633e-01 9.971564994715713262e-05 1.362505495119659105e-04
2.100000000000000000e+01 -5.331210389934750576e-02 -1.118468132933525538e-01 9.860456948467723605e-05 1.376960061123364443e-04
2.200000000000000000e+01 -3.822038063596941426e-02 -8.397739856648583912e-02 9.775974867855392306e-05 1.398429568958012780e-04
2.300000000000000000e+01 -1.664610749862078035e-02 -3.968069195597009186e-02 9.790041956717529504e-05 1.416909131693264579e-04
2.400000000000000000e+01 1.827355056242222983e-02 2.422995605162549596e-02 1.002430923995652759e-04 1.427000214424654239e-04
2.500000000000000000e+01 5.796363278462636492e-02 9.235487597194368126e-02 1.046771995566502715e-04 1.420861146412997437e-04
2.600000000000000000e+01 8.365016445360359820e-02 1.395122877498189973e-01 1.083401714710531321e-04 1.386068590803563256e-04
2.700000000000000000e+01 9.056280738287142418e-02 1.550159031746538296e-01 1.079201320932986847e-04 1.316374969485305984e-04
2.800000000000000000e+01 8.115034584956153096e-02 1.427245392304846705e-01 1.026485837177261293e-04 1.219081057486354062e-04
2.900000000000000000e+01 6.231115415532249846e-02 1.124331874549461957e-01 9.443740432426890737e-05 1.109295232137688273e-04
3.000000000000000000e+01 3.946750537845777201e-02 7.534036871103122479e-02 8.592941470717290928e-05 1.001305973067190242e-04
3.100000000000000000e+01 2.163293873681930782e-02 4.130350949604923855e-02 7.883098459615143854e-05 9.052946960132902791e-05
3.200000000000000000e+01 7.386614829080114138e-03 1.588233410010827032e-02 7.355503510217352415e-05 8.260333348100925438e-05
3.300000000000000000e+01 7.732638600320145168e-04 -1.292932774191645417e-04 6.974661593293365013e-05 7.638617693921154314e-05
3.400000000000000000e+01 -4.704673092463997758e-03 -8.884103914417004755e-03 6.687618389945633338e-05 7.166622828772357858e-05
3.500000000000000000e+01 -7.127579476407652249e-03 -1.365952997238962553e-02 6.455422072432451144e-05 6.805512040083758630e-05
3.600000000000000000e+01 -7.889690373644052748e-03 -1.707128079944516055e-02 6.257461236284954300e-05 6.525506174428348483e-05
3.700000000000000000e+01 -9.794799810450217220e-03 -2.052200638255000098e-02 6.084956715587373788e-05 6.304646953421775950e-05
3.800000000000000000e+01 -1.202845754122459920e-02 -2.421204738693053318e-02 5.934309649086722113e-05 6.128587952189771539e-05
3.900000000000000000e+01 -1.420602029839243378e-02 -2.750605597778317882e-02 5.802075414975596654e-05 5.979251259568417367e-05
4.000000000000000000e+01 -1.497088285879329302e-02 -2.970195864055620236e-02 5.683128614463343127e-05 5.849201681096723182e-05
4.100000000000000000e+01 -1.486168116285616937e-02 -3.050410435486406585e-02 5.571168269446219608e-05 5.731349556319438083e-05
4.200000000000000000e+01 -1.456746119091066084e-02 -3.014214338494197384e-02 5.459319471494188060e-05 5.616693043814270105e-05
4.300000000000000000e+01 -1.329768979709692114e-02 -2.909872708356670348e-02 5.337498798741758670e-05 5.490701018131529195e-05
4.400000000000000000e+01 -1.169924332370505561e-02 -2.779814542779887598e-02 5.195072723973781980e-05 5.346415405101876935e-05
4.500000000000000000e+01 -1.062360615291718657e-02 -2.643648767215211332e-02 5.025483741735797480e-05 5.172856396204254906e-05
4.600000000000000000e+01 -1.021714599210859879e-02 -2.494112741593395438e-02 4.831637858416408196e-05 4.972263023090322040e-05
4.700000000000000000e+01 -9.548556023287899097e-03 -2.304363657952189157e-02 4.629162006326008354e-05 4.761379490602253583e-05
