# freqs 	 pli 	 dpli 	 meanpower(thalamus)	 meanpower(scalp)	pli
8.000000000000000000e+00 3.286891952208861184e-02 1.284782641212713419e-02 5.306965271877943735e+01 3.154745608672316735e+02
9.000000000000000000e+00 2.198658271657413787e-02 -1.861776312900349827e-03 4.811059974886818935e+01 2.642637034853533464e+02
1.000000000000000000e+01 9.556577189310635004e-03 1.435677133668713254e-03 4.462683114787753880e+01 2.179095191211024201e+02
1.100000000000000000e+01 -1.011925880280594402e-03 -1.204081263503786574e-02 4.259429337723982911e+01 1.855187273634801670e+02
1.200000000000000000e+01 -5.725938022455541627e-03 -1.244304814291469219e-02 4.103886290268597037e+01 1.672084455845844673e+02
1.300000000000000000e+01 -8.699377313522946645e-03 -6.560982416883848548e-03 3.921276494807915469e+01 1.607598965153784718e+02
1.400000000000000000e+01 -1.499358519117678298e-02 -2.546722988838884608e-02 3.725010784681307285e+01 1.560779150018529720e+02
1.500000000000000000e+01 -2.514729336601966708e-02 -5.771399241676467007e-02 3.543540701235777135e+01 1.455621515367661516e+02
1.600000000000000000e+01 -2.933683327932229759e-02 -7.100372049272607455e-02 3.370536682254223138e+01 1.302053142389933669e+02
1.700000000000000000e+01 -2.556055637897054408e-02 -6.126844746530916985e-02 3.200377952480117472e+01 1.145535859049037981e+02
1.800000000000000000e+01 -1.824537230759272141e-02 -4.189988471177434615e-02 3.049411695514670129e+01 1.013477304556070209e+02
1.900000000000000000e+01 -1.190975153154412783e-02 -2.485226674618253723e-02 2.931566457839522855e+01 9.106111575801458002e+01
2.000000000000000000e+01 -6.970182684285412301e-03 -1.325005139114835556e-02 2.845671787282522303e+01 8.315174467845639583e+01
2.100000000000000000e+01 -3.656341420066306844e-03 -5.867111294167355780e-03 2.784195428843079512e+01 7.698313097940044258e+01
2.200000000000000000e+01 -2.047904493404850094e-03 -1.658034096801934811e-03 2.739756395291450275e+01 7.209376611325541262e+01
2.300000000000000000e+01 -5.547484509465313999e-04 6.780918055693442191e-04 2.707728345535878134e+01 6.812453131961471797e+01
2.400000000000000000e+01 1.199535042046649853e-03 2.676061966683423391e-03 2.684199887076205115e+01 6.481714689060392232e+01
2.500000000000000000e+01 2.535043199111630674e-03 4.946128855901136580e-03 2.665527033620322328e+01 6.197710945240569913e+01
2.600000000000000000e+01 3.254821998975389145e-03 7.184876786290511630e-03 2.649456611201401302e+01 5.949899665093819578e+01
2.700000000000000000e+01 3.748538851272411546e-03 8.924835385469684704e-03 2.635084020665809135e+01 5.731278405147815391e+01
2.800000000000000000e+01 4.285690984105382240e-03 1.008429665754037412e-02 2.621976335782313328e+01 5.533663862952387547e+01
2.900000000000000000e+01 4.788698671136118988e-03 1.079434528284670992e-02 2.610023288417116305e+01 5.353346514043187909e+01
3.000000000000000000e+01 4.978388107949258297e-03 1.123865394430374580e-02 2.599394703502754211e+01 5.190073715198025184e+01
3.100000000000000000e+01 5.759042752774242921e-03 1.151870386287144436e-02 2.590082800765627269e+01 5.045491473899767243e+01
3.200000000000000000e+01 5.609124528651021450e-03 1.164508175571392183e-02 2.582137820427461250e+01 4.917879062514673905e+01
3.300000000000000000e+01 5.661718348834046330e-03 1.155082740807529193e-02 2.575015789230945629e+01 4.804935540190624721e+01
3.400000000000000000e+01 5.763297446988292425e-03 1.119900538814662741e-02 2.568032263244752045e+01 4.705748563497987647e+01
3.500000000000000000e+01 5.823284904127989242e-03 1.067117157872503330e-02 2.561160425904168747e+01 4.618562155238947753e+01
3.600000000000000000e+01 5.379823842771905805e-03 1.008692910319615270e-02 2.554195538386809616e+01 4.542424523371729350e+01
3.700000000000000000e+01 4.410039605747712553e-03 9.568752678531139075e-03 2.547029538651529634e+01 4.475784999650023366e+01
3.800000000000000000e+01 4.104860328654444043e-03 9.211501455849991846e-03 2.539744308654206506e+01 4.417288612071410370e+01
3.900000000000000000e+01 4.111853024528724920e-03 9.120253613452308089e-03 2.532425149049569768e+01 4.364396734240422404e+01
4.000000000000000000e+01 4.363198865389772418e-03 9.322919111068509249e-03 2.524667410599620254e+01 4.315399548811038244e+01
4.100000000000000000e+01 4.675364694387418654e-03 9.782647569008175864e-03 2.515398763108617786e+01 4.266642505814361641e+01
4.200000000000000000e+01 5.193878435746658237e-03 1.039981077738654988e-02 2.501795858570762476e+01 4.212504271647715370e+01
4.300000000000000000e+01 6.035898163654259026e-03 1.104252987683496633e-02 2.479100107988842083e+01 4.145164004744444952e+01
4.400000000000000000e+01 6.427477412572111908e-03 1.160494112510470667e-02 2.442018347823178814e+01 4.057316936957762721e+01
4.500000000000000000e+01 6.363520440148387469e-03 1.199270588063850763e-02 2.387569442415584220e+01 3.943118393912133257e+01
4.600000000000000000e+01 6.157768069874349458e-03 1.213411253883127199e-02 2.318005197263899930e+01 3.805208242869084501e+01
4.700000000000000000e+01 5.812458175532946199e-03 1.197897447772810348e-02 2.242248707733686075e+01 3.656477579096981856e+01
