# freqs 	 pli 	 dpli 	 meanpower(thalamus)	 meanpower(scalp)	pli
8.000000000000000000e+00 -8.019292955885494456e-02 -2.044031987759117597e-01 8.079659694313458880e-05 2.454446202163472371e-04
9.000000000000000000e+00 -6.145783330073861794e-02 -1.522563049664133472e-01 7.337709350297908070e-05 1.959255046318989630e-04
1.000000000000000000e+01 -4.257754197875842500e-02 -8.726050840858672053e-02 7.104169864027860403e-05 1.645078007346551657e-04
1.100000000000000000e+01 -1.539826423127654310e-02 -2.837450322638452108e-02 6.830523032821542108e-05 1.399160441245147449e-04
1.200000000000000000e+01 -6.278566109406917735e-03 4.258420746023714593e-02 6.305561573730424118e-05 1.227069238448317580e-04
1.300000000000000000e+01 -1.095538425601494913e-02 1.051340676722341411e-01 5.908558814142315799e-05 1.124233001017190599e-04
1.400000000000000000e+01 -2.250855053089501068e-02 4.632258322095687136e-02 5.690087287522895904e-05 1.062978606485771881e-04
1.500000000000000000e+01 -1.888956926821327986e-02 -2.622677054392646978e-02 5.365298458425600412e-05 9.997711702107546906e-05
1.600000000000000000e+01 -1.455861932923598230e-02 -3.714157512986254739e-02 4.942380536177482555e-05 9.258155823188695820e-05
1.700000000000000000e+01 -1.363092727179707891e-02 -2.219696153337873817e-02 4.631164154132030929e-05 8.601397770819777303e-05
1.800000000000000000e+01 -7.188683173584818793e-03 -1.459172629296826701e-02 4.487460462053499872e-05 8.144288699733882940e-05
1.900000000000000000e+01 -5.208934882539095756e-03 -1.000429822336013248e-02 4.434295193013496831e-05 7.870262189834267114e-05
2.000000000000000000e+01 -1.813098918677802851e-03 -1.257776575304617043e-03 4.418481555715212842e-05 7.691225017358078347e-05
2.100000000000000000e+01 4.355474301165300835e-03 7.938416614869372653e-03 4.402869973378819099e-05 7.561049934949838549e-05
2.200000000000000000e+01 5.313796011247326825e-03 1.246391174355287144e-02 4.375069508243156665e-05 7.455948264453691478e-05
2.300000000000000000e+01 3.926891008406824778e-03 1.199149302526228769e-02 4.334318603141314218e-05 7.356582851238556062e-05
2.400000000000000000e+01 3.041393985011367051e-03 8.146869381665956811e-03 4.295717393318327455e-05 7.236488152661335680e-05
2.500000000000000000e+01 2.672223513844758456e-03 4.209187061590497110e-03 4.274500166993836246e-05 7.081472935649227860e-05
2.600000000000000000e+01 4.473988428252199251e-03 4.081353623511784108e-03 4.268862428400122509e-05 6.905424783804338883e-05
2.700000000000000000e+01 4.642889214549248030e-03 8.207931038501500506e-03 4.273496431508819752e-05 6.727962106614701480e-05
2.800000000000000000e+01 6.936295874789596104e-03 1.232138530742178835e-02 4.285024994023887306e-05 6.555418831352768396e-05
2.900000000000000000e+01 8.933964235517731153e-03 1.130522090467276329e-02 4.305113489172417233e-05 6.391647525594702610e-05
3.000000000000000000e+01 7.344945342159986401e-03 3.496903512532825633e-03 4.329473401152636035e-05 6.236107979820068896e-05
3.100000000000000000e+01 6.643615636949142152e-03 -7.973656805157755545e-03 4.345079221537978943e-05 6.090677088842777497e-05
3.200000000000000000e+01 5.324809573033922189e-03 -1.789670172391538000e-02 4.340492270002136880e-05 5.960476475092506250e-05
3.300000000000000000e+01 7.505219365751817327e-03 -2.212409267636071195e-02 4.307775831199630678e-05 5.846727062389113619e-05
3.400000000000000000e+01 8.614305648890419748e-03 -1.941114837804263499e-02 4.246616637792524076e-05 5.747029951156346978e-05
3.500000000000000000e+01 1.027404103716715415e-02 -1.146298455314409895e-02 4.161996688851902685e-05 5.658595219382265841e-05
3.600000000000000000e+01 1.247972603391281528e-02 -1.448343165255828492e-03 4.062249647625954338e-05 5.581266122461530429e-05
3.700000000000000000e+01 1.487895986123368049e-02 7.573727788803514410e-03 3.957549183276175958e-05 5.514117446612934128e-05
3.800000000000000000e+01 1.276556111635934396e-02 1.380534514650906888e-02 3.855696305795237042e-05 5.456434301271440463e-05
3.900000000000000000e+01 1.052983611915255836e-02 1.699074708940837009e-02 3.762486388954780600e-05 5.404786765677147600e-05
4.000000000000000000e+01 1.087514009459947251e-02 1.790051196884498083e-02 3.681465303756663949e-05 5.359155385884701900e-05
4.100000000000000000e+01 1.164560519641811079e-02 1.763657253688424159e-02 3.611087957598982688e-05 5.316659886284573239e-05
4.200000000000000000e+01 1.195521658448147478e-02 1.711860255971252645e-02 3.544788451239845237e-05 5.271753269632643179e-05
4.300000000000000000e+01 1.187928031399647887e-02 1.674513737443956984e-02 3.474568188053491272e-05 5.214923417779039795e-05
4.400000000000000000e+01 1.196002444384557800e-02 1.671162545447776523e-02 3.391769104503163681e-05 5.137004501756301899e-05
4.500000000000000000e+01 1.112246282156723748e-02 1.684146799934137934e-02 3.290464293419735202e-05 5.028325434624795402e-05
4.600000000000000000e+01 1.059457450056993690e-02 1.702519485123274098e-02 3.171601266953372243e-05 4.888290614261918155e-05
4.700000000000000000e+01 8.910432097653558231e-03 1.729482084995153518e-02 3.044509663732289370e-05 4.730003422843972143e-05
