# freqs 	 pli 	 dpli 	 meanpower(thalamus)	 meanpower(scalp)	pli
8.000000000000000000e+00 -7.254617289721726481e-02 -1.620971462958737952e-01 1.176226763756102846e-04 4.798825837786747039e-04
9.000000000000000000e+00 -2.833286775428864313e-02 -6.235731416791099463e-02 1.018253490482651940e-04 3.017567358546108898e-04
1.000000000000000000e+01 -3.312900664826826103e-02 -8.117114750897094777e-02 9.367061658232044106e-05 2.245458722067563762e-04
1.100000000000000000e+01 -2.573973606259754437e-02 -5.884015701122755765e-02 8.588980209892771315e-05 2.043756348293912246e-04
1.200000000000000000e+01 -2.537658976378858941e-02 -3.758069521191994417e-02 7.958254082638755106e-05 2.006627742807886520e-04
1.300000000000000000e+01 -1.339899422334273581e-02 -1.924258379437237751e-02 7.518031589722190945e-05 2.035751593935940826e-04
1.400000000000000000e+01 -2.309223731432075936e-03 -8.185470273083042536e-03 7.220036152488590808e-05 2.055357018794770813e-04
1.500000000000000000e+01 6.336436378480568912e-03 5.617368137723992988e-03 7.016827770527744423e-05 2.014994314845330566e-04
1.600000000000000000e+01 1.333965411711052207e-02 1.368866348392532711e-02 6.893852284314700156e-05 1.936470005981790561e-04
1.700000000000000000e+01 1.002913602759003368e-02 -2.843608883952376213e-03 6.817706004999280487e-05 1.849887634656555483e-04
1.800000000000000000e+01 -1.224764309565668820e-02 -4.142191119168237012e-02 6.758344288129963361e-05 1.768961630308026522e-04
1.900000000000000000e+01 -2.567198886464436627e-02 -7.675610222904247215e-02 6.680735224181968219e-05 1.699006761484625602e-04
2.000000000000000000e+01 -2.861816317769851070e-02 -8.704583455682336768e-02 6.581314270331689760e-05 1.639242251705246120e-04
2.100000000000000000e+01 -2.530203047639580788e-02 -7.418510194583143036e-02 6.467706172251031296e-05 1.576215735468089918e-04
2.200000000000000000e+01 -1.759670624281884505e-02 -5.458487370004407729e-02 6.355167755428648237e-05 1.502283732370297148e-04
2.300000000000000000e+01 -1.164219304478015561e-02 -3.935123166976036563e-02 6.254938323666004460e-05 1.417147145082972332e-04
2.400000000000000000e+01 -9.858917451458471329e-03 -2.813202589521254793e-02 6.171198822744721336e-05 1.326025153250321874e-04
2.500000000000000000e+01 -7.406193243049746279e-03 -1.646240712933378508e-02 6.105512837055414028e-05 1.234521628154989538e-04
2.600000000000000000e+01 1.063315611406476452e-03 -4.280236135720057351e-03 6.055238355971138910e-05 1.146881298100144462e-04
2.700000000000000000e+01 6.463990802787158985e-03 4.472095734712177965e-03 6.015181119327367302e-05 1.066407832572548403e-04
2.800000000000000000e+01 8.055325754547735390e-03 7.587464164917837560e-03 5.983176250182998358e-05 9.943742267875534894e-05
2.900000000000000000e+01 6.255989111968039869e-03 6.741236723822176952e-03 5.959117873020882767e-05 9.314585669700096765e-05
3.000000000000000000e+01 3.400317116531085052e-03 5.838573714199923707e-03 5.941559168979056697e-05 8.779303814632933450e-05
3.100000000000000000e+01 2.006191585774813309e-04 7.275596282730642343e-03 5.928837118756741671e-05 8.337473861495099897e-05
3.200000000000000000e+01 3.149202159348162954e-03 1.078464493885346147e-02 5.916450227586223025e-05 7.972558406878031950e-05
3.300000000000000000e+01 5.678169960944288823e-03 1.437426273345055426e-02 5.902714937505671252e-05 7.668307763205125692e-05
3.400000000000000000e+01 8.133043437866334727e-03 1.626186454247622107e-02 5.886323763747257495e-05 7.419239150023375882e-05
3.500000000000000000e+01 9.121176672692915197e-03 1.574024488651704079e-02 5.866065442548343978e-05 7.214337347411853762e-05
3.600000000000000000e+01 8.458680714280531962e-03 1.320787088992502779e-02 5.841352698879086018e-05 7.047243690049826814e-05
3.700000000000000000e+01 5.785975909415492190e-03 9.713783673170441404e-03 5.813004308270632145e-05 6.912190957798331717e-05
3.800000000000000000e+01 4.635311630991708134e-03 6.436743649779233870e-03 5.781897802227230074e-05 6.802435702668409366e-05
3.900000000000000000e+01 2.289193675135903910e-03 4.147208000691829724e-03 5.749591513640516996e-05 6.707784671890756141e-05
4.000000000000000000e+01 8.092168180733462328e-04 3.214800834610149951e-03 5.716198136786697202e-05 6.623685062780715880e-05
4.100000000000000000e+01 1.469777367218772987e-03 3.572372536547626081e-03 5.678571781680964004e-05 6.543056370068826171e-05
4.200000000000000000e+01 1.493217114840184696e-03 4.960023121805630722e-03 5.630828449531638741e-05 6.455893249876462116e-05
4.300000000000000000e+01 4.424280853420020469e-03 6.976322835610387386e-03 5.562855534694839660e-05 6.346670881360887324e-05
4.400000000000000000e+01 7.050529836669704696e-03 9.239611049968125128e-03 5.463366176601330230e-05 6.203576969435886527e-05
4.500000000000000000e+01 8.927452338178258617e-03 1.137469987119583102e-02 5.326034556799610187e-05 6.016544815596668001e-05
4.600000000000000000e+01 9.461445209372941478e-03 1.316206234838435477e-02 5.156018313588640737e-05 5.790387570941269688e-05
4.700000000000000000e+01 9.954632637606075293e-03 1.449929060539123342e-02 4.972376224232092967e-05 5.545986015711292059e-05
