# freqs 	 pli 	 dpli 	 meanpower(thalamus)	 meanpower(scalp)	pli
8.000000000000000000e+00 4.222927260530724008e-02 9.589487711173849682e-02 3.965105842609619954e-05 4.619037311849650044e-04
9.000000000000000000e+00 2.375945200650906447e-02 6.270387127626776691e-02 3.854159172608285534e-05 4.632736508796916636e-04
1.000000000000000000e+01 -1.905811696615941284e-02 -1.620802564226569292e-02 3.589910447364459581e-05 3.767309111146369496e-04
1.100000000000000000e+01 -2.530485752967968557e-02 -2.303039197013179509e-02 3.433603358177905870e-05 3.094234152963463796e-04
1.200000000000000000e+01 -6.990856807421769355e-03 1.172249061731898273e-02 3.375649014617547125e-05 2.678179783508708584e-04
1.300000000000000000e+01 2.752963567205930426e-03 2.468520902776289577e-02 3.361487998209193551e-05 2.421416205687869209e-04
1.400000000000000000e+01 -2.814680730852440593e-03 7.334216423797160732e-03 3.361637278341818671e-05 2.279487347205287812e-04
1.500000000000000000e+01 -1.466147784076635499e-02 -1.903067898151910783e-02 3.360915108822312589e-05 2.227388351016973964e-04
1.600000000000000000e+01 -2.497576279294026064e-02 -4.053653157092591136e-02 3.356112276764108420e-05 2.218231849960800126e-04
1.700000000000000000e+01 -3.197355854352297577e-02 -5.407535015047367638e-02 3.350825796794926003e-05 2.202694075171806871e-04
1.800000000000000000e+01 -3.357964276516336999e-02 -5.908796147422105266e-02 3.351481030725558450e-05 2.165917256792040382e-04
1.900000000000000000e+01 -3.357310290270998365e-02 -5.725343645776029278e-02 3.361128074176463431e-05 2.112635351211957272e-04
2.000000000000000000e+01 -3.099800617016867238e-02 -5.085369980131428103e-02 3.377379558883889188e-05 2.050429810989446865e-04
2.100000000000000000e+01 -2.759667005921064703e-02 -4.387321866920584901e-02 3.396054031819446974e-05 1.985566477420654574e-04
2.200000000000000000e+01 -2.407233173199505027e-02 -3.997803014649206621e-02 3.412868126860607929e-05 1.921236411815688207e-04
2.300000000000000000e+01 -2.342434018403564272e-02 -3.968628728777716386e-02 3.424764601309008752e-05 1.860746253086579833e-04
2.400000000000000000e+01 -2.427809418139218953e-02 -4.123645526525629434e-02 3.429683845730499461e-05 1.805292448446514360e-04
2.500000000000000000e+01 -2.528629118335503148e-02 -4.264436306803272292e-02 3.428011278223343277e-05 1.756735594089466794e-04
2.600000000000000000e+01 -2.565182435541521824e-02 -4.300299767645267279e-02 3.421691522639379589e-05 1.717385738130381833e-04
2.700000000000000000e+01 -2.504209556889636784e-02 -4.232840097646504984e-02 3.413158062756588621e-05 1.691685056171467064e-04
2.800000000000000000e+01 -2.383488271007725909e-02 -4.086783011582489911e-02 3.404014972066887263e-05 1.679723179765086325e-04
2.900000000000000000e+01 -2.220483988698003161e-02 -3.884284198992187659e-02 3.394775231569923117e-05 1.681970186443063433e-04
3.000000000000000000e+01 -2.149420676431455790e-02 -3.659160122668685816e-02 3.385547661998820760e-05 1.695036605027973331e-04
3.100000000000000000e+01 -2.041436847007175454e-02 -3.447671627481362078e-02 3.376434845829117673e-05 1.718096136570973942e-04
3.200000000000000000e+01 -1.918131819581887776e-02 -3.277645902786862492e-02 3.367757216825795278e-05 1.747515160786573829e-04
3.300000000000000000e+01 -1.772567501592677008e-02 -3.151847187725552446e-02 3.359849209896543734e-05 1.779340587336791693e-04
3.400000000000000000e+01 -1.669304888303263512e-02 -3.061451541602006055e-02 3.353366016287543457e-05 1.814145382880438806e-04
3.500000000000000000e+01 -1.534294213585564795e-02 -2.981255410864000477e-02 3.348033260584279511e-05 1.847494045386538801e-04
3.600000000000000000e+01 -1.428376916430864826e-02 -2.898793167212355623e-02 3.343306692927358224e-05 1.879451907313174218e-04
3.700000000000000000e+01 -1.403858994810729469e-02 -2.811162024660360248e-02 3.338480826173206379e-05 1.909092750651268015e-04
3.800000000000000000e+01 -1.374812500564448134e-02 -2.725197361099234231e-02 3.332856137698806412e-05 1.937518546052311818e-04
3.900000000000000000e+01 -1.284022812501502651e-02 -2.648822826689956403e-02 3.325730071975069291e-05 1.961399266451221393e-04
4.000000000000000000e+01 -1.170220181830856215e-02 -2.589203161574386847e-02 3.316598617814366887e-05 1.982398547282916809e-04
4.100000000000000000e+01 -1.068806901348616674e-02 -2.544698976218423905e-02 3.304067080179262097e-05 2.000083924659569229e-04
4.200000000000000000e+01 -1.008198594767325054e-02 -2.509448398408510930e-02 3.284940188582219123e-05 2.012374920324350028e-04
4.300000000000000000e+01 -9.626493362065240492e-03 -2.476727448245616761e-02 3.253652953069116816e-05 2.013470741536449438e-04
4.400000000000000000e+01 -8.924224933267442192e-03 -2.445965438292712138e-02 3.203832748312028652e-05 2.002879277501111389e-04
4.500000000000000000e+01 -8.947570102189623259e-03 -2.423637917692010590e-02 3.131636471884459248e-05 1.976508207662846150e-04
4.600000000000000000e+01 -8.710669812268919537e-03 -2.422491012623860171e-02 3.040062474030806028e-05 1.936870122875444398e-04
4.700000000000000000e+01 -8.360167556289807567e-03 -2.459419622701899608e-02 2.940873314118242380e-05 1.892386487406546409e-04
