# freqs 	 pli 	 dpli 	 meanpower(thalamus)	 meanpower(scalp)	pli
8.000000000000000000e+00 1.933435890803637119e-02 4.548148677763338976e-02 6.393609518610630373e-05 2.503088518332368989e-04
9.000000000000000000e+00 2.340722209864066691e-02 5.550912408290212957e-02 6.092253050671965974e-05 2.271161323872991199e-04
1.000000000000000000e+01 3.607511586086772915e-02 7.873046340887102090e-02 5.859686965483486607e-05 2.176061803592056147e-04
1.100000000000000000e+01 5.214043172889595151e-02 1.229544089334164564e-01 6.101392424582824083e-05 2.373011099928345124e-04
1.200000000000000000e+01 5.012631950459703334e-02 1.174092195801509503e-01 6.791230417384750990e-05 2.778800257232106599e-04
1.300000000000000000e+01 2.419223221603665486e-02 5.454306536698238367e-02 7.274942115277144771e-05 3.016384347635660376e-04
1.400000000000000000e+01 1.269936386780551535e-03 -4.129255113358634190e-03 7.157723729514027966e-05 2.824750373422292116e-04
1.500000000000000000e+01 -6.549903544983315569e-03 -3.521431821747660063e-02 6.609863497425347821e-05 2.355247919579090321e-04
1.600000000000000000e+01 -3.791252682757689091e-03 -3.637514606994188271e-02 5.947780278225133258e-05 1.881844187496279491e-04
1.700000000000000000e+01 -1.617983061170774964e-03 -2.065300678024056119e-02 5.342468874485810463e-05 1.539053736064913364e-04
1.800000000000000000e+01 1.354756406535012180e-03 -4.415785342863701168e-03 4.835035359806244754e-05 1.326247311551294382e-04
1.900000000000000000e+01 3.130104067449975599e-03 4.571442925982850507e-03 4.428388250897381275e-05 1.197933369154584191e-04
2.000000000000000000e+01 3.752498751147396398e-03 7.393570709000450714e-03 4.114133003799472742e-05 1.116868474287249313e-04
2.100000000000000000e+01 4.817762403386435105e-03 8.052277607529424383e-03 3.880272881891739986e-05 1.061741903543127061e-04
2.200000000000000000e+01 6.421029916809518900e-03 9.081877363708619130e-03 3.710951118965665808e-05 1.021653050598684339e-04
2.300000000000000000e+01 8.298743855968675198e-03 1.048530443713159566e-02 3.586184534094610869e-05 9.900060150554141443e-05
2.400000000000000000e+01 8.642901024117055284e-03 1.123674706673841520e-02 3.488505458891474388e-05 9.627451728264908154e-05
2.500000000000000000e+01 9.045420700423190130e-03 1.114242953818748300e-02 3.404211988718611301e-05 9.374468557860776187e-05
2.600000000000000000e+01 9.954031118381967760e-03 1.108144631020749685e-02 3.324735381037789559e-05 9.128061927125793757e-05
2.700000000000000000e+01 1.035960491672497340e-02 1.199073917153406672e-02 3.246562655129179431e-05 8.885151708868946005e-05
2.800000000000000000e+01 1.147539131454493669e-02 1.408738569764744417e-02 3.169542490247333444e-05 8.643614211773452925e-05
2.900000000000000000e+01 1.286948628947683082e-02 1.710159272552019480e-02 3.096501855911434783e-05 8.403949443681309271e-05
3.000000000000000000e+01 1.431115227877013604e-02 2.074095914165479532e-02 3.029881639609786713e-05 8.170395863477435876e-05
3.100000000000000000e+01 1.539587603529810923e-02 2.474011189165321173e-02 2.971160764708605066e-05 7.951659528671613621e-05
3.200000000000000000e+01 1.611913357300332958e-02 2.861401391774698669e-02 2.920729429043886059e-05 7.756858786415142797e-05
3.300000000000000000e+01 1.688059031850426550e-02 3.183245329202507440e-02 2.878131704940236813e-05 7.591754208705563502e-05
3.400000000000000000e+01 1.770447805938157870e-02 3.410717162664464452e-02 2.843170627378310253e-05 7.459476257880329707e-05
3.500000000000000000e+01 1.799226220317403854e-02 3.541274140450646757e-02 2.814607660228217654e-05 7.358095962879343142e-05
3.600000000000000000e+01 1.889421383670173218e-02 3.600709255319837349e-02 2.791389488860614840e-05 7.283604165065756474e-05
3.700000000000000000e+01 1.899265817456095504e-02 3.620878822332458669e-02 2.772443060332756564e-05 7.230195164936522472e-05
3.800000000000000000e+01 1.915006812200323316e-02 3.630113544173037970e-02 2.756980460839885899e-05 7.191913219658100710e-05
3.900000000000000000e+01 1.936311509626661292e-02 3.640326317035194603e-02 2.744050251367216491e-05 7.162257711354954866e-05
4.000000000000000000e+01 1.970472387246950327e-02 3.655022176996459288e-02 2.732703222645448067e-05 7.137708667256906941e-05
4.100000000000000000e+01 1.989193185270561257e-02 3.668796919190427802e-02 2.720972185737488292e-05 7.113708042578561282e-05
4.200000000000000000e+01 1.952785805447284154e-02 3.674741973067946477e-02 2.705223010350367246e-05 7.082053815654356873e-05
4.300000000000000000e+01 1.926557363718333152e-02 3.668918568261360369e-02 2.680117911038839930e-05 7.028817284554347616e-05
4.400000000000000000e+01 1.902966719756569655e-02 3.653068607691729863e-02 2.640029423664500219e-05 6.939877233707610451e-05
4.500000000000000000e+01 1.867446381637987915e-02 3.633652321242366451e-02 2.581516250498969544e-05 6.805268412900015941e-05
4.600000000000000000e+01 1.862250531408031831e-02 3.623085797786178286e-02 2.506768689586457853e-05 6.630533597280487091e-05
4.700000000000000000e+01 1.882217104173923572e-02 3.636224851605646124e-02 2.425272160631084217e-05 6.440610681911626220e-05
