# freqs 	 pli 	 dpli 	 meanpower(thalamus)	 meanpower(scalp)	pli
8.000000000000000000e+00 -7.059496465189719905e-02 -1.639667430987369889e-01 2.551319122994009751e-05 2.032079781014643316e-04
9.000000000000000000e+00 -1.019548272513911835e-01 -2.464586254808593668e-01 2.908080629506547984e-05 2.013476848363851600e-04
1.000000000000000000e+01 -1.554131790346262310e-01 -4.219914353280386221e-01 3.869491108687215093e-05 2.192637836808020873e-04
1.100000000000000000e+01 -2.022166533718458281e-01 -5.587973242591157685e-01 4.344066613530408685e-05 2.557821079399267704e-04
1.200000000000000000e+01 -2.311303887209475993e-01 -5.720194309076117589e-01 3.867818221504677365e-05 2.949899037437117609e-04
1.300000000000000000e+01 -2.407390613901316256e-01 -5.281347356842939211e-01 3.286734942367716960e-05 3.142963752037498926e-04
1.400000000000000000e+01 -1.973982909440556988e-01 -4.254102709435389484e-01 2.919445742395823735e-05 2.892887397284153619e-04
1.500000000000000000e+01 -1.272393188196455915e-01 -2.682802090418036078e-01 2.696907553622049627e-05 2.400782047389076184e-04
1.600000000000000000e+01 -7.124192966438436248e-02 -1.340991956012309860e-01 2.555984488835750534e-05 1.971373559976525333e-04
1.700000000000000000e+01 -3.998921878455981987e-02 -6.543193987361677066e-02 2.454022308078970658e-05 1.688054411532171543e-04
1.800000000000000000e+01 -3.002064874227113045e-02 -4.375960088582138419e-02 2.384060794243674742e-05 1.506495048393609760e-04
1.900000000000000000e+01 -2.908820848258259623e-02 -4.278529734007973512e-02 2.359434543569863209e-05 1.377065093028018627e-04
2.000000000000000000e+01 -3.066548801040051148e-02 -4.641952630954777892e-02 2.373291289857081319e-05 1.268168179821221951e-04
2.100000000000000000e+01 -3.210265131732167876e-02 -5.026901499933765505e-02 2.387831782653759044e-05 1.167640367320644748e-04
2.200000000000000000e+01 -3.262211430314961025e-02 -5.531670155389929039e-02 2.372788962369876196e-05 1.078553151476669314e-04
2.300000000000000000e+01 -3.273356773315758139e-02 -6.196542410493711267e-02 2.333961513101486210e-05 1.004964520678944929e-04
2.400000000000000000e+01 -3.441049966064303745e-02 -6.940701701162056703e-02 2.291771448371642735e-05 9.458612619487851347e-05
2.500000000000000000e+01 -3.711146346494297033e-02 -7.646468945587807375e-02 2.259604307976425521e-05 8.970554546486672479e-05
2.600000000000000000e+01 -4.053424274797998161e-02 -8.198748073496391064e-02 2.237859234616034027e-05 8.538517371420551946e-05
2.700000000000000000e+01 -4.264279760639641537e-02 -8.498514897880715679e-02 2.220110692849841755e-05 8.137925978794156032e-05
2.800000000000000000e+01 -4.270220955072333291e-02 -8.539132830750709169e-02 2.201211095880529695e-05 7.766495253907082042e-05
2.900000000000000000e+01 -4.177636961547263883e-02 -8.419083301652570406e-02 2.177918334634321705e-05 7.430214662759660122e-05
3.000000000000000000e+01 -4.120595430119505104e-02 -8.277341843908020413e-02 2.148322536114216302e-05 7.129566151278554946e-05
3.100000000000000000e+01 -4.076397270811314699e-02 -8.183054295516158094e-02 2.110692234415469706e-05 6.858092665721664196e-05
3.200000000000000000e+01 -3.995762236382931903e-02 -8.087382965441541893e-02 2.066831123064295840e-05 6.607457417585116996e-05
3.300000000000000000e+01 -3.851435599838479856e-02 -7.894926217473652308e-02 2.020885236912973928e-05 6.373675877771598007e-05
3.400000000000000000e+01 -3.757436010066447785e-02 -7.526065856168639989e-02 1.976976384924268050e-05 6.163042401503371435e-05
3.500000000000000000e+01 -3.488457406569415997e-02 -6.965199970291638398e-02 1.939100661629587771e-05 5.988605232993043703e-05
3.600000000000000000e+01 -3.148090145945148244e-02 -6.262648864013097005e-02 1.909091521416692559e-05 5.859409229512562513e-05
3.700000000000000000e+01 -2.824636236135187259e-02 -5.525679376039654978e-02 1.886831933898454271e-05 5.768461021136187347e-05
3.800000000000000000e+01 -2.447149965169705121e-02 -4.874189401026315926e-02 1.870317404257877041e-05 5.690103416559621092e-05
3.900000000000000000e+01 -2.139665639514585008e-02 -4.391415337260612395e-02 1.857571340564613972e-05 5.593238400280607403e-05
4.000000000000000000e+01 -1.950448119360385577e-02 -4.102993485259092549e-02 1.846176689170423194e-05 5.458191259341634065e-05
4.100000000000000000e+01 -1.870374210715642846e-02 -3.986174198828281584e-02 1.833839241015939957e-05 5.282099765266124727e-05
4.200000000000000000e+01 -1.893220270658266952e-02 -3.992910567418108542e-02 1.817695819052345021e-05 5.074100036002365729e-05
4.300000000000000000e+01 -1.913376081935155154e-02 -4.068818690338830285e-02 1.794509285754582905e-05 4.846121881086081726e-05
4.400000000000000000e+01 -1.894364248552775354e-02 -4.173807956951084558e-02 1.760611447086765064e-05 4.606461348843734940e-05
4.500000000000000000e+01 -1.953735647166807490e-02 -4.278661343256252858e-02 1.714505932819280611e-05 4.359062063074157687e-05
4.600000000000000000e+01 -1.999676792292015559e-02 -4.369603860104843973e-02 1.658373695701895263e-05 4.108514159107242775e-05
4.700000000000000000e+01 -2.069719870447184543e-02 -4.443032243422435218e-02 1.599171472618201635e-05 3.864919923873451482e-05
