# freqs 	 pli 	 dpli 	 meanpower(thalamus)	 meanpower(scalp)	pli
8.000000000000000000e+00 -1.053757512584386491e-01 -2.002134171665935214e-01 6.436331120139202836e-05 3.862806010020977741e-04
9.000000000000000000e+00 -4.744485153263500871e-02 -1.103952849449046369e-01 5.986022000664902021e-05 2.790942875314471870e-04
1.000000000000000000e+01 1.163751665514158951e-03 -1.301016605569259819e-02 5.628422650271782524e-05 2.263517905526840136e-04
1.100000000000000000e+01 1.185115418482561751e-02 8.705254035123658266e-03 5.378025371981368975e-05 1.884502543047317322e-04
1.200000000000000000e+01 2.361248469842938333e-02 4.625210120933106323e-02 5.119556129848717513e-05 1.643591713673039358e-04
1.300000000000000000e+01 7.205815238608433322e-03 8.716043738599851820e-02 4.854916189063653568e-05 1.517328540481780884e-04
1.400000000000000000e+01 1.454155824276748797e-03 7.656877380561379065e-02 4.687767836563574427e-05 1.439972430196963368e-04
1.500000000000000000e+01 -4.239236610896307024e-03 4.197339481224814789e-02 4.622907393398763563e-05 1.350807806723865591e-04
1.600000000000000000e+01 -1.129337590692308310e-02 1.418587383316723821e-02 4.607717389537580033e-05 1.244041887444337347e-04
1.700000000000000000e+01 -7.435896744334073542e-03 1.195028128366043378e-03 4.605353138780101117e-05 1.136912658034364235e-04
1.800000000000000000e+01 2.472559959579019692e-04 -3.220605385978830577e-03 4.600955645666642300e-05 1.047747877951944864e-04
1.900000000000000000e+01 -3.609847277752039913e-03 -5.492970773449786653e-03 4.589793598713010509e-05 9.784861645848552485e-05
2.000000000000000000e+01 -1.104096103088131504e-03 -4.123586343690421874e-03 4.580389815577868130e-05 9.268363270845506616e-05
2.100000000000000000e+01 4.459133703463615266e-04 -1.861892174070892657e-03 4.583098100467032637e-05 8.914086269855265405e-05
2.200000000000000000e+01 1.998711793727630734e-03 -4.900858940868028576e-03 4.596614923081265050e-05 8.675426098727056232e-05
2.300000000000000000e+01 -6.422053599702150402e-03 -1.383615144986832975e-02 4.618825223178467908e-05 8.500782265549877031e-05
2.400000000000000000e+01 -1.437321722671192417e-02 -2.416319689186006980e-02 4.651614139663373383e-05 8.361467458602316635e-05
2.500000000000000000e+01 -1.799611279744088230e-02 -3.181418825686826990e-02 4.691555965271607738e-05 8.225100024941712758e-05
2.600000000000000000e+01 -2.011779480955101437e-02 -3.535839602294874734e-02 4.728226446443907591e-05 8.055396469769841937e-05
2.700000000000000000e+01 -2.018106226346214060e-02 -3.652693852988429107e-02 4.750081688596298951e-05 7.842292495037429725e-05
2.800000000000000000e+01 -1.811021351016159353e-02 -3.872705741446302169e-02 4.751545938538667956e-05 7.590468653120566102e-05
2.900000000000000000e+01 -1.651844435282800311e-02 -4.419791669970702525e-02 4.733988163573999434e-05 7.322926194650344184e-05
3.000000000000000000e+01 -1.396497183859270186e-02 -5.191681491716358676e-02 4.703396489852130742e-05 7.058636604371854777e-05
3.100000000000000000e+01 -1.126115541073321492e-02 -5.847378908056921620e-02 4.665774955342421546e-05 6.811884702713555189e-05
3.200000000000000000e+01 -9.899544902438134342e-03 -6.068004405579995042e-02 4.623346600198181730e-05 6.589202437758149504e-05
3.300000000000000000e+01 -7.165560516628709936e-03 -5.739302670320540339e-02 4.576552692146470570e-05 6.396226337424599140e-05
3.400000000000000000e+01 -6.639491717533041633e-03 -4.975784090994863490e-02 4.524980976308323364e-05 6.233524339839705095e-05
3.500000000000000000e+01 -5.093387427306894297e-03 -3.969737410732041699e-02 4.468811355488013561e-05 6.092604086194331077e-05
3.600000000000000000e+01 -3.274902362756419195e-03 -2.955562095693149358e-02 4.409825128701389229e-05 5.970920516629886065e-05
3.700000000000000000e+01 -3.993969507903029521e-03 -2.102226525804153437e-02 4.350000536804365632e-05 5.866796721100901697e-05
3.800000000000000000e+01 -1.451806995070067073e-03 -1.504699080362198460e-02 4.289802355308071135e-05 5.783296291790109326e-05
3.900000000000000000e+01 -1.066518431377618545e-03 -1.143554749843615076e-02 4.228842216892963541e-05 5.717137909509623523e-05
4.000000000000000000e+01 -2.132339360969794442e-03 -9.902124722981367477e-03 4.167217751949299184e-05 5.665817735626521145e-05
4.100000000000000000e+01 -4.269715984531473156e-03 -9.866119245712888855e-03 4.104045162187877643e-05 5.623988318316611472e-05
4.200000000000000000e+01 -6.038230092146175572e-03 -1.080791295152298999e-02 4.035793004433885174e-05 5.584029368754992698e-05
4.300000000000000000e+01 -8.013159319551798818e-03 -1.251310187519370440e-02 3.956100527163766218e-05 5.530031851585534244e-05
4.400000000000000000e+01 -9.534259842387853706e-03 -1.474512367677183189e-02 3.857628260165315659e-05 5.451869920780132671e-05
4.500000000000000000e+01 -1.020316259440820321e-02 -1.747778565978263740e-02 3.735887092553263737e-05 5.337981260758000557e-05
4.600000000000000000e+01 -1.050561400577146830e-02 -2.062023220097001716e-02 3.593385429254823167e-05 5.190917698162717577e-05
4.700000000000000000e+01 -1.062374875919288794e-02 -2.399637215504476714e-02 3.441726664041683769e-05 5.027707871952032950e-05
