# freqs 	 pli 	 dpli 	 meanpower(thalamus)	 meanpower(scalp)	pli
8.000000000000000000e+00 2.123758138510156365e-03 1.182863826384379299e-02 2.355275957249977774e-05 2.390999896442157473e-04
9.000000000000000000e+00 2.465290700385795990e-03 1.964316115647418357e-02 2.260084385050570421e-05 1.928927554784517248e-04
1.000000000000000000e+01 -1.619568452347041124e-02 -3.995936951250178559e-02 2.245098030569024449e-05 1.788958730786266080e-04
1.100000000000000000e+01 -5.614676897837502650e-02 -1.455372650777383703e-01 2.337886850454648448e-05 1.879762790764983107e-04
1.200000000000000000e+01 -7.761817631196696321e-02 -1.928968092694705871e-01 2.500401261323128714e-05 2.049820687969948312e-04
1.300000000000000000e+01 -7.049980206978453956e-02 -1.763986556603283629e-01 2.637905980555580119e-05 2.190400559630795922e-04
1.400000000000000000e+01 -6.068066160633249495e-02 -1.368840421930281603e-01 2.694030618110453793e-05 2.266340263552368394e-04
1.500000000000000000e+01 -3.987271318130030523e-02 -8.421890796476562413e-02 2.678573236066609793e-05 2.272937764988847977e-04
1.600000000000000000e+01 -1.201444668676502139e-02 -2.624783698636042051e-02 2.609174496710140907e-05 2.237738867315163937e-04
1.700000000000000000e+01 1.257828554268160780e-02 2.295386028711994542e-02 2.528552324823290191e-05 2.191756094214918418e-04
1.800000000000000000e+01 3.031092270939234404e-02 6.572769107093968943e-02 2.463529628912330580e-05 2.157515718408814520e-04
1.900000000000000000e+01 4.747820665495982445e-02 1.030821944221795156e-01 2.423832305869653137e-05 2.133222105872051733e-04
2.000000000000000000e+01 5.945870854553968882e-02 1.251444608059468777e-01 2.402892419702881693e-05 2.102625345959082727e-04
2.100000000000000000e+01 5.737595926935921270e-02 1.255824207535294057e-01 2.389589757615343481e-05 2.054852335925316722e-04
2.200000000000000000e+01 4.672251613408345827e-02 1.095517276773894100e-01 2.374934979460082904e-05 1.975689539013074879e-04
2.300000000000000000e+01 3.426884035131250172e-02 8.637945734777459361e-02 2.359560616864938057e-05 1.850281128537088044e-04
2.400000000000000000e+01 2.508770981443002313e-02 6.391713591657781357e-02 2.347142531656315346e-05 1.688080072475312162e-04
2.500000000000000000e+01 1.923393723155056648e-02 4.584840244120976654e-02 2.341106967217066473e-05 1.520137808544147614e-04
2.600000000000000000e+01 1.598512463738626169e-02 3.234099085402563495e-02 2.340824981293892040e-05 1.377580009073586657e-04
2.700000000000000000e+01 1.348504792583000642e-02 2.200697379187862082e-02 2.343918002999303629e-05 1.274048143164866799e-04
2.800000000000000000e+01 9.636276362041602470e-03 1.404096673964829074e-02 2.347430842210496954e-05 1.205711619623815435e-04
2.900000000000000000e+01 4.428470687497689309e-03 8.452998062709641061e-03 2.351246118246279486e-05 1.162730662038862211e-04
3.000000000000000000e+01 1.273748052635188853e-03 5.282419016458246228e-03 2.354760282262604199e-05 1.135310511531098862e-04
3.100000000000000000e+01 8.115000643235103237e-04 3.906188443538766587e-03 2.359076218553754308e-05 1.117743231667097189e-04
3.200000000000000000e+01 1.469130463412333595e-03 3.327619121090309631e-03 2.364978057655350805e-05 1.106271902261846813e-04
3.300000000000000000e+01 1.716958119566116756e-04 2.546103378418145859e-03 2.372059107148845241e-05 1.099142451646223595e-04
3.400000000000000000e+01 -1.663170052802648161e-03 9.556560874762817922e-04 2.379806901262307477e-05 1.094581546853547974e-04
3.500000000000000000e+01 -3.124134684917527407e-03 -1.434873749810249401e-03 2.387730167008617754e-05 1.091084085903640705e-04
3.600000000000000000e+01 -3.951139529613551145e-03 -4.317129707510300625e-03 2.395234961183451535e-05 1.088298053142445679e-04
3.700000000000000000e+01 -5.643518349875037941e-03 -7.196695279602483876e-03 2.401733812057131335e-05 1.086073368648790755e-04
3.800000000000000000e+01 -5.720486481110495514e-03 -9.546080979892507604e-03 2.406459332934684792e-05 1.083878571541339165e-04
3.900000000000000000e+01 -5.393173440906799156e-03 -1.081495519048388497e-02 2.409373727450165751e-05 1.080962424225914308e-04
4.000000000000000000e+01 -4.588977844125633268e-03 -1.074471090956497649e-02 2.410195843221634132e-05 1.076962042072700785e-04
4.100000000000000000e+01 -2.407235370477339102e-03 -9.443761673418092292e-03 2.407591125103506421e-05 1.071429269099490484e-04
4.200000000000000000e+01 -1.646386952383402293e-03 -7.361114088807192701e-03 2.399059166206225516e-05 1.063495850355320306e-04
4.300000000000000000e+01 -1.203743046543252716e-03 -5.013075162729830996e-03 2.380673811190170652e-05 1.051393090052086659e-04
4.400000000000000000e+01 -1.127156762585844766e-03 -2.925349387308325867e-03 2.348075593700752194e-05 1.033364275750992022e-04
4.500000000000000000e+01 1.892870615865624884e-04 -1.237069839256187045e-03 2.299233447776741576e-05 1.008189359997463744e-04
4.600000000000000000e+01 1.075147777422251179e-03 9.152055561027259783e-05 2.237222864883129213e-05 9.769189192184018762e-05
4.700000000000000000e+01 1.712420565174106388e-03 1.214219988203961258e-03 2.171883281806360767e-05 9.432768978630827917e-05
