# freqs 	 pli 	 dpli 	 meanpower(thalamus)	 meanpower(scalp)	pli
8.000000000000000000e+00 -1.408140520411363958e-03 -2.128580100289386920e-02 9.688686849894616174e-05 1.181592732151037713e-04
9.000000000000000000e+00 -1.294462401029216692e-03 -2.769799668370706916e-02 8.600689085978916598e-05 1.081774513783302931e-04
1.000000000000000000e+01 2.044871449254969786e-03 -7.775522206664685354e-03 8.193904514516685018e-05 1.013069703631904844e-04
1.100000000000000000e+01 3.546818898584985780e-02 4.126238884165796261e-02 8.128331334892351025e-05 9.662350705978940614e-05
1.200000000000000000e+01 6.147943180072937969e-02 1.373166581862540758e-01 8.545880008467065592e-05 9.637174930133230127e-05
1.300000000000000000e+01 8.879472863955439887e-02 2.318626389853057634e-01 9.224838559212199512e-05 1.015275715016140777e-04
1.400000000000000000e+01 9.707438217288047455e-02 2.391237343565977835e-01 9.519283522868419480e-05 1.086548931446854142e-04
1.500000000000000000e+01 8.467591244262197281e-02 1.837148926559847295e-01 9.258684651112489327e-05 1.103538463464994129e-04
1.600000000000000000e+01 6.173432929431058036e-02 1.219876624728779280e-01 8.786727103254692809e-05 1.069341070742681833e-04
1.700000000000000000e+01 4.196885610824451635e-02 8.729816370449501595e-02 8.506865180620461089e-05 1.034207192506437671e-04
1.800000000000000000e+01 3.336737645291171228e-02 7.711134057659434216e-02 8.461054646609510372e-05 1.020617737330096260e-04
1.900000000000000000e+01 3.145557057129937800e-02 7.092900563335088893e-02 8.490738213414307338e-05 1.021751436620754440e-04
2.000000000000000000e+01 2.741721144845212302e-02 5.572580675717205695e-02 8.501724283630972495e-05 1.028220928814818560e-04
2.100000000000000000e+01 1.827877713643951546e-02 3.496227023725335947e-02 8.447713875451393919e-05 1.030920062128506091e-04
2.200000000000000000e+01 1.071272770746609614e-02 2.063542276520332133e-02 8.345809411222469961e-05 1.022439513303017834e-04
2.300000000000000000e+01 8.235675222469939633e-03 1.667656431607369982e-02 8.261127424189988581e-05 1.002893196109735664e-04
2.400000000000000000e+01 1.142354674289977612e-02 2.003479467497679134e-02 8.309552625714105797e-05 9.782056109936249739e-05
2.500000000000000000e+01 1.232267851914938851e-02 3.023777487003215594e-02 8.628862967101575202e-05 9.550323150586517479e-05
2.600000000000000000e+01 1.746596593427467842e-02 4.689255624856029231e-02 9.250276737682087654e-05 9.391449447652431084e-05
2.700000000000000000e+01 2.342707451861352624e-02 6.331275266899105691e-02 9.994276218668007546e-05 9.318404311459870448e-05
2.800000000000000000e+01 2.703344897972080607e-02 7.268606143394738817e-02 1.055838388092853044e-04 9.242765715360929464e-05
2.900000000000000000e+01 2.786586497842337071e-02 7.377912708482781134e-02 1.071686354395344612e-04 9.023322960008726230e-05
3.000000000000000000e+01 2.381772941938366944e-02 6.840368944548216867e-02 1.040713203149121814e-04 8.604878941447301297e-05
3.100000000000000000e+01 1.753735344017457939e-02 5.875393385542796582e-02 9.732705010267268721e-05 8.048203968928529834e-05
3.200000000000000000e+01 1.577022261322873556e-02 4.675111164565108612e-02 8.870327145931946764e-05 7.464588741205669461e-05
3.300000000000000000e+01 1.238232507509020967e-02 3.453908311304420414e-02 7.995352439654184048e-05 6.943969935122220737e-05
3.400000000000000000e+01 9.051448483536183448e-03 2.455173980536973222e-02 7.226266965293625917e-05 6.528286349774951630e-05
3.500000000000000000e+01 6.568780924864219689e-03 1.809840604003559728e-02 6.613352561223414172e-05 6.215008756112982123e-05
3.600000000000000000e+01 5.678073128147846128e-03 1.502152521920597714e-02 6.156511407384064887e-05 5.979650838644170368e-05
3.700000000000000000e+01 6.306990499278267333e-03 1.416934082620949741e-02 5.826215802073537780e-05 5.794070068144994490e-05
3.800000000000000000e+01 7.357264544920020209e-03 1.443777304513642334e-02 5.588264468528342005e-05 5.640513280067674558e-05
3.900000000000000000e+01 9.240607433678108690e-03 1.494326480588265352e-02 5.412598999210526242e-05 5.506986033524606902e-05
4.000000000000000000e+01 9.297152354793192588e-03 1.528778006675517338e-02 5.278167399511054505e-05 5.387649448359976828e-05
4.100000000000000000e+01 7.697249870750450668e-03 1.519660713968097251e-02 5.167941397335471199e-05 5.275945472418164955e-05
4.200000000000000000e+01 7.074495440462601377e-03 1.459881992711037010e-02 5.066839354865336563e-05 5.164020558557407074e-05
4.300000000000000000e+01 5.481479623195313969e-03 1.356714472555561012e-02 4.960068336362605479e-05 5.041014999066129623e-05
4.400000000000000000e+01 4.122615202519710684e-03 1.235248902704258120e-02 4.834350508650416391e-05 4.897630843288060162e-05
4.500000000000000000e+01 4.404204172588654410e-03 1.105618982378096457e-02 4.681760179767782129e-05 4.726764300071161493e-05
4.600000000000000000e+01 4.840916266180236502e-03 9.694735471504574431e-03 4.505612830355436901e-05 4.530752456062228677e-05
4.700000000000000000e+01 4.398147568370406116e-03 8.188774845303130670e-03 4.320919851757282215e-05 4.325635186100746017e-05
