# freqs 	 pli 	 dpli 	 meanpower(thalamus)	 meanpower(scalp)	pli
8.000000000000000000e+00 -9.650339262585884426e-03 2.358378156968233934e-03 6.198700169006108338e-05 1.262659922644914097e-04
9.000000000000000000e+00 -4.704406175556000158e-02 -8.909112537993975345e-02 5.516429449324509993e-05 1.120768703236017636e-04
1.000000000000000000e+01 -4.385786006436062645e-02 -9.404714926232363159e-02 5.142083119094454903e-05 9.910473792132326739e-05
1.100000000000000000e+01 -2.346511025732541181e-02 -3.797167755985880050e-02 5.210529640197466368e-05 8.876586539302425746e-05
1.200000000000000000e+01 -7.694352860811576322e-03 -2.831920053993914298e-03 5.306220227866644039e-05 8.129766831231179992e-05
1.300000000000000000e+01 -1.330865459525711622e-03 -1.354043376161648965e-02 5.132189835665155239e-05 7.658057466990866673e-05
1.400000000000000000e+01 1.916063630013515109e-02 1.954897809514735338e-02 4.844981948413695826e-05 7.335804238853096992e-05
1.500000000000000000e+01 3.349023501694202432e-02 5.146614727086313429e-02 4.549004799537008858e-05 6.907803132668955206e-05
1.600000000000000000e+01 3.086636129830130568e-02 4.988182030589263793e-02 4.320101660793986524e-05 6.388750625283447367e-05
1.700000000000000000e+01 2.146103242098643463e-02 3.326236091867271205e-02 4.189201470092225382e-05 5.938190347636005008e-05
1.800000000000000000e+01 1.265164712714032282e-02 2.023560004066875945e-02 4.126449463398429435e-05 5.604255368522188775e-05
1.900000000000000000e+01 1.207733252909174229e-02 1.492559976137715176e-02 4.097207386711964895e-05 5.373400014415772739e-05
2.000000000000000000e+01 7.959447884194921843e-03 1.339222631447335894e-02 4.094782864333983065e-05 5.210688434264366893e-05
2.100000000000000000e+01 5.293237135266082305e-03 1.166439932648571584e-02 4.117824903903726734e-05 5.078446236855940809e-05
2.200000000000000000e+01 4.307317758322018637e-03 9.825133324864820591e-03 4.161971317671509418e-05 4.968583399771215475e-05
2.300000000000000000e+01 6.354631710021455167e-03 9.165986116260505662e-03 4.215532906895171289e-05 4.871975738294351721e-05
2.400000000000000000e+01 6.693276259940882794e-03 9.654487198866631287e-03 4.265447499984597002e-05 4.782366527901105207e-05
2.500000000000000000e+01 9.331419993622200662e-03 1.216686990396345994e-02 4.304119539040765334e-05 4.688765502256824955e-05
2.600000000000000000e+01 1.238494764474203265e-02 1.927778318167008842e-02 4.339316806029833309e-05 4.585274581481496359e-05
2.700000000000000000e+01 1.659399495163683610e-02 3.191497668262847226e-02 4.387265505966322660e-05 4.473108473214475823e-05
2.800000000000000000e+01 2.489480487868740710e-02 4.659994125231584072e-02 4.454684823178516170e-05 4.358944595047688274e-05
2.900000000000000000e+01 2.719082417491901216e-02 5.753356172039424121e-02 4.533661891209229923e-05 4.248796044487905218e-05
3.000000000000000000e+01 3.217656814271764587e-02 6.106879405945474931e-02 4.603440359324569025e-05 4.141585868954205421e-05
3.100000000000000000e+01 2.970116847376282065e-02 5.743525814000940283e-02 4.638559484701819749e-05 4.039744482870831190e-05
3.200000000000000000e+01 2.722257743436663074e-02 4.917397320936973959e-02 4.624307275749363095e-05 3.944696940206057219e-05
3.300000000000000000e+01 2.335934402769317131e-02 3.948519440934656483e-02 4.562788745091189262e-05 3.857481404179208419e-05
3.400000000000000000e+01 1.677663966699872652e-02 3.083643319594622789e-02 4.467167220482003880e-05 3.777637806423266275e-05
3.500000000000000000e+01 1.306824657550123905e-02 2.458228989893257790e-02 4.354116962934185213e-05 3.702705606870136809e-05
3.600000000000000000e+01 1.332120646856235768e-02 2.083631721158691122e-02 4.240395385145155291e-05 3.630896227235900933e-05
3.700000000000000000e+01 1.323612301467806326e-02 1.898693281241978573e-02 4.136739623270173165e-05 3.561549929964089549e-05
3.800000000000000000e+01 1.286070988032354812e-02 1.819596614972659662e-02 4.048083790284157812e-05 3.496211742722431806e-05
3.900000000000000000e+01 1.126806187022061714e-02 1.763596147901119737e-02 3.975234382262971103e-05 3.436408553351807851e-05
4.000000000000000000e+01 9.823091830922935433e-03 1.690735801456460380e-02 3.915980097159695250e-05 3.381642052083453352e-05
4.100000000000000000e+01 8.989967689293153555e-03 1.584691530118974290e-02 3.864561893871173857e-05 3.330118313818817281e-05
4.200000000000000000e+01 6.370162793049155385e-03 1.452512015614863816e-02 3.814325256907141477e-05 3.277197865968996466e-05
4.300000000000000000e+01 4.752343671004925253e-03 1.313111171309990118e-02 3.756021138208569683e-05 3.217024086614542764e-05
4.400000000000000000e+01 4.422308302465095299e-03 1.204663611609382325e-02 3.680126594523786627e-05 3.143658012187430746e-05
4.500000000000000000e+01 4.284973340402785900e-03 1.148123774045344166e-02 3.580785909692420579e-05 3.052588921324007876e-05
4.600000000000000000e+01 4.776828055351951645e-03 1.162787364351983328e-02 3.460525222859280747e-05 2.945424333620711698e-05
4.700000000000000000e+01 5.091390213953774294e-03 1.257508359033801711e-02 3.331613005633827531e-05 2.831192910874284034e-05
