# freqs 	 pli 	 dpli 	 meanpower(thalamus)	 meanpower(scalp)	pli
8.000000000000000000e+00 8.088039615739846255e-03 -5.500773895565517178e-03 3.061015841553356643e-05 2.176533110655477755e-04
9.000000000000000000e+00 2.715131931382331471e-02 2.620725701357583953e-02 3.096680865867686020e-05 2.064225226565974413e-04
1.000000000000000000e+01 3.067532300919314364e-02 4.561620371321460643e-02 3.203991399928555442e-05 2.079655903764421831e-04
1.100000000000000000e+01 2.085748165839160922e-02 6.842110585811692069e-02 3.336030367934586987e-05 2.290370192372466658e-04
1.200000000000000000e+01 6.724711311438450953e-03 2.145503040323447005e-02 3.508983151191355927e-05 2.594412725360710882e-04
1.300000000000000000e+01 -2.178219119504686691e-02 -2.818768708871247780e-02 3.689837085082897308e-05 2.881087847471121548e-04
1.400000000000000000e+01 -3.976362871881788247e-02 -6.399015116176628992e-02 3.807062865855043480e-05 3.118098078264286031e-04
1.500000000000000000e+01 -4.266235341690254729e-02 -6.803000762527960932e-02 3.880815468260866629e-05 3.313878695733923950e-04
1.600000000000000000e+01 -3.225199388464300432e-02 -5.127590112965015740e-02 3.964670893591449587e-05 3.478408998234766114e-04
1.700000000000000000e+01 -2.256157832602997265e-02 -5.092445615825379884e-02 4.057501582012502597e-05 3.571037116408717731e-04
1.800000000000000000e+01 -2.808980254950212835e-02 -6.740675327444277387e-02 4.109845413206765643e-05 3.545180633341556923e-04
1.900000000000000000e+01 -2.712890993906629661e-02 -6.932992659709195926e-02 4.099762967624152123e-05 3.410584027012607245e-04
2.000000000000000000e+01 -1.899752460570392279e-02 -4.411905112024589598e-02 4.060919425427099086e-05 3.212291055947288400e-04
2.100000000000000000e+01 -5.430540667621769693e-03 -1.325571574171234557e-02 4.026792155944733024e-05 2.969882436129651243e-04
2.200000000000000000e+01 -2.144043603406908956e-04 -3.161929650498190424e-03 3.970634319057405860e-05 2.686852168139995407e-04
2.300000000000000000e+01 -3.560112332272974151e-03 -1.683286604899072655e-02 3.874120270161557751e-05 2.378507113214175205e-04
2.400000000000000000e+01 -1.026187659353488581e-02 -3.827719751307829404e-02 3.747655882210193995e-05 2.078491342548268958e-04
2.500000000000000000e+01 -1.735776653177169629e-02 -5.052015006004792474e-02 3.599897125543057735e-05 1.819594011229153574e-04
2.600000000000000000e+01 -1.672339059613365403e-02 -4.664377969559430764e-02 3.441265930658541624e-05 1.617290703550511538e-04
2.700000000000000000e+01 -1.003263609935448573e-02 -3.020611777107120102e-02 3.288448243324109364e-05 1.470573542612850189e-04
2.800000000000000000e+01 -4.147066536398805181e-03 -1.003870603743309275e-02 3.155094643880558325e-05 1.368188314196898262e-04
2.900000000000000000e+01 2.495448431774347116e-03 5.745089761923569474e-03 3.045833468323271888e-05 1.296691126708217638e-04
3.000000000000000000e+01 3.940202718338758556e-03 1.308214718647472859e-02 2.953945985558578639e-05 1.244070138041644528e-04
3.100000000000000000e+01 2.744020744920019992e-03 1.209236678771439567e-02 2.873633667447971488e-05 1.202946133298199530e-04
3.200000000000000000e+01 -4.149792126153680323e-05 5.473421140545668868e-03 2.804014788865041152e-05 1.168589893541702830e-04
3.300000000000000000e+01 -4.957401053514902747e-03 -3.564043979437384740e-03 2.746058018792300201e-05 1.138430240201542611e-04
3.400000000000000000e+01 -8.946600100385834059e-03 -1.278661761610584875e-02 2.699010169884638683e-05 1.111188166837303156e-04
3.500000000000000000e+01 -1.284718048753599219e-02 -2.107262761893660338e-02 2.660899585391512910e-05 1.085907647712458453e-04
3.600000000000000000e+01 -1.368783835256432747e-02 -2.816485893350793510e-02 2.628739841015860780e-05 1.062049963724731090e-04
3.700000000000000000e+01 -1.556382175572868995e-02 -3.389262993387946038e-02 2.600434795605292441e-05 1.038682478139438470e-04
3.800000000000000000e+01 -1.752956932660949471e-02 -3.789106878804270051e-02 2.575150985780804691e-05 1.014902196001514912e-04
3.900000000000000000e+01 -1.903150175670125649e-02 -4.000040568187614165e-02 2.552261034308992880e-05 9.899587029672355938e-05
4.000000000000000000e+01 -1.902861714623267989e-02 -4.032846391072046621e-02 2.529589899382636659e-05 9.638346133278336448e-05
4.100000000000000000e+01 -2.051330022062463829e-02 -3.931516606402371550e-02 2.505146498437545055e-05 9.366847050020742354e-05
4.200000000000000000e+01 -2.211439981278814915e-02 -3.759303186146274733e-02 2.476083727180784449e-05 9.084491343612131030e-05
4.300000000000000000e+01 -2.355799768416510023e-02 -3.572930455279894890e-02 2.438600253385137372e-05 8.785644975892688605e-05
4.400000000000000000e+01 -2.491403587341829706e-02 -3.405055363523278034e-02 2.387943328003071599e-05 8.461754668018581357e-05
4.500000000000000000e+01 -2.392343771920844159e-02 -3.269055139241527908e-02 2.321572903401316500e-05 8.104682177777799740e-05
4.600000000000000000e+01 -2.322106912378155835e-02 -3.155998577297144253e-02 2.241821618977872323e-05 7.718155055446426023e-05
4.700000000000000000e+01 -2.181080549206012784e-02 -3.044192185870196049e-02 2.157391680463042100e-05 7.324417885652870057e-05
