# freqs 	 pli 	 dpli 	 meanpower(thalamus)	 meanpower(scalp)	pli
8.000000000000000000e+00 9.064716433561379946e-03 1.376111136726331820e-02 1.732804378203484582e-05 2.348958658848294609e-04
9.000000000000000000e+00 1.319454352891962466e-02 2.573778337186276646e-02 1.742802963874559989e-05 2.313496874173894739e-04
1.000000000000000000e+01 -9.440265899502631869e-03 -2.973495534861187589e-02 1.688869304582958560e-05 2.212512327798195355e-04
1.100000000000000000e+01 -4.254718007002227659e-02 -1.033560045166371233e-01 1.670975771300809584e-05 2.192102006341331241e-04
1.200000000000000000e+01 -6.060048587632428652e-02 -1.290182237619239003e-01 1.737993805452537431e-05 2.349429529437499801e-04
1.300000000000000000e+01 -6.687215026362289261e-02 -1.384617930082437665e-01 1.878600892833038138e-05 2.621875729644610213e-04
1.400000000000000000e+01 -6.787406768092284215e-02 -1.300424285551793346e-01 2.056357867903979550e-05 2.903418059601418910e-04
1.500000000000000000e+01 -5.073948473922969965e-02 -8.894532236897829958e-02 2.219383134868088131e-05 3.104919372964011709e-04
1.600000000000000000e+01 -1.171036055372061922e-02 -8.945006527312837630e-03 2.326419575343316345e-05 3.209225829499912997e-04
1.700000000000000000e+01 3.738748791882751110e-02 8.650376996342985791e-02 2.370295196414685574e-05 3.237050962342260781e-04
1.800000000000000000e+01 7.580161293097545383e-02 1.573368765790516821e-01 2.374438129121345150e-05 3.201814049020579029e-04
1.900000000000000000e+01 9.331124634424627085e-02 1.838323699675880052e-01 2.364143296414768789e-05 3.108190501989444954e-04
2.000000000000000000e+01 9.009125756301232524e-02 1.738463557404902604e-01 2.353147049401934691e-05 2.969654312005898830e-04
2.100000000000000000e+01 7.528764176849916945e-02 1.456642485173881008e-01 2.338513481791792826e-05 2.812915542001803498e-04
2.200000000000000000e+01 5.816215016831296353e-02 1.145635566357741109e-01 2.307393945406035918e-05 2.652446265803492208e-04
2.300000000000000000e+01 4.270705713688712629e-02 8.584413554555872516e-02 2.254550597342177236e-05 2.487510754538782435e-04
2.400000000000000000e+01 3.090117188907461759e-02 5.783126598752898195e-02 2.196215540388733359e-05 2.319967893647091692e-04
2.500000000000000000e+01 1.717613563123021603e-02 2.930009491102802260e-02 2.160464088368905619e-05 2.164254915378489592e-04
2.600000000000000000e+01 2.017870578157438324e-03 1.922475394853386628e-03 2.165318342458242881e-05 2.038387386625286810e-04
2.700000000000000000e+01 -1.152343846203102151e-02 -2.146803206102913461e-02 2.207161992395958764e-05 1.951631971868703899e-04
2.800000000000000000e+01 -2.133781831856164379e-02 -3.919688740469587374e-02 2.264282081092361168e-05 1.896763650233400096e-04
2.900000000000000000e+01 -2.804382899827072978e-02 -5.065370303827394088e-02 2.310408069963714578e-05 1.865161763371198068e-04
3.000000000000000000e+01 -3.176542612074202687e-02 -5.615770979845401828e-02 2.326450012165019827e-05 1.846574506929885625e-04
3.100000000000000000e+01 -3.132812032499276284e-02 -5.631251636334700522e-02 2.305390208743974149e-05 1.836741347619761451e-04
3.200000000000000000e+01 -2.783118247750948279e-02 -5.188878598542004394e-02 2.251399042690130291e-05 1.831039477649072710e-04
3.300000000000000000e+01 -2.330757883166006267e-02 -4.375132565171262894e-02 2.175181720156364355e-05 1.826735524545416989e-04
3.400000000000000000e+01 -1.711194605785552186e-02 -3.313809365145910929e-02 2.088957299916100726e-05 1.825028810050493178e-04
3.500000000000000000e+01 -1.166350151866500651e-02 -2.139825862907722767e-02 2.003290333551066939e-05 1.823141771587545340e-04
3.600000000000000000e+01 -6.525914158401154019e-03 -9.985801587664560122e-03 1.925513958130618038e-05 1.821524079591011391e-04
3.700000000000000000e+01 -1.429272444825193051e-03 3.682319228398825466e-05 1.859562676455510599e-05 1.820008310192968120e-04
3.800000000000000000e+01 2.362772111747852687e-03 8.008367177199059855e-03 1.806402796611234133e-05 1.819589445698850314e-04
3.900000000000000000e+01 5.211125796265845406e-03 1.372156772057047357e-02 1.764952198442945871e-05 1.817763952931704863e-04
4.000000000000000000e+01 7.209982824420805257e-03 1.725498154469326528e-02 1.732949720068553326e-05 1.815239702432861076e-04
4.100000000000000000e+01 8.784311465126825452e-03 1.898566801963967945e-02 1.707357977622983033e-05 1.811078874276750587e-04
4.200000000000000000e+01 9.470158008208974521e-03 1.944401472798193073e-02 1.684286360420441005e-05 1.803332303937625223e-04
4.300000000000000000e+01 9.860646272248810990e-03 1.912436041650260321e-02 1.659133157847433746e-05 1.787663445429608011e-04
4.400000000000000000e+01 9.783900712485693596e-03 1.847962655498347484e-02 1.627285191787712003e-05 1.762860498151462292e-04
4.500000000000000000e+01 9.832866382789434700e-03 1.777074056378312450e-02 1.585831836858738600e-05 1.725564800341073323e-04
4.600000000000000000e+01 1.017158159773388394e-02 1.714478929967849785e-02 1.535547287653574077e-05 1.677471179575527882e-04
4.700000000000000000e+01 1.026189333406174291e-02 1.667937644950470699e-02 1.481814225996105516e-05 1.625127954259934012e-04
