# freqs 	 pli 	 dpli 	 meanpower(thalamus)	 meanpower(scalp)	pli
8.000000000000000000e+00 -4.317905852748174511e-02 -1.036407100929080533e-01 3.245230123049950861e-05 2.062000992964142961e-04
9.000000000000000000e+00 -3.783779084478654242e-02 -8.750556872282680421e-02 3.163255405758151677e-05 2.005757033765398565e-04
1.000000000000000000e+01 -7.702655764117857622e-03 -3.039961722547727604e-02 3.081322482185638097e-05 1.825621192794510536e-04
1.100000000000000000e+01 7.837751168142859451e-03 1.635661385158002426e-02 3.086505877640646810e-05 1.626940156828729533e-04
1.200000000000000000e+01 1.056482599990449418e-02 2.397234857187665116e-02 3.086622021918643190e-05 1.471371999949477784e-04
1.300000000000000000e+01 7.523241601879200081e-03 1.288237082403016764e-02 3.033404522782933617e-05 1.359258318616435172e-04
1.400000000000000000e+01 7.159919794283892830e-03 3.350992215378854194e-03 2.979319262809269377e-05 1.279641441669604842e-04
1.500000000000000000e+01 4.688151726716939874e-03 -3.919912905769248022e-03 2.965078258184405664e-05 1.223431299994935824e-04
1.600000000000000000e+01 5.086115655206871825e-03 -6.131665595632216845e-03 2.977281075871663144e-05 1.184289945968193986e-04
1.700000000000000000e+01 3.630788723240334186e-03 -5.372550970180137858e-03 2.996951257437125373e-05 1.159472589158426161e-04
1.800000000000000000e+01 1.071039538106783500e-03 -4.605135250763015171e-03 3.015587728944828252e-05 1.145267197724420140e-04
1.900000000000000000e+01 9.741412272080610503e-04 -2.588880776423959414e-03 3.034466185622424847e-05 1.136048686539258267e-04
2.000000000000000000e+01 2.454435548256118926e-03 1.243583660814408329e-03 3.055743881100383551e-05 1.125656789767171255e-04
2.100000000000000000e+01 5.021836252284208289e-03 6.487585590040320996e-03 3.076229581907060230e-05 1.111082104891532009e-04
2.200000000000000000e+01 6.620498779210128547e-03 1.166201627075832276e-02 3.094288693292043455e-05 1.089887388640323695e-04
2.300000000000000000e+01 8.684964244016345203e-03 1.448033921522551108e-02 3.107604926345810501e-05 1.060851566590830972e-04
2.400000000000000000e+01 9.131508034988305642e-03 1.424803496701849970e-02 3.115243017245588654e-05 1.024398093612904984e-04
2.500000000000000000e+01 9.734370425899224744e-03 1.188401678289614447e-02 3.121347077060643819e-05 9.820095291007691074e-05
2.600000000000000000e+01 6.464094342857351107e-03 8.353978554199946102e-03 3.130763962829094912e-05 9.363873137987422583e-05
2.700000000000000000e+01 3.734386675657278953e-03 3.622812170683742308e-03 3.146700980094123613e-05 8.902180710519901313e-05
2.800000000000000000e+01 4.722965694218971455e-04 -3.726330724586619791e-03 3.172898874860570739e-05 8.455920256130262578e-05
2.900000000000000000e+01 -3.297662598151503838e-03 -1.547750175605475988e-02 3.209779221536211908e-05 8.037839847727965101e-05
3.000000000000000000e+01 -8.189652028677912865e-03 -3.142499844329288416e-02 3.252941652266114924e-05 7.653885472921668923e-05
3.100000000000000000e+01 -1.430227006232102221e-02 -4.815198545802176072e-02 3.293809613333740377e-05 7.304193515413068077e-05
3.200000000000000000e+01 -1.648547359929080150e-02 -6.061724472424889071e-02 3.324644699313270674e-05 6.986028739303601711e-05
3.300000000000000000e+01 -1.700270157251802111e-02 -6.524383460546880065e-02 3.340515433038627590e-05 6.695065643134630610e-05
3.400000000000000000e+01 -1.496901536186343029e-02 -6.169217944579796775e-02 3.341998914803966678e-05 6.428383480431941596e-05
3.500000000000000000e+01 -1.278470037745479439e-02 -5.233344148658939515e-02 3.332411125614401524e-05 6.183393386369122704e-05
3.600000000000000000e+01 -9.691150957471679137e-03 -4.071261670809738636e-02 3.315510558554171042e-05 5.958169655210786725e-05
3.700000000000000000e+01 -7.656153449347533752e-03 -2.995044270680320697e-02 3.294735540506749897e-05 5.750013059388362283e-05
3.800000000000000000e+01 -6.437660679508572237e-03 -2.183969935225753625e-02 3.272754106189176924e-05 5.557736601196208508e-05
3.900000000000000000e+01 -6.607410634099086799e-03 -1.672364067362036577e-02 3.251378309916700619e-05 5.379895358932198298e-05
4.000000000000000000e+01 -6.612664530638876458e-03 -1.392045023195856608e-02 3.231418839384457429e-05 5.214844396745031008e-05
4.100000000000000000e+01 -6.406964829125582662e-03 -1.233672544277320503e-02 3.211625237658392114e-05 5.059556652409251615e-05
4.200000000000000000e+01 -6.101044708798243101e-03 -1.105201618006373780e-02 3.188058706814911195e-05 4.907946390487523012e-05
4.300000000000000000e+01 -4.733765553312952769e-03 -9.574214611184678550e-03 3.154680320914286584e-05 4.751451312716332444e-05
4.400000000000000000e+01 -3.235166685573780728e-03 -7.843131610043642052e-03 3.104620522567211636e-05 4.580831269130448909e-05
4.500000000000000000e+01 -2.127095432735675272e-03 -5.964801950015764451e-03 3.033587738733258386e-05 4.390016715304497576e-05
4.600000000000000000e+01 -1.442313824892350362e-03 -4.045334523821599200e-03 2.944209316599912980e-05 4.180630563047044819e-05
4.700000000000000000e+01 -8.764752937832208813e-04 -2.112652855374821340e-03 2.847869694490202879e-05 3.964635686065758746e-05
