# freqs 	 pli 	 dpli 	 meanpower(thalamus)	 meanpower(scalp)	pli
8.000000000000000000e+00 -1.182142054620980570e-01 -2.552323755433323349e-01 1.185540212046862988e-04 3.019975244333525681e-04
9.000000000000000000e+00 -1.203565951459847905e-01 -2.307013349256601675e-01 1.003028026518004012e-04 2.404711642147416264e-04
1.000000000000000000e+01 -7.162248889038566602e-02 -1.328191410509096393e-01 9.550475750722404707e-05 2.106375781510194461e-04
1.100000000000000000e+01 -2.686037755617660255e-02 -1.349569377865696314e-03 1.070391624377507397e-04 1.933134067878771974e-04
1.200000000000000000e+01 -1.300693852480544650e-02 4.537492271855973758e-02 1.085174602681665209e-04 1.844777412175179756e-04
1.300000000000000000e+01 -2.103360938137064859e-02 -5.140616761906006277e-02 9.514744507962859114e-05 1.901290832035412606e-04
1.400000000000000000e+01 -4.030354134455292614e-02 -1.494247788652997289e-01 7.941002559814969890e-05 1.973567512355088713e-04
1.500000000000000000e+01 -5.077547356963004604e-02 -1.737435741755274377e-01 6.714764971426588061e-05 1.885828405262516454e-04
1.600000000000000000e+01 -4.867367068513312606e-02 -1.452495646719230704e-01 5.899324693672801931e-05 1.672039894935383126e-04
1.700000000000000000e+01 -3.936118784649877272e-02 -1.072786274524735461e-01 5.426800541553767043e-05 1.452926010167121919e-04
1.800000000000000000e+01 -3.198375531538943245e-02 -8.519171065670476384e-02 5.189185281254290305e-05 1.298193784931393215e-04
1.900000000000000000e+01 -2.933190560457896862e-02 -7.949308927196035990e-02 5.077951306488216081e-05 1.206043866519185167e-04
2.000000000000000000e+01 -3.296878852332207205e-02 -8.092570199689404220e-02 5.046020753020520741e-05 1.147806261558429234e-04
2.100000000000000000e+01 -3.499290759055483785e-02 -8.334098474239075294e-02 5.098674697802099205e-05 1.100694441710532289e-04
2.200000000000000000e+01 -3.660342250909913442e-02 -8.570786116271696120e-02 5.190491917077198997e-05 1.054094446212848241e-04
2.300000000000000000e+01 -3.833071968273305680e-02 -8.724399642605031036e-02 5.234699584415730944e-05 1.006379380046346235e-04
2.400000000000000000e+01 -3.816418535275812457e-02 -8.684887092623456983e-02 5.185392773670997098e-05 9.597819315008907089e-05
2.500000000000000000e+01 -3.835840158153758228e-02 -8.525218525622652033e-02 5.058267197784496164e-05 9.170158395342690907e-05
2.600000000000000000e+01 -3.764193345068531094e-02 -8.393468128525215233e-02 4.898129598572797646e-05 8.798347260687979323e-05
2.700000000000000000e+01 -3.635124901452671531e-02 -8.346921575149728045e-02 4.744845141502529098e-05 8.477734832987924142e-05
2.800000000000000000e+01 -3.582923631284906651e-02 -8.298248998485377448e-02 4.618303772827539358e-05 8.183780032564587999e-05
2.900000000000000000e+01 -3.582549299592688308e-02 -8.147449904422519873e-02 4.521621579574129087e-05 7.893809705789514998e-05
3.000000000000000000e+01 -3.507662706916567924e-02 -7.844717938779877109e-02 4.452442842736917256e-05 7.600246826865176815e-05
3.100000000000000000e+01 -3.403593284102569838e-02 -7.406779022120812961e-02 4.406156467717071501e-05 7.306608641662421736e-05
3.200000000000000000e+01 -3.222142550627232760e-02 -6.872400719814865389e-02 4.378911115742772144e-05 7.021711093967149362e-05
3.300000000000000000e+01 -2.999025812852504358e-02 -6.284580891368055089e-02 4.365765393741830014e-05 6.754564781619127939e-05
3.400000000000000000e+01 -2.661941475187567033e-02 -5.687174604451625953e-02 4.360031601051347498e-05 6.510754499663734974e-05
3.500000000000000000e+01 -2.363235294625226635e-02 -5.117490070565586940e-02 4.354757039866257628e-05 6.290930299410454137e-05
3.600000000000000000e+01 -2.160751400039621559e-02 -4.609169691589720674e-02 4.345312339133450914e-05 6.092278196250991142e-05
3.700000000000000000e+01 -2.006036417637548780e-02 -4.177169743497307491e-02 4.330211098994576983e-05 5.912132515693695086e-05
3.800000000000000000e+01 -1.869299650592229703e-02 -3.823247315753082465e-02 4.310271247971297209e-05 5.747462828737849588e-05
3.900000000000000000e+01 -1.723942794953600005e-02 -3.542585665871128553e-02 4.286578145847617981e-05 5.595909174527044928e-05
4.000000000000000000e+01 -1.600873636667897448e-02 -3.336097984886263190e-02 4.258658071247980705e-05 5.453930455696160068e-05
4.100000000000000000e+01 -1.518358097622338372e-02 -3.206918560507615590e-02 4.225025929995864481e-05 5.317072198351135428e-05
4.200000000000000000e+01 -1.486152769756547871e-02 -3.155790095489843100e-02 4.181907384435275911e-05 5.179787391910933245e-05
4.300000000000000000e+01 -1.548839112413827844e-02 -3.174262878622052114e-02 4.123062081409297364e-05 5.033571338303396585e-05
4.400000000000000000e+01 -1.629511212182472094e-02 -3.242052484524114708e-02 4.041986811526563413e-05 4.869183251265600629e-05
4.500000000000000000e+01 -1.703619942281276237e-02 -3.334855835495015991e-02 3.935717394046817861e-05 4.680232203718731897e-05
4.600000000000000000e+01 -1.744192062917162417e-02 -3.432919790566402868e-02 3.809213006947279815e-05 4.468258348893966361e-05
4.700000000000000000e+01 -1.824253056173156043e-02 -3.523500968641405523e-02 3.677511514742884310e-05 4.245561884002661915e-05
