# freqs 	 pli 	 dpli 	 meanpower(thalamus)	 meanpower(scalp)	pli
8.000000000000000000e+00 3.635029991431019958e-02 7.682924408540332817e-02 6.916661296165523692e-05 2.390999896442157473e-04
9.000000000000000000e+00 2.215217685312223864e-02 4.483490024237604676e-02 6.602476352279657240e-05 1.928927554784517248e-04
1.000000000000000000e+01 -3.000274229840928578e-02 -9.045893108639126157e-02 6.786704838535079925e-05 1.788958730786266080e-04
1.100000000000000000e+01 -8.401392255296913358e-02 -2.232714650584628480e-01 7.285674123977291174e-05 1.879762790764983107e-04
1.200000000000000000e+01 -1.152264229706505827e-01 -2.758709389719473104e-01 7.744158565266496055e-05 2.049820687969948312e-04
1.300000000000000000e+01 -1.211590376102852779e-01 -2.653708840478682385e-01 8.015633319086537013e-05 2.190400559630795922e-04
1.400000000000000000e+01 -9.598399449079210444e-02 -2.081340905846430223e-01 8.020655706639597980e-05 2.266340263552368394e-04
1.500000000000000000e+01 -5.456913708759647541e-02 -1.219071505232548064e-01 7.725883163777265579e-05 2.272937764988847977e-04
1.600000000000000000e+01 -1.697241488883283536e-02 -3.381280595364417885e-02 7.272949726553087728e-05 2.237738867315163937e-04
1.700000000000000000e+01 1.056357284185480659e-02 2.716797339963170077e-02 6.847391544719799304e-05 2.191756094214918418e-04
1.800000000000000000e+01 2.767855743548065794e-02 6.083120933099075978e-02 6.546084054894827481e-05 2.157515718408814520e-04
1.900000000000000000e+01 3.910486082222908166e-02 8.265275507267713651e-02 6.409634696589329016e-05 2.133222105872051733e-04
2.000000000000000000e+01 4.872429609362744635e-02 9.971237416273384668e-02 6.421516995111324882e-05 2.102625345959082727e-04
2.100000000000000000e+01 5.242735093875906804e-02 1.073860446303786936e-01 6.534308228292404631e-05 2.054852335925316722e-04
2.200000000000000000e+01 4.519692579689786605e-02 1.008332582199733402e-01 6.645159316984476303e-05 1.975689539013074879e-04
2.300000000000000000e+01 3.604853443712655037e-02 8.259097535475963536e-02 6.629454631941495834e-05 1.850281128537088044e-04
2.400000000000000000e+01 2.526138188248432809e-02 5.916401050337325579e-02 6.448160663341065434e-05 1.688080072475312162e-04
2.500000000000000000e+01 1.683636637322712820e-02 3.703502609094475040e-02 6.168611960696816104e-05 1.520137808544147614e-04
2.600000000000000000e+01 1.242185980236311382e-02 2.056706815898448962e-02 5.894682879976949076e-05 1.377580009073586657e-04
2.700000000000000000e+01 6.981465796422699557e-03 1.073076536833864753e-02 5.686910664328165575e-05 1.274048143164866799e-04
2.800000000000000000e+01 3.400236820469541323e-03 6.136370398313654127e-03 5.551080531370876646e-05 1.205711619623815435e-04
2.900000000000000000e+01 3.141809894056694745e-03 4.906309157374794810e-03 5.467039889760209366e-05 1.162730662038862211e-04
3.000000000000000000e+01 4.336829457736352672e-03 5.344214302380838159e-03 5.416245891481147372e-05 1.135310511531098862e-04
3.100000000000000000e+01 3.628184988134782341e-03 5.978055090687672130e-03 5.383719880665478638e-05 1.117743231667097189e-04
3.200000000000000000e+01 2.686670792266010552e-03 5.779204383650312499e-03 5.359021738434779360e-05 1.106271902261846813e-04
3.300000000000000000e+01 1.800152853215642845e-03 4.480763961881216624e-03 5.338205781040271006e-05 1.099142451646223595e-04
3.400000000000000000e+01 1.707899500982818625e-04 2.315525506585475960e-03 5.318937025768355069e-05 1.094581546853547974e-04
3.500000000000000000e+01 -7.951991789890015859e-04 -5.092611545547496427e-04 5.298971831688917554e-05 1.091084085903640705e-04
3.600000000000000000e+01 -3.945313643123368567e-03 -3.985451592345287501e-03 5.277068987894389306e-05 1.088298053142445679e-04
3.700000000000000000e+01 -5.178448575461193013e-03 -8.041805223545285541e-03 5.252218038580293676e-05 1.086073368648790755e-04
3.800000000000000000e+01 -8.018615878259529109e-03 -1.229043963352235286e-02 5.224759487483137044e-05 1.083878571541339165e-04
3.900000000000000000e+01 -1.042366169432784768e-02 -1.605089740530864229e-02 5.194925115730402018e-05 1.080962424225914308e-04
4.000000000000000000e+01 -1.110792753431288048e-02 -1.864149074081297361e-02 5.161747296007291111e-05 1.076962042072700785e-04
4.100000000000000000e+01 -1.211150947589696193e-02 -1.973260440554597261e-02 5.123309894619562665e-05 1.071429269099490484e-04
4.200000000000000000e+01 -1.081868238876790463e-02 -1.946037926284364603e-02 5.075246747932409528e-05 1.063495850355320306e-04
4.300000000000000000e+01 -9.094208671942776920e-03 -1.830535429587094171e-02 5.009248585086018181e-05 1.051393090052086659e-04
4.400000000000000000e+01 -8.564459572600100976e-03 -1.671106721076517226e-02 4.915209160420544226e-05 1.033364275750992022e-04
4.500000000000000000e+01 -7.938077421803765507e-03 -1.499213059132818021e-02 4.787426300745321450e-05 1.008189359997463744e-04
4.600000000000000000e+01 -5.741864659712030833e-03 -1.319472404998135555e-02 4.629850400329943211e-05 9.769189192184018762e-05
4.700000000000000000e+01 -3.811172097922227876e-03 -1.119662156553377988e-02 4.459146251165739154e-05 9.432768978630827917e-05
