# freqs 	 pli 	 dpli 	 meanpower(thalamus)	 meanpower(scalp)	pli
8.000000000000000000e+00 6.244575631114401143e-02 3.431509276294134048e-01 6.133497255972449125e+01 5.413723164863870352e+02
9.000000000000000000e+00 3.506357037307648861e-02 1.394377693280991481e-01 5.685576599722910629e+01 4.200323204058464057e+02
1.000000000000000000e+01 -7.381508433427139831e-03 -1.088091268428489911e-02 5.307362284739497937e+01 3.259837562753111797e+02
1.100000000000000000e+01 -2.403052456598061409e-02 -5.521946404311815076e-02 5.036260229697769120e+01 2.744728952177623569e+02
1.200000000000000000e+01 -2.959264879895308342e-02 -6.511303764794550142e-02 4.686407789151687098e+01 2.488983200309048982e+02
1.300000000000000000e+01 -3.621254804730904275e-02 -7.282834265380776217e-02 4.235440577633804793e+01 2.399215471100148136e+02
1.400000000000000000e+01 -4.478285671025180464e-02 -9.097467634375008827e-02 3.834776358428512566e+01 2.320568260709230515e+02
1.500000000000000000e+01 -4.910503424039701359e-02 -1.113168472626750033e-01 3.556127453595578203e+01 2.141426342850826927e+02
1.600000000000000000e+01 -4.662595364952613203e-02 -1.139644962908553938e-01 3.367455181750800364e+01 1.890948058570565138e+02
1.700000000000000000e+01 -3.907558779721835573e-02 -9.714637688088187395e-02 3.235858437318660918e+01 1.646791434678677319e+02
1.800000000000000000e+01 -2.926671392180542688e-02 -7.450347381163199834e-02 3.150069892128862037e+01 1.451576028306357671e+02
1.900000000000000000e+01 -2.145862344240261413e-02 -5.738931781853318786e-02 3.095994941044098780e+01 1.308334164333954561e+02
2.000000000000000000e+01 -1.695334909777533941e-02 -4.696132464601462941e-02 3.063036310391606776e+01 1.203692112852549343e+02
2.100000000000000000e+01 -1.535900673689650879e-02 -4.053607211293952517e-02 3.042452116830671471e+01 1.125042502519927012e+02
2.200000000000000000e+01 -1.423678897037687976e-02 -3.629128840890177149e-02 3.028934511635116422e+01 1.063535791063570315e+02
2.300000000000000000e+01 -1.278629331791146691e-02 -3.331997261508012897e-02 3.019401063623391934e+01 1.013384354314187306e+02
2.400000000000000000e+01 -1.241324771971828375e-02 -3.090994135366237003e-02 3.010431101812039856e+01 9.707258443686802707e+01
2.500000000000000000e+01 -1.244121275771039106e-02 -2.898842643885521375e-02 2.999650422740026912e+01 9.326863827715374100e+01
2.600000000000000000e+01 -1.265328473252389820e-02 -2.770292351413267129e-02 2.987963528901714483e+01 8.968224786950412408e+01
2.700000000000000000e+01 -1.195525938062036095e-02 -2.669922308695955523e-02 2.976797913361440706e+01 8.615556646051562950e+01
2.800000000000000000e+01 -1.087231478321385239e-02 -2.525893190431650198e-02 2.966974957917727096e+01 8.262770480556139319e+01
2.900000000000000000e+01 -1.063760877644808443e-02 -2.322554990955515847e-02 2.958435890156171766e+01 7.916862354273784774e+01
3.000000000000000000e+01 -1.036662417295864703e-02 -2.104080468088290884e-02 2.950544444288760104e+01 7.587265303446248765e+01
3.100000000000000000e+01 -8.882519779904552576e-03 -1.932734475230704629e-02 2.942629663907024806e+01 7.283739260050867870e+01
3.200000000000000000e+01 -7.741539870657768510e-03 -1.827518172800070284e-02 2.934547663251399285e+01 7.010935716789441585e+01
3.300000000000000000e+01 -7.582163465555709705e-03 -1.771248499328911818e-02 2.926331212453899866e+01 6.769162059177088508e+01
3.400000000000000000e+01 -8.018498177796986107e-03 -1.737532312926225175e-02 2.917928171379447733e+01 6.557448626580563200e+01
3.500000000000000000e+01 -8.036796054974653866e-03 -1.701532715442884494e-02 2.908958960515648684e+01 6.371264325449887167e+01
3.600000000000000000e+01 -7.978108101690150472e-03 -1.652301505142688212e-02 2.899473033084480633e+01 6.207354820228637493e+01
3.700000000000000000e+01 -7.600777538184446194e-03 -1.587240767603003908e-02 2.889884455557614018e+01 6.061657739333094241e+01
3.800000000000000000e+01 -7.341349084564774072e-03 -1.510618469772349176e-02 2.880324949327967943e+01 5.932151186405992860e+01
3.900000000000000000e+01 -7.591997410953431509e-03 -1.430432199474784317e-02 2.870757518708854761e+01 5.815829973742668102e+01
4.000000000000000000e+01 -7.222372184680118760e-03 -1.352494353546936610e-02 2.860742386874286680e+01 5.711332489885928965e+01
4.100000000000000000e+01 -6.944608516457001848e-03 -1.280950276140178055e-02 2.848816236805260971e+01 5.614462419029656104e+01
4.200000000000000000e+01 -6.566891007269599033e-03 -1.218033957356427603e-02 2.831880218169633778e+01 5.517841577106744921e+01
4.300000000000000000e+01 -6.861898617107446696e-03 -1.165426874513169134e-02 2.804667360025504053e+01 5.410047662928679557e+01
4.400000000000000000e+01 -7.130005112812912681e-03 -1.124568114156240632e-02 2.761306535921577776e+01 5.280070713101564195e+01
4.500000000000000000e+01 -7.242574644647923471e-03 -1.095263143462238062e-02 2.698500453115040187e+01 5.119060572655868668e+01
4.600000000000000000e+01 -6.894912635470485697e-03 -1.074819459852904835e-02 2.618878517668334283e+01 4.929113312154800752e+01
4.700000000000000000e+01 -6.720984143941597516e-03 -1.058728034262952991e-02 2.532615925584629579e+01 4.725473263179257799e+01
