# freqs 	 pli 	 dpli 	 meanpower(thalamus)	 meanpower(scalp)	pli
8.000000000000000000e+00 -6.596507279249815003e-02 -1.507656220671922676e-01 1.802029426900307119e-04 3.635644137711031864e-04
9.000000000000000000e+00 -6.212065655512215984e-02 -1.454017063654248210e-01 1.705047582062118509e-04 3.225021578893490660e-04
1.000000000000000000e+01 -5.325270217601639489e-02 -1.170001224447171501e-01 1.609910441445208066e-04 2.700584138332494562e-04
1.100000000000000000e+01 -5.979726751155875486e-02 -1.383946576003433349e-01 1.546707463986417405e-04 2.364727041932935701e-04
1.200000000000000000e+01 -7.521416373880555895e-02 -1.980149120660003037e-01 1.512615378504563119e-04 2.174463473866804480e-04
1.300000000000000000e+01 -8.646912646144472303e-02 -2.188901293391103675e-01 1.461865567860631365e-04 1.981335872833629133e-04
1.400000000000000000e+01 -9.083395872350008560e-02 -2.063509359029855050e-01 1.395090821350239701e-04 1.765943161967510708e-04
1.500000000000000000e+01 -8.942601914758559201e-02 -1.853601811028771362e-01 1.322745283434489212e-04 1.547072742551488318e-04
1.600000000000000000e+01 -8.235870166973405238e-02 -1.642962580738273892e-01 1.247810234237435188e-04 1.342822905219686778e-04
1.700000000000000000e+01 -7.417792383097621123e-02 -1.449181684246881041e-01 1.172126761497734341e-04 1.171954079287811323e-04
1.800000000000000000e+01 -6.246430595565102828e-02 -1.245927660726177250e-01 1.097177581511235529e-04 1.042259120589386807e-04
1.900000000000000000e+01 -5.052716372058743688e-02 -1.023776592674126018e-01 1.023480328520017484e-04 9.488857541924761369e-05
2.000000000000000000e+01 -3.964761528529046203e-02 -8.048147587743657849e-02 9.525923686082311403e-05 8.811215393619671534e-05
2.100000000000000000e+01 -2.820683730299798631e-02 -6.083313983143691372e-02 8.868545497276071480e-05 8.299826271775489323e-05
2.200000000000000000e+01 -1.888332482302379142e-02 -4.440316204932389516e-02 8.280366638176464252e-05 7.897546068238328154e-05
2.300000000000000000e+01 -1.149315082047871681e-02 -3.168028740686919947e-02 7.769482097695691353e-05 7.573536631302859505e-05
2.400000000000000000e+01 -6.429462018403250649e-03 -2.226823441344962656e-02 7.335024598138533325e-05 7.308735621207360469e-05
2.500000000000000000e+01 -3.010660888825565304e-03 -1.502834696434738465e-02 6.967818694891971627e-05 7.093433406550077574e-05
2.600000000000000000e+01 -2.348040934539580022e-04 -8.969889063658139511e-03 6.654941847212452258e-05 6.924432009829355054e-05
2.700000000000000000e+01 2.342266547280559812e-03 -3.697517400369221708e-03 6.385235924160281244e-05 6.800609545851588750e-05
2.800000000000000000e+01 5.028777544848618379e-03 8.322590152961047844e-04 6.149305522892648272e-05 6.709949350528229643e-05
2.900000000000000000e+01 7.643387531782819787e-03 4.726573354433796954e-03 5.940623976392687261e-05 6.635320751470017288e-05
3.000000000000000000e+01 7.844094643435786662e-03 8.255742622130274322e-03 5.754377299252666457e-05 6.563047751070242696e-05
3.100000000000000000e+01 7.890517737320119560e-03 1.171862990147939584e-02 5.587909675001914749e-05 6.491835913013866333e-05
3.200000000000000000e+01 7.972467258521884897e-03 1.525660310009010860e-02 5.438488714825028762e-05 6.426775852501920316e-05
3.300000000000000000e+01 8.068601276888628243e-03 1.880752216130282886e-02 5.303242365371932745e-05 6.374406115934727200e-05
3.400000000000000000e+01 8.644840866939359700e-03 2.218302351584760732e-02 5.179760645404400519e-05 6.340255107874256230e-05
3.500000000000000000e+01 9.320025087034056188e-03 2.513132801142735351e-02 5.065503170700268707e-05 6.321969087458664425e-05
3.600000000000000000e+01 9.576952018850740100e-03 2.746383957251346403e-02 4.959047259674132061e-05 6.316313295785366193e-05
3.700000000000000000e+01 9.624126441741711127e-03 2.906411047432838277e-02 4.859892196775564445e-05 6.318700127033158092e-05
3.800000000000000000e+01 9.532819775817090793e-03 2.992678190268905497e-02 4.767741587563850312e-05 6.326084775561321429e-05
3.900000000000000000e+01 9.501203981836958690e-03 3.010726205769449076e-02 4.682130324003305717e-05 6.334974610201035315e-05
4.000000000000000000e+01 8.842470906370735254e-03 2.974335336530077242e-02 4.602068894638786404e-05 6.344686957190967915e-05
4.100000000000000000e+01 7.973758286506324802e-03 2.898783503681577264e-02 4.525297719816272679e-05 6.352017676922072273e-05
4.200000000000000000e+01 7.391528708056914823e-03 2.799486709631542405e-02 4.447133785488019604e-05 6.349759621584594573e-05
4.300000000000000000e+01 6.846894492549796159e-03 2.689117524477567522e-02 4.359887417309920839e-05 6.324738212982658741e-05
4.400000000000000000e+01 6.575763873705523822e-03 2.571684523587675075e-02 4.254584324883431846e-05 6.264463828092348174e-05
4.500000000000000000e+01 6.648356734724426495e-03 2.447876940532943066e-02 4.125448480078019043e-05 6.159798016069657073e-05
4.600000000000000000e+01 6.694572344530371442e-03 2.310320653708317074e-02 3.974928155664916553e-05 6.016015376063790939e-05
4.700000000000000000e+01 6.868474864520134580e-03 2.149364781081153017e-02 3.816294530651443356e-05 5.855628667611144491e-05
