# freqs 	 pli 	 dpli 	 meanpower(thalamus)	 meanpower(scalp)	pli
8.000000000000000000e+00 -1.322593315769398925e-01 -2.698244853700887402e-01 8.193905054567460411e+01 2.669692434966116821e+02
9.000000000000000000e+00 -6.832183095248209326e-02 -1.372745826811418435e-01 8.174365164695321084e+01 2.371036493902207098e+02
1.000000000000000000e+01 -1.950350548651200167e-02 -3.508433049844961182e-02 8.074298424851185985e+01 2.040899478268749476e+02
1.100000000000000000e+01 4.895420071421786173e-03 8.718515175494752009e-03 8.032781334536018392e+01 1.659551897647155272e+02
1.200000000000000000e+01 8.217441744433433976e-03 2.754914456793992536e-02 8.037930445912770949e+01 1.406785145499066800e+02
1.300000000000000000e+01 4.214348038541908086e-03 1.973343528717151282e-02 8.062184851408058250e+01 1.288240603156660598e+02
1.400000000000000000e+01 -2.456354751492884417e-03 -4.107407850634816476e-03 8.129895499582622165e+01 1.213917700361325416e+02
1.500000000000000000e+01 -1.101400407560074700e-02 -2.591791383157252687e-02 8.222942537025417664e+01 1.152588362665064352e+02
1.600000000000000000e+01 -1.359372556029763389e-02 -3.450970424960990435e-02 8.318574712801292037e+01 1.090902751299673952e+02
1.700000000000000000e+01 -1.113408458214818451e-02 -2.936101478497541231e-02 8.399208256759077074e+01 1.030563097233792433e+02
1.800000000000000000e+01 -7.731725392062717417e-03 -2.113016473346827559e-02 8.468508522259014626e+01 9.795166319742494920e+01
1.900000000000000000e+01 -6.463278099562023808e-03 -1.778744225689727135e-02 8.550654400417028000e+01 9.363952249908479075e+01
2.000000000000000000e+01 -9.133453231871700370e-03 -1.907238271496084284e-02 8.662339918465822564e+01 8.951667533571372815e+01
2.100000000000000000e+01 -1.132190396914030742e-02 -2.417458742633434021e-02 8.814441288020996979e+01 8.570999059535644449e+01
2.200000000000000000e+01 -2.185648982604536036e-02 -4.639795349060981539e-02 9.047379382603369891e+01 8.397868704738701240e+01
2.300000000000000000e+01 -5.307838033967372110e-02 -1.181802196971204477e-01 9.532198602566356271e+01 8.764507884066661347e+01
2.400000000000000000e+01 -9.903248118552332446e-02 -2.317854972092981136e-01 1.053316056616266252e+02 9.722665496664478724e+01
2.500000000000000000e+01 -1.347275275209283141e-01 -3.240792848101636259e-01 1.200600476611046474e+02 1.071068332369830358e+02
2.600000000000000000e+01 -1.506367381689358298e-01 -3.700165754139310148e-01 1.339443462641636984e+02 1.106395226913308676e+02
2.700000000000000000e+01 -1.518981731953541470e-01 -3.789461196425672473e-01 1.405921076648136818e+02 1.057379008672695591e+02
2.800000000000000000e+01 -1.433961212837681631e-01 -3.581169592608420826e-01 1.375950300986752666e+02 9.474333247600405628e+01
2.900000000000000000e+01 -1.243808475509080858e-01 -3.086339444573865110e-01 1.272640530605164315e+02 8.174853340897102782e+01
3.000000000000000000e+01 -9.698303078306841352e-02 -2.336019470351562710e-01 1.142170850307745837e+02 7.004341552528083525e+01
3.100000000000000000e+01 -6.372999114384943209e-02 -1.484352000580279052e-01 1.025994090575155298e+02 6.124348093950669636e+01
3.200000000000000000e+01 -3.319865120141633069e-02 -7.563294078593503500e-02 9.458927283121442997e+01 5.540635936822049956e+01
3.300000000000000000e+01 -1.190238449373985305e-02 -2.761719207376158239e-02 9.044317703221881288e+01 5.180080036157421830e+01
3.400000000000000000e+01 -3.343079243201908042e-04 -1.755420205680465655e-03 8.928276478473988220e+01 4.960543392400044382e+01
3.500000000000000000e+01 5.763699399379189174e-03 1.020004452603665533e-02 8.988093507273110561e+01 4.817975264729963669e+01
3.600000000000000000e+01 7.401629189539545364e-03 1.490282841682074103e-02 9.108177738471611917e+01 4.716195951832797562e+01
3.700000000000000000e+01 7.506943370094517828e-03 1.618654040009391212e-02 9.200538063063110883e+01 4.636740415912388613e+01
3.800000000000000000e+01 7.402222278136176385e-03 1.603062754512160279e-02 9.211983748779016423e+01 4.571454355845948925e+01
3.900000000000000000e+01 7.601095673782898819e-03 1.527251188372425079e-02 9.125507706865313651e+01 4.514669949516687097e+01
4.000000000000000000e+01 6.806128914927407972e-03 1.431540066535977491e-02 8.953376855362945719e+01 4.464099492335102326e+01
4.100000000000000000e+01 6.265634856527695952e-03 1.323488921567440336e-02 8.722075599882045083e+01 4.416554504747735166e+01
4.200000000000000000e+01 6.357232838559830068e-03 1.201731014648939680e-02 8.457916361943873085e+01 4.366437533638152502e+01
4.300000000000000000e+01 5.759795627508170271e-03 1.065736970325921462e-02 8.175027529718533970e+01 4.304409752530938960e+01
4.400000000000000000e+01 5.378175636476477221e-03 9.224987765976445930e-03 7.874988826437500222e+01 4.222522502877790629e+01
4.500000000000000000e+01 4.816743637614227976e-03 7.795590748821156803e-03 7.554426429375422458e+01 4.114701537396516073e+01
4.600000000000000000e+01 3.119108383933962957e-03 6.452770522332493264e-03 7.217065396327001281e+01 3.984075496816447526e+01
4.700000000000000000e+01 2.456875842559979109e-03 5.239271453408207886e-03 6.882183135134347651e+01 3.844848134890108327e+01
