# freqs 	 pli 	 dpli 	 meanpower(thalamus)	 meanpower(scalp)	pli
8.000000000000000000e+00 2.080952518550288968e-02 4.343152144274566723e-02 1.164921216709059593e+02 5.223082662012755861e+01
9.000000000000000000e+00 1.356500323380856014e-02 2.476092880686742506e-02 1.216414206326564482e+02 5.192313632408350088e+01
1.000000000000000000e+01 1.148187016749612627e-02 2.253936913287312577e-02 1.427923284666790096e+02 4.850323813123048211e+01
1.100000000000000000e+01 1.178317271175470179e-02 2.764777835924936075e-02 1.779248896914525915e+02 4.555705307392852887e+01
1.200000000000000000e+01 1.260639425573154525e-02 3.535388477087621911e-02 2.031203519183520712e+02 4.594944592137584038e+01
1.300000000000000000e+01 4.654996047644865270e-03 -1.399289069493683986e-02 2.147700714789913263e+02 5.099524554526934139e+01
1.400000000000000000e+01 -8.015779323407742213e-03 -4.687925521107547816e-02 2.075888529737318606e+02 5.383956585751606383e+01
1.500000000000000000e+01 -1.247718270053261788e-02 -4.997551623804345061e-02 1.790960684001297238e+02 4.981051445678460254e+01
1.600000000000000000e+01 -1.260868175138740201e-02 -4.545441425495579807e-02 1.429498986125001352e+02 4.332867323741306365e+01
1.700000000000000000e+01 -1.080517239737104410e-02 -3.667716715702494523e-02 1.132540778938234070e+02 3.880939897630004509e+01
1.800000000000000000e+01 -6.100852810525411903e-03 -2.578958399154284223e-02 9.482879158129908603e+01 3.661415739767646471e+01
1.900000000000000000e+01 -4.229126613833150694e-03 -1.762274510178482925e-02 8.583352850346598473e+01 3.555130742500845997e+01
2.000000000000000000e+01 -4.331304791307331523e-03 -1.347151530968825235e-02 8.261450146155529239e+01 3.488300374144085225e+01
2.100000000000000000e+01 -3.138776223291622411e-03 -1.188402221416866821e-02 8.207853699499433731e+01 3.435035691507264488e+01
2.200000000000000000e+01 -2.186620874559727385e-03 -1.097672828031673493e-02 8.214425647803462027e+01 3.389382393930191739e+01
2.300000000000000000e+01 -2.367167707265759730e-03 -1.040977602186985568e-02 8.183061370313961902e+01 3.350694345006898800e+01
2.400000000000000000e+01 -2.559296625193894018e-03 -1.160696587483210813e-02 8.124384958047123462e+01 3.319175702437908626e+01
2.500000000000000000e+01 -4.049768410939126075e-03 -1.553539079732128500e-02 8.092288687630612287e+01 3.294076565312121829e+01
2.600000000000000000e+01 -5.204982968046894740e-03 -2.060088177673313065e-02 8.087595336333964724e+01 3.272851269915925343e+01
2.700000000000000000e+01 -6.742472865951110519e-03 -2.380792462288996297e-02 8.053574562007757720e+01 3.252056082715701280e+01
2.800000000000000000e+01 -6.420491429871672505e-03 -2.340461271705368204e-02 7.937149494237930014e+01 3.229395906079255241e+01
2.900000000000000000e+01 -6.412780203902563106e-03 -1.978900130575821439e-02 7.725988152574518608e+01 3.205115109934777706e+01
3.000000000000000000e+01 -5.896832853508352824e-03 -1.453133013436790077e-02 7.448973609577132038e+01 3.180928900459360165e+01
3.100000000000000000e+01 -3.529221262116028456e-03 -9.179211584208391353e-03 7.152666744347956751e+01 3.158212403224567666e+01
3.200000000000000000e+01 -1.347409629492512086e-03 -4.627998965810353922e-03 6.878066854666504071e+01 3.138227987864419077e+01
3.300000000000000000e+01 5.148853515353112508e-04 -9.999106879521322318e-04 6.648243480046301102e+01 3.121473323886193540e+01
3.400000000000000000e+01 2.093698349668075918e-03 1.989561170875395364e-03 6.468081986781923831e+01 3.107238258418194832e+01
3.500000000000000000e+01 3.034431852892116067e-03 4.545643125974182727e-03 6.330734564158323252e+01 3.094968264238180211e+01
3.600000000000000000e+01 3.171139763122042023e-03 6.637525165608759367e-03 6.227579881430418851e+01 3.083973831787739783e+01
3.700000000000000000e+01 3.198521813402314430e-03 8.097145361989544279e-03 6.151448264269300381e+01 3.073968377347108571e+01
3.800000000000000000e+01 3.115503775518618443e-03 8.837148331596562240e-03 6.095879749715637530e+01 3.064834500689688568e+01
3.900000000000000000e+01 2.886742658841525908e-03 8.933121236575108925e-03 6.053983804131709689e+01 3.056325387971691399e+01
4.000000000000000000e+01 2.876431795922332856e-03 8.596415198427544840e-03 6.017686824630865772e+01 3.047815649797502857e+01
4.100000000000000000e+01 3.092666146227753855e-03 8.052836041807742012e-03 5.976991207534672412e+01 3.037576538776712454e+01
4.200000000000000000e+01 2.910278003498213955e-03 7.463103215279444889e-03 5.920124129783897615e+01 3.021823767351185808e+01
4.300000000000000000e+01 3.105534164598116893e-03 6.900392499859263340e-03 5.834431805814794814e+01 2.994818449444977304e+01
4.400000000000000000e+01 3.251083741697721567e-03 6.381419734188845290e-03 5.708911509324071432e+01 2.950183337870283395e+01
4.500000000000000000e+01 3.125426698910694669e-03 5.886961185973229455e-03 5.539012375497264884e+01 2.884030797312559358e+01
4.600000000000000000e+01 3.502782097779372564e-03 5.398546876825586691e-03 5.331810748143277578e+01 2.798485164102813982e+01
4.700000000000000000e+01 3.447420964446757351e-03 4.911670263142264847e-03 5.108007497396343410e+01 2.703810049199675802e+01
