# freqs 	 pli 	 dpli 	 meanpower(thalamus)	 meanpower(scalp)	pli
8.000000000000000000e+00 -2.787510712440167959e-02 -7.952679158155612216e-02 1.867068889393250881e-05 2.026561937324056391e-04
9.000000000000000000e+00 -3.424308536398757569e-02 -9.005583328503274920e-02 1.837624616164135850e-05 1.729189650623244470e-04
1.000000000000000000e+01 -3.309287364936606274e-02 -7.891517570592580799e-02 1.945090848532871544e-05 1.576233197418104668e-04
1.100000000000000000e+01 -4.087776593991471891e-02 -6.788198479720421175e-02 2.072609858503501710e-05 1.575132936069428434e-04
1.200000000000000000e+01 -3.374254334958190493e-02 -6.633507706125436887e-02 2.192315793869509822e-05 1.691461521138630194e-04
1.300000000000000000e+01 -2.400431236223232040e-02 -6.534141795201064973e-02 2.370294792334165580e-05 1.861868376704414708e-04
1.400000000000000000e+01 -2.284223676066873474e-02 -5.612326940602984510e-02 2.573043724923615625e-05 2.035347998637460445e-04
1.500000000000000000e+01 -1.577441654169795676e-02 -3.771467025141832935e-02 2.778228374531182900e-05 2.176933640764405764e-04
1.600000000000000000e+01 -3.144149660017637495e-03 -1.005514928154827535e-02 2.968559397951710629e-05 2.282921478238076403e-04
1.700000000000000000e+01 1.666650408614866671e-02 2.268328644155520254e-02 3.109942371480492966e-05 2.333121544497068810e-04
1.800000000000000000e+01 3.133804239351125481e-02 4.867440965412266063e-02 3.209259822054494278e-05 2.293492964731329927e-04
1.900000000000000000e+01 3.650071590502326768e-02 4.957941824667079500e-02 3.400746827063417735e-05 2.162063385339833268e-04
2.000000000000000000e+01 2.719986909193687977e-02 2.283407784759735465e-02 3.770083776939402707e-05 1.973931408769770478e-04
2.100000000000000000e+01 1.407809160514873759e-02 -5.979758011068011907e-03 4.155903161541179918e-05 1.765460770872556869e-04
2.200000000000000000e+01 1.624427119196227010e-03 -1.786934448587632757e-02 4.348732115165085811e-05 1.557943843812568648e-04
2.300000000000000000e+01 -1.817054598093976927e-03 -1.416817217360443609e-02 4.321222996880812162e-05 1.366886847420229736e-04
2.400000000000000000e+01 1.180715907657838796e-03 -3.604365608532458798e-03 4.150892900027079062e-05 1.204983246930625137e-04
2.500000000000000000e+01 6.541123995775171771e-03 9.140202705323662372e-03 3.925249182959632618e-05 1.080420150800352497e-04
2.600000000000000000e+01 1.538271552303952482e-02 2.492171867462171508e-02 3.703382712489773035e-05 9.926342394158825695e-05
2.700000000000000000e+01 2.322271578491752128e-02 4.437512536794592510e-02 3.513633719218691603e-05 9.335922023711638418e-05
2.800000000000000000e+01 3.151089499323390247e-02 6.509676315791670942e-02 3.357226427558218152e-05 8.931791586401232762e-05
2.900000000000000000e+01 3.860514837749499939e-02 8.324416691003594382e-02 3.224342943421938169e-05 8.632819438389722057e-05
3.000000000000000000e+01 4.711165188752988037e-02 9.604782056064473106e-02 3.103196564745269416e-05 8.389167993853809038e-05
3.100000000000000000e+01 5.135693092552306299e-02 1.024587668814765651e-01 2.986544714879022996e-05 8.170280807499542472e-05
3.200000000000000000e+01 5.393986909037869204e-02 1.023738422808117138e-01 2.873666252948339704e-05 7.961091205062362870e-05
3.300000000000000000e+01 5.156266626241365336e-02 9.627749925969322775e-02 2.766770267670210073e-05 7.755703916971859197e-05
3.400000000000000000e+01 4.631361662544562774e-02 8.557201254414954772e-02 2.670705284553222088e-05 7.557407030734850355e-05
3.500000000000000000e+01 3.626844262891291970e-02 7.233488493909237538e-02 2.590260022043146962e-05 7.367590295618599294e-05
3.600000000000000000e+01 2.803053541651825964e-02 5.882570128308923368e-02 2.527433058881701155e-05 7.186616394414452108e-05
3.700000000000000000e+01 2.084810376689640726e-02 4.666805352146780744e-02 2.480665595993958742e-05 7.011959521793603939e-05
3.800000000000000000e+01 1.643152298817220427e-02 3.651997176675418622e-02 2.446714245834710858e-05 6.840064216361957080e-05
3.900000000000000000e+01 1.282109837338431257e-02 2.815169940751523561e-02 2.422900059018172694e-05 6.662485203342664592e-05
4.000000000000000000e+01 1.127953824096003185e-02 2.145958766819664951e-02 2.405874714290294798e-05 6.475061041861032707e-05
4.100000000000000000e+01 7.908300493698627170e-03 1.630506832644507825e-02 2.390791977992634583e-05 6.278622016156706919e-05
4.200000000000000000e+01 5.190539240158306526e-03 1.257028837981184928e-02 2.372495974502040401e-05 6.074590752390903072e-05
4.300000000000000000e+01 3.749285523069465116e-03 9.986445916900201641e-03 2.344709706452948356e-05 5.860163584930295545e-05
4.400000000000000000e+01 3.639771115227604780e-03 8.400847447271837104e-03 2.302098893941033252e-05 5.629344660653265106e-05
4.500000000000000000e+01 4.101221262187693811e-03 7.555930758600869386e-03 2.241684556585487673e-05 5.376256158684601422e-05
4.600000000000000000e+01 5.296399820059599466e-03 7.384037700350959063e-03 2.165724696629029285e-05 5.104707735820197817e-05
4.700000000000000000e+01 6.575847380881768081e-03 7.939848621509267013e-03 2.082334787068776489e-05 4.829767254911619293e-05
