# freqs 	 pli 	 dpli 	 meanpower(thalamus)	 meanpower(scalp)	pli
8.000000000000000000e+00 -3.373769268161053159e-02 -6.740243408799635738e-02 7.487095399567968457e+01 1.170348525318556057e+02
9.000000000000000000e+00 -2.247582614421610864e-02 -4.301756364049017650e-02 7.113904019774429344e+01 1.186328788013954494e+02
1.000000000000000000e+01 -1.094983202677132957e-02 -3.103938279694060109e-02 6.835694147134724119e+01 9.951708817572929888e+01
1.100000000000000000e+01 -2.615170762196854237e-03 -1.043197091190576666e-02 6.747095088241371741e+01 7.270770335117215666e+01
1.200000000000000000e+01 1.306706219915492774e-02 1.987039091649252590e-02 6.793021655141119197e+01 5.706948305971992852e+01
1.300000000000000000e+01 1.959832685542818934e-02 2.688163611590184063e-02 6.906548513048677762e+01 5.182166721574013479e+01
1.400000000000000000e+01 1.301369676945557385e-02 1.333860675913853440e-02 7.074540049980075196e+01 4.995984616061862482e+01
1.500000000000000000e+01 4.418523560803803291e-03 -9.354808353867073711e-03 7.259353527620957891e+01 4.864092465188283398e+01
1.600000000000000000e+01 -7.741112599508903104e-03 -2.871986438251956930e-02 7.410203643193884204e+01 4.752826103297672944e+01
1.700000000000000000e+01 -1.481631830675746164e-02 -3.875931595052435619e-02 7.535438325089036482e+01 4.673430188973561172e+01
1.800000000000000000e+01 -1.830937833008362825e-02 -4.376774464697918976e-02 7.679784231963627406e+01 4.593670998016124685e+01
1.900000000000000000e+01 -2.287904803949608254e-02 -4.833424156826277712e-02 7.879233075377028683e+01 4.479513670804918490e+01
2.000000000000000000e+01 -2.515830335147092520e-02 -5.036641679459079313e-02 8.151317241328793273e+01 4.328485872482543328e+01
2.100000000000000000e+01 -2.368793970901981322e-02 -4.660556104404455641e-02 8.502517056196253975e+01 4.171778532876148660e+01
2.200000000000000000e+01 -1.798140741146603966e-02 -3.458827573902311520e-02 8.985349217734999172e+01 4.043181771789045342e+01
2.300000000000000000e+01 -3.893369556236888403e-03 -4.263365232444672748e-03 9.847916242337123549e+01 3.968812422587842548e+01
2.400000000000000000e+01 2.519264381659413674e-02 5.782010027058481078e-02 1.147124655734708227e+02 3.958594139733905592e+01
2.500000000000000000e+01 6.332020517201929211e-02 1.362245599752520131e-01 1.377346466394189974e+02 3.982431430014575824e+01
2.600000000000000000e+01 9.575958096234260530e-02 1.995745637637046932e-01 1.594699345665829071e+02 3.978162739406884896e+01
2.700000000000000000e+01 1.136712754046369650e-01 2.315205746931507658e-01 1.707363078036514139e+02 3.908853897123696441e+01
2.800000000000000000e+01 1.135060014743543844e-01 2.294745352026877350e-01 1.678399632478142394e+02 3.787851086989974903e+01
2.900000000000000000e+01 9.957265963931738462e-02 1.991115746468141434e-01 1.536751457783279875e+02 3.652001873114391373e+01
3.000000000000000000e+01 7.500142053036577827e-02 1.508861495797797214e-01 1.347561777813845083e+02 3.531915171638816986e+01
3.100000000000000000e+01 4.814735846995177315e-02 9.891147526210582186e-02 1.176751978204447653e+02 3.441350137900553818e+01
3.200000000000000000e+01 2.679002016914071305e-02 5.595323256758655273e-02 1.067630256189458748e+02 3.378202889861595537e+01
3.300000000000000000e+01 1.144611530217250553e-02 2.781374089260334539e-02 1.032963228408668357e+02 3.334854606801471988e+01
3.400000000000000000e+01 4.372637600638319862e-03 1.260997894899297533e-02 1.060394169120206982e+02 3.303868707033998220e+01
3.500000000000000000e+01 1.004748010564792933e-03 5.188427811724679456e-03 1.123982804017618378e+02 3.280377528477490756e+01
3.600000000000000000e+01 -3.071170576452037491e-04 1.552324604886096398e-03 1.195267511017541864e+02 3.261165276803577484e+01
3.700000000000000000e+01 -8.117235710726590850e-04 -4.187150988336850563e-04 1.250647395155770170e+02 3.244578311641407709e+01
3.800000000000000000e+01 -1.205622005774294831e-03 -1.566656964672155563e-03 1.275312105181812257e+02 3.229783914407713752e+01
3.900000000000000000e+01 -9.057248260278321847e-04 -2.138102995681148005e-03 1.264297692811878591e+02 3.216407362568526906e+01
4.000000000000000000e+01 4.507832960341950657e-05 -2.269024284634801533e-03 1.221376008036978078e+02 3.203458476177883085e+01
4.100000000000000000e+01 1.854661707728462927e-04 -2.097048878138188261e-03 1.155471351394107131e+02 3.189135342302372678e+01
4.200000000000000000e+01 6.386373931075376559e-05 -1.777814185130230547e-03 1.077101664093968765e+02 3.169705945815216097e+01
4.300000000000000000e+01 -1.901814223624874738e-04 -1.462208365042720441e-03 9.953529260998280392e+01 3.139587967907674226e+01
4.400000000000000000e+01 -2.068517349002809856e-04 -1.233823873808258384e-03 9.163759282128908978e+01 3.091812446086887789e+01
4.500000000000000000e+01 -2.926756957798583693e-04 -1.196605654603971830e-03 8.431974201204980091e+01 3.022112030694080076e+01
4.600000000000000000e+01 -1.021783629099004293e-03 -1.445154825952911027e-03 7.770820181323432507e+01 2.932734287918840366e+01
4.700000000000000000e+01 -1.220309839165464047e-03 -2.048485266488023551e-03 7.191119804290453033e+01 2.834153964860065145e+01
