# freqs 	 pli 	 dpli 	 meanpower(thalamus)	 meanpower(scalp)	pli
8.000000000000000000e+00 2.162881895752361353e-03 -2.200276405167750707e-02 4.060867622934167542e+01 2.607464080855094721e+02
9.000000000000000000e+00 -7.023607789582698123e-04 -5.678349738004866837e-02 4.090850946283290313e+01 2.311356040316553901e+02
1.000000000000000000e+01 -3.082658099878988339e-02 -9.315204673298892180e-02 4.432251393945950468e+01 2.037775130431113553e+02
1.100000000000000000e+01 -3.879918990227872178e-02 -1.275976662344715240e-01 4.779970001277437319e+01 1.814463917150312398e+02
1.200000000000000000e+01 -5.058468035140070013e-02 -1.398740653358359898e-01 4.935540004721567442e+01 1.627454272534216670e+02
1.300000000000000000e+01 -5.354377785042065824e-02 -1.362272528706687802e-01 4.861771605201809621e+01 1.469814953030268612e+02
1.400000000000000000e+01 -4.426633229486268140e-02 -1.271802648213921916e-01 4.653777599021564271e+01 1.335417768289420053e+02
1.500000000000000000e+01 -4.302786110831158944e-02 -1.171560689445388381e-01 4.400188196995586054e+01 1.229048587304263833e+02
1.600000000000000000e+01 -4.334092498187748499e-02 -1.101633446373002784e-01 4.153221677908341292e+01 1.143946368449656603e+02
1.700000000000000000e+01 -3.838218763603071931e-02 -1.037292762031557375e-01 3.952456146861822361e+01 1.072548925894261629e+02
1.800000000000000000e+01 -4.120997125730588295e-02 -9.356212764600424503e-02 3.794924581714744960e+01 1.009495574243205454e+02
1.900000000000000000e+01 -3.589152375920025284e-02 -7.634950503498956487e-02 3.666436454929051081e+01 9.550172561648025749e+01
2.000000000000000000e+01 -2.489853603903895846e-02 -5.801736128123377578e-02 3.571159851842335087e+01 9.084552856482629579e+01
2.100000000000000000e+01 -2.125500787084355983e-02 -4.466864128773372078e-02 3.507310198704782067e+01 8.684731182491094614e+01
2.200000000000000000e+01 -2.568472358618985318e-02 -3.611248039233090623e-02 3.462523019783137102e+01 8.336114699154090601e+01
2.300000000000000000e+01 -2.635657594440848905e-02 -2.861637135962471698e-02 3.431835334479703903e+01 8.037019300240615394e+01
2.400000000000000000e+01 -2.397109808756743218e-02 -2.139784227299566452e-02 3.408124514296408591e+01 7.780359548640244327e+01
2.500000000000000000e+01 -1.863383092299497959e-02 -1.628145443467624368e-02 3.387995065451492849e+01 7.562350541243603175e+01
2.600000000000000000e+01 -1.625612779609755115e-02 -1.361713968705740782e-02 3.366070937826372500e+01 7.377922356162457618e+01
2.700000000000000000e+01 -1.400917802414408664e-02 -1.216784322497438918e-02 3.338805717780573445e+01 7.215190798771260461e+01
2.800000000000000000e+01 -6.949029832208424365e-03 -1.073718679456478649e-02 3.305134331107729651e+01 7.066232571765536363e+01
2.900000000000000000e+01 -6.489744378773570216e-03 -8.794913671978142958e-03 3.268961612099608516e+01 6.931000717276377543e+01
3.000000000000000000e+01 -6.679298206901234172e-03 -6.069780150705149195e-03 3.237182225854740381e+01 6.807479277834097786e+01
3.100000000000000000e+01 -5.331795016447124329e-03 -3.372659429757813177e-03 3.213649518470477062e+01 6.690805705636266509e+01
3.200000000000000000e+01 -3.391871380237261244e-03 -1.599257794725906590e-03 3.200770322945319180e+01 6.580623350701522156e+01
3.300000000000000000e+01 -4.798450253169117725e-03 -1.268142721428841893e-03 3.197853771445503668e+01 6.478840809006733537e+01
3.400000000000000000e+01 -5.491234574439913391e-03 -1.872971090293391655e-03 3.201839951518857674e+01 6.386624765202132181e+01
3.500000000000000000e+01 -7.114596041751389613e-03 -2.327975585071835087e-03 3.206752852087868177e+01 6.298429482766699294e+01
3.600000000000000000e+01 -7.989733837888660095e-03 -2.027471414216303926e-03 3.207062534292569467e+01 6.213699099993969099e+01
3.700000000000000000e+01 -5.669716768219099437e-03 -1.181668766039273982e-03 3.199266940889334521e+01 6.133494561576611659e+01
3.800000000000000000e+01 -3.940407161298514413e-03 -5.456399581469920839e-04 3.182204059407459340e+01 6.060371043192265716e+01
3.900000000000000000e+01 -3.755469232657137474e-03 -4.023047992050225036e-04 3.155835056819585915e+01 5.994129568721174195e+01
4.000000000000000000e+01 -5.303025495558954389e-03 -7.816075213353485072e-04 3.120945138596787416e+01 5.935788594195765455e+01
4.100000000000000000e+01 -5.008940382295188481e-03 -1.304451685167320758e-03 3.079022214709553751e+01 5.880816130897580507e+01
4.200000000000000000e+01 -6.635860711412475306e-03 -1.626687805855536522e-03 3.030000207687747604e+01 5.821401181916950662e+01
4.300000000000000000e+01 -8.388649792107374242e-03 -1.679952738053470084e-03 2.971117363827137581e+01 5.744464783908402694e+01
4.400000000000000000e+01 -8.853934911899279114e-03 -1.686965437272284259e-03 2.897979186476000990e+01 5.640975963533617943e+01
4.500000000000000000e+01 -7.583914957018845875e-03 -1.825572024097364427e-03 2.807835707480257881e+01 5.500881805782359635e+01
4.600000000000000000e+01 -7.664604108143285334e-03 -2.212721165621218521e-03 2.703501586134440515e+01 5.326081035497584537e+01
4.700000000000000000e+01 -7.076647485783332109e-03 -2.840391795955987588e-03 2.594574218702025092e+01 5.133426120947145677e+01
