# freqs 	 pli 	 dpli 	 meanpower(thalamus)	 meanpower(scalp)	pli
8.000000000000000000e+00 2.140411900319975913e-02 4.181692618798377864e-02 8.888239228853473913e-05 2.251819999320925283e-04
9.000000000000000000e+00 3.159820419520157492e-02 6.229738004762942066e-02 8.252266543289463890e-05 1.769963416117057038e-04
1.000000000000000000e+01 2.957976753911168225e-02 6.330202976807518256e-02 7.902670591245180946e-05 1.578169429259830840e-04
1.100000000000000000e+01 2.378893165344555041e-02 6.166149650495789808e-02 7.889439623968363621e-05 1.545854391392884617e-04
1.200000000000000000e+01 1.709559963620412015e-02 5.170389191892132974e-02 8.091020410268709938e-05 1.594342229873834326e-04
1.300000000000000000e+01 1.483978758221611051e-02 4.385829374631581429e-02 8.319152813386876096e-05 1.659122944508113827e-04
1.400000000000000000e+01 1.130119812542616266e-02 4.097157263891230278e-02 8.353406913806353680e-05 1.688894246542972969e-04
1.500000000000000000e+01 1.487856817028420167e-02 4.375247853687911498e-02 8.159840268925478530e-05 1.681426897061486425e-04
1.600000000000000000e+01 2.611722693817611352e-02 5.206051456198803468e-02 7.893331082384501306e-05 1.640788852604116443e-04
1.700000000000000000e+01 2.852103141476224762e-02 5.819093167068285083e-02 7.666739598560876751e-05 1.576712311675817016e-04
1.800000000000000000e+01 2.511243268168879272e-02 5.460920656511260296e-02 7.496640937597102928e-05 1.502858834504291064e-04
1.900000000000000000e+01 1.981625626623126357e-02 4.043193918452866326e-02 7.366820795453149745e-05 1.428102892615543216e-04
2.000000000000000000e+01 1.343587929957762439e-02 2.550685960316232195e-02 7.241471904551467342e-05 1.361742644693911307e-04
2.100000000000000000e+01 1.076787590397604126e-02 2.137010377011411624e-02 7.102058757240730855e-05 1.308199215663564117e-04
2.200000000000000000e+01 1.488685463069363939e-02 2.980672678275170240e-02 6.922561428108047203e-05 1.264892808636356543e-04
2.300000000000000000e+01 2.083412428116799761e-02 4.189868527289800776e-02 6.679118208564502855e-05 1.221282943337371454e-04
2.400000000000000000e+01 2.227842202730828322e-02 4.801363745788081450e-02 6.385278242223069492e-05 1.170217327633115253e-04
2.500000000000000000e+01 2.284284676295991398e-02 4.596913699553447502e-02 6.089566719263584136e-05 1.114498696238203112e-04
2.600000000000000000e+01 2.058614907715648409e-02 3.937645766470171393e-02 5.831674656528061993e-05 1.062649599857259198e-04
2.700000000000000000e+01 1.753555895930734507e-02 3.225021384744899966e-02 5.625177279771117328e-05 1.019676884016571927e-04
2.800000000000000000e+01 1.507148770212025056e-02 2.652833800777788104e-02 5.464730962895972646e-05 9.857518869468831686e-05
2.900000000000000000e+01 1.300092091154664634e-02 2.261249953056399323e-02 5.336738153904434901e-05 9.592828696647091109e-05
3.000000000000000000e+01 1.014586008858937849e-02 2.015676549230364933e-02 5.231696842889493616e-05 9.381785697554163644e-05
3.100000000000000000e+01 7.848120520800298816e-03 1.838013886596202850e-02 5.143689899109672763e-05 9.212481607257984740e-05
3.200000000000000000e+01 6.912917686933296030e-03 1.645425681289877998e-02 5.069607375234663418e-05 9.075279166664250712e-05
3.300000000000000000e+01 4.782281735061591661e-03 1.377428552176709030e-02 5.006281466535653275e-05 8.964972136915937498e-05
3.400000000000000000e+01 1.722268347799587847e-03 1.022080341871856382e-02 4.950070521387880642e-05 8.879258137527337562e-05
3.500000000000000000e+01 -1.197777117527382921e-03 6.060929558212307597e-03 4.900043958820116542e-05 8.811447208572304260e-05
3.600000000000000000e+01 -3.054731192535089634e-03 1.889295077257834932e-03 4.855474234327156668e-05 8.755689783196884610e-05
3.700000000000000000e+01 -3.717122288618077575e-03 -1.680877522324377869e-03 4.814328336156980712e-05 8.706648293241258903e-05
3.800000000000000000e+01 -3.608746885492606672e-03 -4.172443005188007648e-03 4.774651783774641769e-05 8.657308626088313361e-05
3.900000000000000000e+01 -2.593870340192659489e-03 -5.361864577227080410e-03 4.734942121875374146e-05 8.601041061441147551e-05
4.000000000000000000e+01 -1.348482812719638355e-03 -5.222282817523757857e-03 4.693753323736442844e-05 8.538163156206173682e-05
4.100000000000000000e+01 -7.979756245045901877e-05 -3.976820807255930339e-03 4.648594431361319175e-05 8.466680472111086581e-05
4.200000000000000000e+01 9.121167934972898269e-04 -2.065436029886256152e-03 4.595200099907140715e-05 8.378892099513224139e-05
4.300000000000000000e+01 2.161956131525645877e-03 -4.928640983839678997e-05 4.526525149307906228e-05 8.260142750469480228e-05
4.400000000000000000e+01 3.306343198601251112e-03 1.712566168018588410e-03 4.434566505070960154e-05 8.097524516068765237e-05
4.500000000000000000e+01 3.043684918587740654e-03 2.976600012977960973e-03 4.314301397255809262e-05 7.880030856518110125e-05
4.600000000000000000e+01 1.460553540048750145e-03 3.759650690919497194e-03 4.169507325931999682e-05 7.614243615127647580e-05
4.700000000000000000e+01 1.641253870140381042e-03 4.234879123838916105e-03 4.015444958323428383e-05 7.327471072544582543e-05
