# freqs 	 pli 	 dpli 	 meanpower(thalamus)	 meanpower(scalp)	pli
8.000000000000000000e+00 -1.219730870228764343e-02 -2.644073070998712027e-02 2.604072706904191989e-05 1.168166380607592992e-04
9.000000000000000000e+00 -2.102157422621293847e-02 -3.538025472247122161e-02 2.394229293149992749e-05 1.032503152060720207e-04
1.000000000000000000e+01 -1.943780611882734224e-02 -5.494708317980811357e-02 2.359465879723449933e-05 9.109174856476711052e-05
1.100000000000000000e+01 -3.350322386178091610e-02 -7.126669162685062009e-02 2.422721540693869555e-05 8.113723924596920605e-05
1.200000000000000000e+01 -3.102746743569093427e-02 -5.994678133515696922e-02 2.490411435128322431e-05 7.360375237883990068e-05
1.300000000000000000e+01 -5.921363357807261051e-03 3.521546627889197284e-02 2.711449055734295148e-05 6.929358877911219136e-05
1.400000000000000000e+01 2.073691228787370028e-02 1.489903273212538071e-01 2.908666053259264110e-05 6.683552580672282115e-05
1.500000000000000000e+01 2.969500692592081867e-02 1.625184424939924432e-01 2.791781979170226578e-05 6.354210491165300978e-05
1.600000000000000000e+01 2.674411615872751211e-02 1.102965195292701234e-01 2.453913899580190846e-05 5.925913776383105340e-05
1.700000000000000000e+01 1.746814055413033195e-02 6.099068228155818394e-02 2.135088677518132857e-05 5.514456155220753830e-05
1.800000000000000000e+01 1.320709867059362448e-02 3.695796357021013945e-02 1.947187212833723387e-05 5.199556718224834458e-05
1.900000000000000000e+01 9.852977216196242075e-03 2.737911900781106120e-02 1.870297224048414667e-05 4.979535558225491813e-05
2.000000000000000000e+01 4.105319762007096814e-03 2.328808232681920526e-02 1.842185140872309730e-05 4.813788483687164347e-05
2.100000000000000000e+01 5.555694586951625234e-03 2.162631709768153901e-02 1.827844106582348583e-05 4.682004633713852173e-05
2.200000000000000000e+01 5.465058915508439093e-03 1.679937298809599036e-02 1.814302792591197851e-05 4.574278908992969309e-05
2.300000000000000000e+01 3.223392123009639638e-03 6.408297366421903535e-03 1.795326110510234144e-05 4.481040975721416821e-05
2.400000000000000000e+01 -2.380540997139511152e-03 -6.032979763365199991e-03 1.774886968566177716e-05 4.397131228112311651e-05
2.500000000000000000e+01 -6.004424918794971922e-03 -1.841743006101545163e-02 1.761389355857822001e-05 4.317803578052556825e-05
2.600000000000000000e+01 -8.147676029002313969e-03 -3.242232092498089496e-02 1.759704056450446107e-05 4.239295944784555705e-05
2.700000000000000000e+01 -1.100050176383393467e-02 -4.672477575546925971e-02 1.765947401765515643e-05 4.157166093501452140e-05
2.800000000000000000e+01 -1.053256136657256328e-02 -5.425351717665481688e-02 1.772451793499210717e-05 4.068344172408793402e-05
2.900000000000000000e+01 -9.724671667999250368e-03 -4.977566901272088146e-02 1.774299318935239277e-05 3.971525061390067998e-05
3.000000000000000000e+01 -5.590363196727816432e-03 -3.488752072120984010e-02 1.771428659438662674e-05 3.873960392078842153e-05
3.100000000000000000e+01 -1.360663820484105807e-03 -1.644464030788859651e-02 1.765741289489532070e-05 3.781746042229349928e-05
3.200000000000000000e+01 3.288801459143040045e-03 -1.172960914972193082e-03 1.757371781338694933e-05 3.700308317980350383e-05
3.300000000000000000e+01 5.442414557146307841e-03 8.051877951148958892e-03 1.746254740602065184e-05 3.630821944973035211e-05
3.400000000000000000e+01 7.303281276981831577e-03 1.218479594560222326e-02 1.731984152308720429e-05 3.570321361673339252e-05
3.500000000000000000e+01 8.032549852930516085e-03 1.348495211880840899e-02 1.714730415542027494e-05 3.515448900922355879e-05
3.600000000000000000e+01 8.424786186249177619e-03 1.371029682709628064e-02 1.695797421229744593e-05 3.463969618484919486e-05
3.700000000000000000e+01 7.012416848482421958e-03 1.359439993097281280e-02 1.677074194509820776e-05 3.414588655164256970e-05
3.800000000000000000e+01 7.834848070626987057e-03 1.325926722359407547e-02 1.660278023015787440e-05 3.367756419063448102e-05
3.900000000000000000e+01 7.265794771294110943e-03 1.249038656890402547e-02 1.646372548312320669e-05 3.325385556325278688e-05
4.000000000000000000e+01 6.026912147593185658e-03 1.130298429376971024e-02 1.635621025503569632e-05 3.288395057048896396e-05
4.100000000000000000e+01 3.966562109815147293e-03 9.770684243955194553e-03 1.626823977388450114e-05 3.255796961130454965e-05
4.200000000000000000e+01 3.054857089580283094e-03 8.047781226647586494e-03 1.617343091793378801e-05 3.224094715003702642e-05
4.300000000000000000e+01 1.894182642589331469e-03 6.330031236830019857e-03 1.603153892588032157e-05 3.185821423463316553e-05
4.400000000000000000e+01 8.217286355310136426e-04 4.865213346773838987e-03 1.580171308414618462e-05 3.132497026374259395e-05
4.500000000000000000e+01 -1.111458673038142426e-03 3.773126002922861950e-03 1.545966953045636418e-05 3.058684916531846014e-05
4.600000000000000000e+01 -1.366790229065678207e-03 3.129798699487832282e-03 1.501538532458508628e-05 2.965595365220808160e-05
4.700000000000000000e+01 -1.430025208351347159e-03 2.974989889602084204e-03 1.452204979816958495e-05 2.862123163243288895e-05
