# freqs 	 pli 	 dpli 	 meanpower(thalamus)	 meanpower(scalp)	pli
8.000000000000000000e+00 -4.828582145804011239e-02 -7.602280132489025455e-02 8.239336314246841592e-05 3.002835212415986416e-04
9.000000000000000000e+00 2.034843718314764682e-02 4.800682217134125823e-02 7.479091379498901157e-05 2.988264061225418748e-04
1.000000000000000000e+01 1.213600599555297171e-02 2.664410214020149562e-02 6.841809198309944929e-05 2.741977437452120143e-04
1.100000000000000000e+01 -1.574351933672168274e-02 -4.228528782944684927e-02 6.435154457619226751e-05 2.330848948386675672e-04
1.200000000000000000e+01 -3.640060531878566707e-02 -9.387726267623414111e-02 6.200499404386932410e-05 2.044400676447482158e-04
1.300000000000000000e+01 -4.160276030780857281e-02 -1.036745686126721855e-01 6.059179607021209299e-05 1.908489647948605932e-04
1.400000000000000000e+01 -4.362101784527714493e-02 -9.634952404122953951e-02 5.987003162954657138e-05 1.828373294791265020e-04
1.500000000000000000e+01 -4.219691045155276460e-02 -8.835515126453817591e-02 6.018922527247935696e-05 1.768745458081160034e-04
1.600000000000000000e+01 -3.907804169416558698e-02 -8.068664902825642415e-02 6.250035956563857668e-05 1.724508676753861206e-04
1.700000000000000000e+01 -3.495303528356126510e-02 -7.228731232883485458e-02 6.701002035176707586e-05 1.691937052248211853e-04
1.800000000000000000e+01 -3.172812331687732690e-02 -6.415663343326212520e-02 7.150995513042940105e-05 1.665536908272694156e-04
1.900000000000000000e+01 -2.770307843841204876e-02 -5.821526215024349499e-02 7.277071694202279456e-05 1.641090329339562996e-04
2.000000000000000000e+01 -2.694749485637568456e-02 -5.585244526702502765e-02 6.998160241750511442e-05 1.614220439000454239e-04
2.100000000000000000e+01 -2.689615027754110529e-02 -5.582393388136156626e-02 6.517576691955223611e-05 1.581692925042649191e-04
2.200000000000000000e+01 -2.559130950231775989e-02 -5.538101536762408267e-02 6.072419011492603651e-05 1.541537788545294541e-04
2.300000000000000000e+01 -2.399623276728011720e-02 -5.323741544600010811e-02 5.766677900732694758e-05 1.493836814838125806e-04
2.400000000000000000e+01 -2.293251621267054091e-02 -4.987642382076715869e-02 5.588817790513676647e-05 1.440460578825812383e-04
2.500000000000000000e+01 -2.111301463797874214e-02 -4.588310494723221722e-02 5.491330394534108504e-05 1.384066457803975704e-04
2.600000000000000000e+01 -1.928628495637748491e-02 -4.097464590456784822e-02 5.436132940866639034e-05 1.327847315023699564e-04
2.700000000000000000e+01 -1.687998038351039981e-02 -3.468808423718550138e-02 5.402864815029803202e-05 1.276053370873754642e-04
2.800000000000000000e+01 -1.380313963113933076e-02 -2.740896107874008988e-02 5.381548153158966625e-05 1.230618664546247567e-04
2.900000000000000000e+01 -1.113127228376588167e-02 -2.023732635634533511e-02 5.368370436141516885e-05 1.192672497243141934e-04
3.000000000000000000e+01 -9.071319465152419617e-03 -1.425942358885905897e-02 5.362016602472489073e-05 1.161329614370020116e-04
3.100000000000000000e+01 -7.396102954194351889e-03 -9.865493369005436802e-03 5.362480900903851907e-05 1.135865404898348202e-04
3.200000000000000000e+01 -6.355892830849788414e-03 -6.885398445275299310e-03 5.369552335214769067e-05 1.114674776675257000e-04
3.300000000000000000e+01 -5.105519093312947849e-03 -4.916276821896057095e-03 5.382342995161196804e-05 1.096586660342005151e-04
3.400000000000000000e+01 -4.395095314617939244e-03 -3.679413322554857257e-03 5.399359089221252950e-05 1.081880331328894187e-04
3.500000000000000000e+01 -3.928516171666781437e-03 -3.143628902428658150e-03 5.418356274147075822e-05 1.069687244850950271e-04
3.600000000000000000e+01 -4.396361299497245252e-03 -3.270858665437785355e-03 5.436845482052719971e-05 1.060371150221848797e-04
3.700000000000000000e+01 -4.625571975011902141e-03 -3.878865749976353593e-03 5.452131276872235460e-05 1.053789643377394427e-04
3.800000000000000000e+01 -4.805310460744473960e-03 -4.661462536602407371e-03 5.461365796651636105e-05 1.050173191563601546e-04
3.900000000000000000e+01 -5.083533224375579203e-03 -5.148128492118530034e-03 5.461988455718949236e-05 1.048304919806621261e-04
4.000000000000000000e+01 -5.923211165885938941e-03 -5.069123343246956931e-03 5.452286278424297976e-05 1.048192394883600519e-04
4.100000000000000000e+01 -5.867482190565565317e-03 -4.321202788932822399e-03 5.430180480678200260e-05 1.049066763571866761e-04
4.200000000000000000e+01 -5.804249506123689006e-03 -3.006136336138573971e-03 5.391329015593916907e-05 1.049440717230635135e-04
4.300000000000000000e+01 -4.851133590678224743e-03 -1.341765202109630436e-03 5.328314340173888634e-05 1.046513236161129227e-04
4.400000000000000000e+01 -3.912727107559606579e-03 3.656103747505262832e-04 5.232734958032847966e-05 1.038610831275121443e-04
4.500000000000000000e+01 -3.270984104949132502e-03 1.933156273856429614e-03 5.099962749289671120e-05 1.023249459241122914e-04
4.600000000000000000e+01 -2.570386375262896303e-03 3.249676431345660966e-03 4.935567286917506190e-05 1.000747859563241160e-04
4.700000000000000000e+01 -1.750252173575078674e-03 4.257888041101320735e-03 4.758575646872179596e-05 9.745290677894313965e-05
