# freqs 	 pli 	 dpli 	 meanpower(thalamus)	 meanpower(scalp)	pli
8.000000000000000000e+00 -1.658538828043790436e-01 -2.958215708492083484e-01 1.280624469479905482e-04 4.798825837786747039e-04
9.000000000000000000e+00 -7.642957591086783908e-02 -1.262988886676333911e-01 9.699053288481703384e-05 3.017567358546108898e-04
1.000000000000000000e+01 -1.712769743440421821e-02 -2.605545283411915547e-02 8.316541928548920257e-05 2.245458722067563762e-04
1.100000000000000000e+01 2.016244888352175524e-02 4.042553756597129511e-02 7.758988696525615696e-05 2.043756348293912246e-04
1.200000000000000000e+01 2.467347919670657974e-02 5.662828156547036057e-02 7.433580944894733545e-05 2.006627742807886520e-04
1.300000000000000000e+01 1.552689299133589058e-02 4.019249297341022376e-02 7.184526020006208602e-05 2.035751593935940826e-04
1.400000000000000000e+01 1.049163482749762566e-02 2.488144417062541219e-02 7.012925843841956908e-05 2.055357018794770813e-04
1.500000000000000000e+01 1.939244411422664377e-02 3.097122758024304853e-02 6.922863830321652492e-05 2.014994314845330566e-04
1.600000000000000000e+01 1.568455027829684240e-02 2.824718561295446601e-02 6.898047364132580620e-05 1.936470005981790561e-04
1.700000000000000000e+01 6.489969956410058735e-03 1.706693346160266869e-02 6.876622442752064706e-05 1.849887634656555483e-04
1.800000000000000000e+01 3.985151968307430910e-03 1.689439231125378083e-02 6.813085625774890864e-05 1.768961630308026522e-04
1.900000000000000000e+01 8.095102097708516478e-03 2.638187293317070803e-02 6.723143722821278961e-05 1.699006761484625602e-04
2.000000000000000000e+01 1.122827336366920108e-02 3.233355511843014063e-02 6.643972544130508225e-05 1.639242251705246120e-04
2.100000000000000000e+01 1.448207535373161568e-02 2.858655351395237090e-02 6.592694702401593449e-05 1.576215735468089918e-04
2.200000000000000000e+01 9.402528903255193138e-03 1.862745684970686794e-02 6.559817590812047194e-05 1.502283732370297148e-04
2.300000000000000000e+01 4.601232833422806701e-03 7.720816041312987023e-03 6.525603404390067377e-05 1.417147145082972332e-04
2.400000000000000000e+01 -2.058158601285260333e-03 -2.076437165769214749e-03 6.474326626619893589e-05 1.326025153250321874e-04
2.500000000000000000e+01 -6.283718258937398202e-03 -1.058825019976086801e-02 6.401315885279547238e-05 1.234521628154989538e-04
2.600000000000000000e+01 -6.722728487878546454e-03 -1.755195478190340469e-02 6.314751614248024743e-05 1.146881298100144462e-04
2.700000000000000000e+01 -9.988294602925882823e-03 -2.182529904079453034e-02 6.223990450589067622e-05 1.066407832572548403e-04
2.800000000000000000e+01 -1.246469451464248500e-02 -2.294606021021492609e-02 6.136025203395411329e-05 9.943742267875534894e-05
2.900000000000000000e+01 -1.098762792910097305e-02 -2.103704637463086127e-02 6.056058723117484281e-05 9.314585669700096765e-05
3.000000000000000000e+01 -5.386344618919812477e-03 -1.703687946438466397e-02 5.987033032785559183e-05 8.779303814632933450e-05
3.100000000000000000e+01 -3.960975286678576103e-03 -1.200567922936050629e-02 5.929114551308017417e-05 8.337473861495099897e-05
3.200000000000000000e+01 -2.750283090431360385e-03 -6.646921046067273339e-03 5.880370638789401229e-05 7.972558406878031950e-05
3.300000000000000000e+01 1.109936768346870889e-03 -1.162553567093981997e-03 5.837839258059148454e-05 7.668307763205125692e-05
3.400000000000000000e+01 2.029505680157553133e-03 4.137571267486647893e-03 5.798298230930957234e-05 7.419239150023375882e-05
3.500000000000000000e+01 5.701388958294907779e-03 8.737419152663510047e-03 5.759143793144979586e-05 7.214337347411853762e-05
3.600000000000000000e+01 9.913414026021125092e-03 1.196418482216286480e-02 5.718959242521612000e-05 7.047243690049826814e-05
3.700000000000000000e+01 1.001249413065368431e-02 1.351829299268161345e-02 5.677453694860771708e-05 6.912190957798331717e-05
3.800000000000000000e+01 6.876659712538688886e-03 1.357328048917555430e-02 5.634949263880566342e-05 6.802435702668409366e-05
3.900000000000000000e+01 8.278175457771418458e-03 1.261930944046732797e-02 5.590915483153115754e-05 6.707784671890756141e-05
4.000000000000000000e+01 6.742407392792314907e-03 1.116537165797327688e-02 5.544590280727679449e-05 6.623685062780715880e-05
4.100000000000000000e+01 5.819905077562941530e-03 9.518465481016218435e-03 5.493821232632205325e-05 6.543056370068826171e-05
4.200000000000000000e+01 3.972887941347674756e-03 7.812956487215961393e-03 5.432940580465477314e-05 6.455893249876462116e-05
4.300000000000000000e+01 5.804880313402827237e-03 6.051950022776726203e-03 5.352928396046945228e-05 6.346670881360887324e-05
4.400000000000000000e+01 5.626699611555532540e-03 4.452983309495723956e-03 5.244334951968431240e-05 6.203576969435886527e-05
4.500000000000000000e+01 5.233238574006915216e-03 3.047763240656603794e-03 5.101742708825268566e-05 6.016544815596668001e-05
4.600000000000000000e+01 3.573667100187681925e-03 1.999326848177771995e-03 4.929842994401808571e-05 5.790387570941269688e-05
4.700000000000000000e+01 1.524765049979392778e-03 1.458000384176259042e-03 4.746574441040408065e-05 5.545986015711292059e-05
