# freqs 	 pli 	 dpli 	 meanpower(thalamus)	 meanpower(scalp)	pli
8.000000000000000000e+00 -4.943335919059918537e-02 -1.204162259370826216e-01 1.225886783274601462e-04 7.299472612428824659e-04
9.000000000000000000e+00 -1.579928051235510861e-02 -2.248039412982432220e-02 1.120493577271178227e-04 6.343517970292317969e-04
1.000000000000000000e+01 1.760350571943689177e-03 1.419651213109342398e-02 1.039121348566174135e-04 4.793807050270687434e-04
1.100000000000000000e+01 -1.456579896502397439e-03 1.014193013854175311e-02 9.908247024956557617e-05 3.552608886726615922e-04
1.200000000000000000e+01 -9.926221099647006621e-03 5.209000676090203008e-03 9.573887761606181062e-05 3.025203155841790391e-04
1.300000000000000000e+01 -1.841938764355727232e-02 -6.638582071718259446e-03 9.255270954411345052e-05 2.868824686316549344e-04
1.400000000000000000e+01 -1.680720618828706811e-02 -1.714226210082783058e-02 8.980244209503782939e-05 2.813635481901483005e-04
1.500000000000000000e+01 -1.328002261402804959e-02 -2.229979467298071408e-02 8.737830674719807944e-05 2.734045355889900284e-04
1.600000000000000000e+01 -1.089830655708824182e-02 -1.687026718997694519e-02 8.511269276942818901e-05 2.591463754260812024e-04
1.700000000000000000e+01 -4.047877003957457698e-03 -4.782983491406925768e-03 8.308881493281339823e-05 2.414861296143670755e-04
1.800000000000000000e+01 1.240098195530584804e-03 5.263460647250165110e-03 8.143159183016617344e-05 2.236673595574338873e-04
1.900000000000000000e+01 4.229481657656217024e-03 8.685754259429152163e-03 8.034720270770802234e-05 2.080372311076007221e-04
2.000000000000000000e+01 3.104758014786116339e-03 8.096181423663121116e-03 7.975354538253034953e-05 1.958415837281952943e-04
2.100000000000000000e+01 8.111033145820201315e-04 7.982158237032061995e-03 7.961214942834945085e-05 1.868232849523081382e-04
2.200000000000000000e+01 1.339593198343962544e-04 8.491421919122986786e-03 8.000387233735618559e-05 1.796698909174700913e-04
2.300000000000000000e+01 2.275345565399938038e-03 8.239109707566538016e-03 8.132880606485411038e-05 1.732491931459286070e-04
2.400000000000000000e+01 2.124082367761054042e-03 8.157056824783435328e-03 8.441903298660885253e-05 1.670541158600334034e-04
2.500000000000000000e+01 4.796305670985950126e-04 8.895896016557129291e-03 9.067902383908614506e-05 1.612572539466566087e-04
2.600000000000000000e+01 2.932473484592707218e-03 8.288356321982142533e-03 1.024141090074956559e-04 1.560577210883073648e-04
2.700000000000000000e+01 6.744515122260866984e-04 4.820302309896110776e-03 1.219449690810310214e-04 1.517605441400743859e-04
2.800000000000000000e+01 -2.079884644009893317e-04 1.012032794357968214e-04 1.487342401414433273e-04 1.482392565073799404e-04
2.900000000000000000e+01 -1.048685078980425654e-03 -3.654027738325022010e-03 1.775745718732367581e-04 1.455684819110522415e-04
3.000000000000000000e+01 2.650448217665401889e-03 -5.505137082383333019e-03 2.008014439678476647e-04 1.436651775474463233e-04
3.100000000000000000e+01 2.094739623209143989e-03 -5.620365119736471168e-03 2.125043421838365199e-04 1.426557409376409354e-04
3.200000000000000000e+01 4.797798014627320117e-04 -4.706458015414810223e-03 2.108798679255678124e-04 1.423889738521554580e-04
3.300000000000000000e+01 3.017644362177268960e-03 -3.683462240538469545e-03 1.980281923346853101e-04 1.426932804537673033e-04
3.400000000000000000e+01 -1.602556117252986606e-03 -3.057517625688457256e-03 1.782381261049203666e-04 1.436740683660407681e-04
3.500000000000000000e+01 -1.642231612843705869e-04 -3.311167570877229446e-03 1.559871265055346812e-04 1.450013103621614703e-04
3.600000000000000000e+01 1.898554636395819936e-03 -4.231662397845642465e-03 1.348076095257220216e-04 1.466934017326407920e-04
3.700000000000000000e+01 1.356960896311998734e-03 -5.467833315897756806e-03 1.167987127638962466e-04 1.486590381883030659e-04
3.800000000000000000e+01 -4.427587598794379721e-03 -6.649785995694208578e-03 1.027281344921810873e-04 1.509560605762362974e-04
3.900000000000000000e+01 -4.802691850027019684e-03 -7.520311200272190334e-03 9.238483638293154250e-05 1.532187094300960174e-04
4.000000000000000000e+01 -3.967886249876572888e-03 -7.891232203436288409e-03 8.508630419676612951e-05 1.554408443370755869e-04
4.100000000000000000e+01 -3.277146633443886199e-03 -7.729618966138636707e-03 8.000495097156270163e-05 1.574148361728988871e-04
4.200000000000000000e+01 -4.501611126849538666e-03 -7.109812962709087004e-03 7.636396296294855777e-05 1.588485474150653251e-04
4.300000000000000000e+01 1.081659210691762003e-03 -6.234605754542537660e-03 7.350611989922123174e-05 1.592020055855538545e-04
4.400000000000000000e+01 7.658661946661674382e-04 -5.278336892026888778e-03 7.094501379199340512e-05 1.584086524201058332e-04
4.500000000000000000e+01 -6.681091378370712479e-04 -4.362912794631133503e-03 6.835918556995660496e-05 1.561651650073120877e-04
4.600000000000000000e+01 -3.085774887027149110e-03 -3.463820179514872418e-03 6.564434574320023410e-05 1.527108046242111651e-04
4.700000000000000000e+01 -5.124809909773518808e-03 -2.453488202583214723e-03 6.292980210393304388e-05 1.487437774409056611e-04
