# freqs 	 pli 	 dpli 	 meanpower(thalamus)	 meanpower(scalp)	pli
8.000000000000000000e+00 5.942642583264876044e-02 1.327968845646103069e-01 3.409343113096681741e-05 2.111316216256084184e-04
9.000000000000000000e+00 2.455882222399758535e-02 4.532243402949220901e-02 3.193667458685363586e-05 1.649799613975163324e-04
1.000000000000000000e+01 -3.301893672856801715e-03 -1.026812848488988655e-02 3.223334650970229389e-05 1.344448088395328424e-04
1.100000000000000000e+01 -1.209074558399331895e-02 -7.648623081118795936e-03 3.448112282603869129e-05 1.171094453072473005e-04
1.200000000000000000e+01 1.379536416096617231e-03 4.936348700305057124e-02 3.683482243797326803e-05 1.100177379708515153e-04
1.300000000000000000e+01 3.062425408838216623e-02 1.498218358648703563e-01 3.734016459959405763e-05 1.110656395993186253e-04
1.400000000000000000e+01 5.373442637233848129e-02 2.039428619000659693e-01 3.484646748122291970e-05 1.124791444064158260e-04
1.500000000000000000e+01 5.465801362611429765e-02 1.832773488064994016e-01 3.019311944653395627e-05 1.054638419023956342e-04
1.600000000000000000e+01 4.291162746134179889e-02 1.221626666856055754e-01 2.566618212472143994e-05 9.241905882149428991e-05
1.700000000000000000e+01 2.355224791731784853e-02 6.338804474149005441e-02 2.260115293892997937e-05 7.988596766945122633e-05
1.800000000000000000e+01 1.233713697681568591e-02 2.930688213802640218e-02 2.088968800403810566e-05 7.102152564262915124e-05
1.900000000000000000e+01 5.461376860656555997e-03 1.375810231942918571e-02 1.991829809227013470e-05 6.547868679757952708e-05
2.000000000000000000e+01 1.757583194896488333e-03 5.907199549272368171e-03 1.925325177491374329e-05 6.184085543145821694e-05
2.100000000000000000e+01 -1.869227661127515904e-04 1.346062560543901526e-03 1.870635764229957822e-05 5.916534121978742441e-05
2.200000000000000000e+01 1.517219341416994926e-04 -3.032844001784115858e-04 1.822419384152040427e-05 5.707115144971471748e-05
2.300000000000000000e+01 1.525314791711376849e-03 1.390627706920679729e-03 1.779900663270706212e-05 5.538946060796856992e-05
2.400000000000000000e+01 9.318573590668624172e-04 5.697994218737702926e-03 1.745903714753406212e-05 5.401759363207801843e-05
2.500000000000000000e+01 2.209197450473150085e-03 1.111372228711834421e-02 1.721935417451441564e-05 5.288518791180123776e-05
2.600000000000000000e+01 4.479183422780515754e-03 1.645067259300133852e-02 1.703683599765810406e-05 5.186321838791997261e-05
2.700000000000000000e+01 6.700403800379570521e-03 2.070127038429415631e-02 1.685484750681744284e-05 5.083597100726834888e-05
2.800000000000000000e+01 8.845480141971983831e-03 2.292615410506599824e-02 1.664475362984657608e-05 4.974950057498020353e-05
2.900000000000000000e+01 1.085220572871385160e-02 2.277377061959880156e-02 1.640947943539319885e-05 4.860905770029543709e-05
3.000000000000000000e+01 1.111430099232090830e-02 2.068472901352479479e-02 1.617473342899027134e-05 4.744095934884094088e-05
3.100000000000000000e+01 9.205729868000507576e-03 1.745229442554315641e-02 1.596611731894567146e-05 4.628883843532469601e-05
3.200000000000000000e+01 7.703098745296114991e-03 1.382076064251672176e-02 1.579942094684430237e-05 4.520589072986217453e-05
3.300000000000000000e+01 6.354104286305392764e-03 1.028900345144339971e-02 1.567756885918911307e-05 4.423503904918881516e-05
3.400000000000000000e+01 5.863945158654980394e-03 7.253338077588566447e-03 1.559359184923023674e-05 4.339261976394720818e-05
3.500000000000000000e+01 3.870462041537813848e-03 5.068702259850749875e-03 1.553639088524091130e-05 4.265278457900790641e-05
3.600000000000000000e+01 2.635100916118994930e-03 3.852435439565109112e-03 1.549609212525719296e-05 4.199234677885487258e-05
3.700000000000000000e+01 2.399476981876050297e-03 3.399133984975967904e-03 1.546298603937439352e-05 4.140049414918561046e-05
3.800000000000000000e+01 1.975626823369697367e-03 3.272310821800232094e-03 1.543416639386181190e-05 4.087927001933570697e-05
3.900000000000000000e+01 1.930716666417455580e-03 3.092862469008310963e-03 1.540918129056984088e-05 4.042038660218727773e-05
4.000000000000000000e+01 1.745424073505819030e-03 2.676406765050432825e-03 1.538652337690479813e-05 4.001006630470295070e-05
4.100000000000000000e+01 1.353621059390328974e-03 2.105273303626375297e-03 1.535692309806916788e-05 3.962424246396046803e-05
4.200000000000000000e+01 1.246821880192812686e-03 1.590815693662013877e-03 1.530202933154259658e-05 3.921320774352396769e-05
4.300000000000000000e+01 1.696333979104431818e-03 1.318303424778987862e-03 1.519176047833697084e-05 3.869966591555619396e-05
4.400000000000000000e+01 2.219583881789387834e-03 1.359767108109624558e-03 1.499198212290519440e-05 3.800551709524288546e-05
4.500000000000000000e+01 2.591812336895511250e-03 1.692803522338285575e-03 1.468285131882009504e-05 3.707838439640426714e-05
4.600000000000000000e+01 2.406729220732128135e-03 2.241487892701601349e-03 1.427651192138440469e-05 3.593982068405113565e-05
4.700000000000000000e+01 2.793601953717633236e-03 2.918601353769157032e-03 1.382691025455702819e-05 3.471133071709049314e-05
