# freqs 	 pli 	 dpli 	 meanpower(thalamus)	 meanpower(scalp)	pli
8.000000000000000000e+00 -6.138486689770544791e-02 -1.185051379153202050e-01 7.019159046150983272e+01 6.061744210821345860e+02
9.000000000000000000e+00 -8.352980506117507905e-05 -6.361521823225473223e-03 6.624149831165237856e+01 5.508514007853497105e+02
1.000000000000000000e+01 -1.475861734244942811e-02 -3.863731896613228217e-02 6.209257690942387597e+01 4.640055848152454701e+02
1.100000000000000000e+01 -1.580401016401997843e-02 -4.649748608712309800e-02 5.952447439387820793e+01 3.503034970491795548e+02
1.200000000000000000e+01 -2.121097561678987609e-02 -5.770865800903308279e-02 5.806689799704987109e+01 2.744300897851142622e+02
1.300000000000000000e+01 -3.309518619402333772e-02 -7.524553648611759238e-02 5.704597556658234936e+01 2.459151863251504722e+02
1.400000000000000000e+01 -4.293101695907092924e-02 -9.963116831265242390e-02 5.639242438991311701e+01 2.353084094985960348e+02
1.500000000000000000e+01 -4.597629560187852654e-02 -1.150362357547582287e-01 5.597067061030764989e+01 2.274246531665098132e+02
1.600000000000000000e+01 -4.421226369610532780e-02 -1.119124621321181401e-01 5.578724206619421011e+01 2.190627185424991410e+02
1.700000000000000000e+01 -3.696820496510740822e-02 -9.708048239224224829e-02 5.595357666827592880e+01 2.116130964146186386e+02
1.800000000000000000e+01 -3.475828381834698833e-02 -8.559877237672203210e-02 5.673558255896222136e+01 2.052913539749099243e+02
1.900000000000000000e+01 -3.500789550718841348e-02 -8.416013523253472461e-02 5.838100889607803623e+01 1.989341267145572658e+02
2.000000000000000000e+01 -3.631764710128498191e-02 -8.531026915461942250e-02 6.092379910844921653e+01 1.919303566926673454e+02
2.100000000000000000e+01 -3.330799159104531199e-02 -7.514966400915663869e-02 6.494170300761064141e+01 1.848333704894904201e+02
2.200000000000000000e+01 -1.416905520726226796e-02 -3.159017778255047981e-02 7.552232694572920479e+01 1.791873721321558435e+02
2.300000000000000000e+01 2.059310432109984559e-02 4.302096319469129321e-02 1.047258004160291307e+02 1.775900580433837774e+02
2.400000000000000000e+01 4.821841924888205233e-02 1.068491867101458159e-01 1.564646612642686421e+02 1.823421729571072376e+02
2.500000000000000000e+01 6.126513325836879797e-02 1.400347394643793320e-01 2.149402857666502200e+02 1.909893712580158649e+02
2.600000000000000000e+01 6.022104866824665864e-02 1.455061696631997636e-01 2.589707450048666715e+02 1.965837144941284009e+02
2.700000000000000000e+01 5.093523180975045861e-02 1.320757297953999987e-01 2.776313883304690080e+02 1.939680897300580398e+02
2.800000000000000000e+01 3.707932453661566541e-02 1.068102495282711173e-01 2.725452285302988003e+02 1.832688845906480708e+02
2.900000000000000000e+01 2.241436049533497218e-02 7.561862284431036807e-02 2.511918373597743823e+02 1.685620480237019763e+02
3.000000000000000000e+01 1.072013419380302493e-02 4.466254259452527575e-02 2.209282382466682009e+02 1.543559744657174235e+02
3.100000000000000000e+01 3.998217969563601371e-03 1.980292524636121862e-02 1.873628749847150345e+02 1.434299704991960880e+02
3.200000000000000000e+01 -2.008490350759737427e-04 4.009805626674280143e-03 1.549240047387337427e+02 1.362786639424886630e+02
3.300000000000000000e+01 -3.174979766055113523e-03 -3.415294729195387374e-03 1.268481811124222958e+02 1.321488512887750346e+02
3.400000000000000000e+01 -3.457936572117615865e-03 -5.476260220898098580e-03 1.048325337164423843e+02 1.300614250162036853e+02
3.500000000000000000e+01 -2.702497995185321189e-03 -4.988308160603758049e-03 8.905921422564058787e+01 1.291079520058282242e+02
3.600000000000000000e+01 -1.996056533210594994e-03 -3.714341311589517119e-03 7.860782037098942965e+01 1.287477392395570917e+02
3.700000000000000000e+01 -7.020486745445556672e-04 -2.374760093891363066e-03 7.209080708334889209e+01 1.286471536796681789e+02
3.800000000000000000e+01 3.942490223291413021e-04 -1.267707534958187419e-03 6.813893694945386414e+01 1.286546809053525919e+02
3.900000000000000000e+01 1.028833356877848501e-03 -4.048946699836985554e-04 6.564938257810622702e+01 1.285909666701669778e+02
4.000000000000000000e+01 1.208355124653568216e-03 7.286649141826865704e-05 6.384773493434302338e+01 1.284504036911636433e+02
4.100000000000000000e+01 5.190257999975299167e-04 1.015798333976354324e-04 6.224950250682354636e+01 1.281738389064992134e+02
4.200000000000000000e+01 -2.153036343777485961e-04 -3.742716678369680948e-04 6.057885099520500205e+01 1.276295061854572168e+02
4.300000000000000000e+01 -1.222314333750840502e-03 -1.383075864351480683e-03 5.869544612680494566e+01 1.265593454444545927e+02
4.400000000000000000e+01 -2.302908113843173381e-03 -2.992809168897088076e-03 5.654061545770904473e+01 1.248142454665329382e+02
4.500000000000000000e+01 -3.472545937241054790e-03 -5.323278974386196592e-03 5.414442727180851733e+01 1.222021113905152134e+02
4.600000000000000000e+01 -5.248943817564780470e-03 -8.602022601720446873e-03 5.165424951252288821e+01 1.188504522155281222e+02
4.700000000000000000e+01 -6.983258393723531209e-03 -1.305959929816097320e-02 4.934563615119928670e+01 1.152306496979017822e+02
