# freqs 	 pli 	 dpli 	 meanpower(thalamus)	 meanpower(scalp)	pli
8.000000000000000000e+00 -5.163023695992428712e-03 1.056234842323913910e-02 4.354730727970442948e-05 1.603744592337838872e-04
9.000000000000000000e+00 9.549197248422807219e-03 3.445326606363090932e-02 4.418175922770882833e-05 1.340526297465797904e-04
1.000000000000000000e+01 5.784139345742386751e-03 -2.713667995628617907e-02 5.338766281288028051e-05 1.219113303212078107e-04
1.100000000000000000e+01 -3.434861816935181385e-03 -1.197549713656075321e-01 6.373482941644857767e-05 1.199472911516453230e-04
1.200000000000000000e+01 -1.707593165550855274e-02 -1.371761514159103301e-01 6.019512109836159240e-05 1.224980515981480007e-04
1.300000000000000000e+01 -3.588966976555155175e-02 -1.695931179701545832e-01 4.916176782281589977e-05 1.307370993897072581e-04
1.400000000000000000e+01 -5.129512341531494019e-02 -2.187371179150989220e-01 4.057982286964745386e-05 1.357515956099610997e-04
1.500000000000000000e+01 -4.709186463544866308e-02 -2.089355718390918937e-01 3.596576652534942486e-05 1.277037021268781838e-04
1.600000000000000000e+01 -3.012497455867658644e-02 -1.433581942523755592e-01 3.354209422948976248e-05 1.106277991538380176e-04
1.700000000000000000e+01 -1.022495811194250488e-02 -6.438488898835093011e-02 3.217436843161818852e-05 9.390512051410176628e-05
1.800000000000000000e+01 3.646123071186597661e-03 -2.777628408130500617e-03 3.142145814276080560e-05 8.232131268926342520e-05
1.900000000000000000e+01 1.732931337193820143e-02 3.649153393793123229e-02 3.116216758206879085e-05 7.556287086810750556e-05
2.000000000000000000e+01 2.421620739528046462e-02 5.804947027421417105e-02 3.145500128865717218e-05 7.138034359534599328e-05
2.100000000000000000e+01 2.757793719916626363e-02 6.625927299515844970e-02 3.211773058734947232e-05 6.802549742407863883e-05
2.200000000000000000e+01 2.897963317581265727e-02 6.722884175880683433e-02 3.262974210918833913e-05 6.477053766925128958e-05
2.300000000000000000e+01 3.132839119131222011e-02 6.612852260115723024e-02 3.258134273014222517e-05 6.162032576279606133e-05
2.400000000000000000e+01 3.015516608302131960e-02 6.472653559337442075e-02 3.195073303751766675e-05 5.881791189023224573e-05
2.500000000000000000e+01 3.003512701362549484e-02 6.247921779885481919e-02 3.103142660777254017e-05 5.649579782590134601e-05
2.600000000000000000e+01 2.862613227014261172e-02 5.874774811981180178e-02 3.015064261438084423e-05 5.461625134070841866e-05
2.700000000000000000e+01 2.654156980481848713e-02 5.426992380313678394e-02 2.948915510893151249e-05 5.305258926582209078e-05
2.800000000000000000e+01 2.557840088686353167e-02 5.066001855321937419e-02 2.909386238813010231e-05 5.167687192547186465e-05
2.900000000000000000e+01 2.560382430503771456e-02 4.857658331106418786e-02 2.892962212836357934e-05 5.041154819347991772e-05
3.000000000000000000e+01 2.484245381594147803e-02 4.716004364542531607e-02 2.892837824478441619e-05 4.923967255258340927e-05
3.100000000000000000e+01 2.206466526306152809e-02 4.538669042747828924e-02 2.902864784387137689e-05 4.815760688711474716e-05
3.200000000000000000e+01 2.005451833912072490e-02 4.310197418710533940e-02 2.918395151712808812e-05 4.717013503026146496e-05
3.300000000000000000e+01 1.976688749074898346e-02 4.074316693114780202e-02 2.935982095118486830e-05 4.627669011679203637e-05
3.400000000000000000e+01 1.895041298912540986e-02 3.875434274574079269e-02 2.953325870167902291e-05 4.546270041047670052e-05
3.500000000000000000e+01 1.818721837656270615e-02 3.722704725217339250e-02 2.969447729331268872e-05 4.471226884758491588e-05
3.600000000000000000e+01 1.764519714352997051e-02 3.603944949147552812e-02 2.984293858106086382e-05 4.401982317450645743e-05
3.700000000000000000e+01 1.749189915583242161e-02 3.493778011044671589e-02 2.998431011915472769e-05 4.338468093639793538e-05
3.800000000000000000e+01 1.632028983524130492e-02 3.364316002894929963e-02 3.012719844434261468e-05 4.280414935512643010e-05
3.900000000000000000e+01 1.502099025103208196e-02 3.188752693583290360e-02 3.027418320160232441e-05 4.227147060256981426e-05
4.000000000000000000e+01 1.471538535350809355e-02 2.954725359843058188e-02 3.042039060967550483e-05 4.177772322305196536e-05
4.100000000000000000e+01 1.435267180751014990e-02 2.673153774823836676e-02 3.054772787490384755e-05 4.129668565500422146e-05
4.200000000000000000e+01 1.368046168185281346e-02 2.379266272949029024e-02 3.061856829770617973e-05 4.077868296746719573e-05
4.300000000000000000e+01 1.202324599159549506e-02 2.112906916928265766e-02 3.056682251909373371e-05 4.014590808832974077e-05
4.400000000000000000e+01 1.114742917742858781e-02 1.910171909221026684e-02 3.031947104666747402e-05 3.931563226129120670e-05
4.500000000000000000e+01 1.079727792662887008e-02 1.786647039949938037e-02 2.983447004467935996e-05 3.823481120733790255e-05
4.600000000000000000e+01 9.837399653353055828e-03 1.744759807965918716e-02 2.914291314992811544e-05 3.693141985726773661e-05
4.700000000000000000e+01 1.004505617457661371e-02 1.777623200043544280e-02 2.836408760454298578e-05 3.553370929919914839e-05
