# freqs 	 pli 	 dpli 	 meanpower(thalamus)	 meanpower(scalp)	pli
8.000000000000000000e+00 -1.101138373676191218e-01 -2.515144717283933073e-01 3.965105842609619954e-05 3.432932705308208298e-04
9.000000000000000000e+00 -1.037838777925105399e-01 -2.502462125702404894e-01 3.854159172608285534e-05 3.845150681651280972e-04
1.000000000000000000e+01 -9.241290692630897696e-02 -2.082634782194472678e-01 3.589910447364459581e-05 3.756941051319868680e-04
1.100000000000000000e+01 -6.981375947910878343e-02 -1.427840570833986411e-01 3.433603358177905870e-05 3.068028820946426169e-04
1.200000000000000000e+01 -4.467929591210745288e-02 -8.118569529168968846e-02 3.375649014617547125e-05 2.481288659689943410e-04
1.300000000000000000e+01 -3.188428125604688551e-02 -5.020286569324417664e-02 3.361487998209193551e-05 2.208507916581223046e-04
1.400000000000000000e+01 -2.961971161186052054e-02 -4.696349336385024359e-02 3.361637278341818671e-05 2.082142683063873572e-04
1.500000000000000000e+01 -3.451350196177323942e-02 -5.990875928161138592e-02 3.360915108822312589e-05 2.003148099859499960e-04
1.600000000000000000e+01 -4.068072322528692997e-02 -7.592658482994074642e-02 3.356112276764108420e-05 1.946124190257476254e-04
1.700000000000000000e+01 -4.524861918911953634e-02 -8.437256082661116763e-02 3.350825796794926003e-05 1.905425079473983417e-04
1.800000000000000000e+01 -4.404705523927195110e-02 -8.234112243877855786e-02 3.351481030725558450e-05 1.873063509580228552e-04
1.900000000000000000e+01 -4.122287726980984612e-02 -7.384942485792229949e-02 3.361128074176463431e-05 1.838679013309016993e-04
2.000000000000000000e+01 -3.637147787751114636e-02 -6.349971670736832829e-02 3.377379558883889188e-05 1.794862326204780514e-04
2.100000000000000000e+01 -3.275324464278783765e-02 -5.531944499062148302e-02 3.396054031819446974e-05 1.741173171761348573e-04
2.200000000000000000e+01 -3.051769151857312151e-02 -5.101716847546929057e-02 3.412868126860607929e-05 1.683079288295124350e-04
2.300000000000000000e+01 -2.951395500514806050e-02 -4.934753804040182407e-02 3.424764601309008752e-05 1.624772408441078236e-04
2.400000000000000000e+01 -2.900353813331584332e-02 -4.842968266929795901e-02 3.429683845730499461e-05 1.565606895684908009e-04
2.500000000000000000e+01 -2.871091338714612529e-02 -4.711341019337925151e-02 3.428011278223343277e-05 1.504916613733510162e-04
2.600000000000000000e+01 -2.744244596062915542e-02 -4.451758153198918239e-02 3.421691522639379589e-05 1.444859772873681068e-04
2.700000000000000000e+01 -2.561615929762143737e-02 -4.007114156945069949e-02 3.413158062756588621e-05 1.390576181668360452e-04
2.800000000000000000e+01 -2.393864187663876514e-02 -3.426881088567769462e-02 3.404014972066887263e-05 1.344514433041053424e-04
2.900000000000000000e+01 -2.150717333502559503e-02 -2.847799512997379115e-02 3.394775231569923117e-05 1.308171266768439053e-04
3.000000000000000000e+01 -1.899039371360491946e-02 -2.384694913159839114e-02 3.385547661998820760e-05 1.280118000795160986e-04
3.100000000000000000e+01 -1.762868124865786534e-02 -2.065878658691326988e-02 3.376434845829117673e-05 1.259812119992832530e-04
3.200000000000000000e+01 -1.636907659131689452e-02 -1.854897674392026047e-02 3.367757216825795278e-05 1.245231244119044442e-04
3.300000000000000000e+01 -1.539990147111074473e-02 -1.701342879855931647e-02 3.359849209896543734e-05 1.234370279728395708e-04
3.400000000000000000e+01 -1.452083518012527684e-02 -1.570544173303751317e-02 3.353366016287543457e-05 1.227502209770765915e-04
3.500000000000000000e+01 -1.371810423528552203e-02 -1.450511698123228832e-02 3.348033260584279511e-05 1.222316114841362370e-04
3.600000000000000000e+01 -1.300602480725320496e-02 -1.337669370773945411e-02 3.343306692927358224e-05 1.218808695314516348e-04
3.700000000000000000e+01 -1.255824789539780259e-02 -1.233145165625046218e-02 3.338480826173206379e-05 1.216629554854594856e-04
3.800000000000000000e+01 -1.201698626523018190e-02 -1.132150811116444666e-02 3.332856137698806412e-05 1.216265983997683124e-04
3.900000000000000000e+01 -1.210531745299740780e-02 -1.044845619333566698e-02 3.325730071975069291e-05 1.215709283187602720e-04
4.000000000000000000e+01 -1.188482031223835229e-02 -9.669243156553319896e-03 3.316598617814366887e-05 1.215374242141092058e-04
4.100000000000000000e+01 -1.193247845479348049e-02 -8.993394540491514433e-03 3.304067080179262097e-05 1.214571536114470753e-04
4.200000000000000000e+01 -1.143411405740891659e-02 -8.435550991932029563e-03 3.284940188582219123e-05 1.211816370542290075e-04
4.300000000000000000e+01 -1.129790111951706894e-02 -8.060588250883822872e-03 3.253652953069116816e-05 1.203707508105387558e-04
4.400000000000000000e+01 -1.104399693461044843e-02 -7.704134332514839083e-03 3.203832748312028652e-05 1.189219732505400777e-04
4.500000000000000000e+01 -1.096466083254686065e-02 -7.387434393605991564e-03 3.131636471884459248e-05 1.165581991791487919e-04
4.600000000000000000e+01 -1.087713244946574009e-02 -7.039640859624198867e-03 3.040062474030806028e-05 1.133577371862386403e-04
4.700000000000000000e+01 -1.086592426140970020e-02 -6.566501363744660889e-03 2.940873314118242380e-05 1.097444398395890379e-04
