# freqs 	 pli 	 dpli 	 meanpower(thalamus)	 meanpower(scalp)	pli
8.000000000000000000e+00 -4.499645106104174785e-02 -7.694080154790750026e-02 4.354730727970442948e-05 1.273394358305905520e-04
9.000000000000000000e+00 -3.066287083946426031e-02 -5.388213539321976692e-02 4.418175922770882833e-05 1.117485394055522626e-04
1.000000000000000000e+01 -3.051539553692321494e-02 -3.382157691082602474e-02 5.338766281288028051e-05 1.046937779897210623e-04
1.100000000000000000e+01 -3.501783540429277697e-02 -3.561741100270879312e-02 6.373482941644857767e-05 1.023759226343459527e-04
1.200000000000000000e+01 -4.963758939480467092e-02 -7.321639625399951889e-02 6.019512109836159240e-05 1.009769883427892730e-04
1.300000000000000000e+01 -6.779645993499225365e-02 -1.537996277013723156e-01 4.916176782281589977e-05 1.034153654120878479e-04
1.400000000000000000e+01 -7.828224050178435311e-02 -2.245356648198129912e-01 4.057982286964745386e-05 1.050800802918063019e-04
1.500000000000000000e+01 -7.607874784380409816e-02 -2.252243093321578404e-01 3.596576652534942486e-05 9.930334340702262055e-05
1.600000000000000000e+01 -6.351641734954222018e-02 -1.779348096545935176e-01 3.354209422948976248e-05 8.775848603315241400e-05
1.700000000000000000e+01 -4.858826471934954427e-02 -1.241803174212787464e-01 3.217436843161818852e-05 7.591570643746460448e-05
1.800000000000000000e+01 -3.327564679130446540e-02 -8.049396271943924652e-02 3.142145814276080560e-05 6.706044725965461717e-05
1.900000000000000000e+01 -2.247311876488491608e-02 -4.965373325596889043e-02 3.116216758206879085e-05 6.133726212296852559e-05
2.000000000000000000e+01 -1.559172038719009758e-02 -2.937620917717606583e-02 3.145500128865717218e-05 5.760528392861782144e-05
2.100000000000000000e+01 -9.082383101249287896e-03 -1.573943142491870603e-02 3.211773058734947232e-05 5.484528531096905836e-05
2.200000000000000000e+01 -5.312635232807593963e-03 -7.138611035803464795e-03 3.262974210918833913e-05 5.254889252867100524e-05
2.300000000000000000e+01 -3.900949509708977626e-03 -3.613626554155317111e-03 3.258134273014222517e-05 5.054757298905717777e-05
2.400000000000000000e+01 -2.818213491175826976e-03 -4.011040306744199056e-03 3.195073303751766675e-05 4.884220362641162829e-05
2.500000000000000000e+01 -3.032749222565787363e-03 -6.070984669535609002e-03 3.103142660777254017e-05 4.743374384681155707e-05
2.600000000000000000e+01 -4.328474415064555332e-03 -8.304168391113512029e-03 3.015064261438084423e-05 4.629763722856989255e-05
2.700000000000000000e+01 -5.063626150962768219e-03 -1.051759344905746872e-02 2.948915510893151249e-05 4.535783052183697161e-05
2.800000000000000000e+01 -6.254174532475821613e-03 -1.275957944357921162e-02 2.909386238813010231e-05 4.450869713048405136e-05
2.900000000000000000e+01 -6.600889200458899021e-03 -1.456393508069702553e-02 2.892962212836357934e-05 4.366737282419096041e-05
3.000000000000000000e+01 -6.437314471508471560e-03 -1.535015627892987421e-02 2.892837824478441619e-05 4.282161909321015715e-05
3.100000000000000000e+01 -5.859235401015165483e-03 -1.497869841761364194e-02 2.902864784387137689e-05 4.199710081753341021e-05
3.200000000000000000e+01 -4.527689355381505146e-03 -1.364276101958236849e-02 2.918395151712808812e-05 4.123392720840271129e-05
3.300000000000000000e+01 -3.418703390908139558e-03 -1.166275620844092926e-02 2.935982095118486830e-05 4.056095689462602745e-05
3.400000000000000000e+01 -2.403094713435408990e-03 -9.447415017097877607e-03 2.953325870167902291e-05 3.998380560835420965e-05
3.500000000000000000e+01 -3.112799755341177053e-03 -7.376642870883834760e-03 2.969447729331268872e-05 3.949552534752303907e-05
3.600000000000000000e+01 -3.020487567815664364e-03 -5.789874566446679902e-03 2.984293858106086382e-05 3.909068739365953064e-05
3.700000000000000000e+01 -2.430440726417563545e-03 -4.857120771242012455e-03 2.998431011915472769e-05 3.875437715861757156e-05
3.800000000000000000e+01 -1.686819210807039568e-03 -4.585286136575075951e-03 3.012719844434261468e-05 3.846765953801198270e-05
3.900000000000000000e+01 -2.345870005514181459e-03 -4.834106857738871589e-03 3.027418320160232441e-05 3.821473652544165955e-05
4.000000000000000000e+01 -2.925535104921945639e-03 -5.456517989325659727e-03 3.042039060967550483e-05 3.798091178138545874e-05
4.100000000000000000e+01 -3.280412591762069813e-03 -6.300276856003112630e-03 3.054772787490384755e-05 3.774471810768865239e-05
4.200000000000000000e+01 -3.364275271696052713e-03 -7.251289196475457603e-03 3.061856829770617973e-05 3.746119554973204610e-05
4.300000000000000000e+01 -3.591008761656631128e-03 -8.232065996380653547e-03 3.056682251909373371e-05 3.705556229745406524e-05
4.400000000000000000e+01 -4.416813984360435513e-03 -9.228757053554336939e-03 3.031947104666747402e-05 3.644866925098386916e-05
4.500000000000000000e+01 -3.934202758606993554e-03 -1.019627067792375739e-02 2.983447004467935996e-05 3.558660718293450682e-05
4.600000000000000000e+01 -3.811542758743168783e-03 -1.108103655344814739e-02 2.914291314992811544e-05 3.449462123312248550e-05
4.700000000000000000e+01 -3.907316116466080791e-03 -1.180393347837915309e-02 2.836408760454298578e-05 3.329633337471073196e-05
