# freqs 	 pli 	 dpli 	 meanpower(thalamus)	 meanpower(scalp)	pli
8.000000000000000000e+00 1.003392066281780237e-02 1.602415577523370882e-02 5.242992262112275951e-05 2.002520593286439600e-04
9.000000000000000000e+00 1.493250911283501049e-02 2.463524648150045709e-02 4.468660855854436940e-05 1.812056102095664265e-04
1.000000000000000000e+01 7.579668145545771091e-03 -1.162884156342386182e-03 4.385585844736585834e-05 1.604893829910309668e-04
1.100000000000000000e+01 5.501463482764555601e-03 -6.903456005346449501e-03 4.533766827443148911e-05 1.454478153511512518e-04
1.200000000000000000e+01 4.461695143753114344e-03 -4.241834630575149270e-03 4.997664201683021273e-05 1.372704978444893394e-04
1.300000000000000000e+01 6.244030714326121063e-03 1.593966716588073431e-03 5.655966988648414556e-05 1.332003218852419700e-04
1.400000000000000000e+01 1.318596785538362660e-02 2.862061777123359532e-02 6.138592384940788616e-05 1.294231847694131865e-04
1.500000000000000000e+01 2.135010979141916884e-02 5.784736699312176961e-02 6.312336964762263610e-05 1.245976558833127490e-04
1.600000000000000000e+01 2.621789955122678928e-02 7.459436064858261661e-02 6.227572519096257419e-05 1.199638210512161951e-04
1.700000000000000000e+01 3.275655376906263377e-02 8.118923937576613681e-02 5.966662173416914744e-05 1.162530634415448504e-04
1.800000000000000000e+01 3.395124439779800135e-02 8.116977044704387634e-02 5.602910644808397820e-05 1.136896728727125198e-04
1.900000000000000000e+01 3.181618993010656288e-02 7.518307776552370092e-02 5.206311958054045608e-05 1.118815587797320339e-04
2.000000000000000000e+01 2.930571504542173883e-02 6.530962961155263591e-02 4.835506750815356117e-05 1.098386792890171539e-04
2.100000000000000000e+01 2.499721113115607393e-02 5.457289450038815132e-02 4.520697646460976581e-05 1.069258248065924207e-04
2.200000000000000000e+01 2.185706963098396974e-02 4.439252148877561449e-02 4.268615793712542513e-05 1.030663483730088586e-04
2.300000000000000000e+01 1.769107813516923935e-02 3.548338744065198530e-02 4.068041942665463886e-05 9.863054189369096689e-05
2.400000000000000000e+01 1.583693769692616840e-02 2.830158992625600445e-02 3.904936118555117890e-05 9.406157589432032919e-05
2.500000000000000000e+01 1.503214815187807821e-02 2.288282804720986538e-02 3.768707462572732362e-05 8.968274331667240042e-05
2.600000000000000000e+01 1.376792453380888855e-02 1.942911203029496631e-02 3.652671458047244659e-05 8.564483194363299774e-05
2.700000000000000000e+01 1.121119989202813867e-02 1.830496769227172443e-02 3.551546111796989949e-05 8.199284263526864598e-05
2.800000000000000000e+01 1.088371411075120948e-02 1.938073527437401272e-02 3.460740824350946193e-05 7.869512431255373157e-05
2.900000000000000000e+01 1.216507390997622826e-02 2.201733389943208788e-02 3.378273659156079975e-05 7.573021188317896580e-05
3.000000000000000000e+01 1.399903950325471352e-02 2.538160059782013436e-02 3.304116517752620218e-05 7.308128085169738122e-05
3.100000000000000000e+01 1.552163991005900412e-02 2.891902791638304576e-02 3.238424975386753734e-05 7.073374748719232991e-05
3.200000000000000000e+01 1.596820613008647846e-02 3.235522760746240706e-02 3.181637574755145594e-05 6.864652047675058567e-05
3.300000000000000000e+01 1.875676211640026417e-02 3.569081994116017620e-02 3.132977098914773269e-05 6.677039421814877905e-05
3.400000000000000000e+01 2.049801299978896291e-02 3.892682778453003534e-02 3.090253394433175872e-05 6.508672021970714921e-05
3.500000000000000000e+01 2.236107448765172270e-02 4.187040511978010887e-02 3.051822383157699295e-05 6.357779631962730878e-05
3.600000000000000000e+01 2.321257285134098805e-02 4.430098010860782087e-02 3.016767795009341743e-05 6.225277186598177429e-05
3.700000000000000000e+01 2.416816425919140338e-02 4.605742708729242130e-02 2.984772446108433083e-05 6.113165619054094493e-05
3.800000000000000000e+01 2.427641072831053862e-02 4.730554886091883904e-02 2.955894509557246109e-05 6.021056992924728413e-05
3.900000000000000000e+01 2.476426222209429651e-02 4.829213751488366929e-02 2.929888608969247126e-05 5.945839902387855375e-05
4.000000000000000000e+01 2.469100045484907968e-02 4.929756732566788896e-02 2.906350363252458964e-05 5.883406325654856503e-05
4.100000000000000000e+01 2.512064887647868366e-02 5.037334492701657507e-02 2.883656043304680885e-05 5.827266142258857471e-05
4.200000000000000000e+01 2.575367754865787520e-02 5.136364886886035652e-02 2.858480534432028032e-05 5.768526706951472463e-05
4.300000000000000000e+01 2.586186485038279026e-02 5.206474478803219119e-02 2.825023824937366551e-05 5.694475830304629362e-05
4.400000000000000000e+01 2.559893233365884493e-02 5.238291334872108990e-02 2.777107043574250354e-05 5.592561034402604940e-05
4.500000000000000000e+01 2.608450201503123914e-02 5.234131632117156041e-02 2.711022484536233305e-05 5.453966946215593216e-05
4.600000000000000000e+01 2.674190391663203853e-02 5.210725817000765037e-02 2.628768271431139184e-05 5.281687181788596055e-05
4.700000000000000000e+01 2.703432021445081185e-02 5.190802271620867381e-02 2.539880896296924703e-05 5.093790293846784095e-05
