# freqs 	 pli 	 dpli 	 meanpower(thalamus)	 meanpower(scalp)	pli
8.000000000000000000e+00 6.798925338555629472e-02 1.797965627916713327e-01 1.253345982451546442e-04 2.771201006953707188e-04
9.000000000000000000e+00 4.401862545935952137e-02 8.142569911696585783e-02 1.184377141004514238e-04 2.735840759843762363e-04
1.000000000000000000e+01 3.693987642180297098e-02 7.037223908877755785e-02 1.119171670189630376e-04 2.682135903888849715e-04
1.100000000000000000e+01 5.023374909184122675e-03 -3.970755611133377702e-03 1.082547339972417542e-04 2.893300356180154506e-04
1.200000000000000000e+01 -4.298258127115903160e-02 -1.013836902369732451e-01 1.136971405579307383e-04 3.222266355216499550e-04
1.300000000000000000e+01 -6.429589045728756336e-02 -1.397688960710445349e-01 1.242646088335746623e-04 3.446491346364729635e-04
1.400000000000000000e+01 -5.432223769143146308e-02 -1.244204474882610323e-01 1.332429856205192241e-04 3.543441480726152934e-04
1.500000000000000000e+01 -3.652959701888609800e-02 -1.293233718416436084e-01 1.416056940744362682e-04 3.556264376334441861e-04
1.600000000000000000e+01 -3.218923829176385809e-02 -1.509067958656354069e-01 1.444701735568297465e-04 3.491809580721786537e-04
1.700000000000000000e+01 -2.971258977194775330e-02 -1.343708693395785636e-01 1.383235554585466817e-04 3.328528541513920487e-04
1.800000000000000000e+01 -2.926781519185591221e-02 -9.676324312292215735e-02 1.296681830591785124e-04 3.118707948353973227e-04
1.900000000000000000e+01 -3.149866957195834871e-02 -8.361727985710666611e-02 1.289316232961374299e-04 2.928429015932764085e-04
2.000000000000000000e+01 -4.811279021249338650e-02 -1.073773187030602622e-01 1.379265361078350937e-04 2.768693331751010149e-04
2.100000000000000000e+01 -7.041028164949200696e-02 -1.462414174582849502e-01 1.480172183890959402e-04 2.622268184463468345e-04
2.200000000000000000e+01 -8.467553167773864131e-02 -1.782989206944732841e-01 1.523505891325820365e-04 2.471198383407365831e-04
2.300000000000000000e+01 -9.194296431301403338e-02 -1.943080965894178336e-01 1.522811854175679515e-04 2.308785492554848247e-04
2.400000000000000000e+01 -8.807622577768130234e-02 -1.914666407750441057e-01 1.499696681919393743e-04 2.145124027670013188e-04
2.500000000000000000e+01 -8.244971510090350064e-02 -1.714593000930520750e-01 1.439548918425871508e-04 1.994658109024090927e-04
2.600000000000000000e+01 -7.295853415831402011e-02 -1.386216751176976847e-01 1.328904539515411351e-04 1.866346659670150979e-04
2.700000000000000000e+01 -5.059671373434607156e-02 -9.965995125969624724e-02 1.187049634262318527e-04 1.764628627428283284e-04
2.800000000000000000e+01 -2.725454184522396392e-02 -6.130001399086197622e-02 1.046751498747611848e-04 1.688335195602914246e-04
2.900000000000000000e+01 -1.089654732220783802e-02 -2.735273616039543901e-02 9.302807440732680780e-05 1.630782878920855367e-04
3.000000000000000000e+01 2.544211571862185425e-03 1.998476244019668085e-03 8.430403865803000850e-05 1.583149017104115545e-04
3.100000000000000000e+01 9.697968057993682292e-03 2.751020513861286015e-02 7.798752482535283807e-05 1.538971979244842638e-04
3.200000000000000000e+01 1.904334231447293857e-02 4.912501125499769278e-02 7.327245007881503689e-05 1.494385331393842311e-04
3.300000000000000000e+01 2.567769237484359215e-02 6.625770005632958259e-02 6.954287613677605012e-05 1.448701602932760894e-04
3.400000000000000000e+01 3.064928733377931397e-02 7.828198578911153838e-02 6.643403460676277597e-05 1.402652813264408888e-04
3.500000000000000000e+01 3.425776684778695375e-02 8.481093621779160763e-02 6.377785751264239205e-05 1.357177434787583371e-04
3.600000000000000000e+01 3.616456030910780023e-02 8.611051674096434350e-02 6.147839573691288100e-05 1.313325337426236481e-04
3.700000000000000000e+01 3.872100008027659634e-02 8.341797162819200584e-02 5.949191378170017892e-05 1.272597559834889262e-04
3.800000000000000000e+01 3.643170197224251255e-02 7.834544200395900104e-02 5.777081853232277710e-05 1.235682113237436129e-04
3.900000000000000000e+01 3.378575568086727987e-02 7.227821470411270599e-02 5.628747743562932578e-05 1.202731583876708363e-04
4.000000000000000000e+01 2.922443380597984988e-02 6.596185725974904046e-02 5.500650481963179756e-05 1.173361001527271110e-04
4.100000000000000000e+01 2.492233802968781692e-02 5.970041034222742238e-02 5.387819864034697730e-05 1.147043062551535934e-04
4.200000000000000000e+01 2.302444256467245029e-02 5.373655858892248394e-02 5.283951726202053598e-05 1.121833821139812915e-04
4.300000000000000000e+01 2.108661878776821319e-02 4.814527821422745490e-02 5.177071096835106009e-05 1.094959949484661661e-04
4.400000000000000000e+01 1.969303136707031138e-02 4.305172671675304430e-02 5.052138552167229085e-05 1.063141657332151687e-04
4.500000000000000000e+01 1.915111726363663905e-02 3.863656370028020759e-02 4.897320685822464150e-05 1.023946894340540452e-04
4.600000000000000000e+01 1.807764769581816228e-02 3.507509927654960807e-02 4.710569718728939003e-05 9.770357048476346982e-05
4.700000000000000000e+01 1.712754866016253513e-02 3.249377069121546502e-02 4.503133207165873443e-05 9.245095306631018206e-05
