# freqs 	 pli 	 dpli 	 meanpower(thalamus)	 meanpower(scalp)	pli
8.000000000000000000e+00 5.768191815546499374e-02 1.243003309373205967e-01 6.550850217557943709e-05 1.892866238782694023e-04
9.000000000000000000e+00 2.089822339626690520e-02 4.219221894092891473e-02 6.213806119655524958e-05 1.600267645908949805e-04
1.000000000000000000e+01 3.562478440422907778e-03 1.491837996341745590e-02 6.338490308473697116e-05 1.323677795935811934e-04
1.100000000000000000e+01 4.276406165686795838e-03 2.963413462270435977e-02 6.469907098094774818e-05 1.140924319651093845e-04
1.200000000000000000e+01 3.191453068186919130e-03 2.151317408900490710e-02 6.151719853067787354e-05 1.026310924405187547e-04
1.300000000000000000e+01 1.551323505951645015e-03 8.122358818736170535e-03 5.768400917287233310e-05 9.600195780446152101e-05
1.400000000000000000e+01 -7.986385302468425882e-04 5.523113674010434772e-03 5.583628122070720840e-05 9.183518207041319362e-05
1.500000000000000000e+01 1.876970415575950329e-03 5.977616557118687821e-03 5.558571279364665432e-05 8.856942079345422457e-05
1.600000000000000000e+01 1.698034430174695519e-03 4.991623931770951782e-03 5.580821161873642823e-05 8.581369691353618438e-05
1.700000000000000000e+01 1.694887929968993262e-03 4.693618842531365951e-04 5.608295657612931813e-05 8.354477918639265208e-05
1.800000000000000000e+01 -7.361543091171215882e-04 -6.191514163195699534e-03 5.639672218571927355e-05 8.176886141398168365e-05
1.900000000000000000e+01 -6.839346776685285151e-03 -1.455242950537539125e-02 5.682831674077840669e-05 8.028477789253836720e-05
2.000000000000000000e+01 -1.402061339065041948e-02 -2.287128248879759934e-02 5.740171017036195826e-05 7.881643029039745515e-05
2.100000000000000000e+01 -1.639003432952226141e-02 -2.845860271912689296e-02 5.808648801046358852e-05 7.717097831663996045e-05
2.200000000000000000e+01 -1.644160699173027179e-02 -2.979368352479802931e-02 5.884871142872881075e-05 7.533458248388077072e-05
2.300000000000000000e+01 -1.547530132893788074e-02 -2.701053569377506042e-02 5.988828924413428612e-05 7.343976140354450174e-05
2.400000000000000000e+01 -1.228166265849188477e-02 -2.162075685730076649e-02 6.137821364740682112e-05 7.165041376471479890e-05
2.500000000000000000e+01 -7.768959667380184730e-03 -1.582646461820016656e-02 6.309195225123471595e-05 7.000567536073394896e-05
2.600000000000000000e+01 -4.859178910845337977e-03 -1.160823795526241646e-02 6.448806384754309374e-05 6.838792702261983541e-05
2.700000000000000000e+01 -4.376727014587481791e-03 -9.765592547995090300e-03 6.521873742949612718e-05 6.665750348609504237e-05
2.800000000000000000e+01 -5.340040475158706543e-03 -9.915214764058488672e-03 6.547348066432015577e-05 6.481381798142638549e-05
2.900000000000000000e+01 -7.219696064142676686e-03 -1.130489992720946739e-02 6.575112076050770101e-05 6.299452424270365078e-05
3.000000000000000000e+01 -8.135214577138213943e-03 -1.309468680014877137e-02 6.653881531209759881e-05 6.132062717718363013e-05
3.100000000000000000e+01 -8.909766551826023631e-03 -1.442649766500800346e-02 6.803604477279809630e-05 5.988058995417693030e-05
3.200000000000000000e+01 -7.463751587656972802e-03 -1.468177689573437611e-02 7.008079872839914181e-05 5.869372862667007550e-05
3.300000000000000000e+01 -6.841175216171063375e-03 -1.392532650724441143e-02 7.221505505941399044e-05 5.770933785726155562e-05
3.400000000000000000e+01 -6.053250820877384766e-03 -1.283422897089705333e-02 7.393036876703751445e-05 5.687260432061975063e-05
3.500000000000000000e+01 -5.531246830461284889e-03 -1.216848995924422507e-02 7.487295657726036598e-05 5.613838595457719356e-05
3.600000000000000000e+01 -5.124300763011757978e-03 -1.240140490803055308e-02 7.493090092338228583e-05 5.550408072349875658e-05
3.700000000000000000e+01 -4.250168051698326524e-03 -1.359866112464926460e-02 7.420267275784812010e-05 5.497853657959835460e-05
3.800000000000000000e+01 -4.164964067344207634e-03 -1.549101925281561043e-02 7.291366846526405640e-05 5.456254247786102978e-05
3.900000000000000000e+01 -5.325842833014227812e-03 -1.765105876803627766e-02 7.132312257207006913e-05 5.423853708765597744e-05
4.000000000000000000e+01 -7.029888583807213272e-03 -1.969633477003755739e-02 6.964426523062423305e-05 5.397934185114747977e-05
4.100000000000000000e+01 -8.128473537885847616e-03 -2.141786626046037964e-02 6.800599410060541945e-05 5.374476796326354406e-05
4.200000000000000000e+01 -8.632965388720803199e-03 -2.279553810229401067e-02 6.641735436226609099e-05 5.346011171251706460e-05
4.300000000000000000e+01 -8.044382504632546782e-03 -2.390581524074474051e-02 6.478352731864521724e-05 5.300918138793025660e-05
4.400000000000000000e+01 -8.097173216762400608e-03 -2.485415051946205170e-02 6.296362140627547593e-05 5.226721898771861035e-05
4.500000000000000000e+01 -8.450451894057880997e-03 -2.572129043291003850e-02 6.085343225503297054e-05 5.114824693518203144e-05
4.600000000000000000e+01 -8.595989561197000389e-03 -2.658139166389757863e-02 5.846812080667404131e-05 4.968348250972839199e-05
4.700000000000000000e+01 -9.560790962004298704e-03 -2.752117146625313385e-02 5.598080533874186357e-05 4.804559906994229905e-05
