# freqs 	 pli 	 dpli 	 meanpower(thalamus)	 meanpower(scalp)	pli
8.000000000000000000e+00 1.829396941686301306e-02 3.905120297990519185e-02 2.699414385497214022e-05 2.313790788480051734e-04
9.000000000000000000e+00 2.143539193061991602e-02 3.830892174276285395e-02 2.752181807197257645e-05 2.130395146450437215e-04
1.000000000000000000e+01 2.787446174262978374e-02 4.522270561213705825e-02 2.774803892533063654e-05 1.903142518779156272e-04
1.100000000000000000e+01 2.420172243385726799e-02 2.734755958150055996e-02 2.787754945248028688e-05 1.784772378366698657e-04
1.200000000000000000e+01 1.843640955629057346e-02 2.162641987626973822e-02 2.905228365279955428e-05 1.842498191167825307e-04
1.300000000000000000e+01 4.313470135662769017e-03 5.261774955654197582e-03 3.127926392379251896e-05 2.009558448177706745e-04
1.400000000000000000e+01 -7.679480523618059315e-03 -1.849716375431247062e-02 3.353009000380930234e-05 2.195789164728222781e-04
1.500000000000000000e+01 -1.148404468677610007e-02 -3.074693324060538344e-02 3.490940775465888220e-05 2.335989578371696143e-04
1.600000000000000000e+01 -9.931999920377125590e-03 -2.967198141747560275e-02 3.530070225153650776e-05 2.412370928104784268e-04
1.700000000000000000e+01 -4.710438421626199183e-03 -2.315218637148208983e-02 3.523192909803644365e-05 2.434438955824101052e-04
1.800000000000000000e+01 -5.845940281239294864e-03 -2.605716707358050194e-02 3.538965932488120691e-05 2.410767404602716911e-04
1.900000000000000000e+01 -1.223102640358431602e-02 -4.422635859028536259e-02 3.598031681921743101e-05 2.344719616655783990e-04
2.000000000000000000e+01 -1.896072324755340016e-02 -6.408182945570416178e-02 3.666455171981800460e-05 2.242351116131118839e-04
2.100000000000000000e+01 -1.907170634249449187e-02 -6.390287797226897049e-02 3.707865392532664136e-05 2.118214011998369195e-04
2.200000000000000000e+01 -1.035529837939568737e-02 -3.572112858557899284e-02 3.706674944073956325e-05 1.979515256151670617e-04
2.300000000000000000e+01 2.600920695857886124e-03 5.079191048041499859e-03 3.637617912463442856e-05 1.824983515454957166e-04
2.400000000000000000e+01 1.283170173744906800e-02 3.743102728355073017e-02 3.483670114810762152e-05 1.660807187524983102e-04
2.500000000000000000e+01 1.774297813531030762e-02 5.256548529824221772e-02 3.274808107449368180e-05 1.506213519053111859e-04
2.600000000000000000e+01 2.112197666498289925e-02 5.471755656655675343e-02 3.070749435303687523e-05 1.378146294789951796e-04
2.700000000000000000e+01 2.259380075526576034e-02 5.186800558699033309e-02 2.913837926077407983e-05 1.283861019126003480e-04
2.800000000000000000e+01 2.288374326676521214e-02 4.813106594082484230e-02 2.808825785901522011e-05 1.216080315335381693e-04
2.900000000000000000e+01 2.230370573216418351e-02 4.330085042828736575e-02 2.736159384074209107e-05 1.167033715361967978e-04
3.000000000000000000e+01 2.007501432762309052e-02 3.670494266355058682e-02 2.673549376057381008e-05 1.127765965579119619e-04
3.100000000000000000e+01 1.649485889817231543e-02 2.856364769857285338e-02 2.608510718225984465e-05 1.095943547191540959e-04
3.200000000000000000e+01 1.274217822113081315e-02 1.986308746150934612e-02 2.538731047629553435e-05 1.068614670461977425e-04
3.300000000000000000e+01 8.984467412417906571e-03 1.144312841064019926e-02 2.467410603819653864e-05 1.043684354143536481e-04
3.400000000000000000e+01 4.446555800243398061e-03 3.655982724095717742e-03 2.398958102394540070e-05 1.022836917566626768e-04
3.500000000000000000e+01 5.177755956076006834e-05 -3.372814822223476824e-03 2.336007913928817755e-05 1.003565082273166623e-04
3.600000000000000000e+01 -3.239312512001608045e-03 -9.598025615766976951e-03 2.279873044488835274e-05 9.867026378137109719e-05
3.700000000000000000e+01 -5.147408037994533753e-03 -1.475852535728744593e-02 2.230443514143208819e-05 9.717844219778050527e-05
3.800000000000000000e+01 -7.254153173319202036e-03 -1.843178713432657573e-02 2.186895018564580692e-05 9.589395647903217854e-05
3.900000000000000000e+01 -9.112326236672846705e-03 -2.037156755696001645e-02 2.147903771382967428e-05 9.445437885544968458e-05
4.000000000000000000e+01 -9.202386333586337272e-03 -2.049571143396643549e-02 2.112017160516908816e-05 9.287971991515074372e-05
4.100000000000000000e+01 -9.042003660849114860e-03 -1.905771693268049766e-02 2.077455920498065911e-05 9.113032779818368756e-05
4.200000000000000000e+01 -8.364439751809156151e-03 -1.652402919466086292e-02 2.041552472224609201e-05 8.917131748229716970e-05
4.300000000000000000e+01 -6.788783540312685709e-03 -1.340493491077812509e-02 2.000567684906237543e-05 8.681676566585359888e-05
4.400000000000000000e+01 -5.132220616500875361e-03 -1.004893989197279923e-02 1.950761054875599040e-05 8.421580156909954013e-05
4.500000000000000000e+01 -3.302670686898357810e-03 -6.695140650068470006e-03 1.889827647491022411e-05 8.118051006921469463e-05
4.600000000000000000e+01 -1.399077440462354613e-03 -3.360037705635512875e-03 1.819209678944186655e-05 7.776876209638527082e-05
4.700000000000000000e+01 7.448624256987032826e-04 4.549193025353868514e-05 1.745169842601325451e-05 7.422012755213589061e-05
