# freqs 	 pli 	 dpli 	 meanpower(thalamus)	 meanpower(scalp)	pli
8.000000000000000000e+00 2.117111665398421425e-02 2.831347222080690326e-03 2.138505196096534753e-04 1.775840427734922669e-04
9.000000000000000000e+00 2.233365530186262257e-02 2.152376336006528446e-02 1.900935525717370488e-04 1.608248630189724787e-04
1.000000000000000000e+01 1.478685549661733906e-02 7.099317085043022925e-03 1.764313285503712407e-04 1.560013022805971047e-04
1.100000000000000000e+01 -3.311976188961046792e-03 -2.581393511013845704e-02 1.713613817296028442e-04 1.627965274787583356e-04
1.200000000000000000e+01 -2.163678845187754635e-02 -6.394349525763859399e-02 1.663506658219921365e-04 1.840777851220835230e-04
1.300000000000000000e+01 -4.021587292095461091e-02 -9.741339429132205019e-02 1.574338648042770267e-04 2.277274467184271117e-04
1.400000000000000000e+01 -5.105178972681472666e-02 -1.175706602782990717e-01 1.463635394931288758e-04 2.481527953823671928e-04
1.500000000000000000e+01 -4.744341098515848787e-02 -1.274915003758978760e-01 1.334775353331853968e-04 2.202505486079627288e-04
1.600000000000000000e+01 -3.918198653861378056e-02 -1.189886422864577797e-01 1.213557044656083175e-04 1.748420704729765796e-04
1.700000000000000000e+01 -2.670571889417496653e-02 -9.166648045105600662e-02 1.117353057184160774e-04 1.409709462712214556e-04
1.800000000000000000e+01 -1.570081279037425365e-02 -5.599990086283700846e-02 1.044893516917057145e-04 1.230772183138667682e-04
1.900000000000000000e+01 -8.541155865027539110e-03 -2.563684496293741621e-02 9.881310641406736779e-05 1.143606589025915690e-04
2.000000000000000000e+01 -4.860164965399233795e-03 -6.668326862811053100e-03 9.419975389796308377e-05 1.093873662459730173e-04
2.100000000000000000e+01 -3.331075757785180273e-03 3.475295269201469483e-03 9.040589590228099060e-05 1.057437334536207079e-04
2.200000000000000000e+01 -2.622681441388374605e-03 8.135213644130862010e-03 8.717604528913984983e-05 1.025278611449186277e-04
2.300000000000000000e+01 -3.356270992574110316e-03 9.148944701954795505e-03 8.413717814555111052e-05 9.949925351600871336e-05
2.400000000000000000e+01 -3.420324689977612131e-03 8.865049613290581360e-03 8.101189355319935597e-05 9.674781404612011783e-05
2.500000000000000000e+01 -1.722121886929457463e-03 1.002282230086607231e-02 7.780092357375612238e-05 9.490764669412341372e-05
2.600000000000000000e+01 2.587511687489223232e-04 1.438951315681952746e-02 7.462270837541016047e-05 9.528795823420739314e-05
2.700000000000000000e+01 2.618132130166251920e-03 2.119487399583423401e-02 7.160025779015641474e-05 9.835115543954667185e-05
2.800000000000000000e+01 5.560493787792423863e-03 2.762792856466949470e-02 6.877656974114067950e-05 1.018415885511373130e-04
2.900000000000000000e+01 8.209139701600096442e-03 3.139589412437607252e-02 6.618275456978577552e-05 1.025214528427237040e-04
3.000000000000000000e+01 9.933295149286225714e-03 3.204573704521196387e-02 6.382745994156107153e-05 9.898801026589275852e-05
3.100000000000000000e+01 9.857682788146363700e-03 3.034612631957824685e-02 6.172157648395702094e-05 9.204675953139032976e-05
3.200000000000000000e+01 9.144126081018147736e-03 2.749680642035913850e-02 5.986647953805868865e-05 8.358201322496333402e-05
3.300000000000000000e+01 8.732517703149467875e-03 2.438226930162720740e-02 5.823581404876023153e-05 7.541986086093924613e-05
3.400000000000000000e+01 7.477158796305747278e-03 2.126193534743842789e-02 5.679446750268741281e-05 6.867574987925306870e-05
3.500000000000000000e+01 6.313880608478829835e-03 1.817886452133927327e-02 5.551285945234352853e-05 6.362575699812545403e-05
3.600000000000000000e+01 5.343827266935310440e-03 1.512857464287398548e-02 5.436163910705283308e-05 5.999123534453876748e-05
3.700000000000000000e+01 4.274553323207987664e-03 1.231153570428523449e-02 5.330924191304392562e-05 5.730166929735337164e-05
3.800000000000000000e+01 3.588913244856205623e-03 1.000721453852104238e-02 5.234124369445925098e-05 5.517751497095740106e-05
3.900000000000000000e+01 3.268186012611875267e-03 8.442121238858396950e-03 5.144657545700559627e-05 5.338902281175180250e-05
4.000000000000000000e+01 3.129268338179851030e-03 7.613502769221148006e-03 5.060857845761030369e-05 5.182143381172380473e-05
4.100000000000000000e+01 3.767230746766662280e-03 7.273232266766834452e-03 4.979657449977580442e-05 5.039716639096639969e-05
4.200000000000000000e+01 3.859950642304065416e-03 7.046077870669839593e-03 4.895607590991803056e-05 4.903267713928984451e-05
4.300000000000000000e+01 3.590892420588500701e-03 6.631096943686894639e-03 4.800389641163949826e-05 4.762349795035780134e-05
4.400000000000000000e+01 3.664227915514076811e-03 5.799214568850497541e-03 4.684496111324464203e-05 4.607332666048147171e-05
4.500000000000000000e+01 4.012951725742846740e-03 4.531271986090508637e-03 4.541139841861318097e-05 4.431683923405445704e-05
4.600000000000000000e+01 2.916744027262872276e-03 2.860641432715407047e-03 4.372252912300780467e-05 4.236641840499464544e-05
4.700000000000000000e+01 8.473827718373388735e-04 8.576256005446513233e-04 4.191782971759463035e-05 4.035671873900111353e-05
