# freqs 	 pli 	 dpli 	 meanpower(thalamus)	 meanpower(scalp)	pli
8.000000000000000000e+00 -8.922288167920764540e-03 -2.447955005175007220e-02 3.411449407745205267e-05 2.345362178053672262e-04
9.000000000000000000e+00 3.135774081509732150e-03 -1.167167700073725237e-02 3.252694018289462486e-05 2.193737021706911950e-04
1.000000000000000000e+01 8.586456059671981889e-03 8.457107515043794238e-03 3.177610889726369928e-05 1.981897452392191675e-04
1.100000000000000000e+01 1.296256791278504149e-02 1.687919394774052215e-02 3.138355070131464256e-05 1.775491797051940209e-04
1.200000000000000000e+01 1.974099810486417989e-03 -2.245695577399380721e-03 3.132901245778425256e-05 1.628473332374673322e-04
1.300000000000000000e+01 -1.153879515581918147e-02 -4.195269054164223188e-02 3.144145166438115424e-05 1.525088900424359495e-04
1.400000000000000000e+01 -1.963172647807324978e-02 -6.188290426633850927e-02 3.126677753153897906e-05 1.448502688398338554e-04
1.500000000000000000e+01 -2.238917033545512539e-02 -6.126585526655570213e-02 3.093200221029397445e-05 1.393647840324021008e-04
1.600000000000000000e+01 -2.196528278393456574e-02 -5.885805907843276452e-02 3.074665436283054306e-05 1.355972751777183359e-04
1.700000000000000000e+01 -2.517682643946479032e-02 -5.876210120578195806e-02 3.068241518695353820e-05 1.332254333327531702e-04
1.800000000000000000e+01 -2.757066679793365033e-02 -5.810568813626258017e-02 3.064142999413290412e-05 1.316790790112329921e-04
1.900000000000000000e+01 -2.735188000489280347e-02 -5.754647619756517174e-02 3.055550083278472392e-05 1.303381118590514790e-04
2.000000000000000000e+01 -2.675177096310053099e-02 -5.778003151776017754e-02 3.044359924464241563e-05 1.286962246047178564e-04
2.100000000000000000e+01 -2.712858401980039816e-02 -5.761197626599719179e-02 3.033304761145470165e-05 1.264268893340229948e-04
2.200000000000000000e+01 -2.685788763524617206e-02 -5.533266130233596009e-02 3.026114626538448546e-05 1.233844882853396617e-04
2.300000000000000000e+01 -2.578126435303411748e-02 -5.105466295149315575e-02 3.022688764207113476e-05 1.195180926121791457e-04
2.400000000000000000e+01 -2.457203390025075596e-02 -4.607339384797223825e-02 3.023710131269540752e-05 1.148485972823316619e-04
2.500000000000000000e+01 -2.152534794492375406e-02 -4.044681541964733479e-02 3.027401486030642462e-05 1.095646818117745024e-04
2.600000000000000000e+01 -1.891280081662027879e-02 -3.277962356043002262e-02 3.034275327824708922e-05 1.039403773450784670e-04
2.700000000000000000e+01 -1.429360018391251895e-02 -2.155778864025237676e-02 3.045912062226928103e-05 9.829351427782648991e-05
2.800000000000000000e+01 -8.164534922931029545e-03 -6.308463354999096356e-03 3.062465540412784401e-05 9.286505225179295261e-05
2.900000000000000000e+01 -2.056379570146487853e-03 1.164822495580994551e-02 3.083007438087076050e-05 8.778093977604210470e-05
3.000000000000000000e+01 4.247254420630465141e-03 2.886486203023737665e-02 3.103215347430603508e-05 8.312832772150655623e-05
3.100000000000000000e+01 9.391194605720932023e-03 4.100797347636183504e-02 3.116658892442609140e-05 7.891779260337578505e-05
3.200000000000000000e+01 1.024538017948787259e-02 4.513745983426878383e-02 3.119703558769464248e-05 7.510763035268485559e-05
3.300000000000000000e+01 7.589039287135539852e-03 4.098659742197033329e-02 3.112127790941860442e-05 7.164922758974604465e-05
3.400000000000000000e+01 2.450551213586670083e-03 3.072345267926860149e-02 3.096863587717013151e-05 6.849409963613049422e-05
3.500000000000000000e+01 -1.133041119950644899e-03 1.747215298316312157e-02 3.077607373852360635e-05 6.560080308936784284e-05
3.600000000000000000e+01 -4.730906626867012292e-03 4.150758079360237184e-03 3.056974749971786315e-05 6.293701016611265926e-05
3.700000000000000000e+01 -7.661132976967108092e-03 -7.303393469869674456e-03 3.037028554530416357e-05 6.047854053816427005e-05
3.800000000000000000e+01 -1.008683396575072062e-02 -1.606582370396351586e-02 3.018795631955626359e-05 5.821269828324344048e-05
3.900000000000000000e+01 -1.222826802816801353e-02 -2.218919371066634116e-02 3.002524955017182536e-05 5.612216556508568480e-05
4.000000000000000000e+01 -1.360565876662397922e-02 -2.616465013930772271e-02 2.987307581843069980e-05 5.418188681334455513e-05
4.100000000000000000e+01 -1.420179898157112285e-02 -2.856938132512162540e-02 2.970986921922781393e-05 5.235279327796155824e-05
4.200000000000000000e+01 -1.414376721767028437e-02 -2.986396440006365560e-02 2.949982791652665636e-05 5.057742916499587945e-05
4.300000000000000000e+01 -1.357351866487637587e-02 -3.035386364085686239e-02 2.919028109918584242e-05 4.877664329758796421e-05
4.400000000000000000e+01 -1.306534136252812846e-02 -3.024770042208563964e-02 2.872318115503729323e-05 4.686467961071720729e-05
4.500000000000000000e+01 -1.263693601298932975e-02 -2.972782556505418686e-02 2.806481988743624064e-05 4.477802521239055599e-05
4.600000000000000000e+01 -1.252593781975095549e-02 -2.892065111624466181e-02 2.724466022880149259e-05 4.252847804582370078e-05
4.700000000000000000e+01 -1.270158654791614557e-02 -2.789010389122188044e-02 2.637101443227029865e-05 4.022813251574219629e-05
