# freqs 	 pli 	 dpli 	 meanpower(thalamus)	 meanpower(scalp)	pli
8.000000000000000000e+00 -1.503199817048419228e-02 -2.383507866185674215e-02 7.631059923311155600e-05 2.372542269351100017e-04
9.000000000000000000e+00 -2.600403302089409740e-03 -2.100697381696415688e-03 7.101185680335211870e-05 2.180516219927737228e-04
1.000000000000000000e+01 -5.729873131836275314e-03 -4.897182199550965086e-03 7.024073574441959042e-05 2.093940776956977026e-04
1.100000000000000000e+01 -5.743447700909377202e-02 -1.249612071734623742e-01 7.778712948910206397e-05 2.242372608873230443e-04
1.200000000000000000e+01 -1.057990400362209815e-01 -2.497816802897820654e-01 8.995487704587692263e-05 2.591388526862593942e-04
1.300000000000000000e+01 -1.236223601336113448e-01 -2.747083203507290072e-01 9.668222286512881099e-05 2.822922962781018925e-04
1.400000000000000000e+01 -1.154140871341155228e-01 -2.515880943538498227e-01 9.427909460027086408e-05 2.651467086934122894e-04
1.500000000000000000e+01 -9.391762412943970018e-02 -2.128785637408707188e-01 8.588334828664085144e-05 2.208465315546946487e-04
1.600000000000000000e+01 -7.426768201849451301e-02 -1.763134711214414951e-01 7.589920583515747114e-05 1.762896548404979810e-04
1.700000000000000000e+01 -5.873753567050594288e-02 -1.417643977641806774e-01 6.664003559124971360e-05 1.446113035946005785e-04
1.800000000000000000e+01 -4.763227986399339725e-02 -1.102016242307720106e-01 5.875694365102837548e-05 1.253391862036726527e-04
1.900000000000000000e+01 -3.952463257361730348e-02 -8.528221841208141751e-02 5.231782250580568644e-05 1.137473323059951197e-04
2.000000000000000000e+01 -3.265106940251501222e-02 -6.810762145501066123e-02 4.730821996354223508e-05 1.061021824564435711e-04
2.100000000000000000e+01 -2.859782543511231803e-02 -5.681472481624978699e-02 4.360392540202778251e-05 1.003625243696606474e-04
2.200000000000000000e+01 -2.637874909877835697e-02 -4.844072571709008568e-02 4.095753092513783924e-05 9.562193075541750671e-05
2.300000000000000000e+01 -2.372832627507492562e-02 -4.153837444574107890e-02 3.906928240132090993e-05 9.157745741727158872e-05
2.400000000000000000e+01 -2.113963840632439653e-02 -3.594367563888647976e-02 3.764430723232251681e-05 8.812412938171951574e-05
2.500000000000000000e+01 -1.966112016721477396e-02 -3.169158297824035270e-02 3.644251812195593729e-05 8.511796133732627749e-05
2.600000000000000000e+01 -1.800791158049398766e-02 -2.848625998785712585e-02 3.531492773666091892e-05 8.240936523791759073e-05
2.700000000000000000e+01 -1.683405745882701407e-02 -2.593062027925284452e-02 3.419721899238441194e-05 7.987320792768696240e-05
2.800000000000000000e+01 -1.535470484390653000e-02 -2.402603467229830897e-02 3.309136558282665117e-05 7.745428159740939283e-05
2.900000000000000000e+01 -1.531557059796435048e-02 -2.307110931553276248e-02 3.203848803153465255e-05 7.517683500209749483e-05
3.000000000000000000e+01 -1.500746409549184521e-02 -2.333136007858714958e-02 3.107008102897175288e-05 7.307636244027927589e-05
3.100000000000000000e+01 -1.548442153517305513e-02 -2.467179060696063006e-02 3.021395070671894676e-05 7.120901539475430755e-05
3.200000000000000000e+01 -1.567426746736836143e-02 -2.659165468571174709e-02 2.947642050051494246e-05 6.958313658457276809e-05
3.300000000000000000e+01 -1.622476897620033637e-02 -2.850298239338117101e-02 2.885656062213818292e-05 6.818594014830382398e-05
3.400000000000000000e+01 -1.723076727818070863e-02 -3.011951668976447713e-02 2.834619982840946121e-05 6.700187486063019287e-05
3.500000000000000000e+01 -1.806237836250481135e-02 -3.147094161896704656e-02 2.792887005165460427e-05 6.599244689849816201e-05
3.600000000000000000e+01 -1.892958667037245718e-02 -3.271489221468951852e-02 2.759028336373571316e-05 6.513787610414448258e-05
3.700000000000000000e+01 -1.933187963560915879e-02 -3.395411645133241535e-02 2.731912822754350959e-05 6.440587255325223046e-05
3.800000000000000000e+01 -1.957565332570464917e-02 -3.515765103093992233e-02 2.710291445307181057e-05 6.377531863655932229e-05
3.900000000000000000e+01 -1.958097330164638647e-02 -3.631189588843199839e-02 2.692600064176594002e-05 6.321267784233781906e-05
4.000000000000000000e+01 -1.967433508016194071e-02 -3.729813409985129752e-02 2.677432510411610454e-05 6.270114963788260543e-05
4.100000000000000000e+01 -2.001677389501410262e-02 -3.802867305438305950e-02 2.662814637848452863e-05 6.220084834258438012e-05
4.200000000000000000e+01 -2.092995812896172869e-02 -3.843903317947075515e-02 2.645293502003040256e-05 6.163692552425419123e-05
4.300000000000000000e+01 -2.088880668486301981e-02 -3.854409547077902731e-02 2.619458880915452703e-05 6.088499844445483520e-05
4.400000000000000000e+01 -2.100063566173543048e-02 -3.837465792435665324e-02 2.579486648531550920e-05 5.982237955941660225e-05
4.500000000000000000e+01 -2.101335993704598476e-02 -3.805677053075649102e-02 2.521754660699577981e-05 5.835865782032714007e-05
4.600000000000000000e+01 -2.024034879126269601e-02 -3.769743589138644518e-02 2.448373555808102666e-05 5.653261751623777677e-05
4.700000000000000000e+01 -1.974314912875310690e-02 -3.740431650325804630e-02 2.368524868664516428e-05 5.454099293018931235e-05
