# freqs 	 pli 	 dpli 	 meanpower(thalamus)	 meanpower(scalp)	pli
8.000000000000000000e+00 7.232671766466589828e-04 -3.726117865533949691e-02 3.489322685678451677e-05 2.462734171144627393e-04
9.000000000000000000e+00 4.036702868345593692e-02 6.498180595785331415e-02 3.395686904050323373e-05 2.445262895366315508e-04
1.000000000000000000e+01 8.582880698760780858e-02 2.288458765987272936e-01 3.557825086288041302e-05 2.384733947307081945e-04
1.100000000000000000e+01 1.254462210650306164e-01 4.264752122300795034e-01 3.948745045584037662e-05 2.434015332895512411e-04
1.200000000000000000e+01 1.572722173821246294e-01 4.449174140135364053e-01 4.435320392214162435e-05 2.673188878519201892e-04
1.300000000000000000e+01 1.711786258513323111e-01 4.011059601362753080e-01 4.904637086760996927e-05 2.991867989565541322e-04
1.400000000000000000e+01 1.652959067571780905e-01 3.636023119627562195e-01 5.218467264489545164e-05 3.292754711513908722e-04
1.500000000000000000e+01 1.538707511229259195e-01 3.188800041354104553e-01 5.279922145911380407e-05 3.508516572254938683e-04
1.600000000000000000e+01 1.385271303754262717e-01 2.781193999174504383e-01 5.157804729461388339e-05 3.626661927933317415e-04
1.700000000000000000e+01 1.283838361551524199e-01 2.535815914911021540e-01 5.034637834075106436e-05 3.654649530331703080e-04
1.800000000000000000e+01 1.150316367867586648e-01 2.299068153526896141e-01 5.033390029521750712e-05 3.595798946687624761e-04
1.900000000000000000e+01 9.377102874571988100e-02 1.898059264145257052e-01 5.147478116569730196e-05 3.463894519124446469e-04
2.000000000000000000e+01 6.139792425114676266e-02 1.233144278215564105e-01 5.348483022030402879e-05 3.281197701388049765e-04
2.100000000000000000e+01 1.744866219201101840e-02 2.424367833249389814e-02 5.707147452039728274e-05 3.070256851490419346e-04
2.200000000000000000e+01 -2.813546371543826016e-02 -8.712338754125728557e-02 6.214513997221901857e-05 2.842770098186831276e-04
2.300000000000000000e+01 -6.047533933304264503e-02 -1.707050315896891379e-01 6.610492279518545556e-05 2.600419687567209195e-04
2.400000000000000000e+01 -7.100087540708689693e-02 -2.040815882744285714e-01 6.637317071298335074e-05 2.349908885926289739e-04
2.500000000000000000e+01 -6.296341740434024947e-02 -1.904976998129948584e-01 6.302737903683076274e-05 2.108604998057917487e-04
2.600000000000000000e+01 -4.270028841666512198e-02 -1.467346139694091778e-01 5.795292306884620943e-05 1.896687335540428270e-04
2.700000000000000000e+01 -2.252193519536676430e-02 -9.360844646787272461e-02 5.296796351795670060e-05 1.726792325631680146e-04
2.800000000000000000e+01 -5.099052715412031450e-03 -4.617803811809593345e-02 4.885222473910446169e-05 1.596535449229719776e-04
2.900000000000000000e+01 7.717949014701359044e-03 -1.106980212493503465e-02 4.567700895443472440e-05 1.499099460924099717e-04
3.000000000000000000e+01 1.565850173775764492e-02 1.235007055117247864e-02 4.319541068744960609e-05 1.424470759627402756e-04
3.100000000000000000e+01 2.068575722277965143e-02 2.706124174631994658e-02 4.120438582265765690e-05 1.366338019700168074e-04
3.200000000000000000e+01 2.509040032257359512e-02 3.638775977678608553e-02 3.954752281774061052e-05 1.318288856507989404e-04
3.300000000000000000e+01 2.741751803735977336e-02 4.262831781594772496e-02 3.815161857458939239e-05 1.276198427048099446e-04
3.400000000000000000e+01 2.936150074993050876e-02 4.688771899330824999e-02 3.700856900579722756e-05 1.239676320827308019e-04
3.500000000000000000e+01 3.032590804983937086e-02 5.007543851307633825e-02 3.607339814097398423e-05 1.206927022754302484e-04
3.600000000000000000e+01 3.175081239597368765e-02 5.257128658901281948e-02 3.533387843409826356e-05 1.178194609768330855e-04
3.700000000000000000e+01 3.210634013522616764e-02 5.450988153633565259e-02 3.475671934477342188e-05 1.152702642460631132e-04
3.800000000000000000e+01 3.184498127976373438e-02 5.572469498671437510e-02 3.431161049754986978e-05 1.129856559549637980e-04
3.900000000000000000e+01 3.155930967501292816e-02 5.609841375089302112e-02 3.394503781013137649e-05 1.106909980331475255e-04
4.000000000000000000e+01 3.040604706040345856e-02 5.544500762590991172e-02 3.362937201432343929e-05 1.083444605142352030e-04
4.100000000000000000e+01 2.945894042889624434e-02 5.372533153744146750e-02 3.332606339736582021e-05 1.058836180397538038e-04
4.200000000000000000e+01 2.801713582489749957e-02 5.109898529043251786e-02 3.298087217662980659e-05 1.032581221585389874e-04
4.300000000000000000e+01 2.622194051677446958e-02 4.799268735178866679e-02 3.251481601208242310e-05 1.003109111135947878e-04
4.400000000000000000e+01 2.473382457758534561e-02 4.461287762735573897e-02 3.187024808049748802e-05 9.707627027633193128e-05
4.500000000000000000e+01 2.326424374725996960e-02 4.140528649670360828e-02 3.099495412019803221e-05 9.338629223785329119e-05
4.600000000000000000e+01 2.228627007699718332e-02 3.860687023416899122e-02 2.991145892299186510e-05 8.929588580837211954e-05
4.700000000000000000e+01 2.160528255838447750e-02 3.630522578924635924e-02 2.872558512250690424e-05 8.506480670146675965e-05
