# freqs 	 pli 	 dpli 	 meanpower(thalamus)	 meanpower(scalp)	pli
8.000000000000000000e+00 1.373576256805746597e-02 1.748479109095588124e-02 9.688250603156552565e-05 1.127454139149926455e-04
9.000000000000000000e+00 -1.740376740376740460e-03 -4.705993013545047357e-03 9.108644314687295857e-05 1.026125971687221860e-04
1.000000000000000000e+01 -2.268543031881044714e-03 -2.514844144570825904e-02 8.847750765490709811e-05 9.635825591715298981e-05
1.100000000000000000e+01 -5.433032547351396811e-03 -3.693885190915795896e-02 8.993874935931417554e-05 9.142123427783286922e-05
1.200000000000000000e+01 -1.019113355685169996e-02 -4.111448550461491158e-02 9.428257600259149244e-05 8.863849542325094046e-05
1.300000000000000000e+01 6.031665339547703612e-03 -1.849023200116700974e-02 9.993259529118505733e-05 9.030012341301663548e-05
1.400000000000000000e+01 3.950516356291852195e-03 -5.308909514784877597e-03 1.045429383095345386e-04 9.409998715335563500e-05
1.500000000000000000e+01 -4.681355720616690343e-03 -1.293382986046161427e-02 1.051684668375567236e-04 9.514657487363862849e-05
1.600000000000000000e+01 -1.056322836419767812e-02 -3.152826319723345955e-02 1.020857389003621023e-04 9.303466286577486062e-05
1.700000000000000000e+01 -1.450572808701521867e-02 -4.334956098321367246e-02 9.815564227923333619e-05 9.068430224696404378e-05
1.800000000000000000e+01 -1.346608135119884385e-02 -4.980930288463270711e-02 9.522233827044617697e-05 9.032471506837832750e-05
1.900000000000000000e+01 -1.711459325972577647e-02 -5.105894172463178171e-02 9.309252182799181022e-05 9.194201765547036940e-05
2.000000000000000000e+01 -1.829214459050268818e-02 -4.357655358880826307e-02 9.121312979965226389e-05 9.416944105814352515e-05
2.100000000000000000e+01 -1.384960324981136977e-02 -3.036551182733437243e-02 8.915765787132507044e-05 9.541666925145813498e-05
2.200000000000000000e+01 -8.498934506388793400e-03 -1.648317940623252043e-02 8.693368833990227826e-05 9.501239286253174946e-05
2.300000000000000000e+01 -3.979321337042446109e-03 -3.623638106448435342e-03 8.539285037243622982e-05 9.290410465114884789e-05
2.400000000000000000e+01 8.056678669012417790e-03 1.019869358302962284e-02 8.593169133782245321e-05 8.946097014338064233e-05
2.500000000000000000e+01 1.518582577013830731e-02 2.479745227377946892e-02 8.868605737697533376e-05 8.543945863087061944e-05
2.600000000000000000e+01 2.025355560044200115e-02 3.632620595342238995e-02 9.162692418157552642e-05 8.181134628112781576e-05
2.700000000000000000e+01 2.119772551599179850e-02 4.194297781691019855e-02 9.211902766212073934e-05 7.921009100950003471e-05
2.800000000000000000e+01 1.910859774152776080e-02 4.224516983435065709e-02 8.900741665356934958e-05 7.730775685169733239e-05
2.900000000000000000e+01 1.664655983354626501e-02 3.940114957778244331e-02 8.306331736887808607e-05 7.508526658972442056e-05
3.000000000000000000e+01 1.391259177910632479e-02 3.532568613578665473e-02 7.611407327220817600e-05 7.183765616890028531e-05
3.100000000000000000e+01 1.314502678437011463e-02 3.152310945760415650e-02 6.975980214105548997e-05 6.768056550966953101e-05
3.200000000000000000e+01 1.312817985132454755e-02 2.941712420378616438e-02 6.481133020974808132e-05 6.328299091379956348e-05
3.300000000000000000e+01 1.364861855416092153e-02 2.926254948375016721e-02 6.129640530884137054e-05 5.931292306522206091e-05
3.400000000000000000e+01 1.614507359766609307e-02 2.978668753532335775e-02 5.886524506274577810e-05 5.609838345681655576e-05
3.500000000000000000e+01 1.847189324772696706e-02 2.956015695109224031e-02 5.708525804215533786e-05 5.363854029159231953e-05
3.600000000000000000e+01 1.793958127959309132e-02 2.775875368946501345e-02 5.565877067184657874e-05 5.174490978074844952e-05
3.700000000000000000e+01 1.806772052829536818e-02 2.463349337161157074e-02 5.442203841701998739e-05 5.023328159717176035e-05
3.800000000000000000e+01 1.487778832884157666e-02 2.072541344399252833e-02 5.330031908051261673e-05 4.897949212466083972e-05
3.900000000000000000e+01 1.237954153962198163e-02 1.668745041555564496e-02 5.223994519286258260e-05 4.789909471836257827e-05
4.000000000000000000e+01 1.097939929483156274e-02 1.276513135902950132e-02 5.122471876713462674e-05 4.693708496361817366e-05
4.100000000000000000e+01 7.996483296248021316e-03 9.084132542763363738e-03 5.024032913591048189e-05 4.602814236732492002e-05
4.200000000000000000e+01 5.671877012063223332e-03 5.772824445686376010e-03 4.925079732912572198e-05 4.510247659598403509e-05
4.300000000000000000e+01 5.059914443379876642e-03 3.000628126227410011e-03 4.817771625625580655e-05 4.407493997721348883e-05
4.400000000000000000e+01 2.049211791648900948e-03 7.956880809825174743e-04 4.692265423710661055e-05 4.285091616127389112e-05
4.500000000000000000e+01 -1.503169881812825180e-03 -8.168627223793645644e-04 4.542871219524785071e-05 4.136943592285814383e-05
4.600000000000000000e+01 -4.547343369283946869e-03 -1.965680119376624069e-03 4.372476127347899863e-05 3.965173852520875134e-05
4.700000000000000000e+01 -5.537589991738462933e-03 -2.816733494328989718e-03 4.194152071282712218e-05 3.782171262192430254e-05
