# freqs 	 pli 	 dpli 	 meanpower(thalamus)	 meanpower(scalp)	pli
8.000000000000000000e+00 7.872421963857638427e-02 1.851141661183104414e-01 8.052703988962308182e-05 1.773354489162477440e-04
9.000000000000000000e+00 7.107276244594944170e-02 1.601153276347692944e-01 7.475747956708309614e-05 1.481215876282667386e-04
1.000000000000000000e+01 5.663098061285457008e-02 1.241786864111367461e-01 7.069628323097076981e-05 1.354991282503792004e-04
1.100000000000000000e+01 3.645150759695699183e-02 7.605522308241308149e-02 6.947827677224325453e-05 1.389894849772200928e-04
1.200000000000000000e+01 1.352061619583634633e-02 2.694103079825517152e-02 7.031125119471980805e-05 1.491378081083745476e-04
1.300000000000000000e+01 4.183556855572899587e-03 6.793204379494053972e-03 7.163459208817950946e-05 1.606370585592570939e-04
1.400000000000000000e+01 8.928946730772361132e-03 1.532238146667388307e-02 7.194486092081247837e-05 1.712162655216026925e-04
1.500000000000000000e+01 2.173089552522209505e-02 3.950185645974905319e-02 7.057042549958322342e-05 1.798244887512749982e-04
1.600000000000000000e+01 3.623592333650389047e-02 6.713295011709384530e-02 6.843298799976987206e-05 1.861446142210775219e-04
1.700000000000000000e+01 4.863880097248081402e-02 8.740513143242460703e-02 6.669289256727335149e-05 1.907599795311823833e-04
1.800000000000000000e+01 5.384064441422482111e-02 9.432943836379607816e-02 6.585805453323608654e-05 1.944532961573319514e-04
1.900000000000000000e+01 4.976845695636797351e-02 8.762405499941880449e-02 6.588628058754711944e-05 1.973350180714768579e-04
2.000000000000000000e+01 4.047828589651698838e-02 7.067419673505592748e-02 6.632516749763660963e-05 1.988304248655390911e-04
2.100000000000000000e+01 2.877207470116066937e-02 4.969622155395771179e-02 6.648022386536771788e-05 1.983750520590208690e-04
2.200000000000000000e+01 2.013578516877804689e-02 3.098818945198355407e-02 6.574625801621824433e-05 1.954715824935769316e-04
2.300000000000000000e+01 1.326850332707153399e-02 1.743915293382402101e-02 6.385969087930710531e-05 1.900162517674764328e-04
2.400000000000000000e+01 9.253924977342153566e-03 8.779774602214771712e-03 6.107772041598378361e-05 1.828044879599717521e-04
2.500000000000000000e+01 6.613713915017839506e-03 3.697644811681503191e-03 5.804800126904240414e-05 1.754876343355577634e-04
2.600000000000000000e+01 4.947719925647867112e-03 1.450736142348725902e-03 5.536360097232253678e-05 1.695805506564226537e-04
2.700000000000000000e+01 3.950570468916528473e-03 1.675863816186849535e-03 5.326972276036312265e-05 1.659515201884351708e-04
2.800000000000000000e+01 4.508629100132790189e-03 3.623667655038546962e-03 5.171593847778823398e-05 1.644739219453186948e-04
2.900000000000000000e+01 4.084633119165934773e-03 5.949321479140842923e-03 5.054454473737968450e-05 1.647402855791163696e-04
3.000000000000000000e+01 4.501169635476766004e-03 7.659292353884037362e-03 4.962134586772450035e-05 1.661552185533127874e-04
3.100000000000000000e+01 4.652787725577450795e-03 8.548283490493581785e-03 4.886375477230966454e-05 1.683285164726434121e-04
3.200000000000000000e+01 4.307914503737594533e-03 9.007312719694344008e-03 4.822682285249534480e-05 1.708325985069394232e-04
3.300000000000000000e+01 4.869177561893339723e-03 9.513431739857759403e-03 4.768035915519269855e-05 1.733225242017031003e-04
3.400000000000000000e+01 5.427340808464313840e-03 1.030957858597090007e-02 4.720140680783923675e-05 1.757393093016954542e-04
3.500000000000000000e+01 5.599172202546735810e-03 1.136008252227962458e-02 4.677216163111827150e-05 1.778751602372558645e-04
3.600000000000000000e+01 4.840301248169420756e-03 1.228226901515711879e-02 4.638289637732667106e-05 1.797527973795411214e-04
3.700000000000000000e+01 4.386084979050777245e-03 1.264323662136515418e-02 4.602581091582775338e-05 1.813663935738565273e-04
3.800000000000000000e+01 4.199708551530596280e-03 1.223128072665827758e-02 4.569356232606610734e-05 1.827814477494442620e-04
3.900000000000000000e+01 3.346673162120616506e-03 1.122296053404364842e-02 4.537610709254755837e-05 1.838318914548752185e-04
4.000000000000000000e+01 3.352680334384564986e-03 1.007627332519193779e-02 4.505643360061813520e-05 1.845740112853389676e-04
4.100000000000000000e+01 2.820970889342059966e-03 9.267759597536565780e-03 4.470939740580626257e-05 1.849228045990465846e-04
4.200000000000000000e+01 2.172851739501636091e-03 9.068748160094779187e-03 4.429069351579703389e-05 1.846822862855409056e-04
4.300000000000000000e+01 2.122816617909653158e-03 9.451441544865867364e-03 4.372914723770304204e-05 1.834725277945955255e-04
4.400000000000000000e+01 1.998174275654171928e-03 1.014988715223289449e-02 4.294791067392486102e-05 1.811136072147166308e-04
4.500000000000000000e+01 5.657290940768327538e-04 1.090263634098321416e-02 4.190165682473937750e-05 1.773681345708835299e-04
4.600000000000000000e+01 -1.508088448979941210e-04 1.156585836565294373e-02 4.062651025062552479e-05 1.724087295777974882e-04
4.700000000000000000e+01 -1.277804518208434286e-03 1.216545324088076120e-02 3.926090683941833642e-05 1.668767225999346607e-04
