# freqs 	 pli 	 dpli 	 meanpower(thalamus)	 meanpower(scalp)	pli
8.000000000000000000e+00 1.204819277108433798e-02 -4.387337984959627235e-02 3.720958107137695947e+01 1.983091420950612473e+02
9.000000000000000000e+00 -6.702547820026330538e-02 -1.437322634549458023e-01 4.153343416224782914e+01 1.796596711424055286e+02
1.000000000000000000e+01 -5.620056599666207325e-02 -1.511034726327947220e-01 4.471555270688842398e+01 1.646811963006844053e+02
1.100000000000000000e+01 -2.571963890308295170e-02 -1.424176240731498677e-01 4.719338948762280239e+01 1.519375567946122771e+02
1.200000000000000000e+01 -4.038891840118478266e-02 -1.242405549890662070e-01 4.984345998614664097e+01 1.493774479645499866e+02
1.300000000000000000e+01 -4.638213247667125755e-02 -8.698926059047484838e-02 5.115035574995010847e+01 1.471995328898623256e+02
1.400000000000000000e+01 -4.021916530659827571e-02 -6.275416245384606018e-02 5.029569741465506638e+01 1.413246821137221332e+02
1.500000000000000000e+01 -4.453849819211256472e-02 -4.594487222116260677e-02 4.777674877866611070e+01 1.337144861197548664e+02
1.600000000000000000e+01 -3.872382207755524497e-02 -5.464298650615531661e-02 4.447476410920754120e+01 1.251068594768618425e+02
1.700000000000000000e+01 -2.297642678291103926e-02 -6.825367954236362389e-02 4.121711317946860476e+01 1.145259559061539392e+02
1.800000000000000000e+01 -2.720112729926272774e-02 -7.553175758697648623e-02 3.859359229447198913e+01 1.038427561902933292e+02
1.900000000000000000e+01 -2.353486330268516821e-02 -7.791862026273588260e-02 3.684222385990435100e+01 9.516374653937099026e+01
2.000000000000000000e+01 -2.957018013197788495e-02 -6.702498480554215654e-02 3.588535447844206772e+01 8.885006020891144374e+01
2.100000000000000000e+01 -1.531901086931330980e-02 -4.571098686439658415e-02 3.548976717219522925e+01 8.430906603077653472e+01
2.200000000000000000e+01 -1.271431980093397363e-02 -2.141736610210455763e-02 3.540144902804708238e+01 8.085197297918706738e+01
2.300000000000000000e+01 -7.728285077951002092e-03 -2.179224388952808334e-03 3.543263343555675249e+01 7.809534259934056877e+01
2.400000000000000000e+01 -3.534956794972505915e-03 5.657646122543703165e-03 3.546135076066900638e+01 7.579980390748504249e+01
2.500000000000000000e+01 -4.967895642140575038e-03 -2.181852385722093772e-03 3.539714710617656834e+01 7.401405836182743769e+01
2.600000000000000000e+01 -2.291539417426651654e-02 -1.985231867737573264e-02 3.522442966023071165e+01 7.257856678458061594e+01
2.700000000000000000e+01 -2.932932107671379698e-02 -3.342581374311591469e-02 3.496630753013806725e+01 7.148744022267619869e+01
2.800000000000000000e+01 -2.535617453821704601e-02 -3.892177272570611357e-02 3.465964022315181126e+01 7.052203961086220829e+01
2.900000000000000000e+01 -2.366946778711484511e-02 -3.899950353237607859e-02 3.434815763164677094e+01 6.941066655496594251e+01
3.000000000000000000e+01 -2.208233214845999395e-02 -3.852226245470953547e-02 3.406601916001423547e+01 6.802132000021454417e+01
3.100000000000000000e+01 -2.266859646377718598e-02 -3.823289572177798745e-02 3.382581185447395455e+01 6.651212449087849166e+01
3.200000000000000000e+01 -2.187208059250127581e-02 -4.075700836674729655e-02 3.362544294660865773e+01 6.508918287975171779e+01
3.300000000000000000e+01 -2.389052406253583741e-02 -4.469699168040019294e-02 3.346433333792062115e+01 6.383048079777674388e+01
3.400000000000000000e+01 -1.898222180415765070e-02 -4.856230220586922608e-02 3.335280259639360878e+01 6.275703848638406868e+01
3.500000000000000000e+01 -2.627944305498525548e-02 -4.893553908742095254e-02 3.330366472127980870e+01 6.183409593066581067e+01
3.600000000000000000e+01 -3.499481558287661359e-02 -4.608997981206416211e-02 3.331575369097942740e+01 6.108821602921345573e+01
3.700000000000000000e+01 -3.342761635381846091e-02 -4.092891651940958747e-02 3.337890538825321585e+01 6.050520442954880451e+01
3.800000000000000000e+01 -2.481683244346875525e-02 -3.453716727509338613e-02 3.346971073117926210e+01 6.007810432892668473e+01
3.900000000000000000e+01 -2.200283098313952565e-02 -2.642807315764227061e-02 3.354918480446632856e+01 5.966965885080455223e+01
4.000000000000000000e+01 -2.325333522818112328e-02 -1.793718246998524460e-02 3.357395397975065521e+01 5.927630373005359132e+01
4.100000000000000000e+01 -2.015550291898174709e-02 -1.035588023262009466e-02 3.350585877347339192e+01 5.887677180757433604e+01
4.200000000000000000e+01 -1.683789705227691294e-02 -4.823217343013589190e-03 3.330080831714349898e+01 5.844067304218967251e+01
4.300000000000000000e+01 -1.854874610476331745e-02 -2.352482258640836536e-03 3.290561096760025350e+01 5.787112164251564650e+01
4.400000000000000000e+01 -1.832560393161209930e-02 -1.913225041141813649e-03 3.227177653775456179e+01 5.707498495727010379e+01
4.500000000000000000e+01 -1.366973106476399545e-02 -3.184873993787237356e-03 3.137709606811424123e+01 5.593846655113905797e+01
4.600000000000000000e+01 -1.023304832650563483e-02 -5.150420437841196630e-03 3.025948550068159548e+01 5.451033558227383935e+01
4.700000000000000000e+01 -1.059582568266428590e-02 -6.773582763107654538e-03 2.903402560344980898e+01 5.294734843098082422e+01
