# freqs 	 pli 	 dpli 	 meanpower(thalamus)	 meanpower(scalp)	pli
8.000000000000000000e+00 5.908662067191936332e-03 2.748191937567621718e-03 1.732804378203484582e-05 2.462734171144627393e-04
9.000000000000000000e+00 1.703032840537935591e-02 2.421340627799583797e-02 1.742802963874559989e-05 2.445262895366315508e-04
1.000000000000000000e+01 4.605153399293938909e-03 -1.015679828240804126e-02 1.688869304582958560e-05 2.384733947307081945e-04
1.100000000000000000e+01 -2.691074652088206939e-02 -8.473387070549100175e-02 1.670975771300809584e-05 2.434015332895512411e-04
1.200000000000000000e+01 -5.119607277300800008e-02 -1.318126599725044090e-01 1.737993805452537431e-05 2.673188878519201892e-04
1.300000000000000000e+01 -7.049357885541945867e-02 -1.586903707654843121e-01 1.878600892833038138e-05 2.991867989565541322e-04
1.400000000000000000e+01 -7.406437728489334571e-02 -1.539987732039275470e-01 2.056357867903979550e-05 3.292754711513908722e-04
1.500000000000000000e+01 -5.985386628588013763e-02 -1.151995155352017186e-01 2.219383134868088131e-05 3.508516572254938683e-04
1.600000000000000000e+01 -3.428352392304016838e-02 -5.486156263991718435e-02 2.326419575343316345e-05 3.626661927933317415e-04
1.700000000000000000e+01 -3.618667853246987712e-03 7.503202296360296161e-03 2.370295196414685574e-05 3.654649530331703080e-04
1.800000000000000000e+01 2.322795654649453811e-02 5.714998954534608600e-02 2.374438129121345150e-05 3.595798946687624761e-04
1.900000000000000000e+01 4.204679916408392282e-02 8.858960443294919274e-02 2.364143296414768789e-05 3.463894519124446469e-04
2.000000000000000000e+01 5.135475971222890068e-02 1.021536469073818787e-01 2.353147049401934691e-05 3.281197701388049765e-04
2.100000000000000000e+01 5.257914110877139058e-02 1.025255569053274973e-01 2.338513481791792826e-05 3.070256851490419346e-04
2.200000000000000000e+01 5.119819690173191967e-02 9.639261967418522037e-02 2.307393945406035918e-05 2.842770098186831276e-04
2.300000000000000000e+01 4.682465327116486220e-02 8.777264425878049392e-02 2.254550597342177236e-05 2.600419687567209195e-04
2.400000000000000000e+01 4.091892422451141875e-02 7.604925306067507329e-02 2.196215540388733359e-05 2.349908885926289739e-04
2.500000000000000000e+01 3.209854305291853782e-02 5.981773223192446420e-02 2.160464088368905619e-05 2.108604998057917487e-04
2.600000000000000000e+01 2.146082417275057067e-02 3.948656699380517776e-02 2.165318342458242881e-05 1.896687335540428270e-04
2.700000000000000000e+01 1.061712827737032114e-02 1.731679332553539424e-02 2.207161992395958764e-05 1.726792325631680146e-04
2.800000000000000000e+01 6.023190119600474587e-04 -4.213041959021484456e-03 2.264282081092361168e-05 1.596535449229719776e-04
2.900000000000000000e+01 -7.680771219225215538e-03 -2.242380776476495668e-02 2.310408069963714578e-05 1.499099460924099717e-04
3.000000000000000000e+01 -1.278547522827390079e-02 -3.533489567674327758e-02 2.326450012165019827e-05 1.424470759627402756e-04
3.100000000000000000e+01 -1.468125047808237216e-02 -4.185350415719583245e-02 2.305390208743974149e-05 1.366338019700168074e-04
3.200000000000000000e+01 -1.398536189485584218e-02 -4.194625210927686171e-02 2.251399042690130291e-05 1.318288856507989404e-04
3.300000000000000000e+01 -1.072804978365488569e-02 -3.616520522679501221e-02 2.175181720156364355e-05 1.276198427048099446e-04
3.400000000000000000e+01 -6.650532862374824994e-03 -2.581748396903721376e-02 2.088957299916100726e-05 1.239676320827308019e-04
3.500000000000000000e+01 -1.194987992271419330e-03 -1.244705198497258851e-02 2.003290333551066939e-05 1.206927022754302484e-04
3.600000000000000000e+01 5.332141321223053676e-03 1.987761052755286032e-03 1.925513958130618038e-05 1.178194609768330855e-04
3.700000000000000000e+01 1.170794485349270497e-02 1.566032142965275570e-02 1.859562676455510599e-05 1.152702642460631132e-04
3.800000000000000000e+01 1.692457741169692623e-02 2.718464363422209637e-02 1.806402796611234133e-05 1.129856559549637980e-04
3.900000000000000000e+01 2.059755322505044464e-02 3.603763524054240386e-02 1.764952198442945871e-05 1.106909980331475255e-04
4.000000000000000000e+01 2.314090096582024914e-02 4.214974213341592807e-02 1.732949720068553326e-05 1.083444605142352030e-04
4.100000000000000000e+01 2.464646279396298656e-02 4.587678359061582445e-02 1.707357977622983033e-05 1.058836180397538038e-04
4.200000000000000000e+01 2.570670799315958807e-02 4.771043393436677493e-02 1.684286360420441005e-05 1.032581221585389874e-04
4.300000000000000000e+01 2.639109808853705441e-02 4.818716187238637760e-02 1.659133157847433746e-05 1.003109111135947878e-04
4.400000000000000000e+01 2.633036828071907975e-02 4.773259298340194051e-02 1.627285191787712003e-05 9.707627027633193128e-05
4.500000000000000000e+01 2.549492355023297643e-02 4.671498399452753136e-02 1.585831836858738600e-05 9.338629223785329119e-05
4.600000000000000000e+01 2.469552719834003374e-02 4.534540656517176138e-02 1.535547287653574077e-05 8.929588580837211954e-05
4.700000000000000000e+01 2.326138995151311867e-02 4.371210560430475317e-02 1.481814225996105516e-05 8.506480670146675965e-05
