# freqs 	 pli 	 dpli 	 meanpower(thalamus)	 meanpower(scalp)	pli
8.000000000000000000e+00 -6.160008053897948754e-02 -1.932310014706849766e-01 1.129068733320217510e-04 2.256902147750582956e-04
9.000000000000000000e+00 -8.116971425003806362e-02 -2.616078074952276067e-01 1.169896653339472524e-04 2.168366716753894973e-04
1.000000000000000000e+01 -1.007292674916907965e-01 -2.324984131982754387e-01 1.452823010239748670e-04 2.347512163644920264e-04
1.100000000000000000e+01 -1.197486937053900552e-01 -1.627748523646991852e-01 1.773737139304599000e-04 2.644695727555296141e-04
1.200000000000000000e+01 -1.361784514622230435e-01 -2.044527691099088107e-01 1.765021754223473959e-04 2.803503293406950803e-04
1.300000000000000000e+01 -1.470454934782076672e-01 -2.960747849338155602e-01 1.562303529271972732e-04 2.817682403439432642e-04
1.400000000000000000e+01 -1.461878921329627656e-01 -3.125638614046526986e-01 1.353110325754779521e-04 2.716013390156203763e-04
1.500000000000000000e+01 -1.215305997027016915e-01 -2.426024964105736037e-01 1.178107996501834840e-04 2.487137985666045686e-04
1.600000000000000000e+01 -7.490000355352011141e-02 -1.386585083440530219e-01 1.044785814504163232e-04 2.219378598803166760e-04
1.700000000000000000e+01 -3.326354326350228902e-02 -5.671712768990078840e-02 9.531903124992358793e-05 1.997234573409793356e-04
1.800000000000000000e+01 -9.975836951680923381e-03 -1.196455888720515670e-02 8.923711857526539656e-05 1.834648033451731974e-04
1.900000000000000000e+01 1.941578433990863873e-03 7.954610361137958927e-03 8.579366687844518973e-05 1.715041062845460004e-04
2.000000000000000000e+01 6.778161272928189159e-03 1.250535202122669484e-02 8.508032611429978162e-05 1.619872293451399313e-04
2.100000000000000000e+01 8.554369557642028943e-03 7.315195261843761114e-03 8.598935376289458131e-05 1.535780119526186627e-04
2.200000000000000000e+01 8.349614073720982438e-03 4.880120395685316271e-04 8.603749469210562818e-05 1.452934989562120740e-04
2.300000000000000000e+01 5.660320835808678279e-03 -2.144186744472724969e-03 8.357129816078230850e-05 1.367282527083546722e-04
2.400000000000000000e+01 4.161753114557638356e-03 -3.578858067866738245e-04 7.889915187901886057e-05 1.282095307219622052e-04
2.500000000000000000e+01 4.366090741290754897e-03 3.171642915014220333e-03 7.343363664515942864e-05 1.202847551448668736e-04
2.600000000000000000e+01 4.513814666982770771e-03 6.192821278762665124e-03 6.850088016026468346e-05 1.133640853986297986e-04
2.700000000000000000e+01 4.836059411891197556e-03 7.857537454849307032e-03 6.471923124623213907e-05 1.075613108903175408e-04
2.800000000000000000e+01 3.894865054655505775e-03 8.329483196577679854e-03 6.203969694088107127e-05 1.028032430457203342e-04
2.900000000000000000e+01 3.380408077760937557e-03 8.041192274787096680e-03 6.014260402860723681e-05 9.898914581537662945e-05
3.000000000000000000e+01 2.563188696811504862e-03 7.336248857115145426e-03 5.873694791430462096e-05 9.598841076477121286e-05
3.100000000000000000e+01 1.959818338609294573e-03 6.431775775295117854e-03 5.763675801269609749e-05 9.371596532161202632e-05
3.200000000000000000e+01 1.083201223398465741e-03 5.519337424475323842e-03 5.671230804199151368e-05 9.204562504156176559e-05
3.300000000000000000e+01 1.100900808449176046e-04 4.791463291222490713e-03 5.587616081882360188e-05 9.084084107514227638e-05
3.400000000000000000e+01 4.774758246348822892e-04 4.316520220053020850e-03 5.505440760022823276e-05 9.000356087436889318e-05
3.500000000000000000e+01 -2.997872208813240087e-04 3.765381408470485237e-03 5.421933763794777598e-05 8.937500516677170472e-05
3.600000000000000000e+01 -6.711320261042535897e-04 2.819859123118819040e-03 5.337786595184992725e-05 8.882804116971443115e-05
3.700000000000000000e+01 -1.324727981013557000e-03 1.371199334087495761e-03 5.255069234898764681e-05 8.824157400151260550e-05
3.800000000000000000e+01 -2.189788095025834228e-03 -3.363448146431309246e-04 5.175773753178477589e-05 8.756774797633864603e-05
3.900000000000000000e+01 -2.278616754256831706e-03 -1.862130681143943584e-03 5.101059315714675315e-05 8.674977032445986547e-05
4.000000000000000000e+01 -1.925283798689365585e-03 -2.761916121223289763e-03 5.030753523424898237e-05 8.583495125268742441e-05
4.100000000000000000e+01 -2.296084587349382557e-03 -2.787789305958298779e-03 4.962322971981706433e-05 8.484588345399102542e-05
4.200000000000000000e+01 -1.848906447038287451e-03 -1.973617326794479925e-03 4.890292645389468019e-05 8.374373480507255681e-05
4.300000000000000000e+01 -1.321864967556732719e-03 -5.953823785827741652e-04 4.805629139013265345e-05 8.239161962884305817e-05
4.400000000000000000e+01 -2.072231402013666613e-04 1.002189543013780109e-03 4.698429627309136988e-05 8.067706014557748354e-05
4.500000000000000000e+01 6.338768292216540295e-04 2.483306971958963195e-03 4.562493676489412541e-05 7.847976840820322869e-05
4.600000000000000000e+01 1.248888551145040278e-03 3.639574569056241386e-03 4.400964465878712527e-05 7.584522141846249327e-05
4.700000000000000000e+01 1.894792920118256070e-03 4.370700128853459085e-03 4.228947084919526669e-05 7.302545298304834198e-05
