# freqs 	 pli 	 dpli 	 meanpower(thalamus)	 meanpower(scalp)	pli
8.000000000000000000e+00 9.718191257143324324e-02 2.635844442794106901e-01 2.304416881217042419e-04 3.151375736778183048e-04
9.000000000000000000e+00 6.070121818102432176e-02 1.550096243113098238e-01 2.070594643181044431e-04 2.541073798418838018e-04
1.000000000000000000e+01 4.196186172311925505e-02 1.187731804371139760e-01 2.059655055113941485e-04 1.982492705968693259e-04
1.100000000000000000e+01 1.356448018184499942e-02 -9.902774617144439323e-03 2.316323839167766865e-04 1.683828628521162152e-04
1.200000000000000000e+01 -2.480169435284186250e-02 -1.481510460589093303e-01 2.411309794992506060e-04 1.641460988573159661e-04
1.300000000000000000e+01 -3.916991115724385158e-02 -1.449978171234744262e-01 2.062767185985549300e-04 1.695543233176458867e-04
1.400000000000000000e+01 -2.958272574248227080e-02 -9.475038083693408664e-02 1.580294776033696821e-04 1.550564368729554421e-04
1.500000000000000000e+01 -8.150408413979409392e-03 -2.309220107289147728e-02 1.243543786338399074e-04 1.271550511704288677e-04
1.600000000000000000e+01 1.543524321983285631e-02 3.537044125566258385e-02 1.086678262358953972e-04 1.032822081864937246e-04
1.700000000000000000e+01 2.342987552249249650e-02 5.268277116089158801e-02 1.026750007770563049e-04 8.814983273906163894e-05
1.800000000000000000e+01 1.850405235267615564e-02 4.392360146079853783e-02 9.945251997915880685e-05 7.886007680060507419e-05
1.900000000000000000e+01 1.289735726282969543e-02 2.750934221619840206e-02 9.618578724351293380e-05 7.256651816864713271e-05
2.000000000000000000e+01 5.336924592178674855e-03 1.187327699592984065e-02 9.278005734100843620e-05 6.783320447014673234e-05
2.100000000000000000e+01 -1.615151892580345789e-03 -4.507354184278442532e-04 9.031631835942120301e-05 6.397832408580740148e-05
2.200000000000000000e+01 -5.995729752973410175e-03 -1.031186320079573344e-02 8.930372047171392721e-05 6.071240645081221342e-05
2.300000000000000000e+01 -7.834919586266697600e-03 -1.874073910159315334e-02 8.871256064414481126e-05 5.801650871346421116e-05
2.400000000000000000e+01 -9.618639392024258550e-03 -2.446278077845117152e-02 8.714201950882569385e-05 5.589856855506728319e-05
2.500000000000000000e+01 -1.033850688422052570e-02 -2.585719789851429265e-02 8.406144503769328224e-05 5.423153637664093432e-05
2.600000000000000000e+01 -8.910926252862712976e-03 -2.382019923023161526e-02 7.986403694386873351e-05 5.271660278686821213e-05
2.700000000000000000e+01 -6.923392064165985460e-03 -2.095139994621869270e-02 7.543877705734408027e-05 5.111332190857759697e-05
2.800000000000000000e+01 -5.581952060410900508e-03 -1.924953605266579298e-02 7.150768335050006511e-05 4.938105514847865925e-05
2.900000000000000000e+01 -6.375222214306008536e-03 -1.906494618920287487e-02 6.834962613501711763e-05 4.763547413437028836e-05
3.000000000000000000e+01 -7.722069578730664761e-03 -1.969723765085152484e-02 6.592554282231739913e-05 4.605128545954656130e-05
3.100000000000000000e+01 -8.220947399550513485e-03 -2.002322818372131302e-02 6.406991314745631694e-05 4.475486976344656635e-05
3.200000000000000000e+01 -8.415889143806084410e-03 -1.904339927920882872e-02 6.264136559706588486e-05 4.374881917821633073e-05
3.300000000000000000e+01 -6.790585634765236925e-03 -1.625804148427512433e-02 6.151257613369151187e-05 4.298594715047538930e-05
3.400000000000000000e+01 -4.539960656532327637e-03 -1.176277695715698818e-02 6.056945205122118557e-05 4.238169988601313759e-05
3.500000000000000000e+01 -3.012492327317492849e-03 -6.294340495446224676e-03 5.970155790406208332e-05 4.185751852168070029e-05
3.600000000000000000e+01 -1.590033163548839647e-03 -7.543808220021900809e-04 5.883872989204188837e-05 4.138302931940545114e-05
3.700000000000000000e+01 1.022732661681749586e-04 4.159516597149813359e-03 5.794304376960734097e-05 4.094488899663447875e-05
3.800000000000000000e+01 1.371442019018547865e-03 8.182212720047200155e-03 5.701390722079457290e-05 4.054782299222602093e-05
3.900000000000000000e+01 2.410103702992983082e-03 1.148453715936976691e-02 5.607487549317595400e-05 4.020130426573774419e-05
4.000000000000000000e+01 3.721707102935822940e-03 1.430548572538055396e-02 5.515334900755243037e-05 3.989887099637716466e-05
4.100000000000000000e+01 4.148531827392300080e-03 1.680532592031628789e-02 5.425010555826030432e-05 3.961055148722857327e-05
4.200000000000000000e+01 5.285396270565934605e-03 1.899422685256608664e-02 5.332633824834207291e-05 3.928262774538629270e-05
4.300000000000000000e+01 5.509748026717839822e-03 2.078787354345800614e-02 5.229960040214162075e-05 3.883307059676495096e-05
4.400000000000000000e+01 6.119417978908242052e-03 2.212721247383474948e-02 5.106686751706010247e-05 3.817343018116692180e-05
4.500000000000000000e+01 6.591944079905742368e-03 2.297003457377505206e-02 4.955322123179775829e-05 3.725031153443295273e-05
4.600000000000000000e+01 6.462896548575862779e-03 2.328303144196973082e-02 4.778378057347988265e-05 3.609359863423684844e-05
4.700000000000000000e+01 5.880304019676895790e-03 2.302193671779778281e-02 4.590946837706039321e-05 3.483426047460386665e-05
