# freqs 	 pli 	 dpli 	 meanpower(thalamus)	 meanpower(scalp)	pli
8.000000000000000000e+00 -1.315984814596576069e-01 -2.643784210840490201e-01 1.185540212046862988e-04 3.101166177304908746e-04
9.000000000000000000e+00 -1.317962441521735306e-01 -2.412301603522607751e-01 1.003028026518004012e-04 2.519920985966778420e-04
1.000000000000000000e+01 -6.767981049035065588e-02 -1.144917946045080903e-01 9.550475750722404707e-05 2.237805551378183933e-04
1.100000000000000000e+01 -1.265869774395032149e-02 3.357153913668659700e-02 1.070391624377507397e-04 2.072575748186413055e-04
1.200000000000000000e+01 5.426795642128632267e-03 7.578587872200183428e-02 1.085174602681665209e-04 1.999490183469574095e-04
1.300000000000000000e+01 -1.155950073270298542e-02 -3.250626448444299960e-02 9.514744507962859114e-05 2.106347897620831401e-04
1.400000000000000000e+01 -3.689117796162641461e-02 -1.426619236024269655e-01 7.941002559814969890e-05 2.222821210823844860e-04
1.500000000000000000e+01 -5.260138014713559157e-02 -1.770109575449082817e-01 6.714764971426588061e-05 2.127228710123735690e-04
1.600000000000000000e+01 -5.125353376858354792e-02 -1.536633444750438726e-01 5.899324693672801931e-05 1.869512198568460597e-04
1.700000000000000000e+01 -4.392897642432817829e-02 -1.165022550831244508e-01 5.426800541553767043e-05 1.606937088844839648e-04
1.800000000000000000e+01 -3.823067306845714941e-02 -9.411076746324169295e-02 5.189185281254290305e-05 1.424211393930658535e-04
1.900000000000000000e+01 -3.407197890364750681e-02 -8.771648470798625030e-02 5.077951306488216081e-05 1.317700599316360365e-04
2.000000000000000000e+01 -3.589280051951698747e-02 -8.795836267686911458e-02 5.046020753020520741e-05 1.252407848986506454e-04
2.100000000000000000e+01 -3.669487842645657166e-02 -8.916266697279651154e-02 5.098674697802099205e-05 1.201053422575682909e-04
2.200000000000000000e+01 -3.851873897444326594e-02 -9.099664898491291454e-02 5.190491917077198997e-05 1.150063689063103421e-04
2.300000000000000000e+01 -4.004976736349615679e-02 -9.256707561835238185e-02 5.234699584415730944e-05 1.096405215985282586e-04
2.400000000000000000e+01 -4.071227695343754976e-02 -9.218216563072459402e-02 5.185392773670997098e-05 1.043090962290116233e-04
2.500000000000000000e+01 -4.082972679815858458e-02 -9.018980860071890149e-02 5.058267197784496164e-05 9.935806735409855560e-05
2.600000000000000000e+01 -4.022699333836664976e-02 -8.844284410597523516e-02 4.898129598572797646e-05 9.500466300662730173e-05
2.700000000000000000e+01 -3.907819282549545442e-02 -8.785239606614730912e-02 4.744845141502529098e-05 9.123913382623564114e-05
2.800000000000000000e+01 -3.883424564025848846e-02 -8.770790535442010705e-02 4.618303772827539358e-05 8.784310360041591736e-05
2.900000000000000000e+01 -3.940894014293040010e-02 -8.682855532478288285e-02 4.521621579574129087e-05 8.464597259992586299e-05
3.000000000000000000e+01 -3.776415119749003402e-02 -8.429287132997526077e-02 4.452442842736917256e-05 8.155267921149445573e-05
3.100000000000000000e+01 -3.688164038708804243e-02 -7.995074770991227042e-02 4.406156467717071501e-05 7.853973545826724572e-05
3.200000000000000000e+01 -3.612046207070119391e-02 -7.413512398088163702e-02 4.378911115742772144e-05 7.567709573047935756e-05
3.300000000000000000e+01 -3.418112700542050991e-02 -6.759964577139553066e-02 4.365765393741830014e-05 7.303406723722741538e-05
3.400000000000000000e+01 -3.066898715127147970e-02 -6.117114622512940386e-02 4.360031601051347498e-05 7.064110219582900546e-05
3.500000000000000000e+01 -2.877204196935239169e-02 -5.546336108655020719e-02 4.354757039866257628e-05 6.848886900220339292e-05
3.600000000000000000e+01 -2.581470812979004201e-02 -5.068329459619379251e-02 4.345312339133450914e-05 6.654681234782241518e-05
3.700000000000000000e+01 -2.502036613663231532e-02 -4.670370613660138059e-02 4.330211098994576983e-05 6.478241143023511363e-05
3.800000000000000000e+01 -2.278043420010362682e-02 -4.329492081157911010e-02 4.310271247971297209e-05 6.317395433730202750e-05
3.900000000000000000e+01 -2.076867814604636472e-02 -4.033208386469237100e-02 4.286578145847617981e-05 6.170062551574530220e-05
4.000000000000000000e+01 -1.868657766981916477e-02 -3.788614489967285365e-02 4.258658071247980705e-05 6.034520816848485639e-05
4.100000000000000000e+01 -1.836465297678645595e-02 -3.611182176767285118e-02 4.225025929995864481e-05 5.907041900364614625e-05
4.200000000000000000e+01 -1.785060019499351211e-02 -3.508985000912734353e-02 4.181907384435275911e-05 5.780647318251458936e-05
4.300000000000000000e+01 -1.795996492048804877e-02 -3.474376407405452283e-02 4.123062081409297364e-05 5.644463258236969577e-05
4.400000000000000000e+01 -1.811798440830131307e-02 -3.491183472950338401e-02 4.041986811526563413e-05 5.486987209736392127e-05
4.500000000000000000e+01 -1.844777614573322316e-02 -3.539713661753550455e-02 3.935717394046817861e-05 5.300383760884418252e-05
4.600000000000000000e+01 -1.958158707162691373e-02 -3.602883574041474551e-02 3.809213006947279815e-05 5.086951849103248796e-05
4.700000000000000000e+01 -2.008440908466915462e-02 -3.668143996612278218e-02 3.677511514742884310e-05 4.862055145347157623e-05
