# freqs 	 pli 	 dpli 	 meanpower(thalamus)	 meanpower(scalp)	pli
8.000000000000000000e+00 -7.444346005734039928e-02 -1.951012946237448975e-01 8.248931766245432584e+01 2.886384082732053002e+02
9.000000000000000000e+00 -4.644597589209335103e-02 -1.094289926283078113e-01 7.861170234119781242e+01 2.855517223352135829e+02
1.000000000000000000e+01 -2.953980645614527958e-02 -5.415883512049460280e-02 7.800675201727825936e+01 2.375613047700057052e+02
1.100000000000000000e+01 -1.821712741485936871e-02 -3.810386723463408953e-02 8.212357125236255229e+01 1.897386338118986657e+02
1.200000000000000000e+01 -2.310850785468853558e-02 -7.341707597923485817e-02 8.606231663296678391e+01 1.615527068399857740e+02
1.300000000000000000e+01 -2.325376317512747176e-02 -9.585159587639832668e-02 8.568559386460900384e+01 1.490919653158053961e+02
1.400000000000000000e+01 -2.138741134751773187e-02 -1.075127973849659135e-01 8.472923590840426300e+01 1.444287199335459775e+02
1.500000000000000000e+01 -2.640290516560658829e-02 -1.250244521713831658e-01 8.459970420943274405e+01 1.419211611925759655e+02
1.600000000000000000e+01 -3.075567799422928433e-02 -1.312847205114611449e-01 8.327029208202269217e+01 1.389276016486888636e+02
1.700000000000000000e+01 -3.105142075483429548e-02 -1.199881838526843797e-01 8.012750394881553007e+01 1.353144123092956761e+02
1.800000000000000000e+01 -3.192007560415822953e-02 -1.022766716615547550e-01 7.678538133248711972e+01 1.318664951242371615e+02
1.900000000000000000e+01 -3.269319145355573109e-02 -8.993789325287250558e-02 7.441539038951903251e+01 1.291356517291125670e+02
2.000000000000000000e+01 -3.551690542189190475e-02 -8.554048015756619827e-02 7.343163536052585982e+01 1.270295406759808259e+02
2.100000000000000000e+01 -3.764697015375339378e-02 -8.226770578647242538e-02 7.357818643856118968e+01 1.252750022049378629e+02
2.200000000000000000e+01 -3.542044360283398002e-02 -7.363567497258194372e-02 7.491352582560988083e+01 1.239804830818663248e+02
2.300000000000000000e+01 -3.143114408203308979e-02 -5.971532144103244844e-02 7.854351668240749973e+01 1.234823749103515951e+02
2.400000000000000000e+01 -2.825483336046063707e-02 -4.787673227141444471e-02 8.497035207574906224e+01 1.236997078231513427e+02
2.500000000000000000e+01 -2.908587703694002005e-02 -4.376221127574943248e-02 9.200706447491575091e+01 1.236777674440749024e+02
2.600000000000000000e+01 -3.095143055805928134e-02 -4.561474825758318752e-02 9.607625122148778019e+01 1.225581119733759152e+02
2.700000000000000000e+01 -3.150636314021425244e-02 -4.834689952721884371e-02 9.540984802165093015e+01 1.200739419183198464e+02
2.800000000000000000e+01 -2.950104624090064964e-02 -4.833012737365861150e-02 9.101475725758736246e+01 1.161315968921300055e+02
2.900000000000000000e+01 -2.302073274516199322e-02 -4.445346612089069727e-02 8.538996704800534587e+01 1.106228791086362122e+02
3.000000000000000000e+01 -1.739547614815068616e-02 -3.816276921963582258e-02 8.091808415100932450e+01 1.038631248192673127e+02
3.100000000000000000e+01 -1.196648527844020385e-02 -3.261967514623671099e-02 7.898826990160625883e+01 9.667130102592987839e+01
3.200000000000000000e+01 -9.761428316968003005e-03 -3.040489009137535212e-02 7.974669786404993488e+01 8.997487904259148195e+01
3.300000000000000000e+01 -8.594762713532152348e-03 -3.152211692274742988e-02 8.247708437119283076e+01 8.441967331384010720e+01
3.400000000000000000e+01 -7.420377790926325871e-03 -3.400780111181915533e-02 8.608906266455952050e+01 8.015304196799236536e+01
3.500000000000000000e+01 -8.396895168659285896e-03 -3.543867475768858188e-02 8.940698775830692568e+01 7.698844289855671263e+01
3.600000000000000000e+01 -8.691239045133648464e-03 -3.466339585599510081e-02 9.151261671022449207e+01 7.461730061867527297e+01
3.700000000000000000e+01 -8.690617849947979492e-03 -3.173591876798181194e-02 9.190953112382899803e+01 7.274340624097179386e+01
3.800000000000000000e+01 -8.132060303438909399e-03 -2.748559016752995590e-02 9.059000612902255511e+01 7.118510749979147079e+01
3.900000000000000000e+01 -8.161459531317792962e-03 -2.292374253013485311e-02 8.785380910707051783e+01 6.983366889958422519e+01
4.000000000000000000e+01 -1.018840220926559882e-02 -1.894368031508963240e-02 8.423026581032756610e+01 6.862941381381354233e+01
4.100000000000000000e+01 -1.015642960507752088e-02 -1.612024430488400925e-02 8.024788516906097868e+01 6.751584300260869043e+01
4.200000000000000000e+01 -9.633335981856372063e-03 -1.460467065246453741e-02 7.632551025748969664e+01 6.640399956466045239e+01
4.300000000000000000e+01 -8.910235866085698675e-03 -1.416115000906056562e-02 7.265863409579216636e+01 6.516446468323724162e+01
4.400000000000000000e+01 -9.099841289896772392e-03 -1.432552581084983040e-02 6.924589356921296712e+01 6.366428864417544276e+01
4.500000000000000000e+01 -9.158224680570738185e-03 -1.464201383505849170e-02 6.595425277257591290e+01 6.180603430584384483e+01
4.600000000000000000e+01 -8.844644058891827643e-03 -1.476499943760984333e-02 6.270847740364096978e+01 5.960005809182601411e+01
4.700000000000000000e+01 -9.994545136861663140e-03 -1.450546158106646825e-02 5.958309378754080399e+01 5.721927212156901987e+01
