# freqs 	 pli 	 dpli 	 meanpower(thalamus)	 meanpower(scalp)	pli
8.000000000000000000e+00 -3.796762686142731574e-02 -3.439081170345309468e-02 1.179918531613313932e-04 2.981913321734981854e-04
9.000000000000000000e+00 -3.677532792365920816e-02 9.674829986938178342e-04 1.237583831133661351e-04 3.633592377554477099e-04
1.000000000000000000e+01 -7.795765743372491674e-02 -9.110846213717238573e-02 1.326011675253837695e-04 3.134393205792788809e-04
1.100000000000000000e+01 -1.226203063648004660e-01 -1.234043587837687778e-01 1.447683912820537755e-04 2.878683899623120509e-04
1.200000000000000000e+01 -1.314951057452472261e-01 -1.448663954444784907e-01 1.574558573986093888e-04 3.088111050586589109e-04
1.300000000000000000e+01 -1.240591283003332351e-01 -1.652837080331424902e-01 1.668715051781420708e-04 3.226536261172255056e-04
1.400000000000000000e+01 -8.527024569653289532e-02 -1.473698995284456192e-01 1.702739641826615552e-04 3.255438066287764378e-04
1.500000000000000000e+01 -5.691321103432868400e-02 -1.105702977938152615e-01 1.697176717119282415e-04 3.193776808565639740e-04
1.600000000000000000e+01 -3.416506911004774799e-02 -6.134433503649369679e-02 1.691784358784762150e-04 3.102971166965034946e-04
1.700000000000000000e+01 -1.335516757614941749e-02 -1.444650502126808983e-02 1.695649278301870888e-04 2.990274503229521002e-04
1.800000000000000000e+01 9.416392011566514231e-03 1.944306125543217995e-02 1.710247695247136526e-04 2.819075488509948952e-04
1.900000000000000000e+01 2.038825384312179662e-02 3.203275824991589499e-02 1.746544874148441885e-04 2.597815660850633177e-04
2.000000000000000000e+01 1.339344784494376529e-02 2.309618358451974787e-02 1.832818821569068854e-04 2.368955493903550824e-04
2.100000000000000000e+01 9.221441313226821576e-03 8.539323190504927510e-03 2.002208150081989538e-04 2.166765958850140855e-04
2.200000000000000000e+01 3.725104290786251764e-03 3.137423111276886004e-03 2.207308432953296535e-04 1.996455988393359786e-04
2.300000000000000000e+01 1.088348580845644939e-02 9.163420729663369901e-03 2.321161909874719159e-04 1.847775033170990816e-04
2.400000000000000000e+01 1.704131249142881721e-02 2.165324215335725361e-02 2.273259703459117043e-04 1.714954233908244587e-04
2.500000000000000000e+01 2.208999841906322467e-02 3.423339157632604435e-02 2.099934875858670336e-04 1.600598105570332429e-04
2.600000000000000000e+01 3.183481243014491674e-02 4.312462539442580428e-02 1.882490352654767160e-04 1.505918871480187789e-04
2.700000000000000000e+01 3.451636906530747284e-02 4.924154040330427917e-02 1.686011760320991018e-04 1.428474723467286890e-04
2.800000000000000000e+01 3.295057295555002541e-02 5.490722551447020650e-02 1.536115464120902470e-04 1.364690509160081827e-04
2.900000000000000000e+01 3.192728527110903075e-02 6.052294682811854704e-02 1.429323671369372181e-04 1.311107700628133576e-04
3.000000000000000000e+01 3.331202332620116641e-02 6.413373662498259020e-02 1.352593985678878278e-04 1.264076160399698614e-04
3.100000000000000000e+01 3.215155819356780437e-02 6.443282570970960965e-02 1.295558758061731374e-04 1.222508063252723831e-04
3.200000000000000000e+01 3.001007993623854356e-02 6.159524806730921204e-02 1.252388917761033298e-04 1.184467180798378711e-04
3.300000000000000000e+01 2.603697367281646372e-02 5.721858999896557024e-02 1.219319845412228354e-04 1.149321893456523740e-04
3.400000000000000000e+01 2.445886082593268923e-02 5.292145496575471203e-02 1.193467813170735043e-04 1.117711701371100458e-04
3.500000000000000000e+01 2.240397961750211983e-02 4.942040279876172559e-02 1.172356413235406853e-04 1.088085743536130155e-04
3.600000000000000000e+01 2.503580529360340673e-02 4.638828429357365335e-02 1.154339409444691010e-04 1.060645837549100990e-04
3.700000000000000000e+01 2.449656017602985791e-02 4.322967537045160208e-02 1.138564627645811738e-04 1.035839962066173079e-04
3.800000000000000000e+01 2.471577437747938394e-02 4.005517724321033118e-02 1.125174940832663999e-04 1.014041629619522213e-04
3.900000000000000000e+01 2.386015956034313532e-02 3.709862443467069892e-02 1.114285475939542078e-04 9.942421773436122337e-05
4.000000000000000000e+01 1.764301816857449801e-02 3.478754273984471096e-02 1.105850832114945516e-04 9.763772998078424855e-05
4.100000000000000000e+01 1.591151220342805137e-02 3.321458034435079143e-02 1.099039130233083736e-04 9.596337870755652780e-05
4.200000000000000000e+01 1.462917151893936701e-02 3.215644888401120172e-02 1.091886594634326724e-04 9.425109745631201187e-05
4.300000000000000000e+01 1.159262500488098500e-02 3.119665558044809606e-02 1.081295567804112397e-04 9.222220196536611524e-05
4.400000000000000000e+01 1.049658138863030811e-02 3.027559335271012494e-02 1.063912282875347957e-04 8.978672442970854646e-05
4.500000000000000000e+01 1.053946979944109935e-02 2.920875259155474024e-02 1.036700458097560690e-04 8.676772243334401370e-05
4.600000000000000000e+01 1.168762336428101449e-02 2.817747268492688112e-02 9.985869337845975616e-05 8.319545488247442606e-05
4.700000000000000000e+01 1.113469953641523305e-02 2.748052181995379664e-02 9.512160772267749234e-05 7.931733174320719103e-05
