# freqs 	 pli 	 dpli 	 meanpower(thalamus)	 meanpower(scalp)	pli
8.000000000000000000e+00 -3.365516460440358404e-02 -7.369496225001558043e-02 6.315380074307099477e-05 1.913203926721691991e-04
9.000000000000000000e+00 -3.376157735793323261e-02 -8.311024419566187538e-02 6.548023713218972851e-05 1.763228631951715335e-04
1.000000000000000000e+01 -5.276573075557365600e-02 -1.405530740788842881e-01 7.049059617544195131e-05 1.724565138593554066e-04
1.100000000000000000e+01 -8.601729450507077102e-02 -2.216475109038739399e-01 7.789540887554526364e-05 1.785596861246809518e-04
1.200000000000000000e+01 -8.926947874178584041e-02 -2.136549615087952048e-01 8.114452512462839984e-05 1.835083067584257412e-04
1.300000000000000000e+01 -7.463016417714156414e-02 -1.812235962541212664e-01 7.961919002176398737e-05 1.845091728749195846e-04
1.400000000000000000e+01 -6.162859967644227638e-02 -1.529643059755529111e-01 7.494660608591390276e-05 1.787066979510624977e-04
1.500000000000000000e+01 -4.047463386970980015e-02 -9.891689400175364411e-02 6.827602418102689946e-05 1.651178325784858616e-04
1.600000000000000000e+01 -1.347091200631836752e-02 -3.250770237097127396e-02 6.140125838487526719e-05 1.490786226964428555e-04
1.700000000000000000e+01 7.592680654302802132e-03 1.405999299310287109e-02 5.554159385428387909e-05 1.353315735225563870e-04
1.800000000000000000e+01 1.360743041043353807e-02 3.009085994321725882e-02 5.100145883354869903e-05 1.249117877562624945e-04
1.900000000000000000e+01 1.052057571872604125e-02 2.411868680140858562e-02 4.768599491763180246e-05 1.170336010598041986e-04
2.000000000000000000e+01 4.253200714576341190e-03 8.088967898900890213e-03 4.534535437404969740e-05 1.109160887873128222e-04
2.100000000000000000e+01 -3.391393880742046927e-03 -8.311172670396495613e-03 4.364884516044125157e-05 1.060595751206405869e-04
2.200000000000000000e+01 -8.827367086474769212e-03 -1.886428380443127065e-02 4.224388402669923754e-05 1.020125788859796776e-04
2.300000000000000000e+01 -1.097586425174433555e-02 -2.208301995516362762e-02 4.093638452773086685e-05 9.840592330322293013e-05
2.400000000000000000e+01 -1.060869462888474474e-02 -1.959118039830506572e-02 3.975870625251565205e-05 9.505931937522804523e-05
2.500000000000000000e+01 -7.558461413986495084e-03 -1.406264649079025895e-02 3.880949233694474599e-05 9.193914292785631973e-05
2.600000000000000000e+01 -4.577318088655129603e-03 -8.587599999639502699e-03 3.810980324514155401e-05 8.903754724179367729e-05
2.700000000000000000e+01 -2.590354918724626331e-03 -5.462620798356484716e-03 3.761172419711244428e-05 8.635977693866450438e-05
2.800000000000000000e+01 -2.822787396535705092e-03 -5.341041647524180473e-03 3.722967994912186043e-05 8.388481748716397949e-05
2.900000000000000000e+01 -4.222589713047184348e-03 -7.527166615249716690e-03 3.690154004108511804e-05 8.163316226352917418e-05
3.000000000000000000e+01 -5.086937950110371164e-03 -1.074909859656694201e-02 3.658813862897097624e-05 7.964424828212132831e-05
3.100000000000000000e+01 -6.905465508607312904e-03 -1.382810170562218804e-02 3.628362283141179577e-05 7.796857374397956838e-05
3.200000000000000000e+01 -8.054676361830383560e-03 -1.604958101471920529e-02 3.599785613266979069e-05 7.661640290678142415e-05
3.300000000000000000e+01 -8.587564679307274282e-03 -1.729870350790426586e-02 3.573879970670775820e-05 7.553601939728991628e-05
3.400000000000000000e+01 -8.960760896214758561e-03 -1.786953779975078427e-02 3.550788807389058016e-05 7.466573423832902209e-05
3.500000000000000000e+01 -9.658171613547188866e-03 -1.806459418225553684e-02 3.530253458811271136e-05 7.392006013236448461e-05
3.600000000000000000e+01 -9.545051957791378036e-03 -1.801512921154498417e-02 3.511818643623501927e-05 7.321582135155471811e-05
3.700000000000000000e+01 -9.623051268578016251e-03 -1.762513353340458555e-02 3.494188329039194261e-05 7.247761142623019323e-05
3.800000000000000000e+01 -9.102401122262095828e-03 -1.673000482184248267e-02 3.476195272769108609e-05 7.166280929104884090e-05
3.900000000000000000e+01 -8.669518264063617516e-03 -1.522901007777010055e-02 3.457226964617313392e-05 7.076117097659621207e-05
4.000000000000000000e+01 -7.269326751690249541e-03 -1.316757131712638015e-02 3.436327427276507232e-05 6.979865494496166590e-05
4.100000000000000000e+01 -6.184733290293314978e-03 -1.071992435852126523e-02 3.411966442554579463e-05 6.879228016453280993e-05
4.200000000000000000e+01 -4.574303077888238443e-03 -8.118027653581705999e-03 3.381082270250696648e-05 6.771117984566174899e-05
4.300000000000000000e+01 -3.202397034881706954e-03 -5.604812431542845544e-03 3.338297771073238217e-05 6.646006464770611737e-05
4.400000000000000000e+01 -2.377185484736868241e-03 -3.320238864351199217e-03 3.277274789142381700e-05 6.492120676830896058e-05
4.500000000000000000e+01 -2.047182949274885515e-03 -1.363458167906028825e-03 3.194308904452818906e-05 6.300661702922181063e-05
4.600000000000000000e+01 -1.397398378394549201e-03 2.299932233640288027e-04 3.092384283889298621e-05 6.075247462213386200e-05
4.700000000000000000e+01 -5.341102956516420239e-04 1.439721578156302490e-03 2.983074339935462484e-05 5.835459816286633618e-05
