# freqs 	 pli 	 dpli 	 meanpower(thalamus)	 meanpower(scalp)	pli
8.000000000000000000e+00 -2.892778158043335379e-02 -7.089323707392472529e-02 1.867068889393250881e-05 2.145482608123142163e-04
9.000000000000000000e+00 -1.833228428686136183e-02 -6.239079102727551618e-02 1.837624616164135850e-05 2.019230297447788898e-04
1.000000000000000000e+01 -2.440041221660108756e-02 -4.979419449552688337e-02 1.945090848532871544e-05 1.939967365398675254e-04
1.100000000000000000e+01 -4.902035880330810058e-02 -5.785396655072834460e-02 2.072609858503501710e-05 2.017627257593800809e-04
1.200000000000000000e+01 -4.972124455969852141e-02 -9.508714208576958538e-02 2.192315793869509822e-05 2.206061764397942884e-04
1.300000000000000000e+01 -5.697006160844697575e-02 -1.376488332317626628e-01 2.370294792334165580e-05 2.448008304733714281e-04
1.400000000000000000e+01 -7.342185500620816707e-02 -1.611220618724823195e-01 2.573043724923615625e-05 2.679501587687787038e-04
1.500000000000000000e+01 -6.912263268425228313e-02 -1.561166106243009888e-01 2.778228374531182900e-05 2.842133009055971085e-04
1.600000000000000000e+01 -4.923022932335639756e-02 -1.171025451578917853e-01 2.968559397951710629e-05 2.936656159635486958e-04
1.700000000000000000e+01 -1.919075422102796413e-02 -5.583345226684333085e-02 3.109942371480492966e-05 2.948624955353428586e-04
1.800000000000000000e+01 5.574864929970060716e-03 -4.516682472306080692e-04 3.209259822054494278e-05 2.859708234923259533e-04
1.900000000000000000e+01 1.628982221691922111e-02 1.370400218234990065e-02 3.400746827063417735e-05 2.690229065447375528e-04
2.000000000000000000e+01 6.296231558512556739e-03 -1.263388151914751276e-02 3.770083776939402707e-05 2.500890254801883773e-04
2.100000000000000000e+01 -2.788614973059709221e-03 -3.497455789782704522e-02 4.155903161541179918e-05 2.318949324634280178e-04
2.200000000000000000e+01 -5.789890643625567566e-03 -3.237179376706850881e-02 4.348732115165085811e-05 2.123251934380181779e-04
2.300000000000000000e+01 -2.607720893319904164e-03 -1.558685327704757186e-02 4.321222996880812162e-05 1.902768357043797408e-04
2.400000000000000000e+01 2.056849885357721515e-03 1.762165202160231045e-03 4.150892900027079062e-05 1.681992859461619108e-04
2.500000000000000000e+01 7.196193238066147559e-03 1.597347641207581825e-02 3.925249182959632618e-05 1.497099444003008404e-04
2.600000000000000000e+01 1.453886033976197097e-02 3.119357344560385464e-02 3.703382712489773035e-05 1.364669829041324518e-04
2.700000000000000000e+01 2.536928556494180698e-02 5.063450203704360220e-02 3.513633719218691603e-05 1.279377296606128329e-04
2.800000000000000000e+01 3.786450659502246796e-02 7.211202043281482454e-02 3.357226427558218152e-05 1.226843899083948435e-04
2.900000000000000000e+01 4.583433027263820320e-02 9.082818886771648614e-02 3.224342943421938169e-05 1.194573548674110421e-04
3.000000000000000000e+01 5.395146612888011839e-02 1.036492282732669329e-01 3.103196564745269416e-05 1.172924599550057516e-04
3.100000000000000000e+01 5.684117668107467602e-02 1.097006839685356477e-01 2.986544714879022996e-05 1.156539838460424077e-04
3.200000000000000000e+01 5.656535453169726779e-02 1.089113655132232933e-01 2.873666252948339704e-05 1.142535721406635462e-04
3.300000000000000000e+01 5.335848253524945461e-02 1.019153726870358628e-01 2.766770267670210073e-05 1.128774928340047770e-04
3.400000000000000000e+01 4.982334881730322851e-02 9.063283278391080777e-02 2.670705284553222088e-05 1.114918726402455934e-04
3.500000000000000000e+01 4.257916037486070976e-02 7.789324539416782323e-02 2.590260022043146962e-05 1.100199446658731053e-04
3.600000000000000000e+01 3.708619669495258342e-02 6.599934938551685337e-02 2.527433058881701155e-05 1.084609779280435859e-04
3.700000000000000000e+01 3.318117365380815476e-02 5.623774228955803062e-02 2.480665595993958742e-05 1.068321725948447439e-04
3.800000000000000000e+01 2.927785451464255326e-02 4.856896914092567047e-02 2.446714245834710858e-05 1.051608399649466534e-04
3.900000000000000000e+01 2.495999976800952758e-02 4.205056122041427730e-02 2.422900059018172694e-05 1.033634735436720817e-04
4.000000000000000000e+01 2.046023761724916762e-02 3.619349762011091903e-02 2.405874714290294798e-05 1.014655031029080531e-04
4.100000000000000000e+01 1.651671328048583479e-02 3.081510742937031838e-02 2.390791977992634583e-05 9.946602244096380016e-05
4.200000000000000000e+01 1.356891175215066588e-02 2.603469298244641059e-02 2.372495974502040401e-05 9.731363729858789327e-05
4.300000000000000000e+01 1.186284937017501907e-02 2.193098444408150827e-02 2.344709706452948356e-05 9.488690859856448178e-05
4.400000000000000000e+01 9.966349831604550194e-03 1.868809408714150119e-02 2.302098893941033252e-05 9.212127715633764238e-05
4.500000000000000000e+01 9.371536252743901951e-03 1.615116722417673026e-02 2.241684556585487673e-05 8.890592031553679487e-05
4.600000000000000000e+01 8.961638468542561589e-03 1.417905510903589780e-02 2.165724696629029285e-05 8.529708825751804060e-05
4.700000000000000000e+01 9.128831912162323550e-03 1.266772747651622073e-02 2.082334787068776489e-05 8.156988675873891195e-05
