# freqs 	 pli 	 dpli 	 meanpower(thalamus)	 meanpower(scalp)	pli
8.000000000000000000e+00 -1.515961862262263891e-02 -4.430907138883085489e-02 4.700148407629253886e-05 4.846000102803368187e-04
9.000000000000000000e+00 -2.576778484794746069e-02 -7.359240664935934317e-02 5.165677883444898835e-05 4.359348918845632912e-04
1.000000000000000000e+01 -2.666774649182650225e-02 -5.599960684854396464e-02 5.582106014413571772e-05 3.281730235980770145e-04
1.100000000000000000e+01 -7.438933165472744018e-03 -1.811362235177731150e-02 5.586226614456598873e-05 2.810880911285827373e-04
1.200000000000000000e+01 1.576135765178136861e-02 6.681039634511444850e-03 5.286885358778317505e-05 2.586477273784396850e-04
1.300000000000000000e+01 2.697701984716198431e-02 2.153199755353357378e-02 4.944276455102870698e-05 2.396127187947959508e-04
1.400000000000000000e+01 2.799237182788626502e-02 2.448412340345162974e-02 4.662560755478790719e-05 2.184821570249860176e-04
1.500000000000000000e+01 2.138888085378381348e-02 1.958280378270070912e-02 4.445622228619298824e-05 1.971168693962854063e-04
1.600000000000000000e+01 1.993685214985718018e-02 2.415228267687166350e-02 4.277562523355538890e-05 1.780577274600270512e-04
1.700000000000000000e+01 2.046404384653612019e-02 3.309609720339775490e-02 4.142990939648849168e-05 1.614777204897697191e-04
1.800000000000000000e+01 1.938728774829667767e-02 3.394772307459292121e-02 4.034398171197044707e-05 1.474689012524589657e-04
1.900000000000000000e+01 1.710540856657373487e-02 2.806010599933039459e-02 3.950047059316789993e-05 1.366734389271386104e-04
2.000000000000000000e+01 1.542808142206877203e-02 2.404409118017677982e-02 3.883022982835189208e-05 1.287158877717268764e-04
2.100000000000000000e+01 1.639442672948231844e-02 2.516500489259836798e-02 3.829699490320799581e-05 1.225348022247972418e-04
2.200000000000000000e+01 1.734724674221644128e-02 2.787182910529913127e-02 3.788066936899843115e-05 1.172825452743908993e-04
2.300000000000000000e+01 1.837543615873037453e-02 2.794980947426085882e-02 3.756320072797205117e-05 1.127342054993119794e-04
2.400000000000000000e+01 1.541653038305448170e-02 2.493024597380173735e-02 3.731640260127837175e-05 1.089855314549086871e-04
2.500000000000000000e+01 1.431449333186392975e-02 2.064437207014479039e-02 3.711721888825189494e-05 1.059804519119333829e-04
2.600000000000000000e+01 1.042957937714087020e-02 1.624789613971470981e-02 3.692783052807312741e-05 1.036259238206699849e-04
2.700000000000000000e+01 8.302635260459200264e-03 1.164919093497596495e-02 3.671410012234623313e-05 1.019503936043878367e-04
2.800000000000000000e+01 5.796733359707156516e-03 6.898231200012562396e-03 3.645851451711413772e-05 1.007993004311694932e-04
2.900000000000000000e+01 4.145002175267793396e-03 3.244125840746759585e-03 3.617563152115099126e-05 1.000992343331082206e-04
3.000000000000000000e+01 3.723875074025660356e-03 2.035262641542943257e-03 3.586245560703033025e-05 9.971758610547683591e-05
3.100000000000000000e+01 4.687910671544138867e-03 3.523860164656581091e-03 3.552518046957408183e-05 9.966222701052529563e-05
3.200000000000000000e+01 4.842314956389349133e-03 6.535681934056319052e-03 3.516121971135725285e-05 9.988916065709342834e-05
3.300000000000000000e+01 6.718833331550944261e-03 9.646257962183329634e-03 3.477255662622286852e-05 1.003069682892268057e-04
3.400000000000000000e+01 8.491066977004625010e-03 1.233251039550457839e-02 3.437410394188228889e-05 1.009379254205101196e-04
3.500000000000000000e+01 9.913296213746695951e-03 1.460210921322899723e-02 3.397000040841559906e-05 1.016637268122780113e-04
3.600000000000000000e+01 1.081276570618800240e-02 1.687314620346417465e-02 3.357100869484071291e-05 1.024644667085549137e-04
3.700000000000000000e+01 1.150404752434407325e-02 1.926205781470076775e-02 3.318603247304787509e-05 1.032675348810396869e-04
3.800000000000000000e+01 1.291838848422132736e-02 2.161276452803952836e-02 3.282705990170326312e-05 1.040914918398130754e-04
3.900000000000000000e+01 1.525815044569282623e-02 2.338827472517433087e-02 3.249225422091097813e-05 1.048304651533986387e-04
4.000000000000000000e+01 1.558855101493836215e-02 2.447508551213568168e-02 3.217923779241900690e-05 1.055098707742394394e-04
4.100000000000000000e+01 1.479370014735378359e-02 2.487753114256574180e-02 3.187466786556608709e-05 1.060899268487790616e-04
4.200000000000000000e+01 1.443953616158639985e-02 2.474765819449759735e-02 3.154471860136399605e-05 1.064551990765822689e-04
4.300000000000000000e+01 1.312505299876986012e-02 2.422387978489963511e-02 3.112867205103404242e-05 1.063344755470755699e-04
4.400000000000000000e+01 1.261418876183856286e-02 2.356172742662122205e-02 3.056494825974177983e-05 1.056019161046021381e-04
4.500000000000000000e+01 1.149587651106497715e-02 2.281887829849585034e-02 2.981255796211890267e-05 1.040601124903762565e-04
4.600000000000000000e+01 1.124073164258164274e-02 2.209408609972770762e-02 2.889718194131713644e-05 1.017941428351821262e-04
4.700000000000000000e+01 1.118054309616565295e-02 2.148109150809672172e-02 2.792995175557610760e-05 9.917768098732451668e-05
