# freqs 	 pli 	 dpli 	 meanpower(thalamus)	 meanpower(scalp)	pli
8.000000000000000000e+00 7.632818011717432127e-02 1.378759995043309650e-01 7.078092655725601984e-05 2.442686277368586551e-04
9.000000000000000000e+00 4.306504704142973677e-02 5.953431579245960920e-02 6.424980998463310461e-05 2.327469781397414146e-04
1.000000000000000000e+01 -5.227265784891712425e-03 -2.905043452274747029e-02 5.960429278286305185e-05 2.163243485704924546e-04
1.100000000000000000e+01 -2.911296378891671879e-02 -7.069102777946961735e-02 5.619632442969257875e-05 2.001876835829815876e-04
1.200000000000000000e+01 -2.729238523797558949e-02 -6.687599017289304337e-02 5.332680188447141235e-05 1.830133999652894489e-04
1.300000000000000000e+01 -2.174801733300629411e-02 -4.467896955878052773e-02 5.113530944660438552e-05 1.671618400703312856e-04
1.400000000000000000e+01 -2.091233988559423884e-02 -3.174001082509322891e-02 4.928352998524913002e-05 1.542117668063680677e-04
1.500000000000000000e+01 -1.849416078759615750e-02 -3.070930535046359489e-02 4.821042371563881597e-05 1.451338021240628168e-04
1.600000000000000000e+01 -1.830626509520111300e-02 -3.484684857310270389e-02 4.764140595675042726e-05 1.390548933648660522e-04
1.700000000000000000e+01 -1.582265585984104356e-02 -3.744873780163308213e-02 4.734674576744292104e-05 1.343033892612729594e-04
1.800000000000000000e+01 -1.660935113003634070e-02 -3.494700483291851567e-02 4.718670178235673973e-05 1.306516958160692523e-04
1.900000000000000000e+01 -1.215963712295753917e-02 -2.759695320383009562e-02 4.707697235688707997e-05 1.279910216563689333e-04
2.000000000000000000e+01 -1.119753550143860223e-02 -1.884135102927166419e-02 4.693332999585134998e-05 1.256931302052273687e-04
2.100000000000000000e+01 -9.254618325014327129e-03 -1.477582248349279710e-02 4.675267179256226873e-05 1.235573208546561540e-04
2.200000000000000000e+01 -8.000665540415981616e-03 -1.599734512621903831e-02 4.652100534106377692e-05 1.215201586653501476e-04
2.300000000000000000e+01 -1.213242659872457337e-02 -1.976437250248916366e-02 4.627828677315505421e-05 1.192623553394321384e-04
2.400000000000000000e+01 -1.509742330129189118e-02 -2.262334137645703042e-02 4.600113069444677650e-05 1.168267112380203112e-04
2.500000000000000000e+01 -1.090382984510253166e-02 -2.225416055664026366e-02 4.568442349806565474e-05 1.143813896717858883e-04
2.600000000000000000e+01 -1.150178446664274802e-02 -1.938929068968365046e-02 4.539030032886356205e-05 1.121388920598250725e-04
2.700000000000000000e+01 -9.059856971483960797e-03 -1.622311853851974781e-02 4.511375400501565727e-05 1.100862544574019971e-04
2.800000000000000000e+01 -8.767120702426503889e-03 -1.405115826160966384e-02 4.485142465188051477e-05 1.082473061141439434e-04
2.900000000000000000e+01 -7.140559301359149756e-03 -1.349418929667210720e-02 4.462032617191077270e-05 1.066222753008451868e-04
3.000000000000000000e+01 -6.750153755598401611e-03 -1.468141149573430962e-02 4.442414116530497733e-05 1.051771247137711429e-04
3.100000000000000000e+01 -9.185472995275233837e-03 -1.722088613728815776e-02 4.424107859555225891e-05 1.039134929561443351e-04
3.200000000000000000e+01 -1.116898104497763590e-02 -2.030346900359570467e-02 4.407712223105678345e-05 1.028483295207085731e-04
3.300000000000000000e+01 -1.102344686110343780e-02 -2.318991526780666418e-02 4.392730904839181898e-05 1.019781573319576478e-04
3.400000000000000000e+01 -1.105670673949207643e-02 -2.521758047011222331e-02 4.378329232158080470e-05 1.012775669494590184e-04
3.500000000000000000e+01 -1.282149147731288623e-02 -2.567811443226274484e-02 4.363939143926239906e-05 1.007081849506126172e-04
3.600000000000000000e+01 -1.305461377980728088e-02 -2.426701787014420159e-02 4.348053880680840508e-05 1.002232843764150951e-04
3.700000000000000000e+01 -1.137785482776814718e-02 -2.145662592691009382e-02 4.331031167988028650e-05 9.975765092861484280e-05
3.800000000000000000e+01 -6.546635594481610074e-03 -1.825636150989383769e-02 4.312845898871780576e-05 9.927093372754595534e-05
3.900000000000000000e+01 -3.317190051820498656e-03 -1.545562551562716311e-02 4.294150886689338025e-05 9.874653249955713679e-05
4.000000000000000000e+01 -3.057810223652402369e-03 -1.328341701918552518e-02 4.275081991680159695e-05 9.820745245170891483e-05
4.100000000000000000e+01 -2.613935969868173143e-03 -1.148928892759210237e-02 4.254097967436019944e-05 9.763823642586241087e-05
4.200000000000000000e+01 -3.503340931280475232e-03 -9.754523833603230901e-03 4.226838580412147449e-05 9.698022603174930349e-05
4.300000000000000000e+01 -6.314675524347795714e-03 -8.045119777770557909e-03 4.185150466676015326e-05 9.605447912027329394e-05
4.400000000000000000e+01 -7.354145603045587724e-03 -6.462582763762264940e-03 4.119241597130903501e-05 9.466940420378521350e-05
4.500000000000000000e+01 -6.847787105828667155e-03 -5.347316418424512448e-03 4.023784093867644265e-05 9.264909036801598110e-05
4.600000000000000000e+01 -5.733560718144480040e-03 -5.006884489389665585e-03 3.902736241435560339e-05 9.001261496267817027e-05
4.700000000000000000e+01 -6.443355965538820340e-03 -5.629738654206763865e-03 3.770994167625016141e-05 8.705017051214949985e-05
