# freqs 	 pli 	 dpli 	 meanpower(thalamus)	 meanpower(scalp)	pli
8.000000000000000000e+00 -2.362262433315460639e-02 -5.090856833713910956e-02 3.333805396757364011e-05 1.552469433111569402e-04
9.000000000000000000e+00 -1.047824190468670718e-03 2.794913577953628270e-02 3.112385023241546475e-05 1.277438409759512714e-04
1.000000000000000000e+01 7.497710523627915645e-03 6.305619803079992591e-02 3.460026775859166001e-05 1.139108117230632215e-04
1.100000000000000000e+01 -5.022794726027107921e-03 4.918077045368344363e-02 3.975038392493882792e-05 1.113711390333034940e-04
1.200000000000000000e+01 -3.501872914437634959e-02 -3.675466010962610223e-03 3.859195545534039869e-05 1.152707592591089799e-04
1.300000000000000000e+01 -6.605626172183154399e-02 -1.053739262270540905e-01 3.379893618990157251e-05 1.248265435963562156e-04
1.400000000000000000e+01 -9.220282116786572557e-02 -2.264015034118399272e-01 3.003460472852085726e-05 1.306615664881364170e-04
1.500000000000000000e+01 -1.017969166478557702e-01 -2.851954629804603902e-01 2.789165454864951841e-05 1.233710907881711112e-04
1.600000000000000000e+01 -8.841929667143239024e-02 -2.619741572679787911e-01 2.662697974658863643e-05 1.069179640300810437e-04
1.700000000000000000e+01 -6.928779835237718066e-02 -1.945902628100440179e-01 2.585761074716470186e-05 9.031191015504326112e-05
1.800000000000000000e+01 -5.057262389691966065e-02 -1.307619748496146039e-01 2.547761066906723438e-05 7.850493111330507584e-05
1.900000000000000000e+01 -3.803499686469044572e-02 -8.984515695366140919e-02 2.551530116265039264e-05 7.150476637196802765e-05
2.000000000000000000e+01 -2.803083110304094294e-02 -6.434551679829869641e-02 2.602440815738624286e-05 6.721890353124631429e-05
2.100000000000000000e+01 -1.959230149225881998e-02 -4.492242285959174158e-02 2.681624679816150942e-05 6.383001802805242982e-05
2.200000000000000000e+01 -1.200510250304762626e-02 -2.947827560608811195e-02 2.753506226299381923e-05 6.053645075106551914e-05
2.300000000000000000e+01 -8.808623917409859685e-03 -1.884897579894848768e-02 2.789563853767392115e-05 5.735074500829844555e-05
2.400000000000000000e+01 -9.246901556280927650e-03 -1.291566195334438276e-02 2.786048345964834330e-05 5.454723432729634107e-05
2.500000000000000000e+01 -8.773137806812957018e-03 -1.040094335290254503e-02 2.761230528303228518e-05 5.228218818632944661e-05
2.600000000000000000e+01 -5.639869156105000933e-03 -9.384475976118281451e-03 2.735550732421332775e-05 5.050911257713497213e-05
2.700000000000000000e+01 -3.928808718297274738e-03 -8.352781906203990414e-03 2.721238922454195328e-05 4.906097445336764831e-05
2.800000000000000000e+01 -2.541920887389239377e-03 -6.902898242437795727e-03 2.720766796542629318e-05 4.778797810194345471e-05
2.900000000000000000e+01 -1.637400916631500530e-03 -5.725385567084297425e-03 2.732386107328813431e-05 4.661579349286298918e-05
3.000000000000000000e+01 -1.802158735393363277e-03 -5.515507858077250969e-03 2.752361514450869250e-05 4.552918317795684959e-05
3.100000000000000000e+01 -3.299761996580215500e-03 -6.142226259139993948e-03 2.777270106071899979e-05 4.453313891541709466e-05
3.200000000000000000e+01 -4.681638472350020327e-03 -6.830177513752675594e-03 2.804898437688833126e-05 4.363150022260865155e-05
3.300000000000000000e+01 -4.480948101391633159e-03 -6.923556730474161175e-03 2.832900408256916838e-05 4.282745779156419362e-05
3.400000000000000000e+01 -3.105572291627009453e-03 -6.295715354559134995e-03 2.859498817211148446e-05 4.211530537721488814e-05
3.500000000000000000e+01 -2.047768291117621486e-03 -5.384003801672694427e-03 2.884819090984921421e-05 4.147814947104063192e-05
3.600000000000000000e+01 -2.096418467476717125e-03 -4.641631272355535055e-03 2.909131795881014611e-05 4.091658432908441948e-05
3.700000000000000000e+01 -2.112070954600390234e-03 -4.331035139653025695e-03 2.932694951072182176e-05 4.041675372477945594e-05
3.800000000000000000e+01 -3.100271209384130623e-03 -4.446191175448162454e-03 2.955659417867872825e-05 3.996424499758934669e-05
3.900000000000000000e+01 -3.388640134424637709e-03 -4.852399241107880484e-03 2.978666755097850348e-05 3.954157541986732621e-05
4.000000000000000000e+01 -2.858989193485973052e-03 -5.375043140566108588e-03 3.001326303962627978e-05 3.914679108076144534e-05
4.100000000000000000e+01 -3.025720338353073396e-03 -5.898989387826112686e-03 3.021627811741621589e-05 3.875762869881221677e-05
4.200000000000000000e+01 -3.342228917522649043e-03 -6.371770724784853353e-03 3.035033332347436772e-05 3.832806074974369882e-05
4.300000000000000000e+01 -3.749334355925271027e-03 -6.808076346989750012e-03 3.035178608080424083e-05 3.778375715215215362e-05
4.400000000000000000e+01 -4.284917676752854343e-03 -7.154828748617534512e-03 3.015184752729209764e-05 3.705339639763900966e-05
4.500000000000000000e+01 -4.896059960870394884e-03 -7.422370640562917128e-03 2.971253417938914739e-05 3.608873828451153942e-05
4.600000000000000000e+01 -5.117433055793682399e-03 -7.573045095574759515e-03 2.906467876843214500e-05 3.491427159896982066e-05
4.700000000000000000e+01 -4.467292472477861834e-03 -7.569933369792022568e-03 2.832842924848440704e-05 3.364741728055208330e-05
