# freqs 	 pli 	 dpli 	 meanpower(thalamus)	 meanpower(scalp)	pli
8.000000000000000000e+00 1.838911523456496569e-02 4.064854763335644383e-02 5.628451676903140771e-05 1.746334751634912562e-04
9.000000000000000000e+00 1.857903483281207312e-03 2.498934887628550053e-03 5.439783314821759248e-05 1.492733488218482021e-04
1.000000000000000000e+01 -1.134830745851180510e-02 -2.277007521415787272e-02 5.362845821634937396e-05 1.262343941230242535e-04
1.100000000000000000e+01 -9.842343660725540178e-03 -1.723932834532716785e-02 5.223674346817681273e-05 1.116840801118427747e-04
1.200000000000000000e+01 2.427718843243109332e-04 3.644206914756801217e-03 4.980665691978703808e-05 1.024548647420736342e-04
1.300000000000000000e+01 4.923576608276902626e-03 1.636323540731403695e-02 4.808593387160038245e-05 9.699959057793895343e-05
1.400000000000000000e+01 6.065691856831534334e-03 2.087310482802656394e-02 4.747576751788054513e-05 9.378048988147979614e-05
1.500000000000000000e+01 8.565417141726929320e-03 2.385001853747270931e-02 4.740233087699295716e-05 9.134907357769620460e-05
1.600000000000000000e+01 1.167149613806444178e-02 2.674036136812057290e-02 4.757684106406831893e-05 8.933262076144982979e-05
1.700000000000000000e+01 1.189242061142863245e-02 2.913455978706351590e-02 4.780950371434574271e-05 8.781519321845501476e-05
1.800000000000000000e+01 1.330971075766726984e-02 3.029916264945265586e-02 4.812697561378134439e-05 8.673735029559722308e-05
1.900000000000000000e+01 1.409513041206957897e-02 3.054528076889144808e-02 4.857209703512890305e-05 8.585571687513078760e-05
2.000000000000000000e+01 1.449088725696937377e-02 3.054575956265064354e-02 4.901832659778897162e-05 8.485978273686333015e-05
2.100000000000000000e+01 1.412090487231926032e-02 2.955463370221656991e-02 4.941176492722386198e-05 8.355215196117614807e-05
2.200000000000000000e+01 1.169362199066720058e-02 2.541696641412246466e-02 4.978682899369951323e-05 8.190554947383695049e-05
2.300000000000000000e+01 7.487433952281193072e-03 1.287278459029753304e-02 5.027571321982406334e-05 8.012056465877356751e-05
2.400000000000000000e+01 -5.036017380416703618e-03 -1.367735303913302641e-02 5.106593629087263900e-05 7.835771779505183981e-05
2.500000000000000000e+01 -2.063360831826898875e-02 -4.892126417774301378e-02 5.216414078514649102e-05 7.660477547652702818e-05
2.600000000000000000e+01 -3.242135849513700513e-02 -7.575808377707643482e-02 5.331072693405644359e-05 7.475366509501348120e-05
2.700000000000000000e+01 -3.317100582975028578e-02 -8.059640623422806294e-02 5.431129122430355873e-05 7.271333249012788466e-05
2.800000000000000000e+01 -2.489142406864559842e-02 -6.402674265707772316e-02 5.525126083666035250e-05 7.056135008365447983e-05
2.900000000000000000e+01 -1.279206171790747519e-02 -3.695853195053731832e-02 5.643188142471264568e-05 6.851330860155218955e-05
3.000000000000000000e+01 2.385644420413402195e-04 -1.058298240675747265e-02 5.807732204137173250e-05 6.671762356993749855e-05
3.100000000000000000e+01 8.848944472078922041e-03 9.619758276110727119e-03 6.010778032798067715e-05 6.524942722112566187e-05
3.200000000000000000e+01 1.410250986008172204e-02 2.327282020158465831e-02 6.213849038275592082e-05 6.408292826495918962e-05
3.300000000000000000e+01 1.762979396264972853e-02 3.187654783093070432e-02 6.367971244426528328e-05 6.315511248795806329e-05
3.400000000000000000e+01 1.983192845348868277e-02 3.682626079536011759e-02 6.436782581893506086e-05 6.241435874934056667e-05
3.500000000000000000e+01 2.054111435375820249e-02 3.893396492891492561e-02 6.408278983893874684e-05 6.181184663382361679e-05
3.600000000000000000e+01 1.958266269318139491e-02 3.886999040258876797e-02 6.294619261384507025e-05 6.135736719567252495e-05
3.700000000000000000e+01 1.811129525035551358e-02 3.743432560615269494e-02 6.122735276559376988e-05 6.103881002822771496e-05
3.800000000000000000e+01 1.753541420700599485e-02 3.545502606606977525e-02 5.923492605656780326e-05 6.085045361228479392e-05
3.900000000000000000e+01 1.719649925476959829e-02 3.370534210376693873e-02 5.723362186795965970e-05 6.076377683933637582e-05
4.000000000000000000e+01 1.702782428588376501e-02 3.262235886229931936e-02 5.540161803952319176e-05 6.074770907648244602e-05
4.100000000000000000e+01 1.607407987501367069e-02 3.232012720843176201e-02 5.380640536947782553e-05 6.075160722197175538e-05
4.200000000000000000e+01 1.597952092653144932e-02 3.263967161531956818e-02 5.240797240275029583e-05 6.068505677514541592e-05
4.300000000000000000e+01 1.654996964920257482e-02 3.326809745507855465e-02 5.108977995341174993e-05 6.039634794869890852e-05
4.400000000000000000e+01 1.740623733611867258e-02 3.399865197532583178e-02 4.970120484523095789e-05 5.975270519203384307e-05
4.500000000000000000e+01 1.840721014311170328e-02 3.462372607490487447e-02 4.813165210749522407e-05 5.865446767893289797e-05
4.600000000000000000e+01 1.903424523412674402e-02 3.507224237184271981e-02 4.637924681199909253e-05 5.714180993109407608e-05
4.700000000000000000e+01 2.018725501088067947e-02 3.536590513555774168e-02 4.458178303458951955e-05 5.542869061520986810e-05
