# freqs 	 pli 	 dpli 	 meanpower(thalamus)	 meanpower(scalp)	pli
8.000000000000000000e+00 1.057787500399195169e-01 2.782763596709090792e-01 1.240950894107298883e-04 5.932032951183220789e-04
9.000000000000000000e+00 5.120674243391648561e-02 1.218411886620846818e-01 1.101241783948390398e-04 4.045695615706549090e-04
1.000000000000000000e+01 3.589723130934333040e-02 8.106346244428952463e-02 1.019406884935247277e-04 2.957061593061582352e-04
1.100000000000000000e+01 2.039725590299936234e-02 3.799951361610543615e-02 9.535722051054428808e-05 2.515572794124596042e-04
1.200000000000000000e+01 1.547246857653289051e-03 -1.069953778910641071e-02 9.102463255074244532e-05 2.321192431893670592e-04
1.300000000000000000e+01 1.928965583234984460e-02 2.030675207822962500e-02 8.814070522092594710e-05 2.245284765475144919e-04
1.400000000000000000e+01 4.170719650460046751e-02 6.001088532726420177e-02 8.597974924247246480e-05 2.182203584672221409e-04
1.500000000000000000e+01 4.813610127873975408e-02 7.053259562453255416e-02 8.382059397393365745e-05 2.042406745748651879e-04
1.600000000000000000e+01 2.950179354324431943e-02 5.296940058015636027e-02 8.171474617411553492e-05 1.848897440116632166e-04
1.700000000000000000e+01 2.273995313321961961e-02 2.791917485360955950e-02 8.058016997151169617e-05 1.649734710384641550e-04
1.800000000000000000e+01 1.573259372609028470e-02 4.636722169020006563e-03 7.959186405206994191e-05 1.481392473673314922e-04
1.900000000000000000e+01 4.080266492405284877e-03 -1.584076399951183517e-02 7.830999261604373418e-05 1.357999469840708365e-04
2.000000000000000000e+01 -2.765160570563391686e-03 -2.238730003211338374e-02 7.723865477034403142e-05 1.268079589358422660e-04
2.100000000000000000e+01 -1.295638177500836596e-02 -1.638980973456272139e-02 7.682186678192327032e-05 1.189886947890700473e-04
2.200000000000000000e+01 -1.537799592044874998e-03 -9.049135389612640579e-03 7.717032447962180939e-05 1.112321590430808376e-04
2.300000000000000000e+01 4.549438291769580117e-03 3.954789344327439070e-04 7.803364866840630497e-05 1.036582207802156996e-04
2.400000000000000000e+01 1.601389464291404913e-02 1.942060786759764596e-02 7.965375612320703326e-05 9.645706717168103371e-05
2.500000000000000000e+01 3.431271012252832403e-02 4.764362153679862349e-02 8.285821609824098463e-05 8.971513531674448090e-05
2.600000000000000000e+01 4.420598123098003901e-02 8.366048120573545133e-02 8.907782922876990642e-05 8.351921099225095802e-05
2.700000000000000000e+01 5.232132046012172299e-02 1.315172418899289153e-01 9.859969965287390821e-05 7.811817543371403732e-05
2.800000000000000000e+01 5.502007392301809519e-02 1.872647967032047278e-01 1.091354492394269130e-04 7.351844996507179086e-05
2.900000000000000000e+01 5.985343316871116759e-02 2.363373308588296029e-01 1.172156160035610351e-04 6.955766673646494598e-05
3.000000000000000000e+01 6.264835672523935695e-02 2.632915890645388113e-01 1.204049131393269506e-04 6.597803370883780188e-05
3.100000000000000000e+01 6.472527997706020719e-02 2.612786548208734239e-01 1.183767666281760949e-04 6.263237262307034495e-05
3.200000000000000000e+01 6.027877339705296766e-02 2.343690493459863744e-01 1.123899908229826857e-04 5.950655349050499774e-05
3.300000000000000000e+01 5.101471900089205730e-02 1.929030217949978532e-01 1.043930915325340359e-04 5.665009048887190368e-05
3.400000000000000000e+01 4.044410462263850481e-02 1.476955635358255525e-01 9.613345892330587433e-05 5.410963736044796806e-05
3.500000000000000000e+01 3.182592905270870826e-02 1.075774765389360399e-01 8.878835694923617797e-05 5.188550305704373679e-05
3.600000000000000000e+01 2.655304237018158570e-02 7.681263474865174246e-02 8.296249518428305987e-05 4.994997420022720126e-05
3.700000000000000000e+01 2.344658415762730652e-02 5.527749765099439216e-02 7.865924973855675946e-05 4.829259500445552754e-05
3.800000000000000000e+01 2.049121577497093130e-02 4.081102754442551828e-02 7.557363750156113273e-05 4.687998807348581947e-05
3.900000000000000000e+01 1.522680937818552543e-02 3.112965034184578955e-02 7.340772377864050670e-05 4.565050975971002767e-05
4.000000000000000000e+01 1.518674842717209449e-02 2.441197900412139452e-02 7.186264907307647945e-05 4.454716805987895298e-05
4.100000000000000000e+01 1.315579906348549044e-02 1.964870730931368714e-02 7.067254226419673836e-05 4.353096339352782024e-05
4.200000000000000000e+01 1.339449249048369969e-02 1.622154097580413845e-02 6.962182111324299470e-05 4.254303028948815102e-05
4.300000000000000000e+01 1.226368515775558624e-02 1.373218533279700788e-02 6.846972989912669194e-05 4.150185476273655769e-05
4.400000000000000000e+01 1.372077467031916978e-02 1.193780153536020891e-02 6.699832421441181236e-05 4.029815040875445430e-05
4.500000000000000000e+01 1.319498638296516882e-02 1.056776961257797041e-02 6.509659739136065121e-05 3.886061612912918587e-05
4.600000000000000000e+01 9.531772575250835669e-03 9.511527855696364983e-03 6.280362046153146571e-05 3.720487109745653534e-05
4.700000000000000000e+01 1.162586994951505691e-03 8.810400011819496252e-03 6.034246863316085449e-05 3.545570185938031876e-05
