# freqs 	 pli 	 dpli 	 meanpower(thalamus)	 meanpower(scalp)	pli
8.000000000000000000e+00 6.107713333326158373e-02 1.367558316098631266e-01 1.206065344517381454e-04 2.711591089599918914e-04
9.000000000000000000e+00 7.880426819905707314e-02 1.923935320768319079e-01 1.145844327138198802e-04 2.761337564585050145e-04
1.000000000000000000e+01 1.102517495423613464e-01 2.534459200352505714e-01 1.164962646119867452e-04 3.196608384522304277e-04
1.100000000000000000e+01 9.936196961678427086e-02 2.124643080989453703e-01 1.202456737062663908e-04 3.738489104617945822e-04
1.200000000000000000e+01 3.840397167549414875e-02 1.054683532211711933e-01 1.179739750194024728e-04 3.869496281861615474e-04
1.300000000000000000e+01 -3.177041436322248363e-02 -2.561767882544101205e-02 1.127839376466635942e-04 3.690997529875102460e-04
1.400000000000000000e+01 -8.217316276352168436e-02 -1.318642771392256885e-01 1.071766986752960629e-04 3.393448720308975741e-04
1.500000000000000000e+01 -9.737398393563688470e-02 -1.754947747505310462e-01 1.009568886097610103e-04 3.004285931243078512e-04
1.600000000000000000e+01 -8.663553780935284720e-02 -1.680079688023573270e-01 9.489170831121731989e-05 2.615147154684871532e-04
1.700000000000000000e+01 -6.644468743092045437e-02 -1.367029547810469647e-01 8.964840110168882930e-05 2.310938312494162014e-04
1.800000000000000000e+01 -4.520473704366204798e-02 -9.327809346154648795e-02 8.517939663213180696e-05 2.095797370349759044e-04
1.900000000000000000e+01 -2.175486920187117215e-02 -4.259302591954621658e-02 8.121375790038334516e-05 1.939996279813351293e-04
2.000000000000000000e+01 -2.196016192204791595e-04 5.054723514947366547e-03 7.772984640161246747e-05 1.819831184678279232e-04
2.100000000000000000e+01 1.471780401695712941e-02 3.766134948332432869e-02 7.466902860980868123e-05 1.717085025488262735e-04
2.200000000000000000e+01 2.149573349534318611e-02 5.132643480998772684e-02 7.179847554020728868e-05 1.617233974998234314e-04
2.300000000000000000e+01 2.132626799697210848e-02 5.159564606505250700e-02 6.883922989267759020e-05 1.513478131526856476e-04
2.400000000000000000e+01 1.929778836053161820e-02 4.539296832108034863e-02 6.574737085416143220e-05 1.407908539731898910e-04
2.500000000000000000e+01 1.542507898914017780e-02 3.650413406509941949e-02 6.274155828749498399e-05 1.307202311422592180e-04
2.600000000000000000e+01 1.126358245007721276e-02 2.704960981159278827e-02 6.003137513257563265e-05 1.217136455894416656e-04
2.700000000000000000e+01 8.435793284058723182e-03 1.886791329576889553e-02 5.768743333430126097e-05 1.139492164444901821e-04
2.800000000000000000e+01 6.772095860689417851e-03 1.303472246122064707e-02 5.567652268688684178e-05 1.073594613524619029e-04
2.900000000000000000e+01 5.419532037526051185e-03 9.505496634451481366e-03 5.396997742999192909e-05 1.017947665031232831e-04
3.000000000000000000e+01 3.656252373201704809e-03 7.576761478609367849e-03 5.252365473864749302e-05 9.711936388743678747e-05
3.100000000000000000e+01 3.072128215058055490e-03 6.673364484831142453e-03 5.129891514956090440e-05 9.324743017036266578e-05
3.200000000000000000e+01 3.392598865167567070e-03 6.709509138194367193e-03 5.025936844177916236e-05 9.008294442319479569e-05
3.300000000000000000e+01 4.603775377787889568e-03 7.809985598854353450e-03 4.936596739510405892e-05 8.752490048205180981e-05
3.400000000000000000e+01 6.207489749845741984e-03 9.807148265467836856e-03 4.858681936328776126e-05 8.546762506447263424e-05
3.500000000000000000e+01 8.876534786169634761e-03 1.202783391891088134e-02 4.789459168329311244e-05 8.376280670953726714e-05
3.600000000000000000e+01 1.016360965576701414e-02 1.371967662807462192e-02 4.726511732474782650e-05 8.224317541853717742e-05
3.700000000000000000e+01 1.078222397665870233e-02 1.444667981553038848e-02 4.667983916129708912e-05 8.074081576432982823e-05
3.800000000000000000e+01 1.048639771193236175e-02 1.425693759097215046e-02 4.612332598630393513e-05 7.913953956876136370e-05
3.900000000000000000e+01 9.440214563400085857e-03 1.343516758587512579e-02 4.558775556231275033e-05 7.739891728796525073e-05
4.000000000000000000e+01 8.575821651002435084e-03 1.237242830908351354e-02 4.506832980761059338e-05 7.555876682133620312e-05
4.100000000000000000e+01 7.672167999026123682e-03 1.137955226309913213e-02 4.454825485423734451e-05 7.367549074594514414e-05
4.200000000000000000e+01 6.579383300123755988e-03 1.067600861172636299e-02 4.398106210119333298e-05 7.176193411809220983e-05
4.300000000000000000e+01 5.858317998478587176e-03 1.035909381467722823e-02 4.329071852997544163e-05 6.975875948785433987e-05
4.400000000000000000e+01 6.039732989159109569e-03 1.047399836072426989e-02 4.239037869628663565e-05 6.757049510892554280e-05
4.500000000000000000e+01 6.443276477301381963e-03 1.094870359992533744e-02 4.122558346143848491e-05 6.510978942910799680e-05
4.600000000000000000e+01 6.903320917935926171e-03 1.169825874438330283e-02 3.982518087025980845e-05 6.239917197321307829e-05
4.700000000000000000e+01 7.182299882325969727e-03 1.264175777791891678e-02 3.832733317346321156e-05 5.961729677269202149e-05
