# freqs 	 pli 	 dpli 	 meanpower(thalamus)	 meanpower(scalp)	pli
8.000000000000000000e+00 1.978814335218576428e-02 6.379324931942104149e-02 3.300514472835831250e-05 9.641483073165981528e-05
9.000000000000000000e+00 1.239913402873450178e-02 5.472892417630988854e-02 3.361898241635040744e-05 9.128720729282741616e-05
1.000000000000000000e+01 -7.584045721700897157e-03 3.953948061102904518e-03 3.866229338991024323e-05 8.779616889370698738e-05
1.100000000000000000e+01 -1.356456103190017623e-02 -1.249390817861251307e-01 4.277113833238381101e-05 8.475603730047795935e-05
1.200000000000000000e+01 -6.102376460932030892e-03 -1.344849948374732818e-01 4.068077552137632809e-05 8.260122996690171318e-05
1.300000000000000000e+01 -1.250478367448258805e-02 -7.889115053273197675e-02 3.674160642268761170e-05 8.116997187982261358e-05
1.400000000000000000e+01 -1.937122786699342625e-02 -8.344933050368849581e-02 3.477144650806433069e-05 7.966342147072758061e-05
1.500000000000000000e+01 -1.676735234012344256e-02 -8.643974499353464236e-02 3.386938554371997996e-05 7.710498148147686050e-05
1.600000000000000000e+01 -6.212250157631971602e-03 -5.396280055550106008e-02 3.285085927659960709e-05 7.395009107343956988e-05
1.700000000000000000e+01 3.742924958919116325e-03 -4.098661187420526986e-03 3.195851678244155487e-05 7.099377216973115341e-05
1.800000000000000000e+01 1.907280456941307448e-02 4.071087858677794463e-02 3.150276938585026137e-05 6.887422579364935345e-05
1.900000000000000000e+01 2.783142208450248289e-02 6.969157177476283105e-02 3.148856891179019612e-05 6.735718244038292255e-05
2.000000000000000000e+01 2.866494546713005409e-02 7.982418670498457602e-02 3.186892386269824429e-05 6.584775279418363298e-05
2.100000000000000000e+01 2.680745681652089291e-02 7.198879772007998890e-02 3.264740751749488178e-05 6.408452648699654189e-05
2.200000000000000000e+01 1.751631691700427859e-02 4.323874165447578327e-02 3.390817872150802604e-05 6.220834756950288050e-05
2.300000000000000000e+01 9.208792589589933990e-05 -2.446242320230757744e-02 3.623335797545698607e-05 6.055772910034231196e-05
2.400000000000000000e+01 -3.127186358414333484e-02 -1.454588762371370192e-01 4.037003536633337132e-05 5.955446106873090329e-05
2.500000000000000000e+01 -6.423253024385248977e-02 -2.809238144943037585e-01 4.605359843746233936e-05 5.928159951294557082e-05
2.600000000000000000e+01 -8.449197860962566475e-02 -3.761423662882540375e-01 5.171180221127010250e-05 5.920124655107683430e-05
2.700000000000000000e+01 -9.869939697515373034e-02 -4.184460864144334269e-01 5.548050052093448351e-05 5.851085430671254447e-05
2.800000000000000000e+01 -1.052508871921711969e-01 -4.182237250247551885e-01 5.638354278602824665e-05 5.681649372212568914e-05
2.900000000000000000e+01 -1.019241373555520580e-01 -3.863540280683161465e-01 5.456237155918770447e-05 5.431631405746262567e-05
3.000000000000000000e+01 -8.721290829840074033e-02 -3.306474110772887887e-01 5.091819716835949573e-05 5.155280685202616095e-05
3.100000000000000000e+01 -6.693848410169069008e-02 -2.593244816422913268e-01 4.654893098973991933e-05 4.902047734930110672e-05
3.200000000000000000e+01 -4.389852857313654433e-02 -1.833352348098879481e-01 4.236567801347405779e-05 4.695624262586688255e-05
3.300000000000000000e+01 -2.298806086456164216e-02 -1.143490794470877481e-01 3.890359399350450575e-05 4.538009397744487432e-05
3.400000000000000000e+01 -4.961663004261577040e-03 -6.027530001353053474e-02 3.633394079060070253e-05 4.420562219071627407e-05
3.500000000000000000e+01 4.454099724016103573e-03 -2.297003706623462760e-02 3.459681688031642009e-05 4.330968723463952491e-05
3.600000000000000000e+01 1.116889393807786977e-02 1.363726517053434194e-04 3.352985671754674812e-05 4.260444692006278022e-05
3.700000000000000000e+01 1.240177947174834865e-02 1.326313845280002388e-02 3.293706258869787590e-05 4.204857645530982505e-05
3.800000000000000000e+01 1.328162286038602272e-02 2.023643883147958553e-02 3.265505758955921148e-05 4.160359306612489768e-05
3.900000000000000000e+01 1.431656031073531322e-02 2.370331560137685020e-02 3.255888203853941128e-05 4.121565300112697112e-05
4.000000000000000000e+01 1.305727746521140493e-02 2.517715911235034187e-02 3.256190782896563611e-05 4.085371353280916235e-05
4.100000000000000000e+01 1.346446692869309771e-02 2.546872229131583176e-02 3.260033967732679978e-05 4.049300370619408380e-05
4.200000000000000000e+01 1.246323153236270076e-02 2.507009484267486502e-02 3.260600309531378583e-05 4.009204850885706882e-05
4.300000000000000000e+01 1.250966233627767710e-02 2.434549988230813936e-02 3.249581732602513758e-05 3.957448924622656401e-05
4.400000000000000000e+01 1.246286719028764749e-02 2.343346751980445591e-02 3.219298189274544817e-05 3.886008615132696177e-05
4.500000000000000000e+01 1.258287199001967976e-02 2.242312229366049195e-02 3.165259307078745481e-05 3.789657051615688408e-05
4.600000000000000000e+01 1.222656589199938408e-02 2.125391555440762914e-02 3.091222296723141388e-05 3.669031015723962259e-05
4.700000000000000000e+01 1.189779195757752379e-02 1.976936627724155959e-02 3.009593635234856493e-05 3.534376328929430205e-05
