# freqs 	 pli 	 dpli 	 meanpower(thalamus)	 meanpower(scalp)	pli
8.000000000000000000e+00 5.772563005549661945e-03 7.601543426017653982e-02 5.020149418190612654e-05 2.878179771373574089e-04
9.000000000000000000e+00 6.443494702056797030e-02 2.495481831740015699e-01 6.378743901055790506e-05 3.273360169572241563e-04
1.000000000000000000e+01 1.398088498221932152e-01 4.795276970316157961e-01 1.072322451302171290e-04 4.093644937842048285e-04
1.100000000000000000e+01 1.627237111092926236e-01 5.593480679678055623e-01 1.406367040715260700e-04 4.798264741551360900e-04
1.200000000000000000e+01 1.375038491427431342e-01 4.531409372102624955e-01 1.285300096266392932e-04 5.111781285831368043e-04
1.300000000000000000e+01 9.466814865817148317e-02 2.516126732407519273e-01 1.015638976399193752e-04 5.209448956533736970e-04
1.400000000000000000e+01 7.091285644831225865e-02 1.467421769661098052e-01 7.835584432968100484e-05 4.794532128341480025e-04
1.500000000000000000e+01 5.939912803625394672e-02 1.285146086535388921e-01 6.092903733128941904e-05 4.036654662144249133e-04
1.600000000000000000e+01 5.066278485324805791e-02 1.254366174513621701e-01 4.939102188792878829e-05 3.346774779456949782e-04
1.700000000000000000e+01 4.697019101254470974e-02 1.148201443005626432e-01 4.281922880451047184e-05 2.852449957386112836e-04
1.800000000000000000e+01 4.210188172231383447e-02 9.336362781972257219e-02 3.988633482140478394e-05 2.504520127599063248e-04
1.900000000000000000e+01 3.094186068943704723e-02 5.425149744951710679e-02 3.998668831675743202e-05 2.249101474826047011e-04
2.000000000000000000e+01 1.339499564456292542e-02 3.236796299519512175e-03 4.236283675990067257e-05 2.053532788394153946e-04
2.100000000000000000e+01 3.779079760928391227e-04 -3.786095749282430284e-02 4.491153837057174666e-05 1.892031509508041950e-04
2.200000000000000000e+01 -7.295283270484438296e-03 -5.506782028530409628e-02 4.562324729210110325e-05 1.749607966764056641e-04
2.300000000000000000e+01 -7.811223130055024860e-03 -4.944991963457835704e-02 4.413562677564949891e-05 1.620273493461193873e-04
2.400000000000000000e+01 -2.108728240975223534e-03 -2.991108169412133241e-02 4.138190537065176977e-05 1.502848841386037327e-04
2.500000000000000000e+01 4.797044395745187796e-03 -6.638623925171826916e-03 3.843230360356047841e-05 1.395904638095697540e-04
2.600000000000000000e+01 1.291669379227533727e-02 1.377889542085895119e-02 3.589667325069624402e-05 1.298023222505231020e-04
2.700000000000000000e+01 2.090245911283680411e-02 2.965863303925921415e-02 3.395511183878549549e-05 1.209434571402226731e-04
2.800000000000000000e+01 2.699879692194354086e-02 4.236028740689935096e-02 3.258122690667535277e-05 1.131219514820132040e-04
2.900000000000000000e+01 3.167474697801501288e-02 5.355478333314785122e-02 3.170269109503367393e-05 1.063684078724762809e-04
3.000000000000000000e+01 3.673091488759368944e-02 6.370851704772295676e-02 3.118274606914093588e-05 1.005786385146815559e-04
3.100000000000000000e+01 4.111587548654335039e-02 7.204834080009583919e-02 3.082331473727718108e-05 9.553989756884732551e-05
3.200000000000000000e+01 4.383637427600903247e-02 7.762989671163413041e-02 3.042625516188671628e-05 9.102013411467927491e-05
3.300000000000000000e+01 4.456722267033581125e-02 7.996999044478299290e-02 2.987455027048092714e-05 8.687522843233988154e-05
3.400000000000000000e+01 4.337901332011962624e-02 7.907172448034885393e-02 2.916168574812430823e-05 8.307242641609512211e-05
3.500000000000000000e+01 4.038316004221702976e-02 7.539022521361472828e-02 2.836325842438614786e-05 7.965113700856173617e-05
3.600000000000000000e+01 3.720265376580431105e-02 6.976526350399910037e-02 2.758466915178778463e-05 7.668490269189753524e-05
3.700000000000000000e+01 3.364787882177174005e-02 6.332887371094653162e-02 2.690168485312873829e-05 7.419228306172126269e-05
3.800000000000000000e+01 3.031146095112325148e-02 5.714783271523193181e-02 2.634706485635070479e-05 7.208616775358100580e-05
3.900000000000000000e+01 2.779112209320746402e-02 5.199302307862029709e-02 2.590522760756971399e-05 7.022643694025528687e-05
4.000000000000000000e+01 2.584058629583035546e-02 4.813254482110410765e-02 2.553633762202940145e-05 6.847653019902929280e-05
4.100000000000000000e+01 2.421310437821624223e-02 4.545603201488909728e-02 2.519384287585548028e-05 6.673222152419079341e-05
4.200000000000000000e+01 2.302976168492769718e-02 4.362096800141699454e-02 2.482872965645023018e-05 6.491967372878233733e-05
4.300000000000000000e+01 2.211844261783861912e-02 4.226406731875607253e-02 2.438607589663535093e-05 6.295779532404674700e-05
4.400000000000000000e+01 2.152482126845198934e-02 4.111686441951748622e-02 2.381679530367196223e-05 6.076685662133307891e-05
4.500000000000000000e+01 2.139739902662179255e-02 4.001566750553033069e-02 2.309629505898874740e-05 5.829372084431898115e-05
4.600000000000000000e+01 2.095679506258627325e-02 3.891283325266110121e-02 2.224908994670045124e-05 5.557808904013832209e-05
4.700000000000000000e+01 2.099839622918276208e-02 3.781824537847099793e-02 2.136083573146825741e-05 5.279163255676527170e-05
