# freqs 	 pli 	 dpli 	 meanpower(thalamus)	 meanpower(scalp)	pli
8.000000000000000000e+00 2.416771848788391505e-02 7.754475693305523665e-02 8.283787328904663354e-05 1.992892772754036284e-04
9.000000000000000000e+00 4.602661834747449193e-02 6.297544872322578813e-02 7.479927572866185354e-05 2.048130938538687742e-04
1.000000000000000000e+01 5.131219636289741093e-02 7.272216927126019803e-02 7.517770895132561235e-05 1.934058381739289540e-04
1.100000000000000000e+01 4.542403513949459792e-02 3.307817615580860987e-02 7.903810575492904950e-05 1.704300924060108552e-04
1.200000000000000000e+01 2.680174883882554052e-02 -4.388475168478119665e-02 8.025270270979501951e-05 1.507842004821175049e-04
1.300000000000000000e+01 1.179191844074381317e-02 -6.830367173379051082e-02 7.841478049779659974e-05 1.373234626283536619e-04
1.400000000000000000e+01 2.855457905731466003e-03 -6.875722187318922263e-02 7.373895873145032615e-05 1.283307169529424756e-04
1.500000000000000000e+01 -2.272966093418337698e-03 -6.441757216795335195e-02 6.795770199105771769e-05 1.222535047638933722e-04
1.600000000000000000e+01 -6.006163746938656886e-03 -5.278291548691923379e-02 6.328075424639738474e-05 1.180318155975812613e-04
1.700000000000000000e+01 -5.791981283773126390e-03 -3.338388822321534249e-02 6.026749037746566181e-05 1.153083200720667794e-04
1.800000000000000000e+01 -3.432256828594690539e-03 -1.420522489754165278e-02 5.840688624700613715e-05 1.138145705163512211e-04
1.900000000000000000e+01 1.447562566939043782e-03 7.542812211845454891e-04 5.714001491917501788e-05 1.128036873846671278e-04
2.000000000000000000e+01 3.454524403805092712e-03 1.219831974803765526e-02 5.615488352929619796e-05 1.117632510032898696e-04
2.100000000000000000e+01 6.561216307011641727e-03 1.916346446348037025e-02 5.542920271218559338e-05 1.104117339042956091e-04
2.200000000000000000e+01 5.509941160400590350e-03 2.109536259194347285e-02 5.488709084060086130e-05 1.084839462975818367e-04
2.300000000000000000e+01 5.048235141774176475e-03 1.982636715221219523e-02 5.436008704757742656e-05 1.058254071563550017e-04
2.400000000000000000e+01 5.551683811011338780e-03 1.799070250340383675e-02 5.383863498055521917e-05 1.024780063275144304e-04
2.500000000000000000e+01 6.857651181475192710e-03 1.678784153972404797e-02 5.334229895049799505e-05 9.863379205951553906e-05
2.600000000000000000e+01 7.716602438638932825e-03 1.567684516071839868e-02 5.282750326188050702e-05 9.457155315048095868e-05
2.700000000000000000e+01 6.211650761307902988e-03 1.387183824172059411e-02 5.225118727669276158e-05 9.048857517546716903e-05
2.800000000000000000e+01 5.911160293932069161e-03 1.110246777878565530e-02 5.158015325823397512e-05 8.658123121887042876e-05
2.900000000000000000e+01 5.288354513749285619e-03 7.374080455717856551e-03 5.085122227118515914e-05 8.292688275172645132e-05
3.000000000000000000e+01 2.934554537239220801e-03 2.744018208532621704e-03 5.012439752920909826e-05 7.953248278548250060e-05
3.100000000000000000e+01 1.188344630600673491e-03 -2.711001418783487264e-03 4.945010608541503195e-05 7.636842212039358262e-05
3.200000000000000000e+01 -5.203865673462512113e-04 -8.733624496107490753e-03 4.884228130012557883e-05 7.339443858909059184e-05
3.300000000000000000e+01 -2.475137330200256110e-03 -1.482362252159715593e-02 4.828275496019973260e-05 7.057218177556745921e-05
3.400000000000000000e+01 -5.000932008358337927e-03 -2.044136479464294526e-02 4.776931605883888681e-05 6.786601441614011976e-05
3.500000000000000000e+01 -6.763750627448014349e-03 -2.512519426875224268e-02 4.729140528831748551e-05 6.525844652808396253e-05
3.600000000000000000e+01 -7.844447488392532197e-03 -2.864652094385696998e-02 4.684085014221497917e-05 6.274724108533714646e-05
3.700000000000000000e+01 -8.023557987322174276e-03 -3.086216493917106132e-02 4.639964059960994587e-05 6.034656363791167442e-05
3.800000000000000000e+01 -9.049314068219391216e-03 -3.175674504792447284e-02 4.597133393547207916e-05 5.806467618379120206e-05
3.900000000000000000e+01 -9.713576259980061592e-03 -3.145930092674328188e-02 4.554311559161524633e-05 5.591162005560097384e-05
4.000000000000000000e+01 -8.927204330814130645e-03 -3.016224521985000004e-02 4.510841668088196661e-05 5.388260632073500333e-05
4.100000000000000000e+01 -8.698699690342778443e-03 -2.807413315405856563e-02 4.464877909636266366e-05 5.195508108467946398e-05
4.200000000000000000e+01 -8.294957079554438062e-03 -2.540547595386648955e-02 4.413044817234433500e-05 5.008518279747448972e-05
4.300000000000000000e+01 -7.232396858773217779e-03 -2.239309139923192568e-02 4.348159432897836488e-05 4.820137489625872561e-05
4.400000000000000000e+01 -6.475788230380736740e-03 -1.933422280199204729e-02 4.262204079065788571e-05 4.622335707478255110e-05
4.500000000000000000e+01 -5.486454562920638905e-03 -1.646809777396499030e-02 4.149657381988744329e-05 4.409396587236448322e-05
4.600000000000000000e+01 -4.500517198473771158e-03 -1.395245941588736660e-02 4.013572553993316065e-05 4.182602625753069803e-05
4.700000000000000000e+01 -3.933689982117841676e-03 -1.183942601532221757e-02 3.868254952450661451e-05 3.952552902865530648e-05
