# freqs 	 pli 	 dpli 	 meanpower(thalamus)	 meanpower(scalp)	pli
8.000000000000000000e+00 -4.182090962380166643e-02 -1.645627877212607892e-01 3.907724673648116652e-05 1.710495700999245929e-04
9.000000000000000000e+00 -4.545602626270220381e-02 -1.504362416165474781e-01 3.615172586474827869e-05 1.461756371953798635e-04
1.000000000000000000e+01 -3.125331321365081017e-02 -7.707202128210019487e-02 3.464884768054911064e-05 1.317032898031747805e-04
1.100000000000000000e+01 -8.751635010912217974e-03 -3.717099119077871272e-02 3.427992927935480963e-05 1.233990218530836894e-04
1.200000000000000000e+01 3.381055174717840454e-03 -3.659401365533946487e-02 3.385521497269350946e-05 1.162406787538620333e-04
1.300000000000000000e+01 -1.691319377475780119e-04 -2.788062625809906506e-02 3.315827593410942053e-05 1.091685302597065278e-04
1.400000000000000000e+01 2.710109908707139092e-03 -2.485137477211443041e-02 3.260302867912267470e-05 1.032756262893689202e-04
1.500000000000000000e+01 2.949986649269907297e-04 -2.967020146183143789e-02 3.239006092362035585e-05 9.824829663635917850e-05
1.600000000000000000e+01 -8.356243125616598030e-03 -2.360860451797870685e-02 3.236377983253658748e-05 9.353500414233445665e-05
1.700000000000000000e+01 -2.803619729720264065e-03 -7.226153132924489041e-03 3.237977005464596721e-05 8.932199185352234958e-05
1.800000000000000000e+01 8.455565339315440285e-03 1.109145660695361885e-02 3.245595563130873872e-05 8.625262354412545883e-05
1.900000000000000000e+01 1.344214693238660226e-02 2.402568090141175838e-02 3.263552109080070573e-05 8.478465600034556355e-05
2.000000000000000000e+01 1.454836203262900238e-02 2.773521613496343977e-02 3.287147723340552822e-05 8.458387093135375542e-05
2.100000000000000000e+01 1.357005807719900183e-02 2.707554283561501574e-02 3.309830383725230804e-05 8.471641728831859797e-05
2.200000000000000000e+01 1.566729270233262195e-02 2.730979409962728741e-02 3.328753684707012303e-05 8.434951810132074483e-05
2.300000000000000000e+01 1.661805972833946959e-02 2.972010940694123568e-02 3.341358289185574089e-05 8.326286012402067617e-05
2.400000000000000000e+01 1.922393238429229156e-02 3.495083026324601050e-02 3.354765483559329111e-05 8.163021781691626698e-05
2.500000000000000000e+01 2.285807710237528628e-02 4.339989503123690279e-02 3.381091957217398521e-05 7.975531637130394889e-05
2.600000000000000000e+01 2.585199779457975425e-02 5.302111861945279364e-02 3.422409458801338916e-05 7.787965665162148280e-05
2.700000000000000000e+01 2.736284843917459464e-02 5.984135303803134187e-02 3.467097219091549765e-05 7.626227670688088796e-05
2.800000000000000000e+01 2.862749687975488580e-02 6.079435533086614135e-02 3.497274577389512291e-05 7.487040335315634236e-05
2.900000000000000000e+01 2.653076695278759264e-02 5.616025133956780574e-02 3.506735429910477227e-05 7.375904883882647976e-05
3.000000000000000000e+01 2.396514635806671137e-02 4.848137661975737700e-02 3.499103151632010946e-05 7.291926137681999272e-05
3.100000000000000000e+01 2.332428323197219960e-02 4.050374484567744598e-02 3.481288263524018279e-05 7.241601975217682884e-05
3.200000000000000000e+01 2.135810683871973772e-02 3.380767733331897090e-02 3.459217253464290761e-05 7.211553439185057783e-05
3.300000000000000000e+01 2.026469251025398224e-02 2.902811445362873249e-02 3.436766904790685009e-05 7.189369966468121061e-05
3.400000000000000000e+01 1.756481431574408517e-02 2.642704509851843617e-02 3.416792039106274166e-05 7.181289285809291695e-05
3.500000000000000000e+01 1.688126818058280007e-02 2.594980721315014865e-02 3.400105580628356674e-05 7.177371313333083536e-05
3.600000000000000000e+01 1.716843595758000759e-02 2.695824846363148453e-02 3.387038963167546762e-05 7.180905355071025601e-05
3.700000000000000000e+01 1.661900341780369814e-02 2.832668046468515832e-02 3.378015873028463161e-05 7.190869562880265145e-05
3.800000000000000000e+01 1.516397958452300569e-02 2.899148614691350254e-02 3.373074437431413134e-05 7.212571526045666206e-05
3.900000000000000000e+01 1.262961928498912943e-02 2.842503511713611458e-02 3.372155632965238761e-05 7.234294447885946701e-05
4.000000000000000000e+01 1.242946408433544085e-02 2.669828453752772987e-02 3.375040698767852387e-05 7.259086966491708757e-05
4.100000000000000000e+01 1.173310278815574079e-02 2.433960063772785606e-02 3.379483679937689045e-05 7.282413589200045800e-05
4.200000000000000000e+01 1.086980208360462281e-02 2.191102384020354732e-02 3.380216346785002069e-05 7.294162387072883216e-05
4.300000000000000000e+01 8.064520415360272587e-03 1.992719294573011210e-02 3.369131948544671067e-05 7.271848958331531237e-05
4.400000000000000000e+01 8.311063659075520332e-03 1.819493208425025654e-02 3.337841681744177930e-05 7.210874805077477432e-05
4.500000000000000000e+01 7.901322997437924475e-03 1.680412425102664059e-02 3.281067056452634321e-05 7.093760215989387624e-05
4.600000000000000000e+01 6.982924047874444588e-03 1.572184962362616414e-02 3.201607534352009856e-05 6.923689729768126532e-05
4.700000000000000000e+01 7.045961127079187342e-03 1.496473475894984084e-02 3.111971516099194791e-05 6.724944073188790809e-05
