# freqs 	 pli 	 dpli 	 meanpower(thalamus)	 meanpower(scalp)	pli
8.000000000000000000e+00 7.623625968676114861e-02 1.228171694120955282e-01 1.497288099502600055e-04 2.614256037799546611e-04
9.000000000000000000e+00 5.526028850690142130e-02 9.032272389467621565e-02 1.404790892752870001e-04 2.450678085005486453e-04
1.000000000000000000e+01 6.221842753640865337e-02 1.029681131615348966e-01 1.311075426021074408e-04 2.238849688475060874e-04
1.100000000000000000e+01 4.659273589275496341e-02 8.838872557616650472e-02 1.214125859843380207e-04 2.025562025872752465e-04
1.200000000000000000e+01 4.240572944379498305e-02 8.086107167258944906e-02 1.102099086848445746e-04 1.796505012253885622e-04
1.300000000000000000e+01 4.384924327006575057e-02 8.439713473434366786e-02 9.960619475217338066e-05 1.578644302102667893e-04
1.400000000000000000e+01 4.788886115191027387e-02 9.251616708936573341e-02 9.217898800360397617e-05 1.402440064544434870e-04
1.500000000000000000e+01 4.256731619405617478e-02 9.499678897949802303e-02 8.663521253398110962e-05 1.279271417753480365e-04
1.600000000000000000e+01 4.389214812984764541e-02 9.022825845887112728e-02 8.204169097578144383e-05 1.198437922868184248e-04
1.700000000000000000e+01 3.503814991010791718e-02 7.877302151895729243e-02 7.825922623036904370e-05 1.141601202310450953e-04
1.800000000000000000e+01 2.296953190309072509e-02 6.324390578823943510e-02 7.502248878535069606e-05 1.099997593437840337e-04
1.900000000000000000e+01 2.017680927382730152e-02 4.885362522255815021e-02 7.238771373429646056e-05 1.073623012725167196e-04
2.000000000000000000e+01 1.407841338790485203e-02 3.789251740916751293e-02 7.051740001270835731e-05 1.059944339294876403e-04
2.100000000000000000e+01 1.085214718032471819e-02 2.899410936571766156e-02 6.933103232568178125e-05 1.055151187186404636e-04
2.200000000000000000e+01 8.668266922707633382e-03 1.939530837595615162e-02 6.861488925597945788e-05 1.053342000743882006e-04
2.300000000000000000e+01 5.070530659245753649e-03 8.338862729242143071e-03 6.806754778097986146e-05 1.043225129444549319e-04
2.400000000000000000e+01 -2.182794667689651885e-03 -3.694146443833030372e-03 6.755566103660776210e-05 1.017959746356868509e-04
2.500000000000000000e+01 -1.002204543276142938e-02 -1.610465577438290052e-02 6.711779504195509636e-05 9.783931823006469179e-05
2.600000000000000000e+01 -1.655456548816709728e-02 -2.809181633800738806e-02 6.682085807615926760e-05 9.315506162089961118e-05
2.700000000000000000e+01 -1.910562099013693449e-02 -3.874023145048521161e-02 6.662935489003763356e-05 8.854039577465832873e-05
2.800000000000000000e+01 -2.166172106824925878e-02 -4.812178449969856803e-02 6.652152215363354526e-05 8.454718426823301213e-05
2.900000000000000000e+01 -2.505406181226677020e-02 -5.921782245398256317e-02 6.659585672472858957e-05 8.139876613045343918e-05
3.000000000000000000e+01 -2.615134411173825751e-02 -7.687860253552973588e-02 6.702445135409114711e-05 7.907030618810479154e-05
3.100000000000000000e+01 -3.417232475853495405e-02 -1.044935889951724567e-01 6.800033640192045242e-05 7.752323309942055348e-05
3.200000000000000000e+01 -4.155625657202944440e-02 -1.403583452045122637e-01 6.958087919301039488e-05 7.672810731142995283e-05
3.300000000000000000e+01 -4.901462295708687578e-02 -1.770247831280599704e-01 7.169068336006209955e-05 7.655836834926875152e-05
3.400000000000000000e+01 -5.464603038119805051e-02 -2.055565459254717620e-01 7.405031328535621846e-05 7.677476002045574349e-05
3.500000000000000000e+01 -5.862158886083784770e-02 -2.200224720568390857e-01 7.619689212939952962e-05 7.704263901011221131e-05
3.600000000000000000e+01 -5.673080871700300620e-02 -2.192040181896901807e-01 7.760142953990449067e-05 7.701442208331315707e-05
3.700000000000000000e+01 -5.313060366311278537e-02 -2.045053011434321277e-01 7.787319875092781616e-05 7.645794284185962930e-05
3.800000000000000000e+01 -4.634661749294177735e-02 -1.789884767556157996e-01 7.688219396142886820e-05 7.531925138772969919e-05
3.900000000000000000e+01 -4.019680910452048256e-02 -1.469957613181985256e-01 7.474451186075094309e-05 7.371639176112112612e-05
4.000000000000000000e+01 -3.215169946332736839e-02 -1.129216234280339126e-01 7.178545414773506166e-05 7.187112462258449946e-05
4.100000000000000000e+01 -2.247858739272233508e-02 -8.041225097313553505e-02 6.839980398559825070e-05 6.998421032586079889e-05
4.200000000000000000e+01 -1.405672856561094100e-02 -5.200199559188037335e-02 6.492692296977346626e-05 6.815728161740808202e-05
4.300000000000000000e+01 -8.012115929146992194e-03 -2.918984209208713709e-02 6.156002259399605085e-05 6.635434373739128842e-05
4.400000000000000000e+01 -2.995014031082925132e-03 -1.240470374103566122e-02 5.833022972348269410e-05 6.445964992956483845e-05
4.500000000000000000e+01 1.244102430146746966e-03 -1.157368947915648084e-03 5.519154682681887277e-05 6.234659023539001186e-05
4.600000000000000000e+01 4.551281745785894749e-03 5.591086318447004329e-03 5.213517093739562802e-05 5.999395038879890902e-05
4.700000000000000000e+01 6.390549686380867650e-03 9.008797464115880088e-03 4.925417469970332530e-05 5.753987253820536270e-05
