# freqs 	 pli 	 dpli 	 meanpower(thalamus)	 meanpower(scalp)	pli
8.000000000000000000e+00 -1.290436093323862887e-01 -2.520673508473653124e-01 1.487020594158064901e-04 4.023157807013153756e-04
9.000000000000000000e+00 -9.520996945479312523e-02 -1.708345609508848117e-01 1.321324280081855355e-04 3.941723404706981636e-04
1.000000000000000000e+01 -2.331392677053189741e-02 -3.090659838479580673e-02 1.191969685419152233e-04 3.348744341895882335e-04
1.100000000000000000e+01 3.290092363449636376e-02 6.880639275586925008e-02 1.104846063216256461e-04 2.968776056129316808e-04
1.200000000000000000e+01 6.479123380610846139e-02 1.260987229426478728e-01 1.055664080056875024e-04 2.678928700121329092e-04
1.300000000000000000e+01 6.977594266896806896e-02 1.403234805546680064e-01 1.028978347679139195e-04 2.403794576981776543e-04
1.400000000000000000e+01 5.392215077285066743e-02 1.121208531774898348e-01 1.015773023421137812e-04 2.136803854025278175e-04
1.500000000000000000e+01 3.083125498992045355e-02 6.924672647844620776e-02 1.015690957088249150e-04 1.916037630978875749e-04
1.600000000000000000e+01 1.770045796523032552e-02 4.580071399312532487e-02 1.025094456490632290e-04 1.746605204066468508e-04
1.700000000000000000e+01 1.708922084135765587e-02 4.281879348948679914e-02 1.036558615790098470e-04 1.612675124802037674e-04
1.800000000000000000e+01 1.678002001589047956e-02 4.591139585785852101e-02 1.046918445447530920e-04 1.507339917674735473e-04
1.900000000000000000e+01 1.804345826866611199e-02 4.689291367932109378e-02 1.055430421627001863e-04 1.431722172163378570e-04
2.000000000000000000e+01 1.508511916683356706e-02 4.348790959912884890e-02 1.058092216987517668e-04 1.383232521897491017e-04
2.100000000000000000e+01 1.288812933237433803e-02 3.682513140584931649e-02 1.050421649515817193e-04 1.353744565352847911e-04
2.200000000000000000e+01 9.634924731303120063e-03 2.891487476166337486e-02 1.031405326785137438e-04 1.335050343655002085e-04
2.300000000000000000e+01 5.705290689526192234e-03 2.084539898084675213e-02 1.003169969769217475e-04 1.323842152487445130e-04
2.400000000000000000e+01 2.739267967468710270e-03 1.313853482295217028e-02 9.703926637114626769e-05 1.318827549246157625e-04
2.500000000000000000e+01 7.640880017961238033e-04 6.371654182299075174e-03 9.375435301040035453e-05 1.320174335206199083e-04
2.600000000000000000e+01 -9.454835296219440662e-04 1.407979707786125023e-03 9.075519591353929194e-05 1.326816966651403159e-04
2.700000000000000000e+01 -3.826242554608274876e-04 -9.244799754272277825e-04 8.819921260660274712e-05 1.339148985917259366e-04
2.800000000000000000e+01 -1.146669967307755713e-03 -3.975923367716865985e-04 8.611017986679974539e-05 1.354838003707181779e-04
2.900000000000000000e+01 -3.924396301562018113e-04 2.284001591723293974e-03 8.444804266057505274e-05 1.373294426551110786e-04
3.000000000000000000e+01 1.231965865531140479e-03 6.023708918450122393e-03 8.312043881516716309e-05 1.392483774545795743e-04
3.100000000000000000e+01 2.946234540260665464e-03 9.493321092963708657e-03 8.197292312288848059e-05 1.413220470074979238e-04
3.200000000000000000e+01 4.522312768175838597e-03 1.195533064692737291e-02 8.081996618489641212e-05 1.434684336636460388e-04
3.300000000000000000e+01 4.143531668292657101e-03 1.310073065584423622e-02 7.952310167276652360e-05 1.455766780741669009e-04
3.400000000000000000e+01 2.821667407332051694e-03 1.322089285904904342e-02 7.801730900510346893e-05 1.478003388325449627e-04
3.500000000000000000e+01 1.851110009109696933e-03 1.298863624119730477e-02 7.630541182906821162e-05 1.499332064151226408e-04
3.600000000000000000e+01 1.407117467304133153e-03 1.293392119138866633e-02 7.446341117214401635e-05 1.520422965521858218e-04
3.700000000000000000e+01 2.899204022193585355e-03 1.321703397280568452e-02 7.259047316275352016e-05 1.541150865072751363e-04
3.800000000000000000e+01 4.563233232731082542e-03 1.371079701428278702e-02 7.078086631009926908e-05 1.562634213701771585e-04
3.900000000000000000e+01 4.344418876353344124e-03 1.401894687927624124e-02 6.910265738870869886e-05 1.582474262762861926e-04
4.000000000000000000e+01 4.397586555540855709e-03 1.396578271292419487e-02 6.757986072946514395e-05 1.601337139046487147e-04
4.100000000000000000e+01 4.563176375005657120e-03 1.344787134481316947e-02 6.618755646837185143e-05 1.618311295888445408e-04
4.200000000000000000e+01 4.178551796435217222e-03 1.252282459543900724e-02 6.484703114629094764e-05 1.631316400008325839e-04
4.300000000000000000e+01 3.242286058345362001e-03 1.132184293725287984e-02 6.342763714896680713e-05 1.635787419509784641e-04
4.400000000000000000e+01 3.753335483681787335e-03 1.012598287707050689e-02 6.178619198108595712e-05 1.630363238163137448e-04
4.500000000000000000e+01 3.754953573015000143e-03 9.033494322374286539e-03 5.982625617977860928e-05 1.611514857819311224e-04
4.600000000000000000e+01 3.613088717913623057e-03 8.162723946572976452e-03 5.757164207518044658e-05 1.580841425251257207e-04
4.700000000000000000e+01 3.611802760682288321e-03 7.609840046443745211e-03 5.520727003146626473e-05 1.544755709925454555e-04
