# freqs 	 pli 	 dpli 	 meanpower(thalamus)	 meanpower(scalp)	pli
8.000000000000000000e+00 -6.375469686285330229e-02 -1.381634743974022306e-01 1.288373768526451725e-04 2.624954442953483552e-04
9.000000000000000000e+00 -8.093974345888196864e-02 -1.437859155996987770e-01 1.041056097047074100e-04 2.443331145027661622e-04
1.000000000000000000e+01 -4.244018756554001487e-02 -4.838690515414963839e-02 8.778266459773029066e-05 2.176045010032278760e-04
1.100000000000000000e+01 3.751131367711062550e-03 2.748218921954882071e-02 8.176474895450788045e-05 1.841252846339447400e-04
1.200000000000000000e+01 1.666044459528253849e-02 3.444158690533794670e-02 7.913602596364164644e-05 1.612513588462552330e-04
1.300000000000000000e+01 3.164642832914999187e-03 1.065616370068818083e-02 7.579958307836403100e-05 1.520701463984191842e-04
1.400000000000000000e+01 -9.797506890461161067e-04 6.402971495223896536e-04 7.269796745503417381e-05 1.525684528970752370e-04
1.500000000000000000e+01 -5.733805050628278284e-03 -7.307908705446433152e-03 7.103099298692307738e-05 1.571882626797481517e-04
1.600000000000000000e+01 -1.043321556446067354e-02 -1.964334791732686922e-02 7.085623469064198873e-05 1.642275025189903392e-04
1.700000000000000000e+01 -2.010409294545109637e-02 -2.614734860864285221e-02 7.165046251304742642e-05 1.705216787744986062e-04
1.800000000000000000e+01 -2.556212296630308925e-02 -3.655987404710801802e-02 7.254689677642397311e-05 1.750847293089639618e-04
1.900000000000000000e+01 -2.478315165339461251e-02 -4.951131515466374033e-02 7.276723584275168960e-05 1.769447657184409703e-04
2.000000000000000000e+01 -2.828615027524860465e-02 -5.903594719497964882e-02 7.220643112893023764e-05 1.743337939916706283e-04
2.100000000000000000e+01 -3.034300791556728341e-02 -6.675638172099918055e-02 7.105604215423937380e-05 1.674444941928657118e-04
2.200000000000000000e+01 -3.222806198718859011e-02 -7.752220880524753055e-02 6.969610202596671371e-05 1.576917761570134212e-04
2.300000000000000000e+01 -4.006681747939850463e-02 -9.304627348635768902e-02 6.840939814101682046e-05 1.466483576739656500e-04
2.400000000000000000e+01 -4.717906067859412717e-02 -1.085155220739602300e-01 6.721088046824611091e-05 1.354367881600516640e-04
2.500000000000000000e+01 -5.174331153137622791e-02 -1.166086487044382947e-01 6.605168607942341129e-05 1.246008653541643763e-04
2.600000000000000000e+01 -4.652852647837151662e-02 -1.128650938894159433e-01 6.486514865404820098e-05 1.144851132891993640e-04
2.700000000000000000e+01 -4.403933229708724417e-02 -9.854302120811871124e-02 6.371587236318641747e-05 1.053825569563415760e-04
2.800000000000000000e+01 -4.052328213583442085e-02 -7.942513298730648208e-02 6.264949469407211306e-05 9.750397630299128269e-05
2.900000000000000000e+01 -3.400480377816138960e-02 -6.189945240226780304e-02 6.166366107333963334e-05 9.094293146426351985e-05
3.000000000000000000e+01 -2.305117265747187033e-02 -4.938252191034955135e-02 6.077791340492802577e-05 8.560529420892095634e-05
3.100000000000000000e+01 -1.727591133387598385e-02 -4.198927678966187654e-02 5.996567360155126625e-05 8.128531880747863134e-05
3.200000000000000000e+01 -1.861426395647666418e-02 -3.843219539280128688e-02 5.920523546557519937e-05 7.772677630165427407e-05
3.300000000000000000e+01 -1.923096404704579404e-02 -3.716768417085630771e-02 5.850607534338069605e-05 7.475819862709565165e-05
3.400000000000000000e+01 -1.888060180230064986e-02 -3.691027832543277570e-02 5.790055248207877435e-05 7.224080036816499955e-05
3.500000000000000000e+01 -2.139116871541575302e-02 -3.708225775127616669e-02 5.740335267772547626e-05 7.007578068009300866e-05
3.600000000000000000e+01 -2.453944236826380645e-02 -3.751196393009034041e-02 5.697018569669948430e-05 6.816464587597967242e-05
3.700000000000000000e+01 -2.124312628064691302e-02 -3.833053881442468475e-02 5.656156671403261079e-05 6.642362480545521469e-05
3.800000000000000000e+01 -2.071372398127428044e-02 -3.949189252158440133e-02 5.615563168107462179e-05 6.477625738533512271e-05
3.900000000000000000e+01 -1.779295774172536329e-02 -4.073499031339201243e-02 5.574880752264335345e-05 6.319178038981553881e-05
4.000000000000000000e+01 -1.878393747236911659e-02 -4.155572936431250336e-02 5.533273232709849692e-05 6.166149677391049178e-05
4.100000000000000000e+01 -1.733161906883042003e-02 -4.165480141078196918e-02 5.486854052549675461e-05 6.017092863236250962e-05
4.200000000000000000e+01 -1.806942302695735067e-02 -4.095490223027634102e-02 5.428984978307770142e-05 5.864950516500361916e-05
4.300000000000000000e+01 -1.848108868695525972e-02 -3.950024773225367658e-02 5.350899924304881574e-05 5.701971616169147728e-05
4.400000000000000000e+01 -1.726517239866791342e-02 -3.744308449679173423e-02 5.242541236744250021e-05 5.518047360380078635e-05
4.500000000000000000e+01 -1.471674814522414172e-02 -3.508285415746927732e-02 5.098902433366301685e-05 5.304435490177707022e-05
4.600000000000000000e+01 -1.386222787491945413e-02 -3.266693534559945988e-02 4.924956736689904311e-05 5.063101921569219889e-05
4.700000000000000000e+01 -1.318661300714822973e-02 -3.045386767482944831e-02 4.739387706953148192e-05 4.808692855278819437e-05
