# freqs 	 pli 	 dpli 	 meanpower(thalamus)	 meanpower(scalp)	pli
8.000000000000000000e+00 2.735428521123942774e-02 7.120887898396280336e-02 1.029161254808142855e-04 6.080473358445065164e-04
9.000000000000000000e+00 3.873011302282053370e-02 9.934645065877824310e-02 8.675116890400640557e-05 4.381186534724309340e-04
1.000000000000000000e+01 5.552090829135684219e-02 1.173002348264296640e-01 8.395281595916305494e-05 3.276672952822498965e-04
1.100000000000000000e+01 5.204811573352515625e-02 1.172244945538011701e-01 7.984951934274743730e-05 2.716140503433757273e-04
1.200000000000000000e+01 6.783805163362657820e-02 1.485143887129674045e-01 7.392933508249574341e-05 2.439505234531917015e-04
1.300000000000000000e+01 7.350156972703525415e-02 1.565690918367257933e-01 6.919363751024640199e-05 2.311954456285649851e-04
1.400000000000000000e+01 4.686601495112133198e-02 1.383963925086528768e-01 6.621106529220035066e-05 2.203675579890761540e-04
1.500000000000000000e+01 3.528735356826294411e-02 1.205725828901028501e-01 6.391584988009633918e-05 2.065446542200811508e-04
1.600000000000000000e+01 4.332135728542914344e-02 9.300925534785355053e-02 6.174870618831327653e-05 1.888333001077363907e-04
1.700000000000000000e+01 3.002362933869783326e-02 5.408959341294037465e-02 5.990757612272010852e-05 1.705638302415515199e-04
1.800000000000000000e+01 1.982711141974569449e-02 2.301423845802500617e-02 5.871164475082435907e-05 1.540095474195375517e-04
1.900000000000000000e+01 1.199540295934492171e-02 1.241223224693763748e-02 5.809551475234902738e-05 1.409521697117393601e-04
2.000000000000000000e+01 1.436437634666028196e-02 1.954610266127235207e-02 5.763936593211194516e-05 1.315795148688411601e-04
2.100000000000000000e+01 2.147268635993680383e-02 3.529793165961440243e-02 5.701216411496539424e-05 1.238380986944942843e-04
2.200000000000000000e+01 2.957767830784083576e-02 4.787994546792957717e-02 5.619117606594866321e-05 1.163669935599435777e-04
2.300000000000000000e+01 2.896920376575714065e-02 5.064176957719168648e-02 5.534346251437060888e-05 1.090231564022871476e-04
2.400000000000000000e+01 2.315136139897406437e-02 4.631170673671623078e-02 5.445399571312723358e-05 1.019922558249619854e-04
2.500000000000000000e+01 2.396336891143764289e-02 4.115614542583743984e-02 5.374568261452587287e-05 9.539560979397864880e-05
2.600000000000000000e+01 2.480775980345234846e-02 3.830248027306915048e-02 5.326286590457284285e-05 8.943797018278371079e-05
2.700000000000000000e+01 2.199038070397932657e-02 3.638487748024507584e-02 5.299451516775842929e-05 8.439006738186561392e-05
2.800000000000000000e+01 1.891863868749949981e-02 3.409217429780008607e-02 5.279730713408283812e-05 8.012111858187024899e-05
2.900000000000000000e+01 1.926067711448737826e-02 3.254981101015400752e-02 5.254753032588448813e-05 7.630181208515412767e-05
3.000000000000000000e+01 1.711487542667559925e-02 3.378051606622004682e-02 5.220061127355170912e-05 7.265670762151620954e-05
3.100000000000000000e+01 1.718583026301099062e-02 3.842913035532911914e-02 5.172680941392259775e-05 6.907657942675440735e-05
3.200000000000000000e+01 1.944178628389154825e-02 4.552647820864370865e-02 5.107631067210279994e-05 6.554489813547339019e-05
3.300000000000000000e+01 2.023077597824613286e-02 5.278282905925400781e-02 5.032582369243939342e-05 6.219290222823866982e-05
3.400000000000000000e+01 2.387388464942707608e-02 5.811446462126827056e-02 4.955597841931997191e-05 5.915628964861332248e-05
3.500000000000000000e+01 2.467068542085286767e-02 6.076818694071390442e-02 4.885067530415213125e-05 5.649829552188799389e-05
3.600000000000000000e+01 2.378503368815532495e-02 6.107248536108961234e-02 4.821621669124340654e-05 5.420086198762195598e-05
3.700000000000000000e+01 2.321038447431788068e-02 5.988332846260900622e-02 4.764762089977168751e-05 5.225024706466909375e-05
3.800000000000000000e+01 2.657386146192116175e-02 5.807529620048165753e-02 4.715053457928186339e-05 5.061198965948528970e-05
3.900000000000000000e+01 2.431693335565707562e-02 5.623536922098720803e-02 4.673413017095190186e-05 4.920514792557199982e-05
4.000000000000000000e+01 2.263413856334210369e-02 5.473130107126510102e-02 4.638079996262383926e-05 4.797761794162470726e-05
4.100000000000000000e+01 2.221903326875702619e-02 5.387904751331304420e-02 4.602838663530980099e-05 4.687773561465986231e-05
4.200000000000000000e+01 2.021748142479033034e-02 5.365043437848421998e-02 4.559786841720238348e-05 4.581209166810460640e-05
4.300000000000000000e+01 1.816862782614241459e-02 5.376068636117729838e-02 4.498595128190322921e-05 4.467619612010093034e-05
4.400000000000000000e+01 2.439432712314352006e-02 5.380911011097073288e-02 4.410914100735550508e-05 4.337480822898565237e-05
4.500000000000000000e+01 3.010953269239967367e-02 5.352473298753900044e-02 4.290931103767599438e-05 4.185392823534977047e-05
4.600000000000000000e+01 3.199808681095300811e-02 5.279572891728104289e-02 4.143264300211728216e-05 4.013217625167630033e-05
4.700000000000000000e+01 3.154295006696001408e-02 5.172744823246388374e-02 3.983330363871917854e-05 3.832910617835844200e-05
