# freqs 	 pli 	 dpli 	 meanpower(thalamus)	 meanpower(scalp)	pli
8.000000000000000000e+00 -1.602579929033587647e-01 -2.707686784176772665e-01 6.610017271689228231e-05 2.403579912532938733e-04
9.000000000000000000e+00 -4.720182695101712150e-02 -5.501386881183083916e-02 5.994679734312239992e-05 1.674770518788950288e-04
1.000000000000000000e+01 -1.736801094859020955e-02 4.068098154763151973e-03 5.740106273587047549e-05 1.473962315861330249e-04
1.100000000000000000e+01 -2.669714465879756415e-02 -3.467244490503038762e-02 5.661389309279281617e-05 1.450588328606297660e-04
1.200000000000000000e+01 -6.223882705476665306e-02 -1.141817806143264752e-01 5.742929505113754287e-05 1.475364591824096842e-04
1.300000000000000000e+01 -9.656751458862813942e-02 -1.722111829966947449e-01 5.989437715756898970e-05 1.510099533365589640e-04
1.400000000000000000e+01 -1.029624715146969793e-01 -1.775161022656313037e-01 6.222068456202247614e-05 1.514179359593047604e-04
1.500000000000000000e+01 -8.078976085863846801e-02 -1.439312566477806699e-01 6.367892546758174269e-05 1.492760816274734152e-04
1.600000000000000000e+01 -4.933879882419366092e-02 -8.673806884791210314e-02 6.497998358686953350e-05 1.476447775638200783e-04
1.700000000000000000e+01 -1.645930737865091906e-02 -2.155794725710813084e-02 6.673639709030191691e-05 1.477442947035655606e-04
1.800000000000000000e+01 1.395749626764726525e-02 3.010031713810485537e-02 6.862089539995298458e-05 1.498584010555215030e-04
1.900000000000000000e+01 2.637176146919307379e-02 6.098019140129314064e-02 6.996310225133892753e-05 1.544856051640529251e-04
2.000000000000000000e+01 3.048676090727052077e-02 7.601050581922440263e-02 7.055535546510101645e-05 1.617449069804301198e-04
2.100000000000000000e+01 3.512204279958598685e-02 7.837880391477120012e-02 7.076601455808977982e-05 1.707123055027813584e-04
2.200000000000000000e+01 2.816123008902931754e-02 5.948094765063579453e-02 7.133612364563596221e-05 1.788968631791839215e-04
2.300000000000000000e+01 2.302217217935461843e-03 -4.517337093899955369e-04 7.442290928357782147e-05 1.845597698103658359e-04
2.400000000000000000e+01 -4.906134455373308001e-02 -1.072223354732261685e-01 8.346418683590040130e-05 1.879277711135158191e-04
2.500000000000000000e+01 -1.138789558975183136e-01 -2.206875945256542848e-01 9.891172886621480819e-05 1.890078043877778098e-04
2.600000000000000000e+01 -1.636806794024260603e-01 -2.980762889614789191e-01 1.151887379103094577e-04 1.862838320294825075e-04
2.700000000000000000e+01 -1.867078922570163946e-01 -3.290057126630148154e-01 1.250496956533992939e-04 1.788420544481326274e-04
2.800000000000000000e+01 -1.828065696864994150e-01 -3.189687533268888986e-01 1.250756817839970066e-04 1.676865192337643356e-04
2.900000000000000000e+01 -1.578338844610849001e-01 -2.776697657723878887e-01 1.167090445694935055e-04 1.548329772891701467e-04
3.000000000000000000e+01 -1.215984371733598579e-01 -2.174805657701146255e-01 1.040070992550706699e-04 1.422009549538907176e-04
3.100000000000000000e+01 -8.387474736341450632e-02 -1.517020658377092879e-01 9.098004085282214209e-05 1.311365155172652009e-04
3.200000000000000000e+01 -5.146363141145101489e-02 -9.350794027805692243e-02 8.003432828586775521e-05 1.221430531278207862e-04
3.300000000000000000e+01 -2.876487807671111382e-02 -5.067804828482405655e-02 7.186553858031381444e-05 1.152289453080706605e-04
3.400000000000000000e+01 -1.388736091379584071e-02 -2.401955212578057997e-02 6.611358242969446171e-05 1.101387149704126893e-04
3.500000000000000000e+01 -4.480044652002363424e-03 -9.639635800005838182e-03 6.210880222942017769e-05 1.064008263262659551e-04
3.600000000000000000e+01 -1.411040980661624187e-04 -2.656199882682627224e-03 5.928142857590289948e-05 1.036638128504188780e-04
3.700000000000000000e+01 2.577411128449078135e-03 6.534093532267950134e-04 5.724900715779097530e-05 1.016561141542407515e-04
3.800000000000000000e+01 1.473506680349369151e-03 2.442067840474416648e-03 5.577296896957929079e-05 1.002343233437660852e-04
3.900000000000000000e+01 2.209387481198112492e-04 3.824240052563700372e-03 5.469786320583615075e-05 9.918418015556602040e-05
4.000000000000000000e+01 -8.352744641302557933e-05 5.196608357875687548e-03 5.390195556697277573e-05 9.842051591700074018e-05
4.100000000000000000e+01 -5.508574113225275532e-04 6.502246497108688135e-03 5.327267157183832903e-05 9.782844970287094227e-05
4.200000000000000000e+01 -6.777745074701773363e-04 7.447850801865251065e-03 5.268596763954093057e-05 9.725634556901110170e-05
4.300000000000000000e+01 5.874827478244962946e-04 7.799047747607533096e-03 5.199564613818161417e-05 9.645352010615263762e-05
4.400000000000000000e+01 1.485029996201086156e-03 7.432090573616228005e-03 5.106318321371823321e-05 9.523707031726374040e-05
4.500000000000000000e+01 1.823826857413672143e-03 6.573318804872253784e-03 4.980516362598755753e-05 9.336253435739075171e-05
4.600000000000000000e+01 1.294525946231960987e-03 5.449602097975268962e-03 4.825178921651518838e-05 9.084674484741530383e-05
4.700000000000000000e+01 4.886153781644251995e-04 4.358574331632507522e-03 4.657501164071030776e-05 8.798861712169716697e-05
