# freqs 	 pli 	 dpli 	 meanpower(thalamus)	 meanpower(scalp)	pli
8.000000000000000000e+00 4.695841773797700125e-02 9.163305560092498137e-02 8.069626025212035196e-05 2.062000992964142961e-04
9.000000000000000000e+00 1.016707394196719044e-02 5.297113629564875054e-03 7.255817988149563657e-05 2.005757033765398565e-04
1.000000000000000000e+01 -1.530613816638668606e-02 -3.882996040174188646e-02 7.026590438206960503e-05 1.825621192794510536e-04
1.100000000000000000e+01 -1.696274589266621655e-02 -7.615538750155650960e-02 7.430167178262021951e-05 1.626940156828729533e-04
1.200000000000000000e+01 -8.547367616109316502e-03 -6.525095720935947252e-02 7.723283064587040038e-05 1.471371999949477784e-04
1.300000000000000000e+01 2.083275399109847485e-03 -1.464930921131380598e-02 7.420202767724022521e-05 1.359258318616435172e-04
1.400000000000000000e+01 1.509561671226119367e-02 2.874018160668740177e-02 6.825770973079200706e-05 1.279641441669604842e-04
1.500000000000000000e+01 2.092380724894722654e-02 4.606748194897618970e-02 6.335030687937657373e-05 1.223431299994935824e-04
1.600000000000000000e+01 1.963523327451867709e-02 4.553813772471388549e-02 6.038735922046826142e-05 1.184289945968193986e-04
1.700000000000000000e+01 1.735316843087534450e-02 4.066602984038301949e-02 5.861403929632160668e-05 1.159472589158426161e-04
1.800000000000000000e+01 1.625729378976019726e-02 3.525006889368909047e-02 5.739626003484264125e-05 1.145267197724420140e-04
1.900000000000000000e+01 1.420804970533144466e-02 3.012325853423861166e-02 5.660471742853402253e-05 1.136048686539258267e-04
2.000000000000000000e+01 1.081228525102581953e-02 2.741187922768941951e-02 5.638450057240474903e-05 1.125656789767171255e-04
2.100000000000000000e+01 1.165264226629255870e-02 2.652751761964259811e-02 5.670950471989063949e-05 1.111082104891532009e-04
2.200000000000000000e+01 1.199049965677612822e-02 2.617875033822294681e-02 5.727949540863897589e-05 1.089887388640323695e-04
2.300000000000000000e+01 1.191588282543788041e-02 2.619863000579535431e-02 5.775183857527859652e-05 1.060851566590830972e-04
2.400000000000000000e+01 1.100691314338428546e-02 2.656294455508286662e-02 5.789999525778562526e-05 1.024398093612904984e-04
2.500000000000000000e+01 1.227035990377653776e-02 2.682430293308005198e-02 5.771713866676532256e-05 9.820095291007691074e-05
2.600000000000000000e+01 1.301408434919772150e-02 2.681754820124845201e-02 5.733684137063248839e-05 9.363873137987422583e-05
2.700000000000000000e+01 1.417824188867110487e-02 2.692951957621415524e-02 5.692898926571092179e-05 8.902180710519901313e-05
2.800000000000000000e+01 1.409767660939084503e-02 2.769784434290245914e-02 5.660696699819993811e-05 8.455920256130262578e-05
2.900000000000000000e+01 1.344973758202311007e-02 2.927299056223441401e-02 5.639157395626809500e-05 8.037839847727965101e-05
3.000000000000000000e+01 1.384283226236859843e-02 3.113964676712622712e-02 5.625436451541421836e-05 7.653885472921668923e-05
3.100000000000000000e+01 1.410647163378886404e-02 3.252138281514176110e-02 5.616234678766716774e-05 7.304193515413068077e-05
3.200000000000000000e+01 1.438764593355177854e-02 3.295010213696489970e-02 5.607943681752992465e-05 6.986028739303601711e-05
3.300000000000000000e+01 1.405308882535376280e-02 3.241845489425230348e-02 5.599163473676361039e-05 6.695065643134630610e-05
3.400000000000000000e+01 1.419765379432909140e-02 3.114502769370892932e-02 5.589854814930391401e-05 6.428383480431941596e-05
3.500000000000000000e+01 1.373053827370950865e-02 2.940485294703636468e-02 5.579062437158796659e-05 6.183393386369122704e-05
3.600000000000000000e+01 1.291034336306923734e-02 2.745811467767117139e-02 5.565863250190560891e-05 5.958169655210786725e-05
3.700000000000000000e+01 1.209576410792226504e-02 2.557834508530934525e-02 5.550256525495665666e-05 5.750013059388362283e-05
3.800000000000000000e+01 1.129871447682120368e-02 2.397744030876922117e-02 5.532953037208692494e-05 5.557736601196208508e-05
3.900000000000000000e+01 1.052806467811496366e-02 2.281170716985073468e-02 5.513325643177512868e-05 5.379895358932198298e-05
4.000000000000000000e+01 9.420310086176410941e-03 2.208877022508118695e-02 5.490131208685903610e-05 5.214844396745031008e-05
4.100000000000000000e+01 8.807463570523678398e-03 2.168426863837494278e-02 5.460837479706685929e-05 5.059556652409251615e-05
4.200000000000000000e+01 8.878142539634398256e-03 2.138774709325187359e-02 5.419968106402700043e-05 4.907946390487523012e-05
4.300000000000000000e+01 8.739988482510254592e-03 2.100359559105840004e-02 5.357729245202224016e-05 4.751451312716332444e-05
4.400000000000000000e+01 8.125124120921567092e-03 2.040375313815584110e-02 5.263914796502539316e-05 4.580831269130448909e-05
4.500000000000000000e+01 7.133795992314230852e-03 1.956538433139943384e-02 5.132665590422087266e-05 4.390016715304497576e-05
4.600000000000000000e+01 7.873990121421385949e-03 1.854520199125140115e-02 4.968807801741802232e-05 4.180630563047044819e-05
4.700000000000000000e+01 7.572413719366287085e-03 1.743394239703514523e-02 4.790736989409407405e-05 3.964635686065758746e-05
