# freqs 	 pli 	 dpli 	 meanpower(thalamus)	 meanpower(scalp)	pli
8.000000000000000000e+00 3.668144244167071549e-02 6.235247100805577786e-02 4.489448660940500649e-05 1.168166380607592992e-04
9.000000000000000000e+00 1.019457814638924376e-02 1.724995655790210330e-03 4.207226224693969241e-05 1.032503152060720207e-04
1.000000000000000000e+01 -6.391769660706139375e-03 -1.354870693533270776e-02 4.146160786209553974e-05 9.109174856476711052e-05
1.100000000000000000e+01 -9.989220979847703019e-03 -2.167960573323628876e-02 4.267697724636296345e-05 8.113723924596920605e-05
1.200000000000000000e+01 -1.268758999124208926e-02 -2.201949273470156163e-02 4.417186394191108820e-05 7.360375237883990068e-05
1.300000000000000000e+01 -3.925753932165339417e-03 2.967036417831670284e-02 4.544862389620848867e-05 6.929358877911219136e-05
1.400000000000000000e+01 1.814435828469432473e-03 8.573640531277222643e-02 4.789877443947699866e-05 6.683552580672282115e-05
1.500000000000000000e+01 3.149473419817938949e-03 9.411659916650558233e-02 4.876211937886884914e-05 6.354210491165300978e-05
1.600000000000000000e+01 4.964761158966326908e-03 6.850188501839066246e-02 4.620026983736066515e-05 5.925913776383105340e-05
1.700000000000000000e+01 4.073562481805730918e-03 3.662153667831369308e-02 4.210306034372116295e-05 5.514456155220753830e-05
1.800000000000000000e+01 -5.022307823585342879e-04 1.471491505305317672e-02 3.888651558590397429e-05 5.199556718224834458e-05
1.900000000000000000e+01 -8.732604156018633056e-04 8.994272270726735505e-04 3.720321690380057388e-05 4.979535558225491813e-05
2.000000000000000000e+01 -6.679946840417227104e-03 -6.425613595268057227e-03 3.651443663222639715e-05 4.813788483687164347e-05
2.100000000000000000e+01 -7.574477834798328153e-03 -7.247785182949440831e-03 3.619619056178941517e-05 4.682004633713852173e-05
2.200000000000000000e+01 -5.534752953339132885e-03 -3.477503373525296908e-03 3.600641787437326789e-05 4.574278908992969309e-05
2.300000000000000000e+01 1.425098986736213214e-03 3.629069336897084840e-03 3.585880327271097622e-05 4.481040975721416821e-05
2.400000000000000000e+01 4.947265938770809522e-03 1.294738777969927160e-02 3.573526177556024942e-05 4.397131228112311651e-05
2.500000000000000000e+01 8.127519004009138223e-03 2.228646399055451977e-02 3.571023809649614110e-05 4.317803578052556825e-05
2.600000000000000000e+01 9.951570504862753894e-03 2.940393721332429031e-02 3.582557010234813208e-05 4.239295944784555705e-05
2.700000000000000000e+01 1.289709921424587145e-02 3.382346051048901875e-02 3.610867937918674475e-05 4.157166093501452140e-05
2.800000000000000000e+01 1.765501784596630944e-02 3.648283370926701935e-02 3.655329666389355177e-05 4.068344172408793402e-05
2.900000000000000000e+01 2.118990347549881345e-02 3.784864714486084469e-02 3.708367700036304759e-05 3.971525061390067998e-05
3.000000000000000000e+01 1.972673315780904685e-02 3.758808122994212325e-02 3.753345720028481445e-05 3.873960392078842153e-05
3.100000000000000000e+01 1.775463504468260956e-02 3.592197162020113743e-02 3.772132718183110049e-05 3.781746042229349928e-05
3.200000000000000000e+01 1.784879414339448495e-02 3.399213718119070693e-02 3.755645367088652012e-05 3.700308317980350383e-05
3.300000000000000000e+01 1.915696285062838677e-02 3.295280586837018993e-02 3.702750704071689744e-05 3.630821944973035211e-05
3.400000000000000000e+01 1.871079894948151495e-02 3.288619124306851882e-02 3.621736541877531256e-05 3.570321361673339252e-05
3.500000000000000000e+01 1.611521185317251262e-02 3.246006628873542021e-02 3.524196030738592175e-05 3.515448900922355879e-05
3.600000000000000000e+01 1.260732163794353426e-02 3.035227280140881390e-02 3.420723557247434176e-05 3.463969618484919486e-05
3.700000000000000000e+01 1.082787140174858685e-02 2.600017589615951155e-02 3.321000308076712285e-05 3.414588655164256970e-05
3.800000000000000000e+01 7.034944508925573999e-03 1.995072307090365801e-02 3.230475760970938430e-05 3.367756419063448102e-05
3.900000000000000000e+01 4.302479559146868242e-03 1.325069652869748787e-02 3.150451311734304380e-05 3.325385556325278688e-05
4.000000000000000000e+01 2.285135881234280197e-03 7.064650440521240589e-03 3.079755314121364275e-05 3.288395057048896396e-05
4.100000000000000000e+01 9.380620347418317309e-04 2.102990446869672236e-03 3.015457907141439148e-05 3.255796961130454965e-05
4.200000000000000000e+01 8.237405868481194673e-04 -1.418184469346663382e-03 2.953904785205592191e-05 3.224094715003702642e-05
4.300000000000000000e+01 8.237405868481194131e-05 -3.650247265309298963e-03 2.888638019098214193e-05 3.185821423463316553e-05
4.400000000000000000e+01 -8.320606667017747598e-04 -4.824749053302198297e-03 2.813415053227786116e-05 3.132497026374259395e-05
4.500000000000000000e+01 -1.307462297994203436e-03 -5.175198616431598252e-03 2.723992846168433028e-05 3.058684916531846014e-05
4.600000000000000000e+01 -9.481901623596253239e-04 -4.794086545567523804e-03 2.621338887519449488e-05 2.965595365220808160e-05
4.700000000000000000e+01 4.724894455039855721e-04 -3.655682141872163265e-03 2.513690541611828815e-05 2.862123163243288895e-05
