# freqs 	 pli 	 dpli 	 meanpower(thalamus)	 meanpower(scalp)	pli
8.000000000000000000e+00 1.450686647522105022e-01 5.268844128322442977e-01 5.988228264812495638e+01 3.154745608672316735e+02
9.000000000000000000e+00 1.320077625478175143e-01 4.262142832352688870e-01 5.421198590590028488e+01 2.642637034853533464e+02
1.000000000000000000e+01 1.078484783123781487e-01 3.392333144648312926e-01 4.883651411285081423e+01 2.179095191211024201e+02
1.100000000000000000e+01 8.769768370737990315e-02 2.658767448265901279e-01 4.355495991208528750e+01 1.855187273634801670e+02
1.200000000000000000e+01 6.863172634902707514e-02 1.899566641607714768e-01 3.881063207742837307e+01 1.672084455845844673e+02
1.300000000000000000e+01 4.777863310344850067e-02 1.303692479089660905e-01 3.522546498594427078e+01 1.607598965153784718e+02
1.400000000000000000e+01 2.832764746207048698e-02 8.680782451670944477e-02 3.285327832986445173e+01 1.560779150018529720e+02
1.500000000000000000e+01 1.228151856631930043e-02 4.622609849839165452e-02 3.137467991170909087e+01 1.455621515367661516e+02
1.600000000000000000e+01 -9.449202051665067756e-05 9.948043356556824160e-03 3.036982359687420896e+01 1.302053142389933669e+02
1.700000000000000000e+01 -6.822247403155726718e-03 -1.286639901939671052e-02 2.963753939926731817e+01 1.145535859049037981e+02
1.800000000000000000e+01 -1.041558942796732418e-02 -2.100612859572064881e-02 2.910668258572161093e+01 1.013477304556070209e+02
1.900000000000000000e+01 -7.330651214531846808e-03 -1.901274984339856172e-02 2.878360035276197237e+01 9.106111575801458002e+01
2.000000000000000000e+01 -3.340700814036355517e-03 -1.363742224036323947e-02 2.860602374458088093e+01 8.315174467845639583e+01
2.100000000000000000e+01 -1.760429964149071982e-03 -8.578582236999605232e-03 2.849492219247603941e+01 7.698313097940044258e+01
2.200000000000000000e+01 -3.044935021759549265e-04 -3.571021069674410083e-03 2.842431726933627800e+01 7.209376611325541262e+01
2.300000000000000000e+01 2.748504367877206266e-03 1.671331083063545483e-03 2.839127067471151733e+01 6.812453131961471797e+01
2.400000000000000000e+01 3.867656748421479437e-03 6.320059959267321226e-03 2.837492629926758170e+01 6.481714689060392232e+01
2.500000000000000000e+01 4.311781612637627902e-03 9.669255050457211190e-03 2.835340843409486666e+01 6.197710945240569913e+01
2.600000000000000000e+01 5.989254933494132099e-03 1.162097130076930260e-02 2.831799859151324128e+01 5.949899665093819578e+01
2.700000000000000000e+01 6.256397918418981838e-03 1.235018592147218985e-02 2.827691612074182714e+01 5.731278405147815391e+01
2.800000000000000000e+01 5.740900919790055922e-03 1.221683677110233998e-02 2.823890328166701735e+01 5.533663862952387547e+01
2.900000000000000000e+01 5.232892201433552402e-03 1.158241570455495473e-02 2.820272419549706200e+01 5.353346514043187909e+01
3.000000000000000000e+01 5.522813126188517649e-03 1.067516005614895305e-02 2.816343228391313502e+01 5.190073715198025184e+01
3.100000000000000000e+01 4.553391219657113194e-03 9.530416682978016044e-03 2.811993968377067432e+01 5.045491473899767243e+01
3.200000000000000000e+01 3.801483739580604256e-03 8.212285109480840783e-03 2.806653971258600322e+01 4.917879062514673905e+01
3.300000000000000000e+01 3.640835501688799263e-03 6.971314637500704292e-03 2.799962645013025764e+01 4.804935540190624721e+01
3.400000000000000000e+01 3.646973707134843271e-03 6.098660102866422517e-03 2.792332543960780455e+01 4.705748563497987647e+01
3.500000000000000000e+01 2.652952603902020492e-03 5.813201367258380436e-03 2.783956449599422811e+01 4.618562155238947753e+01
3.600000000000000000e+01 3.025541259861205552e-03 6.027199209189256640e-03 2.775436241000416970e+01 4.542424523371729350e+01
3.700000000000000000e+01 3.749795146776393334e-03 6.502622193850022408e-03 2.766964590512404953e+01 4.475784999650023366e+01
3.800000000000000000e+01 3.837144346361993572e-03 6.996639001671891601e-03 2.758434718580909362e+01 4.417288612071410370e+01
3.900000000000000000e+01 4.064417062521189471e-03 7.392957207078760737e-03 2.749578172160467915e+01 4.364396734240422404e+01
4.000000000000000000e+01 4.155346252861555345e-03 7.660096329861868641e-03 2.740049947687006338e+01 4.315399548811038244e+01
4.100000000000000000e+01 4.489542812410675203e-03 7.836009706039025538e-03 2.728376067935622729e+01 4.266642505814361641e+01
4.200000000000000000e+01 4.693980743746527413e-03 7.973618341615203164e-03 2.711491348746654495e+01 4.212504271647715370e+01
4.300000000000000000e+01 4.458087208779859187e-03 8.132372613399560871e-03 2.684390209886603884e+01 4.145164004744444952e+01
4.400000000000000000e+01 4.551820479103955118e-03 8.307360051293632280e-03 2.641658084071231727e+01 4.057316936957762721e+01
4.500000000000000000e+01 5.030342595901502768e-03 8.496476267107542016e-03 2.580219505657675327e+01 3.943118393912133257e+01
4.600000000000000000e+01 5.533767358950563917e-03 8.668490935775262016e-03 2.502727871558783690e+01 3.805208242869084501e+01
4.700000000000000000e+01 5.794782081772717995e-03 8.781063285953665670e-03 2.419043995731961871e+01 3.656477579096981856e+01
