# freqs 	 pli 	 dpli 	 meanpower(thalamus)	 meanpower(scalp)	pli
8.000000000000000000e+00 -3.429453187172896989e-02 -8.356757311475405958e-02 5.908926797482173831e-05 2.727527950018691525e-04
9.000000000000000000e+00 -1.143126518918110776e-02 -4.029639665385625208e-02 6.668876518049171825e-05 2.596097182578182400e-04
1.000000000000000000e+01 -8.443030967045541107e-04 -6.429102934661297918e-03 7.446104771043158405e-05 2.336250816864770001e-04
1.100000000000000000e+01 -1.228907674832582396e-03 9.804660079216306510e-05 7.883567771049328785e-05 2.103423379640039772e-04
1.200000000000000000e+01 -4.380951186329317543e-03 -4.161825919272143723e-03 7.871310080832620831e-05 2.014676773863420469e-04
1.300000000000000000e+01 -7.119464026743980989e-03 -1.377809915960412183e-02 7.529821703154980549e-05 1.991169383540077997e-04
1.400000000000000000e+01 -8.611875389326593272e-03 -1.926910266010408226e-02 7.032125134294055333e-05 1.985048996029077466e-04
1.500000000000000000e+01 -1.142734230484312649e-02 -2.096613505267503827e-02 6.550552303867952352e-05 1.978583970381951834e-04
1.600000000000000000e+01 -1.122767532597058159e-02 -2.048761056549540729e-02 6.203892349537056602e-05 1.965176613854387687e-04
1.700000000000000000e+01 -8.966224506868052807e-03 -1.587376930467127023e-02 6.038779649995009130e-05 1.949913802822091145e-04
1.800000000000000000e+01 -4.679007594590830349e-03 -6.775696770789051832e-03 6.042953521078414599e-05 1.942905781315194217e-04
1.900000000000000000e+01 5.072456053177074433e-04 1.676432563903603335e-03 6.131643889260564263e-05 1.947443017863455380e-04
2.000000000000000000e+01 4.411949023781742280e-03 5.430822872320969011e-03 6.176364016188964174e-05 1.961092791851715383e-04
2.100000000000000000e+01 4.860410484286903018e-03 5.599203627611917811e-03 6.098807907349690209e-05 1.980305716841556892e-04
2.200000000000000000e+01 5.302598580225482625e-03 5.457427990008614956e-03 5.919258230580699224e-05 2.000508366395611622e-04
2.300000000000000000e+01 4.889421846938023751e-03 6.904602522291186130e-03 5.713355416517103724e-05 2.020423483078942061e-04
2.400000000000000000e+01 6.339637148940962391e-03 9.384243440839878936e-03 5.544102501871993804e-05 2.038174581313372728e-04
2.500000000000000000e+01 8.102287082129684681e-03 1.141627479117905859e-02 5.438367518279827253e-05 2.052998283038847240e-04
2.600000000000000000e+01 8.765949143900884574e-03 1.235390009195813828e-02 5.400750392091858336e-05 2.064003495903805722e-04
2.700000000000000000e+01 9.399893491912041793e-03 1.238990422298213642e-02 5.435386254958250561e-05 2.074222626781033294e-04
2.800000000000000000e+01 9.209053969084239968e-03 1.151972141471418500e-02 5.559554353267492162e-05 2.083072597729482116e-04
2.900000000000000000e+01 8.401332565430427377e-03 8.860430786110739740e-03 5.820588184717402148e-05 2.092993523900282663e-04
3.000000000000000000e+01 5.214758096024091349e-03 3.516606846950138306e-03 6.289995875505426559e-05 2.102648685241849088e-04
3.100000000000000000e+01 6.868387947420025131e-04 -3.818047515987418351e-03 6.996810988866758777e-05 2.114213170309842225e-04
3.200000000000000000e+01 -4.693859681563164292e-03 -1.103605512812083460e-02 7.839259135767089796e-05 2.126275904380415941e-04
3.300000000000000000e+01 -9.957504626523375549e-03 -1.626334791619490905e-02 8.596692162477458099e-05 2.137166647380757802e-04
3.400000000000000000e+01 -1.276765315410996297e-02 -1.858044537563601981e-02 9.048583169696680173e-05 2.149933672267404102e-04
3.500000000000000000e+01 -1.295612781026249730e-02 -1.822310882052876127e-02 9.082677805911519749e-05 2.162164731150081941e-04
3.600000000000000000e+01 -1.148772076074218787e-02 -1.571987794873931990e-02 8.727283417967519224e-05 2.175449246534771203e-04
3.700000000000000000e+01 -8.676857509346104849e-03 -1.185284005059127760e-02 8.108162013556021786e-05 2.189675991836909509e-04
3.800000000000000000e+01 -5.753319878779555863e-03 -7.435218878118350985e-03 7.384841151776856661e-05 2.206370023568867214e-04
3.900000000000000000e+01 -2.686881388167017097e-03 -3.289385935768259894e-03 6.693494162047032342e-05 2.222038089415417905e-04
4.000000000000000000e+01 -1.761930103110434130e-04 -1.648962338210607813e-05 6.118103037062972652e-05 2.237609624440407635e-04
4.100000000000000000e+01 1.860354922328194332e-03 2.047482762798148639e-03 5.683925449348219865e-05 2.251506047205036228e-04
4.200000000000000000e+01 3.113917869920502287e-03 2.937086168599941510e-03 5.372421375299585625e-05 2.260528749087871252e-04
4.300000000000000000e+01 3.693266796988231657e-03 2.941999118828838092e-03 5.143008108320305246e-05 2.257979534657041966e-04
4.400000000000000000e+01 4.361809169793970029e-03 2.462279186786090011e-03 4.953330480044912333e-05 2.242027858765761959e-04
4.500000000000000000e+01 4.769151446436980385e-03 1.780012839320310822e-03 4.771607875590789789e-05 2.207864929053439515e-04
4.600000000000000000e+01 4.859595362162462753e-03 1.060059671286078288e-03 4.584288132987060060e-05 2.157648290770207303e-04
4.700000000000000000e+01 5.102981629554053343e-03 3.599781239819616345e-04 4.397221007268596355e-05 2.100082533931451429e-04
