# freqs 	 pli 	 dpli 	 meanpower(thalamus)	 meanpower(scalp)	pli
8.000000000000000000e+00 3.581660233196129473e-02 6.952565482142550324e-02 8.853514981816051411e-05 2.598324018386327238e-04
9.000000000000000000e+00 3.648493768600854451e-03 1.187647718007548217e-02 8.250763747989496339e-05 2.215086163383383382e-04
1.000000000000000000e+01 -8.357788739554568302e-03 -8.373936938111049139e-03 7.918084003294459633e-05 1.838761340328583520e-04
1.100000000000000000e+01 3.816694878429999129e-03 9.805360738060322004e-04 7.515460636771351967e-05 1.596626262095510412e-04
1.200000000000000000e+01 6.101803036987557376e-03 3.553322255133668783e-03 7.054900585853837735e-05 1.445249476042327261e-04
1.300000000000000000e+01 4.467658312456200889e-03 4.816052820481553712e-03 6.745642383635121436e-05 1.348970431219535240e-04
1.400000000000000000e+01 7.798396100568265495e-03 1.140266483714574841e-02 6.614802113840809910e-05 1.286344760582277798e-04
1.500000000000000000e+01 1.267536221416473360e-02 1.983297190200797311e-02 6.577873929498603497e-05 1.243002350735699431e-04
1.600000000000000000e+01 1.215090219514998286e-02 2.265072400521252194e-02 6.572083450158336924e-05 1.207798634546215267e-04
1.700000000000000000e+01 9.129496471319746217e-03 2.146896850772553322e-02 6.585292218498556619e-05 1.177486407416597876e-04
1.800000000000000000e+01 7.306342624566601086e-03 1.708575781100444418e-02 6.617422185798091405e-05 1.151082919390411481e-04
1.900000000000000000e+01 4.637724415567084403e-03 7.948459380603737495e-03 6.675222328537650342e-05 1.127397569339963772e-04
2.000000000000000000e+01 8.280758229115562285e-04 -1.576177983489173784e-03 6.738452784291945597e-05 1.104110371818591512e-04
2.100000000000000000e+01 -1.745472250002823430e-03 -3.966153829471755210e-03 6.790118977690572371e-05 1.079184012542018544e-04
2.200000000000000000e+01 4.117804774187443402e-03 5.901395377796150518e-03 6.852276657108730682e-05 1.053015561959982753e-04
2.300000000000000000e+01 1.805689245278015165e-02 3.302992419819996556e-02 6.970700214025108592e-05 1.027154891101564376e-04
2.400000000000000000e+01 3.783765579083667174e-02 8.077204335119021750e-02 7.188515483614147403e-05 1.002757925086209955e-04
2.500000000000000000e+01 5.918904469755516956e-02 1.372281089834232748e-01 7.471742753017259679e-05 9.788597595943710188e-05
2.600000000000000000e+01 7.007639145935641578e-02 1.775104370300914225e-01 7.714937305168318891e-05 9.529005908389423475e-05
2.700000000000000000e+01 6.932216450179248812e-02 1.856426345992397975e-01 7.843511344924242222e-05 9.236323988719186715e-05
2.800000000000000000e+01 5.952816107982281113e-02 1.632180301030110303e-01 7.876342085222294868e-05 8.923293034450854660e-05
2.900000000000000000e+01 4.507868984609965379e-02 1.242052316667287132e-01 7.887742462077374731e-05 8.618575831016355240e-05
3.000000000000000000e+01 3.027052372362053559e-02 8.492726244870633934e-02 7.945421668647325046e-05 8.345427353195980914e-05
3.100000000000000000e+01 1.897669158671137779e-02 5.578464082730785756e-02 8.063127571815401789e-05 8.113960287132585588e-05
3.200000000000000000e+01 1.151196290551960606e-02 3.842350553624129111e-02 8.200950513704480303e-05 7.921146919328700354e-05
3.300000000000000000e+01 7.205042724874705443e-03 2.932167601567763418e-02 8.295240924545200817e-05 7.759239714262229409e-05
3.400000000000000000e+01 4.788305730369556146e-03 2.415936646660631071e-02 8.297939630883411754e-05 7.622119449636736326e-05
3.500000000000000000e+01 3.596046602302929197e-03 1.982871025713834820e-02 8.194627370792625562e-05 7.504600918300866877e-05
3.600000000000000000e+01 2.967319779854631339e-03 1.482367460638016332e-02 8.002603033641933971e-05 7.404236021984962916e-05
3.700000000000000000e+01 1.734079134594905666e-03 8.853292890557428602e-03 7.756987564879724829e-05 7.319616724166017226e-05
3.800000000000000000e+01 7.153716580155150334e-04 2.251199990230252131e-03 7.495379966011737817e-05 7.248921284610581543e-05
3.900000000000000000e+01 -1.722227099054786511e-03 -4.448368427790291325e-03 7.245841363304033873e-05 7.188591573312835771e-05
4.000000000000000000e+01 -4.568823842048875573e-03 -1.081427455561996369e-02 7.024682657360931343e-05 7.137347938019199148e-05
4.100000000000000000e+01 -7.106973192349823505e-03 -1.657420506075845540e-02 6.835890140566409868e-05 7.090922481902119600e-05
4.200000000000000000e+01 -9.141380839509898396e-03 -2.162315562443015843e-02 6.671392255147332137e-05 7.038950506588509024e-05
4.300000000000000000e+01 -1.089054598225560819e-02 -2.596667072731495551e-02 6.513833742440799338e-05 6.966381295277721279e-05
4.400000000000000000e+01 -1.257650197484699688e-02 -2.969419379271275722e-02 6.343074965964350586e-05 6.857953595652032980e-05
4.500000000000000000e+01 -1.426361770437837781e-02 -3.291270989909903660e-02 6.144555822292671024e-05 6.702559816376662258e-05
4.600000000000000000e+01 -1.520421771714969283e-02 -3.581932422472584865e-02 5.917835345170099405e-05 6.503564794699047164e-05
4.700000000000000000e+01 -1.658708366337810144e-02 -3.870479894047184483e-02 5.680317313189101031e-05 6.283055801034834339e-05
