# freqs 	 pli 	 dpli 	 meanpower(thalamus)	 meanpower(scalp)	pli
8.000000000000000000e+00 -1.120186137996377965e-02 -1.102568464192620404e-02 6.393216754256578270e-05 1.010992554083626203e-04
9.000000000000000000e+00 -6.984781699494445675e-03 -2.932453060178868975e-02 6.202921681545546691e-05 8.819571971306288771e-05
1.000000000000000000e+01 -2.609132408353099369e-02 -5.188343627440301919e-02 6.222871570403665914e-05 7.821984754429345960e-05
1.100000000000000000e+01 -2.684906691345505247e-02 -6.609738828516525944e-02 6.173993912118484273e-05 7.033319528545807118e-05
1.200000000000000000e+01 -3.576288763977696593e-03 -4.392380305020753689e-02 5.936520402378753426e-05 6.448024589233686645e-05
1.300000000000000000e+01 1.360262034366574099e-02 3.081023205966762837e-02 6.109356551309550506e-05 6.047883713398323344e-05
1.400000000000000000e+01 2.551472934325599989e-02 1.111763054356169345e-01 6.530550237786956883e-05 5.737964004607456526e-05
1.500000000000000000e+01 1.912884633922859456e-02 1.225063930959742337e-01 6.375728589525517589e-05 5.421025274440476201e-05
1.600000000000000000e+01 1.473190383694140786e-02 8.016818568006560397e-02 5.714860150304743931e-05 5.086032925547165318e-05
1.700000000000000000e+01 6.168839986498387933e-03 3.120512560963581775e-02 5.090205435689964565e-05 4.787053289568738985e-05
1.800000000000000000e+01 8.261029151845076038e-04 -2.549913767601242991e-03 4.760700948052899891e-05 4.554978245266698336e-05
1.900000000000000000e+01 -1.067264652043874162e-02 -2.208660701713658497e-02 4.647781597882579707e-05 4.384989356817894294e-05
2.000000000000000000e+01 -1.723849857303593261e-02 -3.117897832132860217e-02 4.613390510941351168e-05 4.252552094370436289e-05
2.100000000000000000e+01 -2.006426042158000397e-02 -3.298371956470869809e-02 4.587722911101178684e-05 4.148032493533323405e-05
2.200000000000000000e+01 -2.424014647778741441e-02 -3.256658812694392113e-02 4.553848979790358048e-05 4.066218881092552404e-05
2.300000000000000000e+01 -2.327941264251178963e-02 -3.492808407103453056e-02 4.516490247820890720e-05 3.998279000758166868e-05
2.400000000000000000e+01 -2.389501314355571560e-02 -4.051540972764634124e-02 4.484501565091309633e-05 3.935945121034647765e-05
2.500000000000000000e+01 -2.400591932043126542e-02 -4.569441333193811905e-02 4.471161180476370339e-05 3.873170041268652095e-05
2.600000000000000000e+01 -2.314182603200943406e-02 -4.658529020495631029e-02 4.476824646997907875e-05 3.808433154183408999e-05
2.700000000000000000e+01 -1.904713477481246101e-02 -4.275305277203171606e-02 4.492762962716144866e-05 3.739678589645359255e-05
2.800000000000000000e+01 -1.525929292377256954e-02 -3.644481993114657981e-02 4.507076866841669866e-05 3.665844029269010445e-05
2.900000000000000000e+01 -1.589154083268416034e-02 -2.980694666773940973e-02 4.516353319587952588e-05 3.586374667015604833e-05
3.000000000000000000e+01 -1.542189909671733833e-02 -2.317512207925933460e-02 4.514845549078196210e-05 3.503830019705554693e-05
3.100000000000000000e+01 -1.107272464459014075e-02 -1.639482565770090591e-02 4.495986722217012777e-05 3.424809650070720005e-05
3.200000000000000000e+01 -6.990277516026361868e-03 -9.952591434557286204e-03 4.450730955950239342e-05 3.353320496050395116e-05
3.300000000000000000e+01 -3.100475686800312908e-03 -5.030574908977113527e-03 4.376134548623283985e-05 3.289618388581759528e-05
3.400000000000000000e+01 -7.387790171467455667e-04 -2.685417936342058415e-03 4.274488600833893740e-05 3.232649894380008242e-05
3.500000000000000000e+01 2.942688279501883171e-04 -2.685332997235636860e-03 4.153339453610167527e-05 3.180699077647530760e-05
3.600000000000000000e+01 -1.035335108557369332e-03 -4.242468287893805257e-03 4.024221318330906447e-05 3.132362629069887218e-05
3.700000000000000000e+01 -1.774957535644756381e-03 -6.311635107238111088e-03 3.896439397468933358e-05 3.087090272912375359e-05
3.800000000000000000e+01 -1.832943558505821741e-03 -8.224372666308710222e-03 3.776774785342241781e-05 3.045938045348322578e-05
3.900000000000000000e+01 -3.216366459745819122e-03 -9.456683047985891752e-03 3.669336188783923726e-05 3.009108135267929998e-05
4.000000000000000000e+01 -3.647251212174667384e-03 -1.008856152740032937e-02 3.575468692442836707e-05 2.977138560185961633e-05
4.100000000000000000e+01 -3.275244451815968825e-03 -1.024815271619698709e-02 3.492769274418801518e-05 2.949099587024955015e-05
4.200000000000000000e+01 -4.477664562986990483e-03 -1.016469730755055652e-02 3.415488489229067331e-05 2.920876891264751060e-05
4.300000000000000000e+01 -6.333908565689406849e-03 -1.004089995477135122e-02 3.336522884990047929e-05 2.885580286000066378e-05
4.400000000000000000e+01 -7.975004286612432519e-03 -1.023640166025610414e-02 3.247382547695820383e-05 2.836435766078734423e-05
4.500000000000000000e+01 -7.188640633674529129e-03 -1.089599932098007408e-02 3.141983946603509520e-05 2.769007202276017624e-05
4.600000000000000000e+01 -7.752661169486653112e-03 -1.216368394311210903e-02 3.020546204337888160e-05 2.684745143836640723e-05
4.700000000000000000e+01 -8.761670569941579223e-03 -1.410434282274441141e-02 2.892246196630145051e-05 2.592282039342249408e-05
