# freqs 	 pli 	 dpli 	 meanpower(thalamus)	 meanpower(scalp)	pli
8.000000000000000000e+00 5.461912284298238440e-02 1.855898425562917120e-01 1.250629781745531870e-04 7.299472612428824659e-04
9.000000000000000000e+00 3.676878260363476009e-02 1.007017345639670963e-01 1.023131493538141683e-04 6.343517970292317969e-04
1.000000000000000000e+01 3.882389954252445097e-02 8.771609445001882222e-02 8.706794458791710582e-05 4.793807050270687434e-04
1.100000000000000000e+01 3.442982471740028971e-02 7.605415991679156940e-02 8.018133656978641507e-05 3.552608886726615922e-04
1.200000000000000000e+01 2.664459245075640956e-02 4.990310188746530096e-02 7.729506718038683445e-05 3.025203155841790391e-04
1.300000000000000000e+01 1.606456582236305206e-02 3.554587270987779463e-02 7.613448816673588926e-05 2.868824686316549344e-04
1.400000000000000000e+01 1.321473197653908610e-02 3.222116923515162129e-02 7.535614526328275446e-05 2.813635481901483005e-04
1.500000000000000000e+01 9.049026408700434551e-03 2.230141561438690745e-02 7.406435039173427798e-05 2.734045355889900284e-04
1.600000000000000000e+01 2.402895177037023006e-03 1.052350728690393429e-02 7.199588475184569790e-05 2.591463754260812024e-04
1.700000000000000000e+01 6.520465346881745144e-03 1.058658708164582872e-02 6.951056118877201051e-05 2.414861296143670755e-04
1.800000000000000000e+01 1.324079947572931806e-02 1.836125276146908028e-02 6.718559587980090701e-05 2.236673595574338873e-04
1.900000000000000000e+01 1.676828618135046967e-02 2.402433008130088268e-02 6.548881836505173013e-05 2.080372311076007221e-04
2.000000000000000000e+01 1.581731215360086470e-02 2.417191406668756440e-02 6.432917303484871096e-05 1.958415837281952943e-04
2.100000000000000000e+01 1.285100744080957570e-02 1.983193359938883668e-02 6.343951309746801034e-05 1.868232849523081382e-04
2.200000000000000000e+01 6.874175878708250857e-03 1.230887279875765919e-02 6.274739933346355487e-05 1.796698909174700913e-04
2.300000000000000000e+01 2.475102553349998059e-03 3.136953840603326580e-03 6.246034994578541133e-05 1.732491931459286070e-04
2.400000000000000000e+01 1.266867863707777254e-03 -5.758325057956037440e-03 6.296593691317985565e-05 1.670541158600334034e-04
2.500000000000000000e+01 -1.104416572809482780e-03 -1.222311110165252845e-02 6.495601459455891183e-05 1.612572539466566087e-04
2.600000000000000000e+01 -4.040364742754290646e-03 -1.428216739928984610e-02 6.950144484073248450e-05 1.560577210883073648e-04
2.700000000000000000e+01 -1.970422679763504051e-03 -1.162441215770899407e-02 7.781194168119298822e-05 1.517605441400743859e-04
2.800000000000000000e+01 -1.405662780709842708e-03 -6.417562823603719865e-03 8.981068033783891737e-05 1.482392565073799404e-04
2.900000000000000000e+01 6.167801164879721954e-04 -9.573481440398380095e-04 1.031042829939338092e-04 1.455684819110522415e-04
3.000000000000000000e+01 1.574936834980128963e-03 3.392303262937997055e-03 1.137917869445453711e-04 1.436651775474463233e-04
3.100000000000000000e+01 2.279090317696087428e-03 6.502452724557866541e-03 1.187052833043872563e-04 1.426557409376409354e-04
3.200000000000000000e+01 1.871157149618652349e-03 8.757045793590498631e-03 1.169022292770632366e-04 1.423889738521554580e-04
3.300000000000000000e+01 1.873584981404380258e-03 1.066532404993271975e-02 1.095737175543789685e-04 1.426932804537673033e-04
3.400000000000000000e+01 4.678980002032913886e-03 1.248448032631017945e-02 9.899911043950367117e-05 1.436740683660407681e-04
3.500000000000000000e+01 5.663345797487993362e-03 1.430743020452993758e-02 8.757435971309097760e-05 1.450013103621614703e-04
3.600000000000000000e+01 5.326133351000224801e-03 1.613354104556543114e-02 7.710291232230381169e-05 1.466934017326407920e-04
3.700000000000000000e+01 5.970196114094675210e-03 1.798837569086651766e-02 6.856953537238649234e-05 1.486590381883030659e-04
3.800000000000000000e+01 8.352719380578811290e-03 1.959195461187332454e-02 6.221027959618362379e-05 1.509560605762362974e-04
3.900000000000000000e+01 9.247150979966383202e-03 2.073870070504120477e-02 5.774667117095591562e-05 1.532187094300960174e-04
4.000000000000000000e+01 1.051977883025446460e-02 2.076102220151874317e-02 5.471259739342939618e-05 1.554408443370755869e-04
4.100000000000000000e+01 1.053472688337009008e-02 1.933162645900169882e-02 5.262930440809001687e-05 1.574148361728988871e-04
4.200000000000000000e+01 1.014785324479625106e-02 1.657734196478903924e-02 5.109864141560292717e-05 1.588485474150653251e-04
4.300000000000000000e+01 7.779737638277243669e-03 1.309927096085222384e-02 4.978713910631689529e-05 1.592020055855538545e-04
4.400000000000000000e+01 7.355229315071393041e-03 9.240800172690076184e-03 4.846718211309450401e-05 1.584086524201058332e-04
4.500000000000000000e+01 7.250879589823660404e-03 5.723606228472781499e-03 4.698266680841479780e-05 1.561651650073120877e-04
4.600000000000000000e+01 6.049778844227789686e-03 2.949162823416897131e-03 4.531217600927751524e-05 1.527108046242111651e-04
4.700000000000000000e+01 4.292083879821651654e-03 1.222413263890001532e-03 4.357602618891163928e-05 1.487437774409056611e-04
