# freqs 	 pli 	 dpli 	 meanpower(thalamus)	 meanpower(scalp)	pli
8.000000000000000000e+00 5.225569337111230644e-02 9.153777215748225282e-02 3.061015841553356643e-05 1.889357577932105259e-04
9.000000000000000000e+00 2.287426768969040569e-02 1.595425696933747833e-02 3.096680865867686020e-05 1.556404926558091809e-04
1.000000000000000000e+01 -8.585444245254035198e-03 -5.647055714501978546e-02 3.203991399928555442e-05 1.402019616849436013e-04
1.100000000000000000e+01 -2.907805794930894833e-02 -1.104165592721323974e-01 3.336030367934586987e-05 1.391442235882980579e-04
1.200000000000000000e+01 -6.119627684041796523e-02 -1.615467510606969914e-01 3.508983151191355927e-05 1.478860789224602419e-04
1.300000000000000000e+01 -9.721132247964729689e-02 -2.221226448236057749e-01 3.689837085082897308e-05 1.610399184788319454e-04
1.400000000000000000e+01 -1.333248210177205295e-01 -2.822593661582369906e-01 3.807062865855043480e-05 1.743652946294138584e-04
1.500000000000000000e+01 -1.591864132632430373e-01 -3.232996465464369473e-01 3.880815468260866629e-05 1.861709028266755493e-04
1.600000000000000000e+01 -1.778335197804133128e-01 -3.551043253752466655e-01 3.964670893591449587e-05 1.963955122015381878e-04
1.700000000000000000e+01 -1.908726013966424440e-01 -3.810239088049912071e-01 4.057501582012502597e-05 2.032855451325612324e-04
1.800000000000000000e+01 -1.875440933451633096e-01 -3.862137999656467535e-01 4.109845413206765643e-05 2.034586533007683574e-04
1.900000000000000000e+01 -1.669780279955367097e-01 -3.584909024001377009e-01 4.099762967624152123e-05 1.956409008640495808e-04
2.000000000000000000e+01 -1.327533958599010633e-01 -2.955554396686834173e-01 4.060919425427099086e-05 1.810334498648984928e-04
2.100000000000000000e+01 -9.656753599948332545e-02 -2.131635468176625858e-01 4.026792155944733024e-05 1.623773040905307312e-04
2.200000000000000000e+01 -6.156075379232620742e-02 -1.358903844216670931e-01 3.970634319057405860e-05 1.425495426622592110e-04
2.300000000000000000e+01 -3.530509990398816855e-02 -7.838904035656565905e-02 3.874120270161557751e-05 1.239679136810610137e-04
2.400000000000000000e+01 -2.250178632088179961e-02 -4.190721261259219149e-02 3.747655882210193995e-05 1.082804608345603855e-04
2.500000000000000000e+01 -1.245980989075765738e-02 -1.916641359323837876e-02 3.599897125543057735e-05 9.618450621335531759e-05
2.600000000000000000e+01 -7.640825995751728862e-03 -3.298618125681895569e-03 3.441265930658541624e-05 8.746032816210340031e-05
2.700000000000000000e+01 -2.294834723073668151e-03 7.977517620452097627e-03 3.288448243324109364e-05 8.139146975342448017e-05
2.800000000000000000e+01 9.321423570901997023e-04 1.384445696003481704e-02 3.155094643880558325e-05 7.709031282628260075e-05
2.900000000000000000e+01 9.249836699460606401e-04 1.352573311134449771e-02 3.045833468323271888e-05 7.384833810402508490e-05
3.000000000000000000e+01 -8.161187306191086243e-04 7.010209468365954412e-03 2.953945985558578639e-05 7.121481695382963107e-05
3.100000000000000000e+01 -3.532426256367298453e-03 -5.002534961189947400e-03 2.873633667447971488e-05 6.894465821511077547e-05
3.200000000000000000e+01 -1.266147686490889587e-02 -2.047155433214136594e-02 2.804014788865041152e-05 6.688338346657503861e-05
3.300000000000000000e+01 -2.185571252755284799e-02 -3.670020274888775857e-02 2.746058018792300201e-05 6.498268220226002389e-05
3.400000000000000000e+01 -2.841991930818068071e-02 -5.136965133011103107e-02 2.699010169884638683e-05 6.329998762445580070e-05
3.500000000000000000e+01 -3.357905865942530793e-02 -6.279210986130107086e-02 2.660899585391512910e-05 6.189531000624717036e-05
3.600000000000000000e+01 -3.753141640368415355e-02 -7.028489660588567445e-02 2.628739841015860780e-05 6.077301858669471965e-05
3.700000000000000000e+01 -3.838536047119378569e-02 -7.393069707089486298e-02 2.600434795605292441e-05 5.983549317301440176e-05
3.800000000000000000e+01 -3.845461562163465102e-02 -7.426302474462691261e-02 2.575150985780804691e-05 5.888711354043530744e-05
3.900000000000000000e+01 -3.871752807636068966e-02 -7.249708972404975138e-02 2.552261034308992880e-05 5.772250442135766377e-05
4.000000000000000000e+01 -3.684610776209547300e-02 -6.954809811044818102e-02 2.529589899382636659e-05 5.623860211208566698e-05
4.100000000000000000e+01 -3.487329483619704129e-02 -6.612494183113695745e-02 2.505146498437545055e-05 5.443810158243447009e-05
4.200000000000000000e+01 -3.335926744246122538e-02 -6.262214301572517627e-02 2.476083727180784449e-05 5.240693918147824008e-05
4.300000000000000000e+01 -3.158744100243435909e-02 -5.920558304463025001e-02 2.438600253385137372e-05 5.021384798818776120e-05
4.400000000000000000e+01 -3.046735640385301452e-02 -5.600880150310977995e-02 2.387943328003071599e-05 4.789842689058726601e-05
4.500000000000000000e+01 -3.047400211577618381e-02 -5.303664654198932821e-02 2.321572903401316500e-05 4.546212728873466678e-05
4.600000000000000000e+01 -2.911081109338279141e-02 -5.017935917801844004e-02 2.241821618977872323e-05 4.294476470414871857e-05
4.700000000000000000e+01 -2.882120528618356201e-02 -4.726872588739326059e-02 2.157391680463042100e-05 4.045423017387566244e-05
