# freqs 	 pli 	 dpli 	 meanpower(thalamus)	 meanpower(scalp)	pli
8.000000000000000000e+00 2.063477722793374478e-02 4.605464870987143605e-02 8.440525896347292822e-05 2.624954442953483552e-04
9.000000000000000000e+00 -2.834520199999659724e-03 1.124974660611145240e-02 7.649350338919122603e-05 2.443331145027661622e-04
1.000000000000000000e+01 -2.962605187790393144e-03 2.742105632839444626e-02 7.176307475217772510e-05 2.176045010032278760e-04
1.100000000000000000e+01 6.810141809988888052e-03 4.687905552694773131e-02 6.896945252728304404e-05 1.841252846339447400e-04
1.200000000000000000e+01 1.907570687082002503e-02 4.491985789931446371e-02 6.624914892742310988e-05 1.612513588462552330e-04
1.300000000000000000e+01 6.249480341201604262e-03 3.058859476488491255e-02 6.378219195756676515e-05 1.520701463984191842e-04
1.400000000000000000e+01 -8.767868559983584085e-04 1.737357346626665008e-02 6.228266307630830846e-05 1.525684528970752370e-04
1.500000000000000000e+01 -5.344928420677905363e-03 -7.109025555141744793e-03 6.200983600572937383e-05 1.571882626797481517e-04
1.600000000000000000e+01 -8.467238378939841506e-03 -4.538656763410486850e-02 6.271639169734187990e-05 1.642275025189903392e-04
1.700000000000000000e+01 -2.015166682758188360e-02 -7.581169566085919909e-02 6.379971622909555331e-05 1.705216787744986062e-04
1.800000000000000000e+01 -2.605862640609733424e-02 -8.520700587120569325e-02 6.469661943685271451e-05 1.750847293089639618e-04
1.900000000000000000e+01 -2.329478800067035296e-02 -7.400532670030758597e-02 6.501382877882525403e-05 1.769447657184409703e-04
2.000000000000000000e+01 -1.696969081551659778e-02 -4.986687304607186760e-02 6.454581069098295804e-05 1.743337939916706283e-04
2.100000000000000000e+01 -7.734047575136670030e-03 -2.563102747552189684e-02 6.335980067069726517e-05 1.674444941928657118e-04
2.200000000000000000e+01 -2.035061246377743195e-03 -8.703028904818808226e-03 6.175646796673259448e-05 1.576917761570134212e-04
2.300000000000000000e+01 -8.473472618505996107e-04 1.436161661230225773e-03 6.020726017197221763e-05 1.466483576739656500e-04
2.400000000000000000e+01 1.898957855986959211e-03 7.058508440808040039e-03 5.895073644123006339e-05 1.354367881600516640e-04
2.500000000000000000e+01 4.360123550922489523e-03 9.530165014393082376e-03 5.799379643380672727e-05 1.246008653541643763e-04
2.600000000000000000e+01 3.899745933327360744e-03 9.826748506299363278e-03 5.726405488109312494e-05 1.144851132891993640e-04
2.700000000000000000e+01 1.586960893835865239e-03 9.597451034864043842e-03 5.669291497673576064e-05 1.053825569563415760e-04
2.800000000000000000e+01 4.743340819261309370e-03 1.103082240138105082e-02 5.623214923144306625e-05 9.750397630299128269e-05
2.900000000000000000e+01 9.007212866578019964e-03 1.540977151976046303e-02 5.585907290274363772e-05 9.094293146426351985e-05
3.000000000000000000e+01 1.092581360734311974e-02 2.162475992810466985e-02 5.554405171138481016e-05 8.560529420892095634e-05
3.100000000000000000e+01 1.120467579415018906e-02 2.725054721725964080e-02 5.528711188561453706e-05 8.128531880747863134e-05
3.200000000000000000e+01 1.366901492900320786e-02 3.090502923951205308e-02 5.505512382347586023e-05 7.772677630165427407e-05
3.300000000000000000e+01 1.494145523390040010e-02 3.296910791729230211e-02 5.485362588289642506e-05 7.475819862709565165e-05
3.400000000000000000e+01 1.743513538614814215e-02 3.444886685884750166e-02 5.466472867754932036e-05 7.224080036816499955e-05
3.500000000000000000e+01 1.813632042577549217e-02 3.590238132296115492e-02 5.448204288182949376e-05 7.007578068009300866e-05
3.600000000000000000e+01 2.046501733135903944e-02 3.729746956816995529e-02 5.431795923249970050e-05 6.816464587597967242e-05
3.700000000000000000e+01 2.453230596247642920e-02 3.871540803493999511e-02 5.414092282860949495e-05 6.642362480545521469e-05
3.800000000000000000e+01 2.546737451574514199e-02 4.025561900448880459e-02 5.393867962509212927e-05 6.477625738533512271e-05
3.900000000000000000e+01 2.417937807094980643e-02 4.197406303661124077e-02 5.370786132303010350e-05 6.319178038981553881e-05
4.000000000000000000e+01 2.482240176610873636e-02 4.363991981584545293e-02 5.344592378858406106e-05 6.166149677391049178e-05
4.100000000000000000e+01 2.539107658502255671e-02 4.474553693783038522e-02 5.311082552163628388e-05 6.017092863236250962e-05
4.200000000000000000e+01 2.552090628496404834e-02 4.489719906774871511e-02 5.263734090464608977e-05 5.864950516500361916e-05
4.300000000000000000e+01 2.322920551560735819e-02 4.387729197261026892e-02 5.194355298609306743e-05 5.701971616169147728e-05
4.400000000000000000e+01 2.157049686558727003e-02 4.185199803855870621e-02 5.093286491871785689e-05 5.518047360380078635e-05
4.500000000000000000e+01 2.095141034358827953e-02 3.926017439622830896e-02 4.955984965469120614e-05 5.304435490177707022e-05
4.600000000000000000e+01 2.117938447677488942e-02 3.647611004476944419e-02 4.788810458647583190e-05 5.063101921569219889e-05
4.700000000000000000e+01 2.033434501746968909e-02 3.366040794051444046e-02 4.611830155996123466e-05 4.808692855278819437e-05
