# freqs 	 pli 	 dpli 	 meanpower(thalamus)	 meanpower(scalp)	pli
8.000000000000000000e+00 1.377420344439590424e-02 3.301968138252713014e-02 4.342241835345253277e-05 1.038103466243680401e-04
9.000000000000000000e+00 2.688027585589216478e-02 6.494044505435508929e-02 4.389338209070629143e-05 1.061669631290673168e-04
1.000000000000000000e+01 5.788726446763888672e-02 1.416409032749279262e-01 4.539250134083313453e-05 1.061259185317679033e-04
1.100000000000000000e+01 8.991327447456833044e-02 1.990939561248272482e-01 4.570340352532304584e-05 1.067949706415858592e-04
1.200000000000000000e+01 8.326992435622937450e-02 1.817745039948922281e-01 4.557752798636118240e-05 1.049212027741593415e-04
1.300000000000000000e+01 6.261604279788574035e-02 1.268328514165540655e-01 4.593350078625671028e-05 1.004513673194609306e-04
1.400000000000000000e+01 4.629563049783082945e-02 8.746155842174214989e-02 4.599016098923906190e-05 9.350710235503143061e-05
1.500000000000000000e+01 3.418838340378058116e-02 6.097257804937598891e-02 4.467569170188582720e-05 8.486533286620714022e-05
1.600000000000000000e+01 1.857446142066613431e-02 3.343929903059384562e-02 4.236318885535030434e-05 7.604217645271626363e-05
1.700000000000000000e+01 3.445531032607239332e-03 8.033147708267220077e-03 4.018187917584754133e-05 6.812879451838864376e-05
1.800000000000000000e+01 -7.213771718982490630e-03 -9.316840066546878962e-03 3.876357022331163808e-05 6.179084605748703907e-05
1.900000000000000000e+01 -1.253815133691387265e-02 -2.057953716333670371e-02 3.804389691347907613e-05 5.722199093656088877e-05
2.000000000000000000e+01 -1.281090665012466975e-02 -2.645859604624371808e-02 3.773813725702853436e-05 5.393405581637687274e-05
2.100000000000000000e+01 -1.289606268905655467e-02 -2.652857248173533591e-02 3.763659601008245053e-05 5.140830014817530247e-05
2.200000000000000000e+01 -1.292416028206772732e-02 -2.441018471482271288e-02 3.766027924657268529e-05 4.929211447553482033e-05
2.300000000000000000e+01 -8.994269120825215333e-03 -2.288244337261893108e-02 3.779833419559484913e-05 4.743077354891681420e-05
2.400000000000000000e+01 -8.693063631454448631e-03 -2.124400846518050348e-02 3.802536789787357906e-05 4.581850345411149684e-05
2.500000000000000000e+01 -8.410077936633167037e-03 -1.860917910726114441e-02 3.830640013474231805e-05 4.444286910234132218e-05
2.600000000000000000e+01 -6.261085112293523006e-03 -1.611913286413085844e-02 3.867106736853106509e-05 4.329906318670205252e-05
2.700000000000000000e+01 -7.546622570474608750e-03 -1.593972830035280189e-02 3.925750292542993966e-05 4.241175273401968514e-05
2.800000000000000000e+01 -1.015522065835687548e-02 -1.962963355060039217e-02 4.020376309778951498e-05 4.173339193496605786e-05
2.900000000000000000e+01 -1.183775033242057476e-02 -2.752760132616843131e-02 4.155986811044460645e-05 4.117649904722400973e-05
3.000000000000000000e+01 -1.270989005927950291e-02 -3.850414559045247515e-02 4.315057148128932532e-05 4.066850769488133152e-05
3.100000000000000000e+01 -1.601948533471017275e-02 -4.994783518658162114e-02 4.461633667051096276e-05 4.019800114596222155e-05
3.200000000000000000e+01 -1.786431206165840779e-02 -5.874456998145605180e-02 4.558017648004907419e-05 3.976691944719685753e-05
3.300000000000000000e+01 -1.800609129904913105e-02 -6.255991848587873216e-02 4.582347828197561382e-05 3.938361740471139352e-05
3.400000000000000000e+01 -1.655698010537437828e-02 -6.074245247207203657e-02 4.534729834190998543e-05 3.906040276241265675e-05
3.500000000000000000e+01 -1.368184183714606095e-02 -5.412738609515015814e-02 4.431149917251007899e-05 3.878924781264918276e-05
3.600000000000000000e+01 -1.110438621301448534e-02 -4.459238011157858061e-02 4.296334437063126970e-05 3.857190003428551095e-05
3.700000000000000000e+01 -8.567956560306415684e-03 -3.434360308990833111e-02 4.153964817570441747e-05 3.840221717360505686e-05
3.800000000000000000e+01 -7.157254891530975827e-03 -2.524635280879512084e-02 4.021830287125387432e-05 3.826739174450702997e-05
3.900000000000000000e+01 -5.955260056925602667e-03 -1.825501726039679973e-02 3.909375054830686793e-05 3.814115025880172492e-05
4.000000000000000000e+01 -4.833313826466916277e-03 -1.362607436551656857e-02 3.819258210171734227e-05 3.801561945618148712e-05
4.100000000000000000e+01 -3.725042071866352736e-03 -1.106381388951311120e-02 3.748123858539189002e-05 3.786854626807761761e-05
4.200000000000000000e+01 -2.700366091862155954e-03 -1.004625379484328472e-02 3.688468288299690928e-05 3.765745040229846068e-05
4.300000000000000000e+01 -2.948423543722440698e-03 -1.000807174078484178e-02 3.629162312290618101e-05 3.730992321199855997e-05
4.400000000000000000e+01 -3.176887497941672904e-03 -1.045339701021383121e-02 3.558852921693651431e-05 3.675891605988802302e-05
4.500000000000000000e+01 -3.382791109483405858e-03 -1.096909846848736526e-02 3.469896727056490598e-05 3.595075205356316870e-05
4.600000000000000000e+01 -3.215139783606097649e-03 -1.124313153415148689e-02 3.363337112436069585e-05 3.491134133991118885e-05
4.700000000000000000e+01 -3.017667749938252476e-03 -1.105614199726123216e-02 3.250562848933449036e-05 3.376301998973878183e-05
