# freqs 	 pli 	 dpli 	 meanpower(thalamus)	 meanpower(scalp)	pli
8.000000000000000000e+00 -3.491079120105800709e-02 -5.091323559505352842e-02 4.354730727970442948e-05 1.356249772690194669e-04
9.000000000000000000e+00 4.913638873571430157e-03 3.020869554978809768e-02 4.418175922770882833e-05 1.101908355353070260e-04
1.000000000000000000e+01 2.129284051329108016e-02 6.391150389187286174e-02 5.338766281288028051e-05 9.770065275201745322e-05
1.100000000000000000e+01 2.449811068433742703e-02 5.500247897611067194e-02 6.373482941644857767e-05 9.520151321683865443e-05
1.200000000000000000e+01 9.327973010667173562e-03 1.864868880029425108e-02 6.019512109836159240e-05 9.899651247838734867e-05
1.300000000000000000e+01 -2.015126983872534208e-02 -8.165974491667030155e-02 4.916176782281589977e-05 1.087510396530182036e-04
1.400000000000000000e+01 -4.016668347196922922e-02 -1.756154332943652141e-01 4.057982286964745386e-05 1.151114384291360843e-04
1.500000000000000000e+01 -4.512936610242478802e-02 -1.873247121655347014e-01 3.596576652534942486e-05 1.091860724282477877e-04
1.600000000000000000e+01 -3.846050292201012855e-02 -1.406718763425821028e-01 3.354209422948976248e-05 9.466939724321607528e-05
1.700000000000000000e+01 -2.550358356260493120e-02 -8.240520962239472613e-02 3.217436843161818852e-05 7.982209205035275526e-05
1.800000000000000000e+01 -1.116863878887233534e-02 -3.508171972769395797e-02 3.142145814276080560e-05 6.926458673254039407e-05
1.900000000000000000e+01 -4.746623578457700955e-04 -1.902868031889527094e-03 3.116216758206879085e-05 6.311926732877098023e-05
2.000000000000000000e+01 6.420518285157042135e-03 1.850022955464480923e-02 3.145500128865717218e-05 5.951783216375757305e-05
2.100000000000000000e+01 8.477943401439303611e-03 2.874594688948117066e-02 3.211773058734947232e-05 5.687899728440632199e-05
2.200000000000000000e+01 8.798646934397325384e-03 3.225776976234717708e-02 3.262974210918833913e-05 5.444119038480255064e-05
2.300000000000000000e+01 8.417522016928975781e-03 3.133698194032590034e-02 3.258134273014222517e-05 5.209544446255582543e-05
2.400000000000000000e+01 8.155633750571671461e-03 2.732661895681604697e-02 3.195073303751766675e-05 5.000797436201135998e-05
2.500000000000000000e+01 8.818463360742807497e-03 2.146437333079753360e-02 3.103142660777254017e-05 4.831422156183192909e-05
2.600000000000000000e+01 6.765036590675389989e-03 1.544552398947678790e-02 3.015064261438084423e-05 4.699082793238372544e-05
2.700000000000000000e+01 4.878176966948563446e-03 1.115310466242127978e-02 2.948915510893151249e-05 4.591816337658339686e-05
2.800000000000000000e+01 4.499815236764374490e-03 9.465197453255457319e-03 2.909386238813010231e-05 4.497475928424330110e-05
2.900000000000000000e+01 5.242732510683427785e-03 9.768211755944413571e-03 2.892962212836357934e-05 4.409175157801916892e-05
3.000000000000000000e+01 6.222668525680680185e-03 1.092017400069652741e-02 2.892837824478441619e-05 4.325547048707701698e-05
3.100000000000000000e+01 7.935940677140989816e-03 1.220157456293616098e-02 2.902864784387137689e-05 4.248292485743451025e-05
3.200000000000000000e+01 9.862481212780768031e-03 1.331798581604537110e-02 2.918395151712808812e-05 4.178635091529954069e-05
3.300000000000000000e+01 9.847996359984890341e-03 1.405844074772826836e-02 2.935982095118486830e-05 4.118120451434810828e-05
3.400000000000000000e+01 9.690575536964621955e-03 1.430672993252660348e-02 2.953325870167902291e-05 4.067403683381622700e-05
3.500000000000000000e+01 8.747002938793480703e-03 1.419413009906656149e-02 2.969447729331268872e-05 4.025323001962224820e-05
3.600000000000000000e+01 8.113880818422762251e-03 1.403182453542286580e-02 2.984293858106086382e-05 3.991795505139315137e-05
3.700000000000000000e+01 7.287197704092153970e-03 1.412135643502126885e-02 2.998431011915472769e-05 3.965191171789421844e-05
3.800000000000000000e+01 7.312049182617158527e-03 1.454664993006443176e-02 3.012719844434261468e-05 3.943619304378167731e-05
3.900000000000000000e+01 7.463075413835384801e-03 1.514922583511332452e-02 3.027418320160232441e-05 3.924427878109701542e-05
4.000000000000000000e+01 7.143478286944579189e-03 1.561365902397394111e-02 3.042039060967550483e-05 3.906248189513383633e-05
4.100000000000000000e+01 6.916695135638173918e-03 1.563909579068296918e-02 3.054772787490384755e-05 3.886461402821732937e-05
4.200000000000000000e+01 6.950412074064274241e-03 1.507277537425239129e-02 3.061856829770617973e-05 3.860278420348643019e-05
4.300000000000000000e+01 6.471460999403747319e-03 1.394492571603404840e-02 3.056682251909373371e-05 3.820792917720304988e-05
4.400000000000000000e+01 5.610719669183948828e-03 1.252851159729045059e-02 3.031947104666747402e-05 3.760732724676375929e-05
4.500000000000000000e+01 4.783281614838571019e-03 1.108933504209565386e-02 2.983447004467935996e-05 3.674803177357285547e-05
4.600000000000000000e+01 3.472089525732128656e-03 9.904755278156110454e-03 2.914291314992811544e-05 3.565749271125177703e-05
4.700000000000000000e+01 2.821232467045191056e-03 9.183953027755025617e-03 2.836408760454298578e-05 3.446484272771668518e-05
