# freqs 	 pli 	 dpli 	 meanpower(thalamus)	 meanpower(scalp)	pli
8.000000000000000000e+00 5.700925252408186282e-03 2.291740558515546061e-02 4.244997452223723937e-05 2.912380563374651079e-04
9.000000000000000000e+00 -4.515844032047053140e-03 -1.594250267256430926e-03 3.910534363637858826e-05 2.624805512289817250e-04
1.000000000000000000e+01 5.402014597168026955e-03 1.717972005335706778e-02 3.885086376584023457e-05 2.334305905600970738e-04
1.100000000000000000e+01 1.008263062522763397e-02 2.184993474171635988e-02 4.000518024568854681e-05 2.131863751695971048e-04
1.200000000000000000e+01 5.588085041933138833e-03 8.766344981095113703e-03 4.241683359491716206e-05 2.081138836940388205e-04
1.300000000000000000e+01 -8.106993667342694831e-04 1.564076663624241244e-03 4.590200470358704984e-05 2.103842252862087253e-04
1.400000000000000000e+01 2.356666872664623606e-03 9.241469241531991008e-03 4.964625264095215684e-05 2.141721708045692682e-04
1.500000000000000000e+01 5.191579601289309995e-03 1.731268637982290998e-02 5.244072677664608686e-05 2.164802261497466760e-04
1.600000000000000000e+01 7.692653926192807162e-03 2.062210771356403835e-02 5.325951647033587183e-05 2.160797776709447464e-04
1.700000000000000000e+01 9.688674067917410829e-03 2.046249736600834826e-02 5.189056479443086194e-05 2.132799006424451196e-04
1.800000000000000000e+01 1.045569310226719499e-02 1.943659584606079530e-02 4.899170539920393199e-05 2.091949288656120068e-04
1.900000000000000000e+01 9.455495229619073280e-03 1.772578463129103818e-02 4.553832539479893193e-05 2.049665828243956811e-04
2.000000000000000000e+01 7.298510947268472236e-03 1.478826207350490869e-02 4.229683628751057842e-05 2.014598586815400673e-04
2.100000000000000000e+01 6.605641434001876741e-03 1.237494722892754431e-02 3.966188578611882983e-05 1.991095068244094475e-04
2.200000000000000000e+01 6.912901069701767737e-03 1.231247551113133151e-02 3.771964607346565068e-05 1.978635605069861204e-04
2.300000000000000000e+01 8.207980658027800788e-03 1.449030492164986653e-02 3.636400508850233895e-05 1.976751378148289598e-04
2.400000000000000000e+01 9.117734662017018196e-03 1.722681627241810440e-02 3.541698584471591457e-05 1.981668419652041809e-04
2.500000000000000000e+01 1.089944071973530243e-02 1.884365452870311389e-02 3.472575075492507552e-05 1.989998702035137093e-04
2.600000000000000000e+01 1.222597135545519693e-02 1.881781046515592845e-02 3.418069842992994020e-05 1.998917711361918221e-04
2.700000000000000000e+01 1.176579894539911061e-02 1.804819705202359917e-02 3.370489231833829997e-05 2.009307192363166789e-04
2.800000000000000000e+01 1.110794660902888163e-02 1.779639395917672132e-02 3.325395861705704654e-05 2.017987647330012025e-04
2.900000000000000000e+01 1.175380112204244161e-02 1.888784345024235867e-02 3.280775802971187577e-05 2.025612428647769012e-04
3.000000000000000000e+01 1.348857833337773447e-02 2.125755294221349026e-02 3.236237068411333418e-05 2.030624501814078597e-04
3.100000000000000000e+01 1.439229017782869997e-02 2.440228700328708061e-02 3.192407101176270132e-05 2.035471482368914791e-04
3.200000000000000000e+01 1.542939121868558243e-02 2.740628152496887848e-02 3.150183621178557461e-05 2.038903243950669348e-04
3.300000000000000000e+01 1.688375866346014317e-02 2.953250765504378955e-02 3.110138575985075881e-05 2.039641214436735590e-04
3.400000000000000000e+01 1.733867959716523660e-02 3.061300859923398940e-02 3.072346747149658843e-05 2.040519291073906484e-04
3.500000000000000000e+01 1.729172264524284769e-02 3.064195693273124438e-02 3.037145022943858462e-05 2.039184768432679505e-04
3.600000000000000000e+01 1.694728904117837401e-02 3.005482778343437217e-02 3.005464302110528904e-05 2.037753880797198690e-04
3.700000000000000000e+01 1.674618576304919351e-02 2.927439728269189481e-02 2.978193376755891599e-05 2.036700085130236531e-04
3.800000000000000000e+01 1.636223484356731303e-02 2.859615580049603215e-02 2.955690761625041552e-05 2.038211908034134054e-04
3.900000000000000000e+01 1.563607627690877244e-02 2.789386620515921233e-02 2.937747018096942855e-05 2.039485668551868332e-04
4.000000000000000000e+01 1.563194582313683773e-02 2.720065150736804965e-02 2.923467619664128807e-05 2.041861465398795415e-04
4.100000000000000000e+01 1.543460144145417101e-02 2.653103007886605316e-02 2.910506428631445130e-05 2.043839177731099897e-04
4.200000000000000000e+01 1.519077963942545330e-02 2.595575588231237643e-02 2.894620731055070481e-05 2.042394858854500324e-04
4.300000000000000000e+01 1.472964414057388767e-02 2.550576742375584849e-02 2.869547741002650870e-05 2.031518469568526809e-04
4.400000000000000000e+01 1.443723258129525448e-02 2.532814839092805206e-02 2.828805674152779802e-05 2.009720949863576733e-04
4.500000000000000000e+01 1.439136540160206035e-02 2.537225158180859627e-02 2.768529580936846210e-05 1.972510360900398777e-04
4.600000000000000000e+01 1.435507028173930652e-02 2.559574194229619071e-02 2.691111917870821996e-05 1.921439693812566419e-04
4.700000000000000000e+01 1.404135105291063300e-02 2.592036452012351846e-02 2.606835337335152407e-05 1.863852219608784814e-04
