# freqs 	 pli 	 dpli 	 meanpower(thalamus)	 meanpower(scalp)	pli
8.000000000000000000e+00 2.718939158429203168e-02 5.158997239174756277e-02 4.342241835345253277e-05 5.246683657139432041e-05
9.000000000000000000e+00 2.611338751931215063e-02 3.587026062436919627e-02 4.389338209070629143e-05 5.172127974485621479e-05
1.000000000000000000e+01 2.709780384142939161e-02 6.301648261408598906e-02 4.539250134083313453e-05 4.885262957703711580e-05
1.100000000000000000e+01 3.496291292918549815e-02 7.889698713442525047e-02 4.570340352532304584e-05 4.713163823094929133e-05
1.200000000000000000e+01 3.335287083202120861e-02 6.559174457394095770e-02 4.557752798636118240e-05 4.582490829904660581e-05
1.300000000000000000e+01 2.432116840952016495e-02 4.428702756930413126e-02 4.593350078625671028e-05 4.427358825417924900e-05
1.400000000000000000e+01 1.863470035074262995e-02 3.651968788446934011e-02 4.599016098923906190e-05 4.229696408472307458e-05
1.500000000000000000e+01 1.618135877572761394e-02 2.917953137420153942e-02 4.467569170188582720e-05 4.002906614186875516e-05
1.600000000000000000e+01 1.048371459397109268e-02 1.420644770488714397e-02 4.236318885535030434e-05 3.778289449261776432e-05
1.700000000000000000e+01 -5.175988574116880628e-04 -1.161215895179645852e-03 4.018187917584754133e-05 3.572481583852198892e-05
1.800000000000000000e+01 -9.963220119877734537e-03 -1.227176298014080909e-02 3.876357022331163808e-05 3.402186686845683027e-05
1.900000000000000000e+01 -1.297844231483229020e-02 -1.870466654167884935e-02 3.804389691347907613e-05 3.274294379015185117e-05
2.000000000000000000e+01 -1.014580722398075556e-02 -1.921116588530200758e-02 3.773813725702853436e-05 3.177993958635384530e-05
2.100000000000000000e+01 -6.530932489847076673e-03 -1.531258491444761720e-02 3.763659601008245053e-05 3.103158986788448546e-05
2.200000000000000000e+01 -2.923415870943760642e-03 -1.177424788479359413e-02 3.766027924657268529e-05 3.042473784119249057e-05
2.300000000000000000e+01 -2.597512613253322861e-03 -1.012953748839711017e-02 3.779833419559484913e-05 2.991689736669645653e-05
2.400000000000000000e+01 -2.548013585141466978e-03 -8.878529123242211163e-03 3.802536789787357906e-05 2.950052900994828595e-05
2.500000000000000000e+01 -3.914773551192152548e-03 -7.232185233991395186e-03 3.830640013474231805e-05 2.917580880332185399e-05
2.600000000000000000e+01 -3.590710574580009001e-03 -5.989105561348240236e-03 3.867106736853106509e-05 2.891813464857217547e-05
2.700000000000000000e+01 -4.883772688023285680e-03 -6.358645427152734633e-03 3.925750292542993966e-05 2.871826018323334493e-05
2.800000000000000000e+01 -5.002696173934238592e-03 -8.751076093302556647e-03 4.020376309778951498e-05 2.855877895368641120e-05
2.900000000000000000e+01 -4.567382741184422036e-03 -1.271271374453018799e-02 4.155986811044460645e-05 2.842636445909907850e-05
3.000000000000000000e+01 -3.950497033575060130e-03 -1.752977830166563972e-02 4.315057148128932532e-05 2.831103114584735257e-05
3.100000000000000000e+01 -4.759942742611292417e-03 -2.237607070908654780e-02 4.461633667051096276e-05 2.821630243490330864e-05
3.200000000000000000e+01 -4.434823604016515687e-03 -2.634720451369392674e-02 4.558017648004907419e-05 2.813869113589501246e-05
3.300000000000000000e+01 -6.171273946306272615e-03 -2.855291483249747589e-02 4.582347828197561382e-05 2.807240668852089102e-05
3.400000000000000000e+01 -6.184762729233996004e-03 -2.849422108746963236e-02 4.534729834190998543e-05 2.801891158279929864e-05
3.500000000000000000e+01 -6.039282948151297042e-03 -2.619023091911141035e-02 4.431149917251007899e-05 2.796923338606611473e-05
3.600000000000000000e+01 -5.445701984105467096e-03 -2.232783356512044182e-02 4.296334437063126970e-05 2.792241429395552068e-05
3.700000000000000000e+01 -4.647660457822023854e-03 -1.790898817193388448e-02 4.153964817570441747e-05 2.787503002199051216e-05
3.800000000000000000e+01 -4.897813978716847143e-03 -1.386953066951303846e-02 4.021830287125387432e-05 2.782761916144678671e-05
3.900000000000000000e+01 -4.006842390133806379e-03 -1.078642130933933976e-02 3.909375054830686793e-05 2.777772442952936640e-05
4.000000000000000000e+01 -3.806277309612983960e-03 -8.892549256375585284e-03 3.819258210171734227e-05 2.772464521103633629e-05
4.100000000000000000e+01 -3.767942700360560164e-03 -8.083951957887500900e-03 3.748123858539189002e-05 2.765580608630002651e-05
4.200000000000000000e+01 -3.776418849637222259e-03 -8.051515682435651799e-03 3.688468288299690928e-05 2.753846242003766195e-05
4.300000000000000000e+01 -3.553215877236415646e-03 -8.449276780286731417e-03 3.629162312290618101e-05 2.731934992617694979e-05
4.400000000000000000e+01 -3.648475766306577203e-03 -8.926167498770766484e-03 3.558852921693651431e-05 2.694578740403401774e-05
4.500000000000000000e+01 -3.202596362793388909e-03 -9.296178955021069598e-03 3.469896727056490598e-05 2.637879818627022273e-05
4.600000000000000000e+01 -2.234142408686914331e-03 -9.472456511073786348e-03 3.363337112436069585e-05 2.563914222637429999e-05
4.700000000000000000e+01 -2.381575217211972725e-03 -9.475989368191462328e-03 3.250562848933449036e-05 2.481953117455710535e-05
