# freqs 	 pli 	 dpli 	 meanpower(thalamus)	 meanpower(scalp)	pli
8.000000000000000000e+00 -2.317035423970285890e-02 -6.912781929713199269e-02 1.026932250689479361e-04 3.653579890603771293e-04
9.000000000000000000e+00 -2.164903982202140073e-02 -7.403755803649955669e-02 1.081835617361593012e-04 3.269892157969594808e-04
1.000000000000000000e+01 -8.529153253407677692e-04 -2.292927298358292745e-02 1.112880904040522548e-04 2.704234439978046639e-04
1.100000000000000000e+01 9.060697708638997677e-03 -1.886294205494257539e-02 1.175380085045611624e-04 2.285611053515053880e-04
1.200000000000000000e+01 -4.961293248143611861e-03 -6.536656945552331288e-02 1.237186766617947491e-04 2.013968262589287161e-04
1.300000000000000000e+01 -2.431401852401841868e-02 -1.002642525374607269e-01 1.177941080041942560e-04 1.788489308174571080e-04
1.400000000000000000e+01 -4.125660419244682464e-02 -1.130916123243166510e-01 1.007991617262462002e-04 1.586594473413283004e-04
1.500000000000000000e+01 -4.701016442729372136e-02 -1.060736261441910661e-01 8.245601119901542714e-05 1.401788531312896785e-04
1.600000000000000000e+01 -3.881975553071897317e-02 -8.229765772786398759e-02 6.903999691678274137e-05 1.232223574089079236e-04
1.700000000000000000e+01 -2.620836392737752041e-02 -5.279643736447794250e-02 6.132575988483433642e-05 1.087765193984298952e-04
1.800000000000000000e+01 -1.531373521888034807e-02 -2.982983101945599347e-02 5.752798194625987900e-05 9.762337464582001992e-05
1.900000000000000000e+01 -8.376920762817012187e-03 -1.724605346279442508e-02 5.582449412566710655e-05 8.965462953095094760e-05
2.000000000000000000e+01 -5.661195854990378785e-03 -1.063110975360044563e-02 5.517856620525721917e-05 8.417376289045115114e-05
2.100000000000000000e+01 -2.778337437021442119e-03 -6.286963441609850697e-03 5.522536504634027716e-05 8.038963419739237498e-05
2.200000000000000000e+01 -9.273685826431714773e-04 -4.200077051989328618e-03 5.577691811053251460e-05 7.774814829287868365e-05
2.300000000000000000e+01 7.589975114531470569e-04 -3.662304564091646564e-03 5.653259759474905596e-05 7.596320289012514217e-05
2.400000000000000000e+01 1.881455702732696446e-03 -2.396501304205892347e-03 5.705838116851554850e-05 7.479837144041249662e-05
2.500000000000000000e+01 2.519927430223247583e-03 7.453916870016446790e-04 5.693997267888937581e-05 7.408104600954872119e-05
2.600000000000000000e+01 3.945385983161256438e-03 5.220870723904682577e-03 5.601473921127064152e-05 7.374171694310880060e-05
2.700000000000000000e+01 5.014749643115796497e-03 9.999196849847851939e-03 5.440428351792235833e-05 7.378118898349503535e-05
2.800000000000000000e+01 6.953197717953029863e-03 1.429635833312112130e-02 5.240293643049079839e-05 7.407776829605285161e-05
2.900000000000000000e+01 8.458835918108408361e-03 1.742454203832311324e-02 5.032754169907668217e-05 7.449130133292690187e-05
3.000000000000000000e+01 9.451414966792916553e-03 1.886456811218658464e-02 4.841218956901448782e-05 7.489109321737970934e-05
3.100000000000000000e+01 9.917539490077840678e-03 1.865941627529347710e-02 4.678935590794598660e-05 7.527850300735359026e-05
3.200000000000000000e+01 9.867196171301734903e-03 1.743437575179261623e-02 4.550524156744710871e-05 7.566688562295205260e-05
3.300000000000000000e+01 9.406266602277415373e-03 1.600016988225728271e-02 4.454097024155200804e-05 7.607532945914135722e-05
3.400000000000000000e+01 8.549033809655744512e-03 1.491229562508539046e-02 4.384406311563068484e-05 7.656570226804866846e-05
3.500000000000000000e+01 7.574261570315807268e-03 1.434693976971874139e-02 4.333874311551948151e-05 7.711077864819419249e-05
3.600000000000000000e+01 6.752027254794159584e-03 1.416901799216416409e-02 4.293847430595138155e-05 7.771760800857460054e-05
3.700000000000000000e+01 6.536401482132893348e-03 1.409406324295487886e-02 4.257640165518763228e-05 7.836352451283654693e-05
3.800000000000000000e+01 6.354136105399823230e-03 1.384869953491771506e-02 4.221231187740613161e-05 7.905359817148522119e-05
3.900000000000000000e+01 6.744264587706441487e-03 1.335275083924347683e-02 4.182664788425716424e-05 7.973501722793940665e-05
4.000000000000000000e+01 7.208757421141056589e-03 1.265318184126937653e-02 4.141597585715189710e-05 8.040987740193324856e-05
4.100000000000000000e+01 7.117428781185336333e-03 1.189848005136804818e-02 4.097264698448565976e-05 8.102409665976545319e-05
4.200000000000000000e+01 7.137273180173403508e-03 1.124758527400744959e-02 4.046790522562599535e-05 8.146362832717727763e-05
4.300000000000000000e+01 7.358877354369914268e-03 1.079377670042726452e-02 3.984332841326116293e-05 8.153019872736312482e-05
4.400000000000000000e+01 7.420284193564138757e-03 1.056974447553500097e-02 3.902856383688624450e-05 8.108173914775318144e-05
4.500000000000000000e+01 7.413142087296974506e-03 1.052819632322804684e-02 3.797628988418159734e-05 7.998854341232773007e-05
4.600000000000000000e+01 7.802147251326532230e-03 1.057060312922991976e-02 3.671459230448246658e-05 7.833037113026739115e-05
4.700000000000000000e+01 7.370422581787644707e-03 1.055288314615698136e-02 3.537375181301403326e-05 7.642681717408433026e-05
