# freqs 	 pli 	 dpli 	 meanpower(thalamus)	 meanpower(scalp)	pli
8.000000000000000000e+00 4.408824274596758602e-02 7.040418463877154420e-02 8.069626025212035196e-05 2.048614639920530336e-04
9.000000000000000000e+00 3.214948706118917615e-02 5.411082144433476682e-02 7.255817988149563657e-05 1.959674521006780099e-04
1.000000000000000000e+01 2.406550233759192220e-02 5.459138098327689925e-02 7.026590438206960503e-05 1.834147165483484773e-04
1.100000000000000000e+01 2.082997390164907994e-02 4.658677201207674090e-02 7.430167178262021951e-05 1.738270625176575965e-04
1.200000000000000000e+01 1.129036102862960959e-02 -7.425273350240006731e-03 7.723283064587040038e-05 1.686426489053607762e-04
1.300000000000000000e+01 4.607243671108316938e-03 -3.512389004571284112e-02 7.420202767724022521e-05 1.637846113708665190e-04
1.400000000000000000e+01 1.846060576392641360e-03 -2.057989310669554664e-02 6.825770973079200706e-05 1.603648069315924526e-04
1.500000000000000000e+01 -1.780639506781194360e-03 -1.173717247866604835e-02 6.335030687937657373e-05 1.596176616932212116e-04
1.600000000000000000e+01 -1.106737914363262187e-02 -2.223959947355391015e-02 6.038735922046826142e-05 1.610621019526411644e-04
1.700000000000000000e+01 -1.332301549107634160e-02 -3.224129766915153489e-02 5.861403929632160668e-05 1.635549430202198548e-04
1.800000000000000000e+01 -1.356755678235990227e-02 -3.183912473343738364e-02 5.739626003484264125e-05 1.661495820406502799e-04
1.900000000000000000e+01 -1.128373811456638391e-02 -2.602089707089177278e-02 5.660471742853402253e-05 1.676123001284388731e-04
2.000000000000000000e+01 -9.163949683620250045e-03 -1.874408270479816993e-02 5.638450057240474903e-05 1.674389995781599950e-04
2.100000000000000000e+01 -5.301122724208476300e-03 -7.589473219935767741e-03 5.670950471989063949e-05 1.657456731574608098e-04
2.200000000000000000e+01 -1.891882726191548196e-03 9.657128729009430146e-03 5.727949540863897589e-05 1.625625290896558423e-04
2.300000000000000000e+01 2.102087780866699739e-03 2.797488151501822604e-02 5.775183857527859652e-05 1.579169627403988196e-04
2.400000000000000000e+01 7.834241580082968240e-03 3.968121130158351606e-02 5.789999525778562526e-05 1.518169558640959757e-04
2.500000000000000000e+01 1.047948244856015086e-02 4.254269778878633224e-02 5.771713866676532256e-05 1.445424813808956208e-04
2.600000000000000000e+01 1.283944252836528681e-02 4.022548552212954626e-02 5.733684137063248839e-05 1.366621458397202242e-04
2.700000000000000000e+01 1.580808044270746310e-02 3.775114286291413046e-02 5.692898926571092179e-05 1.286440995725406122e-04
2.800000000000000000e+01 1.660044638326671484e-02 3.783075593390650138e-02 5.660696699819993811e-05 1.208675610888587177e-04
2.900000000000000000e+01 1.671713525020663074e-02 4.005079949582274201e-02 5.639157395626809500e-05 1.135609775135733041e-04
3.000000000000000000e+01 1.878581816816645225e-02 4.244294253211059603e-02 5.625436451541421836e-05 1.068465909228704367e-04
3.100000000000000000e+01 1.975791835426440185e-02 4.331890041754205001e-02 5.616234678766716774e-05 1.007531478862879213e-04
3.200000000000000000e+01 1.740960852674429751e-02 4.220449504898276388e-02 5.607943681752992465e-05 9.526183591908950372e-05
3.300000000000000000e+01 1.694502181880963229e-02 3.959149161586912602e-02 5.599163473676361039e-05 9.032234691531238835e-05
3.400000000000000000e+01 1.620496050254872922e-02 3.623042382853593202e-02 5.589854814930391401e-05 8.588551546046537617e-05
3.500000000000000000e+01 1.551721528037345102e-02 3.255947739608336389e-02 5.579062437158796659e-05 8.192345881988014164e-05
3.600000000000000000e+01 1.510048673992291958e-02 2.874793232600040757e-02 5.565863250190560891e-05 7.839809076198889801e-05
3.700000000000000000e+01 1.408673675113866243e-02 2.489091937994283854e-02 5.550256525495665666e-05 7.524716412388343558e-05
3.800000000000000000e+01 1.281613266889655711e-02 2.116323783470943493e-02 5.532953037208692494e-05 7.242098475924512401e-05
3.900000000000000000e+01 1.132155553993911823e-02 1.779431139941562573e-02 5.513325643177512868e-05 6.987912146074540525e-05
4.000000000000000000e+01 1.029836022856291979e-02 1.505667833267892303e-02 5.490131208685903610e-05 6.757343793809275710e-05
4.100000000000000000e+01 9.362960454111723951e-03 1.310089029164165225e-02 5.460837479706685929e-05 6.545041021561624154e-05
4.200000000000000000e+01 9.028856056497102170e-03 1.192014678384584539e-02 5.419968106402700043e-05 6.342982619969969778e-05
4.300000000000000000e+01 8.768363558215886214e-03 1.134681613862063669e-02 5.357729245202224016e-05 6.140020080002332552e-05
4.400000000000000000e+01 8.609748009530626689e-03 1.115994950475272980e-02 5.263914796502539316e-05 5.923526490937167197e-05
4.500000000000000000e+01 9.133360738220703406e-03 1.113026516579808216e-02 5.132665590422087266e-05 5.683936505130952991e-05
4.600000000000000000e+01 9.277178818917755296e-03 1.112417080425239478e-02 4.968807801741802232e-05 5.422141730952529574e-05
4.700000000000000000e+01 9.513688754945870754e-03 1.109550931828336660e-02 4.790736989409407405e-05 5.152128892347084503e-05
