# freqs 	 pli 	 dpli 	 meanpower(thalamus)	 meanpower(scalp)	pli
8.000000000000000000e+00 -2.189305606641286928e-02 -6.057921849897623251e-02 1.822420262127614208e-04 2.277983112535085118e-04
9.000000000000000000e+00 -3.010744889044442152e-02 -6.505778214834126438e-02 1.988045109259551518e-04 2.338387193059191828e-04
1.000000000000000000e+01 -5.209588101611722921e-02 -8.694740107697149223e-02 2.365188377651547622e-04 2.604304564147950896e-04
1.100000000000000000e+01 -7.219721967454428846e-02 -1.062285724714819163e-01 2.977064610887603926e-04 2.988703454120967282e-04
1.200000000000000000e+01 -6.193651644467763895e-02 -9.723420920486575136e-02 2.915307586418331874e-04 3.327087692210253366e-04
1.300000000000000000e+01 -2.877863552142646483e-02 -3.927900981152247784e-02 2.316288284032140261e-04 3.691800568148742427e-04
1.400000000000000000e+01 -1.490781463591770491e-03 2.498512937119536786e-02 1.856027158680734136e-04 3.758138046460515183e-04
1.500000000000000000e+01 2.508502049135090395e-02 8.583994395222682705e-02 1.679195117522024527e-04 3.461575396795205681e-04
1.600000000000000000e+01 3.557800804580048964e-02 1.170610068463554670e-01 1.595987757572129423e-04 3.080901500630042994e-04
1.700000000000000000e+01 3.012980223395829438e-02 9.674245881920953694e-02 1.484444298215134952e-04 2.771743166371778890e-04
1.800000000000000000e+01 1.959941151033601364e-02 5.762432802885229799e-02 1.353100139274058362e-04 2.534844812607902806e-04
1.900000000000000000e+01 1.445509875443618669e-02 3.396971061571282813e-02 1.244472810542675831e-04 2.339619870548809502e-04
2.000000000000000000e+01 1.290985105585058280e-02 3.095989243456772830e-02 1.184593379293237233e-04 2.172683641264506517e-04
2.100000000000000000e+01 1.717944265786623681e-02 4.060046918732265059e-02 1.172383127313860937e-04 2.025666517657320677e-04
2.200000000000000000e+01 2.338241679936004305e-02 5.513710445451355108e-02 1.175604442065169262e-04 1.892586594368965371e-04
2.300000000000000000e+01 2.966092470384644464e-02 7.002686911081602850e-02 1.154102632732476117e-04 1.771455595931365845e-04
2.400000000000000000e+01 3.648811834972462420e-02 8.366095213498683791e-02 1.095146431160267097e-04 1.663854898402089902e-04
2.500000000000000000e+01 4.228685024296863215e-02 9.554762288192585051e-02 1.013597715480526231e-04 1.570396783970004256e-04
2.600000000000000000e+01 4.693160315587194265e-02 1.045336064311206126e-01 9.324666242380323720e-05 1.489978076438538371e-04
2.700000000000000000e+01 5.011224890966075457e-02 1.091544821797627296e-01 8.662154696730597079e-05 1.419820631202872599e-04
2.800000000000000000e+01 5.103597614379223185e-02 1.088886452459092991e-01 8.167801395257943433e-05 1.355535917484867537e-04
2.900000000000000000e+01 4.978469998780195999e-02 1.045321685700990461e-01 7.794999318339789146e-05 1.294236832459446686e-04
3.000000000000000000e+01 4.837535594382642856e-02 9.768399952999386182e-02 7.495206963008541263e-05 1.234429956661526630e-04
3.100000000000000000e+01 4.464528147985560858e-02 8.957477913919506540e-02 7.242308530782361133e-05 1.176093126543087115e-04
3.200000000000000000e+01 4.168872700324332409e-02 8.086488398796953803e-02 7.025061457236425838e-05 1.119911673216335643e-04
3.300000000000000000e+01 3.778462083526171883e-02 7.215699496569819016e-02 6.832617538249949416e-05 1.066653440988945292e-04
3.400000000000000000e+01 3.444409335474980793e-02 6.438698916788894444e-02 6.648985123512105326e-05 1.016866588249870531e-04
3.500000000000000000e+01 3.270016299175133867e-02 5.828388235801809647e-02 6.461737509577107511e-05 9.708788149571287690e-05
3.600000000000000000e+01 3.078767104515464301e-02 5.413169784498516462e-02 6.268245057645394894e-05 9.291444032268547041e-05
3.700000000000000000e+01 2.939643868927780540e-02 5.172395798635291003e-02 6.073128370021362222e-05 8.918566170521462298e-05
3.800000000000000000e+01 2.875741273440884926e-02 5.059662620770623287e-02 5.884800610876700551e-05 8.588006179207659371e-05
3.900000000000000000e+01 2.901372031671895987e-02 5.037266199884442991e-02 5.710107813809817920e-05 8.294452812812872411e-05
4.000000000000000000e+01 2.992465542214901159e-02 5.085451602242480745e-02 5.551873795584526836e-05 8.033294273231663871e-05
4.100000000000000000e+01 3.074972903270966132e-02 5.205417322539714758e-02 5.408039581349985251e-05 7.795851138376951950e-05
4.200000000000000000e+01 3.195405013203189010e-02 5.404387424252020400e-02 5.271755875050756964e-05 7.569077552526163287e-05
4.300000000000000000e+01 3.322298484639767818e-02 5.682204832133554151e-02 5.132105761102894256e-05 7.335598478209064989e-05
4.400000000000000000e+01 3.505312520149399952e-02 6.019282895408665374e-02 4.977193173646382276e-05 7.079412877781696926e-05
4.500000000000000000e+01 3.632302826572884197e-02 6.388795106966391191e-02 4.798535002412307780e-05 6.788741098620221953e-05
4.600000000000000000e+01 3.845839550816103347e-02 6.764845702131269678e-02 4.596931716760158289e-05 6.463136531700888743e-05
4.700000000000000000e+01 3.978919976247860535e-02 7.125912444586261774e-02 4.385127883174898099e-05 6.116765714923024725e-05
