# freqs 	 pli 	 dpli 	 meanpower(thalamus)	 meanpower(scalp)	pli
8.000000000000000000e+00 4.721666774172740685e-04 -1.493645472481696344e-02 2.851551473197051103e-05 7.618140246815348457e-05
9.000000000000000000e+00 -3.194334249373141643e-02 -5.720832199486135250e-02 2.847996027649099743e-05 7.202933962626872921e-05
1.000000000000000000e+01 -2.961891775081477649e-02 -6.384687889669410366e-02 3.129769861197441097e-05 7.051400615651907044e-05
1.100000000000000000e+01 -3.507447366816206918e-02 -4.462181881646776899e-02 3.444726172560743830e-05 6.989667372277179487e-05
1.200000000000000000e+01 -4.714603549970675794e-02 -7.293123256486530592e-02 3.366858419747024896e-05 6.958946673471877258e-05
1.300000000000000000e+01 -4.304835030686275654e-02 -1.333756774607348650e-01 3.149783380752036339e-05 6.926187608037809654e-05
1.400000000000000000e+01 -5.114303002733659037e-02 -1.771068393240169958e-01 3.049439103694064437e-05 6.840059677391485357e-05
1.500000000000000000e+01 -4.992444012319563473e-02 -1.616003967777817074e-01 2.983900520778210198e-05 6.656187438591244527e-05
1.600000000000000000e+01 -4.395978711227913754e-02 -1.158540352872514528e-01 2.895656285530786547e-05 6.389601836399162835e-05
1.700000000000000000e+01 -4.241098428793864394e-02 -7.691034212779189472e-02 2.826284902719423728e-05 6.114220821924436894e-05
1.800000000000000000e+01 -2.731496095411937303e-02 -4.664619625364785360e-02 2.792191248362199994e-05 5.916155119924808753e-05
1.900000000000000000e+01 -1.254590645632175372e-02 -2.004977356464395996e-02 2.787816710249666841e-05 5.791647654036863405e-05
2.000000000000000000e+01 -2.569296393551717683e-03 -4.293476195839297425e-04 2.808518053189511715e-05 5.674564660302265715e-05
2.100000000000000000e+01 2.291206124517448928e-03 9.517252475714218368e-03 2.854982875310637064e-05 5.529638461497025080e-05
2.200000000000000000e+01 3.995582566227209344e-03 1.315804188494040967e-02 2.922415407389909945e-05 5.368307902961262786e-05
2.300000000000000000e+01 4.772037881372933645e-03 1.655101125833822670e-02 3.024474373767896724e-05 5.219264211307589714e-05
2.400000000000000000e+01 1.450018345981201294e-02 2.837316418493528863e-02 3.233172266217118558e-05 5.109268849963820660e-05
2.500000000000000000e+01 2.765228989900202217e-02 5.451071527624649915e-02 3.591295386608974995e-05 5.038186711670175589e-05
2.600000000000000000e+01 4.185774606597875147e-02 8.923603426309707765e-02 4.020325304546823383e-05 4.973086709278688749e-05
2.700000000000000000e+01 5.134103820321794104e-02 1.211081956808963550e-01 4.356205877493075094e-05 4.872747183088286610e-05
2.800000000000000000e+01 5.886174457989934439e-02 1.412101296791532234e-01 4.478728305698417958e-05 4.716152601540579134e-05
2.900000000000000000e+01 5.827422722114999204e-02 1.453406493013883194e-01 4.376096066415279500e-05 4.517484744070384458e-05
3.000000000000000000e+01 5.331582763283964493e-02 1.336870873722089959e-01 4.120381817284955072e-05 4.309931429951292450e-05
3.100000000000000000e+01 4.579242071850807283e-02 1.106818411433922456e-01 3.810856026771058404e-05 4.122752817994187801e-05
3.200000000000000000e+01 3.808469397023765690e-02 8.360270460243436619e-02 3.528038968038998079e-05 3.968560419148329290e-05
3.300000000000000000e+01 3.171700622446461254e-02 5.941499511391085120e-02 3.313555524194176656e-05 3.847084557412370294e-05
3.400000000000000000e+01 2.625382582677273161e-02 4.207584024917656457e-02 3.173025260632324505e-05 3.750935878482380048e-05
3.500000000000000000e+01 2.092369278329668861e-02 3.198854909439134003e-02 3.091098454874908758e-05 3.673647689509532198e-05
3.600000000000000000e+01 1.682077715554763583e-02 2.740689582419876189e-02 3.049564153929747363e-05 3.611288845765809317e-05
3.700000000000000000e+01 1.431340058501076942e-02 2.611223903031163404e-02 3.032939547311478364e-05 3.560246924414203290e-05
3.800000000000000000e+01 1.218966808256898016e-02 2.630488434961671812e-02 3.030645756624259011e-05 3.517515922589277330e-05
3.900000000000000000e+01 1.337333625759050404e-02 2.670309446867544234e-02 3.037205374922255109e-05 3.480870286463843535e-05
4.000000000000000000e+01 1.443015288560223035e-02 2.667359093397327074e-02 3.048636147284974942e-05 3.448208112873064543e-05
4.100000000000000000e+01 1.313449406669019680e-02 2.599849470310222621e-02 3.061739023230937228e-05 3.415916642574450587e-05
4.200000000000000000e+01 1.059333286503137857e-02 2.468074783043941109e-02 3.071629005034692210e-05 3.379420508536098137e-05
4.300000000000000000e+01 7.493973467838792139e-03 2.281772468252189767e-02 3.070973312293921444e-05 3.332122395100926881e-05
4.400000000000000000e+01 7.421824137718354558e-03 2.058644539856894010e-02 3.050880691526927581e-05 3.266770187335665267e-05
4.500000000000000000e+01 6.361155321492755442e-03 1.822390127594777920e-02 3.006469765661772702e-05 3.179081115516473743e-05
4.600000000000000000e+01 5.300541018375437216e-03 1.600888195572184106e-02 2.940693226715025336e-05 3.071254885154402697e-05
4.700000000000000000e+01 5.416897224568249791e-03 1.425110267350611359e-02 2.865280201049953917e-05 2.954060915572188212e-05
