# freqs 	 pli 	 dpli 	 meanpower(thalamus)	 meanpower(scalp)	pli
8.000000000000000000e+00 4.159070874560311278e-03 -3.692883679859956803e-02 8.164982618030892070e+01 5.544046675440032459e+02
9.000000000000000000e+00 -5.212695006331664188e-03 -7.605500080535980423e-02 8.255406222542633543e+01 4.387499972391732399e+02
1.000000000000000000e+01 -2.400129275271425250e-02 -1.049950342921002894e-01 8.328452251244137017e+01 3.466062342485532213e+02
1.100000000000000000e+01 -4.265472600263884445e-02 -1.185295026487955122e-01 8.265893077801912625e+01 2.906541441023170478e+02
1.200000000000000000e+01 -5.763205281140115072e-02 -1.298611151286935550e-01 8.012857370852529471e+01 2.603669498442727672e+02
1.300000000000000000e+01 -6.827845776927259080e-02 -1.495507806762553515e-01 7.627831637331284753e+01 2.466329805094320875e+02
1.400000000000000000e+01 -7.931133216570583622e-02 -1.742899259105473719e-01 7.250428030675230673e+01 2.350965539211276507e+02
1.500000000000000000e+01 -8.254734855909325042e-02 -1.874643728937721576e-01 6.913539693322110224e+01 2.157487499143477123e+02
1.600000000000000000e+01 -7.603197049689894294e-02 -1.755149822817847760e-01 6.536092394401137540e+01 1.908092702029537975e+02
1.700000000000000000e+01 -6.352778019612799476e-02 -1.454608241801282065e-01 6.073456827283651194e+01 1.670395467601247503e+02
1.800000000000000000e+01 -5.080613571045195648e-02 -1.149670235931740808e-01 5.578327699742823853e+01 1.482389720766892083e+02
1.900000000000000000e+01 -4.218408989617585675e-02 -9.510189580112345109e-02 5.128741150479153532e+01 1.345194116202268049e+02
2.000000000000000000e+01 -3.795966131692873891e-02 -8.369634713536908133e-02 4.769644327327424094e+01 1.245071305602587302e+02
2.100000000000000000e+01 -3.364987695634818338e-02 -7.347092739948746232e-02 4.505060253033204987e+01 1.169608021306113272e+02
2.200000000000000000e+01 -2.882005833870137854e-02 -6.219195238636851530e-02 4.315747157460714334e+01 1.110269151384336794e+02
2.300000000000000000e+01 -2.558931509737506771e-02 -5.191721269703648139e-02 4.179053337943524582e+01 1.061925943551399598e+02
2.400000000000000000e+01 -2.204453617176313843e-02 -4.399551164365163997e-02 4.072983463248344549e+01 1.020650123296454552e+02
2.500000000000000000e+01 -1.954992188486025240e-02 -3.810235850694494719e-02 3.980616046476212944e+01 9.831678102500329430e+01
2.600000000000000000e+01 -1.674434704659075873e-02 -3.353629243742894256e-02 3.892137987662712817e+01 9.476646261727765364e+01
2.700000000000000000e+01 -1.452116371178874786e-02 -2.947455168624193295e-02 3.804733796097787035e+01 9.135899345213471179e+01
2.800000000000000000e+01 -1.282236030770738527e-02 -2.513948164413662770e-02 3.719381447429061893e+01 8.806270135045259906e+01
2.900000000000000000e+01 -1.175427251675805612e-02 -2.034272826573279083e-02 3.637567363502601836e+01 8.491768767776473226e+01
3.000000000000000000e+01 -1.010971241294651192e-02 -1.569524682778254687e-02 3.559190467721528961e+01 8.196219460001884727e+01
3.100000000000000000e+01 -9.186291660820475671e-03 -1.201756973602799428e-02 3.484034565985241727e+01 7.924331596771807540e+01
3.200000000000000000e+01 -7.668684461156029426e-03 -9.768734068329750983e-03 3.412479859477451072e+01 7.677796971140867299e+01
3.300000000000000000e+01 -6.855695767981574359e-03 -8.820461689964987848e-03 3.344985636248241434e+01 7.456485764043864606e+01
3.400000000000000000e+01 -6.651439170289300332e-03 -8.693698879679691641e-03 3.282122884058431822e+01 7.259594295651805851e+01
3.500000000000000000e+01 -6.744739639910500052e-03 -8.933503399970817507e-03 3.224695410206444990e+01 7.083181701102472516e+01
3.600000000000000000e+01 -6.105363475527762936e-03 -9.216568407742866884e-03 3.173461334507735288e+01 6.925060305581885700e+01
3.700000000000000000e+01 -5.522868069784097993e-03 -9.415943887450964681e-03 3.128180051687986563e+01 6.783197870217857428e+01
3.800000000000000000e+01 -5.324980791732387975e-03 -9.505703162415000615e-03 3.088079947521492130e+01 6.656477996091832949e+01
3.900000000000000000e+01 -5.767216995356359323e-03 -9.681028247928208721e-03 3.052365646634867602e+01 6.542326125573283946e+01
4.000000000000000000e+01 -5.691102969777615816e-03 -1.004604986204696813e-02 3.020027138542805645e+01 6.438993847519699898e+01
4.100000000000000000e+01 -5.580466370854900680e-03 -1.070489487234322495e-02 2.989081515627022867e+01 6.342073082453477895e+01
4.200000000000000000e+01 -5.615689589510921946e-03 -1.166109539428313892e-02 2.955695387734522583e+01 6.243869085491490978e+01
4.300000000000000000e+01 -6.203378917590425361e-03 -1.281036502885364581e-02 2.914050159374875193e+01 6.131620415459037332e+01
4.400000000000000000e+01 -6.451701036502416331e-03 -1.398386251064841559e-02 2.858016354395525482e+01 5.993040606833982764e+01
4.500000000000000000e+01 -6.793228881302834643e-03 -1.504293084419330156e-02 2.783656751558845244e+01 5.818534556273786507e+01
4.600000000000000000e+01 -6.932198001289446507e-03 -1.589787715927130571e-02 2.692848998518885040e+01 5.610367522885663050e+01
4.700000000000000000e+01 -6.895667777492950519e-03 -1.651463508167155120e-02 2.595110478543971055e+01 5.385884867250528174e+01
