# freqs 	 pli 	 dpli 	 meanpower(thalamus)	 meanpower(scalp)	pli
8.000000000000000000e+00 -1.849577423498416709e-02 -3.958343522557263017e-02 3.333805396757364011e-05 1.356249772690194669e-04
9.000000000000000000e+00 -1.229484282155694601e-02 -7.130987621573816812e-03 3.112385023241546475e-05 1.101908355353070260e-04
1.000000000000000000e+01 -1.982443212233930829e-02 -2.452703000902195160e-02 3.460026775859166001e-05 9.770065275201745322e-05
1.100000000000000000e+01 -3.874392470496364899e-02 -7.245680243712405988e-02 3.975038392493882792e-05 9.520151321683865443e-05
1.200000000000000000e+01 -5.699799586348065772e-02 -9.376697789659312054e-02 3.859195545534039869e-05 9.899651247838734867e-05
1.300000000000000000e+01 -7.589224049284641616e-02 -1.358942401393541666e-01 3.379893618990157251e-05 1.087510396530182036e-04
1.400000000000000000e+01 -8.982817045873933703e-02 -2.232817869096598018e-01 3.003460472852085726e-05 1.151114384291360843e-04
1.500000000000000000e+01 -9.480731061130118209e-02 -2.757435877692941406e-01 2.789165454864951841e-05 1.091860724282477877e-04
1.600000000000000000e+01 -8.487382967700665692e-02 -2.582000517879523005e-01 2.662697974658863643e-05 9.466939724321607528e-05
1.700000000000000000e+01 -6.908487499251002306e-02 -1.986424436605496169e-01 2.585761074716470186e-05 7.982209205035275526e-05
1.800000000000000000e+01 -5.133732165185431878e-02 -1.381083139656978098e-01 2.547761066906723438e-05 6.926458673254039407e-05
1.900000000000000000e+01 -3.907525393329270430e-02 -9.602665590846733157e-02 2.551530116265039264e-05 6.311926732877098023e-05
2.000000000000000000e+01 -2.927424899146799722e-02 -6.890694914903064405e-02 2.602440815738624286e-05 5.951783216375757305e-05
2.100000000000000000e+01 -2.329771305256170960e-02 -4.934832187602420511e-02 2.681624679816150942e-05 5.687899728440632199e-05
2.200000000000000000e+01 -1.566416447277129559e-02 -3.530961419645108068e-02 2.753506226299381923e-05 5.444119038480255064e-05
2.300000000000000000e+01 -1.131265254863832864e-02 -2.638837939922572540e-02 2.789563853767392115e-05 5.209544446255582543e-05
2.400000000000000000e+01 -1.011500454111090470e-02 -2.126297901808392454e-02 2.786048345964834330e-05 5.000797436201135998e-05
2.500000000000000000e+01 -9.953509035474357100e-03 -1.812231956245571873e-02 2.761230528303228518e-05 4.831422156183192909e-05
2.600000000000000000e+01 -9.180804851513490669e-03 -1.536757130947192553e-02 2.735550732421332775e-05 4.699082793238372544e-05
2.700000000000000000e+01 -7.246282733708560644e-03 -1.217987120580386363e-02 2.721238922454195328e-05 4.591816337658339686e-05
2.800000000000000000e+01 -4.838736156018507741e-03 -8.786225742974509978e-03 2.720766796542629318e-05 4.497475928424330110e-05
2.900000000000000000e+01 -3.913615315949285460e-03 -6.102861487205735180e-03 2.732386107328813431e-05 4.409175157801916892e-05
3.000000000000000000e+01 -3.436563840752757462e-03 -4.703590673863829001e-03 2.752361514450869250e-05 4.325547048707701698e-05
3.100000000000000000e+01 -4.202316454674497048e-03 -4.391617223482531529e-03 2.777270106071899979e-05 4.248292485743451025e-05
3.200000000000000000e+01 -4.732386906827591201e-03 -4.532391342357374418e-03 2.804898437688833126e-05 4.178635091529954069e-05
3.300000000000000000e+01 -4.052101776221196487e-03 -4.732313379334367881e-03 2.832900408256916838e-05 4.118120451434810828e-05
3.400000000000000000e+01 -3.445464800144349294e-03 -4.975627370747024922e-03 2.859498817211148446e-05 4.067403683381622700e-05
3.500000000000000000e+01 -3.873346952063684134e-03 -5.402389655559263620e-03 2.884819090984921421e-05 4.025323001962224820e-05
3.600000000000000000e+01 -4.438274082924191684e-03 -6.027362066781627621e-03 2.909131795881014611e-05 3.991795505139315137e-05
3.700000000000000000e+01 -4.244736317208801582e-03 -6.689969666839323814e-03 2.932694951072182176e-05 3.965191171789421844e-05
3.800000000000000000e+01 -3.916663886254116884e-03 -7.153487102358552230e-03 2.955659417867872825e-05 3.943619304378167731e-05
3.900000000000000000e+01 -4.538204129394008204e-03 -7.220067619601183879e-03 2.978666755097850348e-05 3.924427878109701542e-05
4.000000000000000000e+01 -4.876560977980941292e-03 -6.905040061162653377e-03 3.001326303962627978e-05 3.906248189513383633e-05
4.100000000000000000e+01 -4.298223108848545082e-03 -6.361550417472197107e-03 3.021627811741621589e-05 3.886461402821732937e-05
4.200000000000000000e+01 -4.435085932410586310e-03 -5.816981198687237384e-03 3.035033332347436772e-05 3.860278420348643019e-05
4.300000000000000000e+01 -4.286805018984912036e-03 -5.469133802354427844e-03 3.035178608080424083e-05 3.820792917720304988e-05
4.400000000000000000e+01 -3.931208051772721798e-03 -5.388570324728986401e-03 3.015184752729209764e-05 3.760732724676375929e-05
4.500000000000000000e+01 -3.909339901812016946e-03 -5.578963584056162960e-03 2.971253417938914739e-05 3.674803177357285547e-05
4.600000000000000000e+01 -3.557642051782546316e-03 -5.987717353629198880e-03 2.906467876843214500e-05 3.565749271125177703e-05
4.700000000000000000e+01 -4.402132152369215776e-03 -6.565817783581709768e-03 2.832842924848440704e-05 3.446484272771668518e-05
