# freqs 	 pli 	 dpli 	 meanpower(thalamus)	 meanpower(scalp)	pli
8.000000000000000000e+00 -1.147964702404481591e-01 -2.417844601591019049e-01 1.111642871128249105e-04 4.526208786799433537e-04
9.000000000000000000e+00 -7.994317791473584678e-02 -1.367174827642223534e-01 8.851133330759202323e-05 3.338346996202408933e-04
1.000000000000000000e+01 -1.465377213052508273e-02 -1.392399568443571101e-02 7.554527748713923279e-05 2.505484147173780746e-04
1.100000000000000000e+01 1.080251203308322736e-02 5.444181263303841944e-02 6.983238902903135190e-05 2.238387362830044486e-04
1.200000000000000000e+01 9.191646944701611574e-03 3.747909014798739280e-02 6.715145877947127596e-05 2.190798293823339776e-04
1.300000000000000000e+01 -1.162808830485655837e-02 -2.582461785807727700e-02 6.558088019767969491e-05 2.216836466723300222e-04
1.400000000000000000e+01 -2.562138271260099714e-02 -7.527702198775571008e-02 6.454500031302042886e-05 2.236678168762719322e-04
1.500000000000000000e+01 -3.417627699712376399e-02 -9.189775305010472461e-02 6.414208413456686387e-05 2.223450578014502985e-04
1.600000000000000000e+01 -4.470622800256775220e-02 -1.061147949500675230e-01 6.537798278491586121e-05 2.198390709296945658e-04
1.700000000000000000e+01 -5.602459543441267592e-02 -1.426791325411028710e-01 6.860340945663865935e-05 2.168016419695168524e-04
1.800000000000000000e+01 -8.019285449375695984e-02 -1.945922830123800185e-01 7.249519775709817565e-05 2.133211449388092856e-04
1.900000000000000000e+01 -9.895073064306006416e-02 -2.343122979009792106e-01 7.494438888107993202e-05 2.097129877431986211e-04
2.000000000000000000e+01 -1.060791064396645056e-01 -2.422521906720337403e-01 7.480643500409807920e-05 2.051704855419099981e-04
2.100000000000000000e+01 -1.005702516772677413e-01 -2.239975157773810288e-01 7.256993306176405837e-05 1.987397368702765706e-04
2.200000000000000000e+01 -8.963598378727050120e-02 -1.975651065660234962e-01 6.935761032854819211e-05 1.899678012992934712e-04
2.300000000000000000e+01 -7.918976451920876902e-02 -1.757207898118985367e-01 6.609522769288831692e-05 1.792184271663618844e-04
2.400000000000000000e+01 -7.162727266666857329e-02 -1.596493611042993643e-01 6.322967608301043139e-05 1.671000155960389961e-04
2.500000000000000000e+01 -6.712049451324784977e-02 -1.448195578213096468e-01 6.082186164800562362e-05 1.544531656180439983e-04
2.600000000000000000e+01 -6.080304628488726604e-02 -1.284403455428241303e-01 5.883604652565204823e-05 1.420537283124309299e-04
2.700000000000000000e+01 -5.349745598631185789e-02 -1.116292118053558574e-01 5.724766435450332478e-05 1.304578137808373413e-04
2.800000000000000000e+01 -4.517631273306927514e-02 -9.570390229125794179e-02 5.601330667143554742e-05 1.200369171600175163e-04
2.900000000000000000e+01 -3.752559282284182590e-02 -8.152875225150942040e-02 5.508047361026277794e-05 1.111312769069099896e-04
3.000000000000000000e+01 -3.162362600365006132e-02 -6.931224441358552202e-02 5.437894711191661065e-05 1.037796378890081455e-04
3.100000000000000000e+01 -2.642043483690147479e-02 -5.924345587489510817e-02 5.386129383087065703e-05 9.794716417042431428e-05
3.200000000000000000e+01 -2.495060085026415408e-02 -5.170945575642691555e-02 5.347753819416051896e-05 9.336446876205794750e-05
3.300000000000000000e+01 -2.570250038380464050e-02 -4.672905282870762345e-02 5.320295248941630173e-05 8.974197159296182637e-05
3.400000000000000000e+01 -2.593270021219994115e-02 -4.354488806214842911e-02 5.301544182441452429e-05 8.693065204704386400e-05
3.500000000000000000e+01 -2.557520693016215527e-02 -4.146536779694560970e-02 5.288559409693234737e-05 8.468419603203938763e-05
3.600000000000000000e+01 -2.336816620603656205e-02 -4.010286082650800499e-02 5.278395373370837492e-05 8.292022642193974940e-05
3.700000000000000000e+01 -2.214505113090110833e-02 -3.963817737955104004e-02 5.267202717831219938e-05 8.155166284345959635e-05
3.800000000000000000e+01 -2.164394750973710341e-02 -3.996408204686184573e-02 5.252479114967300981e-05 8.051584964115177047e-05
3.900000000000000000e+01 -1.965061161941351886e-02 -4.051203633901283296e-02 5.232904073854878512e-05 7.960914176195258937e-05
4.000000000000000000e+01 -1.985892840400135459e-02 -4.046526810706534139e-02 5.208685928443513972e-05 7.878157235244776131e-05
4.100000000000000000e+01 -1.967338156933715748e-02 -3.928909540889578139e-02 5.178129418871207153e-05 7.796426993102267106e-05
4.200000000000000000e+01 -1.898191190353972282e-02 -3.701925179868573168e-02 5.136628362329255862e-05 7.705917700233059370e-05
4.300000000000000000e+01 -1.616764962434624059e-02 -3.394812562345981416e-02 5.075740732787671850e-05 7.588304159932662254e-05
4.400000000000000000e+01 -1.588006464118323774e-02 -3.098501941593114276e-02 4.985670587791999714e-05 7.439370627803908198e-05
4.500000000000000000e+01 -1.525572089533575038e-02 -2.836139999820223509e-02 4.861092400850166093e-05 7.241698626225046345e-05
4.600000000000000000e+01 -1.534036433365292343e-02 -2.615796361377923859e-02 4.707041214568445122e-05 6.997437799363607060e-05
4.700000000000000000e+01 -1.697889305190735873e-02 -2.420325974008298922e-02 4.541385193059483625e-05 6.728228808177356198e-05
