# freqs 	 pli 	 dpli 	 meanpower(thalamus)	 meanpower(scalp)	pli
8.000000000000000000e+00 -2.096020345040896377e-02 -4.133428277506668441e-02 2.595472158734688067e-05 9.641483073165981528e-05
9.000000000000000000e+00 -3.714206216164225166e-02 -7.476991016969057602e-02 2.569000441293751047e-05 9.128720729282741616e-05
1.000000000000000000e+01 -2.879325856586565160e-02 -7.950344358580177517e-02 2.654928008305811147e-05 8.779616889370698738e-05
1.100000000000000000e+01 -2.927525883612995192e-02 -5.834890286750976651e-02 2.712267085534606569e-05 8.475603730047795935e-05
1.200000000000000000e+01 -2.381802207457031292e-02 -3.518516338483777817e-02 2.693554872733292896e-05 8.260122996690171318e-05
1.300000000000000000e+01 -2.360724138404315161e-03 1.101585794932788843e-03 2.681290998704112036e-05 8.116997187982261358e-05
1.400000000000000000e+01 1.159559504614223434e-02 3.049795140581464462e-02 2.699482321749017047e-05 7.966342147072758061e-05
1.500000000000000000e+01 1.086844668852818968e-02 1.960623422971672150e-02 2.697461715176871470e-05 7.710498148147686050e-05
1.600000000000000000e+01 5.893872567512878358e-03 -1.451191331825201977e-03 2.686169009258386562e-05 7.395009107343956988e-05
1.700000000000000000e+01 -1.006481259216076164e-03 -1.306758336323897603e-02 2.682099005048525973e-05 7.099377216973115341e-05
1.800000000000000000e+01 -1.004060646531734595e-02 -2.169290673866313204e-02 2.685970732842999034e-05 6.887422579364935345e-05
1.900000000000000000e+01 -1.431824824525389228e-02 -2.613271442717194845e-02 2.706664018726325906e-05 6.735718244038292255e-05
2.000000000000000000e+01 -1.397586726739955681e-02 -2.171201549747522885e-02 2.749608454398650581e-05 6.584775279418363298e-05
2.100000000000000000e+01 -1.183048090626368475e-02 -1.507450127628650813e-02 2.815908039090566256e-05 6.408452648699654189e-05
2.200000000000000000e+01 -1.082367377647755480e-02 -1.219787189224427748e-02 2.909712981116199535e-05 6.220834756950288050e-05
2.300000000000000000e+01 -8.800769799589908127e-03 -8.435627608621780807e-03 3.068944872643855170e-05 6.055772910034231196e-05
2.400000000000000000e+01 -9.681827723442447062e-05 6.620983068159625937e-03 3.377495811659457254e-05 5.955446106873090329e-05
2.500000000000000000e+01 1.144863876601785561e-02 3.655750841148459884e-02 3.876648668114005778e-05 5.928159951294557082e-05
2.600000000000000000e+01 2.537812750318051147e-02 7.211902834299409315e-02 4.451021752476354764e-05 5.920124655107683430e-05
2.700000000000000000e+01 3.569730576188832188e-02 1.022508669947961996e-01 4.895533529313911367e-05 5.851085430671254447e-05
2.800000000000000000e+01 4.101011225849005709e-02 1.216242601327452849e-01 5.063772120835812677e-05 5.681649372212568914e-05
2.900000000000000000e+01 4.265461301455227006e-02 1.283416505987994560e-01 4.942070160206269976e-05 5.431631405746262567e-05
3.000000000000000000e+01 4.037866400336453249e-02 1.222748817764868212e-01 4.618885321111602216e-05 5.155280685202616095e-05
3.100000000000000000e+01 3.428534720883921055e-02 1.054871711796368378e-01 4.217606334345467862e-05 4.902047734930110672e-05
3.200000000000000000e+01 2.644879095768416094e-02 8.229859110604972883e-02 3.838754874795900264e-05 4.695624262586688255e-05
3.300000000000000000e+01 1.908782351535581734e-02 5.813120636040657735e-02 3.538255035581388121e-05 4.538009397744487432e-05
3.400000000000000000e+01 1.392448968231198465e-02 3.744444575306201534e-02 3.330823955971927062e-05 4.420562219071627407e-05
3.500000000000000000e+01 1.051571448023903843e-02 2.210754893122693007e-02 3.203570221036914452e-05 4.330968723463952491e-05
3.600000000000000000e+01 5.663235726085396639e-03 1.189271758397645110e-02 3.132670738258701347e-05 4.260444692006278022e-05
3.700000000000000000e+01 3.573590880792098731e-03 5.648611153015526028e-03 3.097581104402320849e-05 4.204857645530982505e-05
3.800000000000000000e+01 3.011684513844585954e-03 2.205140924666526472e-03 3.085943450878145050e-05 4.160359306612489768e-05
3.900000000000000000e+01 2.427618852708186489e-03 6.954622666684869784e-04 3.088731741135062551e-05 4.121565300112697112e-05
4.000000000000000000e+01 1.641496201952841053e-03 5.461882483998546905e-04 3.099736620150411292e-05 4.085371353280916235e-05
4.100000000000000000e+01 4.683768558469615000e-04 1.429377945206840219e-03 3.113140814957130045e-05 4.049300370619408380e-05
4.200000000000000000e+01 7.543525112403661392e-04 3.173332037820270849e-03 3.122369488374617495e-05 4.009204850885706882e-05
4.300000000000000000e+01 1.374274438752312892e-03 5.645083245183823289e-03 3.119430036247911053e-05 3.957448924622656401e-05
4.400000000000000000e+01 2.292118861389741760e-03 8.664340104195592668e-03 3.096602438577942818e-05 3.886008615132696177e-05
4.500000000000000000e+01 3.274994199193281049e-03 1.197667506661542411e-02 3.049719449620850938e-05 3.789657051615688408e-05
4.600000000000000000e+01 4.846883516400720543e-03 1.527582551354116774e-02 2.981428207359307280e-05 3.669031015723962259e-05
4.700000000000000000e+01 6.098495453311792401e-03 1.822899214537907625e-02 2.903759997140437907e-05 3.534376328929430205e-05
