# freqs 	 pli 	 dpli 	 meanpower(thalamus)	 meanpower(scalp)	pli
8.000000000000000000e+00 4.602351607876469658e-02 1.483851934149926222e-01 4.231595259286051285e-05 2.140107773153708895e-04
9.000000000000000000e+00 3.584992922512017684e-03 4.245314258189347711e-02 4.077413585034556662e-05 1.705578247946030589e-04
1.000000000000000000e+01 -2.083975892566874749e-04 1.827934380019140964e-02 4.073987480346187898e-05 1.459600030206224808e-04
1.100000000000000000e+01 1.199638344322667347e-02 1.878994872049293691e-02 4.061348506922490500e-05 1.293211017438827728e-04
1.200000000000000000e+01 1.577909000173878182e-02 3.834751209563043439e-02 4.026824849032293094e-05 1.195256170571755433e-04
1.300000000000000000e+01 1.207614053572814150e-02 5.998544756699985409e-02 4.009356747919365843e-05 1.124287382601525025e-04
1.400000000000000000e+01 1.087236145524459428e-02 8.766208762260910281e-02 4.030139929005814949e-05 1.042435911700134119e-04
1.500000000000000000e+01 1.098625538426278511e-02 9.375193082660722432e-02 4.028943076124214651e-05 9.584017612196923973e-05
1.600000000000000000e+01 9.332748107074928870e-03 6.978937699462203770e-02 3.987293328146286094e-05 8.752623102662639306e-05
1.700000000000000000e+01 4.884297111806682086e-03 3.584108712087640675e-02 3.923275089261236417e-05 7.953168043082677605e-05
1.800000000000000000e+01 3.502206870082517649e-03 8.460732238966922961e-03 3.879534240418220726e-05 7.257556685466631720e-05
1.900000000000000000e+01 2.831709837402477184e-03 -8.147617710752936768e-03 3.878506651958773253e-05 6.720330537015648908e-05
2.000000000000000000e+01 -5.020153465694072569e-04 -1.465443696661772148e-02 3.914569219734968298e-05 6.322277686110776328e-05
2.100000000000000000e+01 -2.645715802835393524e-03 -1.588151605232895544e-02 3.970754285252647137e-05 6.033822233118960244e-05
2.200000000000000000e+01 -3.313545203399481057e-03 -1.680224029939242011e-02 4.035480955547324949e-05 5.822243970949351956e-05
2.300000000000000000e+01 -5.586695038520314571e-03 -1.771053072688963392e-02 4.100093737305930740e-05 5.674211695591968704e-05
2.400000000000000000e+01 -2.722750516010429174e-03 -1.415606140483306394e-02 4.166171408201281947e-05 5.571725168198150504e-05
2.500000000000000000e+01 2.630100975454572818e-03 -3.503595850485698333e-03 4.230172766739833577e-05 5.493262848006810636e-05
2.600000000000000000e+01 1.444258975803531554e-02 1.122712712684176273e-02 4.282822095810481035e-05 5.415682435560221413e-05
2.700000000000000000e+01 2.131011359916747117e-02 2.474186050652684918e-02 4.315696583152634684e-05 5.325699510589789018e-05
2.800000000000000000e+01 2.507333726548675867e-02 3.392554196131605804e-02 4.327522911228358327e-05 5.222558852072666793e-05
2.900000000000000000e+01 2.369713837782044460e-02 3.876620858179395668e-02 4.325324348749401610e-05 5.114964817261439839e-05
3.000000000000000000e+01 2.216235594858312688e-02 4.044880726500493795e-02 4.317335870629435813e-05 5.005932552071191055e-05
3.100000000000000000e+01 1.938656544343737159e-02 3.974578564655979751e-02 4.305847809931132757e-05 4.903479819387594291e-05
3.200000000000000000e+01 1.560292870506438043e-02 3.726707014769665288e-02 4.290136540744192266e-05 4.812952323791606110e-05
3.300000000000000000e+01 1.381112548512289720e-02 3.321689041703717454e-02 4.267912249671021983e-05 4.735360065314732255e-05
3.400000000000000000e+01 1.087555937259865324e-02 2.732768348288419635e-02 4.236518704856684646e-05 4.674148545614914834e-05
3.500000000000000000e+01 6.164165256921943017e-03 1.932301527760325877e-02 4.195179668843003549e-05 4.625329860698191366e-05
3.600000000000000000e+01 3.606096197805399705e-03 9.601250730113822240e-03 4.144214289618204324e-05 4.587738632142382688e-05
3.700000000000000000e+01 -1.362857621311074291e-03 -6.550544192584364196e-04 4.084527819654394610e-05 4.558707870250560854e-05
3.800000000000000000e+01 -3.954073595918109786e-03 -1.002019888242797196e-02 4.017669323236176972e-05 4.539367863344905484e-05
3.900000000000000000e+01 -6.904171537957526361e-03 -1.761137524879431357e-02 3.945115609038279866e-05 4.527301063944791886e-05
4.000000000000000000e+01 -9.587084070858935964e-03 -2.301968646680215350e-02 3.867865360370747736e-05 4.522925951485998349e-05
4.100000000000000000e+01 -1.353855545139418838e-02 -2.645622784488819643e-02 3.785776604305066871e-05 4.522954599125168486e-05
4.200000000000000000e+01 -1.573130450157722918e-02 -2.834521668542422032e-02 3.696601659204352632e-05 4.519913731039712783e-05
4.300000000000000000e+01 -1.230777903910660297e-02 -2.929931263098477581e-02 3.596080930854020201e-05 4.501132796654617329e-05
4.400000000000000000e+01 -1.153483299389784084e-02 -2.968115708442231257e-02 3.479131097547786443e-05 4.459497636876241750e-05
4.500000000000000000e+01 -1.019792204869015423e-02 -3.006969476232292451e-02 3.342779794871269703e-05 4.385971331189244415e-05
4.600000000000000000e+01 -1.014620708688480401e-02 -3.065610278023201893e-02 3.189505579976359179e-05 4.282956990819875075e-05
4.700000000000000000e+01 -1.008811624246710135e-02 -3.151148810084435786e-02 3.029149247022251175e-05 4.165542115818369269e-05
