# freqs 	 pli 	 dpli 	 meanpower(thalamus)	 meanpower(scalp)	pli
8.000000000000000000e+00 9.488751270112988356e-02 1.530706515685294755e-01 1.497288099502600055e-04 3.426532596038420046e-04
9.000000000000000000e+00 7.032771706043219884e-02 1.247271756217432498e-01 1.404790892752870001e-04 3.204135288834412975e-04
1.000000000000000000e+01 7.573293001244114919e-02 1.359645306956809019e-01 1.311075426021074408e-04 2.938412091058713793e-04
1.100000000000000000e+01 7.101597075984694696e-02 1.359811891481788049e-01 1.214125859843380207e-04 2.627197122942996231e-04
1.200000000000000000e+01 7.624758716312525497e-02 1.363159431945203670e-01 1.102099086848445746e-04 2.287411237612359304e-04
1.300000000000000000e+01 6.244378799156432430e-02 1.187632801276195388e-01 9.960619475217338066e-05 1.981192165754736380e-04
1.400000000000000000e+01 4.818300213445726038e-02 1.010900293486975687e-01 9.217898800360397617e-05 1.740701450213389507e-04
1.500000000000000000e+01 3.843147107565794002e-02 8.514603338270004818e-02 8.663521253398110962e-05 1.562872868590754370e-04
1.600000000000000000e+01 3.026156172704277947e-02 6.897685947833438747e-02 8.204169097578144383e-05 1.434212884027543907e-04
1.700000000000000000e+01 2.205320261626926223e-02 5.440188246682706175e-02 7.825922623036904370e-05 1.341227848942594511e-04
1.800000000000000000e+01 1.469664808558341675e-02 3.887309873062653326e-02 7.502248878535069606e-05 1.271761356217135700e-04
1.900000000000000000e+01 3.667811013439659963e-03 2.577693192094899360e-02 7.238771373429646056e-05 1.215331524782480759e-04
2.000000000000000000e+01 6.998345356181070315e-03 1.910522047686520619e-02 7.051740001270835731e-05 1.167382761040002920e-04
2.100000000000000000e+01 4.015755596118743102e-03 1.456701394114791499e-02 6.933103232568178125e-05 1.125412258503555806e-04
2.200000000000000000e+01 4.397503600576091985e-04 7.789471312340463457e-03 6.861488925597945788e-05 1.086867110057633621e-04
2.300000000000000000e+01 -1.009500047980040277e-03 3.628001164051871210e-04 6.806754778097986146e-05 1.048833811317895453e-04
2.400000000000000000e+01 -2.704517119017934321e-04 -3.758560649786420616e-03 6.755566103660776210e-05 1.008405764994258511e-04
2.500000000000000000e+01 -9.201571935205597177e-04 -3.580948716210148076e-03 6.711779504195509636e-05 9.657954426416486275e-05
2.600000000000000000e+01 -1.912426942608029231e-03 -2.194660122225248772e-03 6.682085807615926760e-05 9.242440981200869077e-05
2.700000000000000000e+01 -5.113473139902327026e-03 -3.068780923058475260e-03 6.662935489003763356e-05 8.855272318760646754e-05
2.800000000000000000e+01 -6.141476021824447511e-03 -6.791382125943793042e-03 6.652152215363354526e-05 8.499677087615521091e-05
2.900000000000000000e+01 -7.744713424552674558e-03 -1.275779878622115490e-02 6.659585672472858957e-05 8.180804409718064614e-05
3.000000000000000000e+01 -1.015019611594757468e-02 -2.199011232083595765e-02 6.702445135409114711e-05 7.901867744047986011e-05
3.100000000000000000e+01 -1.312039781964234424e-02 -3.723095319295458006e-02 6.800033640192045242e-05 7.660161530586706970e-05
3.200000000000000000e+01 -1.778797438103431675e-02 -5.992415797495306146e-02 6.958087919301039488e-05 7.455076087240793516e-05
3.300000000000000000e+01 -2.452069196215234809e-02 -8.787343687689126714e-02 7.169068336006209955e-05 7.284480555798202354e-05
3.400000000000000000e+01 -3.326263494793159359e-02 -1.157586107086216454e-01 7.405031328535621846e-05 7.140565277816153359e-05
3.500000000000000000e+01 -4.202403092556029895e-02 -1.375379728878784180e-01 7.619689212939952962e-05 7.011558686210775360e-05
3.600000000000000000e+01 -4.778039982695111987e-02 -1.489814738671739192e-01 7.760142953990449067e-05 6.886960318551646183e-05
3.700000000000000000e+01 -4.841564929447553928e-02 -1.486990067738254429e-01 7.787319875092781616e-05 6.761716112371553874e-05
3.800000000000000000e+01 -4.536543369660040598e-02 -1.381673410265064628e-01 7.688219396142886820e-05 6.631218401320404564e-05
3.900000000000000000e+01 -4.037239519466676030e-02 -1.202132652790936646e-01 7.474451186075094309e-05 6.495517046402184906e-05
4.000000000000000000e+01 -3.483458556946929241e-02 -9.813016490668347025e-02 7.178545414773506166e-05 6.357131691560037557e-05
4.100000000000000000e+01 -2.648686340478341450e-02 -7.485316326890992245e-02 6.839980398559825070e-05 6.217942806913904358e-05
4.200000000000000000e+01 -1.925635432989012200e-02 -5.273614640189227404e-02 6.492692296977346626e-05 6.076436959677760410e-05
4.300000000000000000e+01 -1.128143308247586858e-02 -3.344472718955752294e-02 6.156002259399605085e-05 5.924419117700151352e-05
4.400000000000000000e+01 -5.081321162572718063e-03 -1.779859397310864719e-02 5.833022972348269410e-05 5.751905034328209709e-05
4.500000000000000000e+01 6.187145418890718351e-04 -5.867229175398301633e-03 5.519154682681887277e-05 5.550492178008488805e-05
4.600000000000000000e+01 4.438810280654431617e-03 2.785166211781220109e-03 5.213517093739562802e-05 5.321558746999194864e-05
4.700000000000000000e+01 7.061433518652285822e-03 8.782572959823273587e-03 4.925417469970332530e-05 5.079639576714830781e-05
