# freqs 	 pli 	 dpli 	 meanpower(thalamus)	 meanpower(scalp)	pli
8.000000000000000000e+00 3.006661321240906154e-02 8.684656698013840104e-02 8.283787328904663354e-05 2.106818008645380141e-04
9.000000000000000000e+00 5.059586707520130622e-02 7.261366426005913532e-02 7.479927572866185354e-05 2.070496797494039026e-04
1.000000000000000000e+01 5.597549749904760091e-02 7.159147840730799295e-02 7.517770895132561235e-05 1.917148763788083916e-04
1.100000000000000000e+01 4.174419709649845878e-02 1.010531680381524314e-02 7.903810575492904950e-05 1.693244167371409645e-04
1.200000000000000000e+01 1.596112493253630180e-02 -8.322113340372842838e-02 8.025270270979501951e-05 1.514686032491724106e-04
1.300000000000000000e+01 -2.504579500501786550e-04 -1.184924718613874078e-01 7.841478049779659974e-05 1.395953953175425161e-04
1.400000000000000000e+01 -9.270384521281330170e-03 -1.220031885694405072e-01 7.373895873145032615e-05 1.318030579605444568e-04
1.500000000000000000e+01 -1.391990841872718307e-02 -1.113417545935309755e-01 6.795770199105771769e-05 1.263283641797346957e-04
1.600000000000000000e+01 -1.682095762738406233e-02 -9.133430377033813219e-02 6.328075424639738474e-05 1.222406620527838740e-04
1.700000000000000000e+01 -1.713382185874396182e-02 -6.457275394388573009e-02 6.026749037746566181e-05 1.193858223802400881e-04
1.800000000000000000e+01 -1.374155290280511775e-02 -3.881349758433277203e-02 5.840688624700613715e-05 1.173754844365587185e-04
1.900000000000000000e+01 -9.057745857041613752e-03 -1.877533388350840007e-02 5.714001491917501788e-05 1.157805548115421599e-04
2.000000000000000000e+01 -5.010810534280029163e-03 -4.809644943418713882e-03 5.615488352929619796e-05 1.142518373932956702e-04
2.100000000000000000e+01 -1.834305397061738573e-03 2.124171679814863042e-03 5.542920271218559338e-05 1.125658889057080101e-04
2.200000000000000000e+01 -3.195760990280638704e-04 3.657783305504587294e-03 5.488709084060086130e-05 1.104323498381422900e-04
2.300000000000000000e+01 -4.816320180186463751e-04 3.192707712673512142e-03 5.436008704757742656e-05 1.076930137162714730e-04
2.400000000000000000e+01 -1.766278764145637207e-03 3.288812627476196768e-03 5.383863498055521917e-05 1.043075151877587218e-04
2.500000000000000000e+01 1.674022144782476968e-04 4.775633476966184045e-03 5.334229895049799505e-05 1.004364022924681083e-04
2.600000000000000000e+01 2.211551319612443684e-03 6.918200184538019631e-03 5.282750326188050702e-05 9.637697164196683622e-05
2.700000000000000000e+01 3.829186282736118420e-03 8.418881739166902620e-03 5.225118727669276158e-05 9.234290411068074903e-05
2.800000000000000000e+01 4.296863624450333180e-03 8.401230241951379921e-03 5.158015325823397512e-05 8.847728272538174824e-05
2.900000000000000000e+01 4.378994213558537810e-03 6.666074123295663741e-03 5.085122227118515914e-05 8.483490342357498468e-05
3.000000000000000000e+01 3.358278420528016187e-03 3.386734864693850561e-03 5.012439752920909826e-05 8.142423547531758789e-05
3.100000000000000000e+01 1.869959345339828813e-03 -1.269142224168066501e-03 4.945010608541503195e-05 7.820560459904053806e-05
3.200000000000000000e+01 -1.328316968184291378e-03 -7.028741714152048070e-03 4.884228130012557883e-05 7.512754438136908549e-05
3.300000000000000000e+01 -3.335991545337354224e-03 -1.328411641574507411e-02 4.828275496019973260e-05 7.214160840903956499e-05
3.400000000000000000e+01 -5.745571630584283239e-03 -1.911655546169248668e-02 4.776931605883888681e-05 6.920408235711400448e-05
3.500000000000000000e+01 -7.490708210874734777e-03 -2.369811411427151168e-02 4.729140528831748551e-05 6.631711522489162165e-05
3.600000000000000000e+01 -9.135468010642222234e-03 -2.670281380763360121e-02 4.684085014221497917e-05 6.350028877731659239e-05
3.700000000000000000e+01 -9.105440298329046597e-03 -2.825443622684253170e-02 4.639964059960994587e-05 6.076556098643724719e-05
3.800000000000000000e+01 -1.069696923628962910e-02 -2.868287082562493567e-02 4.597133393547207916e-05 5.814273972783449480e-05
3.900000000000000000e+01 -1.100794786620452707e-02 -2.830196344812037010e-02 4.554311559161524633e-05 5.566284831071004505e-05
4.000000000000000000e+01 -9.880616153844112848e-03 -2.736815128432522684e-02 4.510841668088196661e-05 5.334163430183664408e-05
4.100000000000000000e+01 -9.336959458694012171e-03 -2.603178537318851307e-02 4.464877909636266366e-05 5.117218709242883374e-05
4.200000000000000000e+01 -9.075613568291661729e-03 -2.438163973889767230e-02 4.413044817234433500e-05 4.911998793768749725e-05
4.300000000000000000e+01 -7.467075692115827425e-03 -2.253038986867724608e-02 4.348159432897836488e-05 4.711286011426205924e-05
4.400000000000000000e+01 -6.554787692558178627e-03 -2.063118703551369143e-02 4.262204079065788571e-05 4.506522179036384190e-05
4.500000000000000000e+01 -5.661728343937236750e-03 -1.876747626569038457e-02 4.149657381988744329e-05 4.290825604376373610e-05
4.600000000000000000e+01 -4.690164661168816015e-03 -1.695759818470671601e-02 4.013572553993316065e-05 4.064249702350141130e-05
4.700000000000000000e+01 -4.399930039933532856e-03 -1.513392056747001925e-02 3.868254952450661451e-05 3.836766742139220140e-05
