# freqs 	 pli 	 dpli 	 meanpower(thalamus)	 meanpower(scalp)	pli
8.000000000000000000e+00 -3.940325457927448122e-02 -8.041242864918039801e-02 5.312485256805289392e-05 4.835802374526995402e-04
9.000000000000000000e+00 -1.915451136077964828e-02 -3.853900697086827531e-02 5.051602128642545788e-05 4.933893011742222822e-04
1.000000000000000000e+01 -2.753135414186277594e-02 -6.071476742335735199e-02 4.736589027536090331e-05 4.117845122301155825e-04
1.100000000000000000e+01 -3.087462404084647186e-02 -9.158657641563663909e-02 4.574643453152474755e-05 3.371823414347752536e-04
1.200000000000000000e+01 -3.013042015861531336e-02 -8.660609473853302098e-02 4.462001128016985547e-05 2.834774191455864808e-04
1.300000000000000000e+01 -2.066543417050708403e-02 -5.083382730433921165e-02 4.411487022899467087e-05 2.436305346500910963e-04
1.400000000000000000e+01 -9.421566291710547353e-03 -2.155458261697597647e-02 4.427517793740421001e-05 2.178981526979765300e-04
1.500000000000000000e+01 -5.351891331084459441e-03 -9.527542794697384243e-03 4.466884853302495164e-05 2.024933316200342359e-04
1.600000000000000000e+01 -1.329320409823763188e-03 -4.774256721450270344e-03 4.485824720121912640e-05 1.906320372169048919e-04
1.700000000000000000e+01 -1.361405903086174629e-03 -3.671276529709222025e-03 4.472351458312287623e-05 1.793535785173483812e-04
1.800000000000000000e+01 -2.301373750483843694e-03 -6.222181758089044903e-03 4.439610569786792485e-05 1.682070357656144258e-04
1.900000000000000000e+01 -5.469216932032510033e-03 -7.978790114003380882e-03 4.403403410997538183e-05 1.573010148201983900e-04
2.000000000000000000e+01 -4.024770429321955154e-03 -6.079507310327115187e-03 4.375955871926395509e-05 1.476805380872400709e-04
2.100000000000000000e+01 -9.916838589814622792e-04 3.327328860389582661e-04 4.360011775453841583e-05 1.403858684116460382e-04
2.200000000000000000e+01 3.993771698742226532e-03 9.119708322142046353e-03 4.353234413448141217e-05 1.353873898162453603e-04
2.300000000000000000e+01 6.686697328940820889e-03 1.506265529002419508e-02 4.349732657081498025e-05 1.317267159260534994e-04
2.400000000000000000e+01 6.506487622458686192e-03 1.504634965768807467e-02 4.343140196269732400e-05 1.280672677303429602e-04
2.500000000000000000e+01 5.044518554240452583e-03 1.076860887103620393e-02 4.331014717319157226e-05 1.234530305897997484e-04
2.600000000000000000e+01 3.514548811566802627e-03 5.932543506761671012e-03 4.314052138005949113e-05 1.177761848088405182e-04
2.700000000000000000e+01 2.641078881534747805e-03 2.567922829489638695e-03 4.295544657856477508e-05 1.115452437868388641e-04
2.800000000000000000e+01 2.010983711345822132e-03 9.806262291399466674e-04 4.277814152154862639e-05 1.053813040012070875e-04
2.900000000000000000e+01 1.313437420739538676e-03 7.149360926413690772e-04 4.262073688380222248e-05 9.983190331199368679e-05
3.000000000000000000e+01 1.773230776809541376e-03 1.871028522966982710e-03 4.249539910113918676e-05 9.511607121371153844e-05
3.100000000000000000e+01 2.689270711489658537e-03 5.281726629068687374e-03 4.241414979439146071e-05 9.128468759264635581e-05
3.200000000000000000e+01 4.739531841542965473e-03 1.194992928402480691e-02 4.239088955383198864e-05 8.825235580223697877e-05
3.300000000000000000e+01 8.178208683766657189e-03 2.228156663844979568e-02 4.242833830992161583e-05 8.588749474111154918e-05
3.400000000000000000e+01 1.303275702496400901e-02 3.531708358609547682e-02 4.250128831421440663e-05 8.407919145384619083e-05
3.500000000000000000e+01 1.790797003127840570e-02 4.855329310618839572e-02 4.253875577769238763e-05 8.261533110221134352e-05
3.600000000000000000e+01 2.204772050745729822e-02 5.863098276814777965e-02 4.245994235864471189e-05 8.134587993058330047e-05
3.700000000000000000e+01 2.408370896071097486e-02 6.280337655242644590e-02 4.220326932434671487e-05 8.013801494179043745e-05
3.800000000000000000e+01 2.335022385060928768e-02 6.004638407081527851e-02 4.176266649852150483e-05 7.893695731865755117e-05
3.900000000000000000e+01 2.020137344524486692e-02 5.136082997209678175e-02 4.117715971095465524e-05 7.768277880059899494e-05
4.000000000000000000e+01 1.582340397997746700e-02 3.907549332840881684e-02 4.051159963704937741e-05 7.642142698972784209e-05
4.100000000000000000e+01 1.068959476755052332e-02 2.587865752956506823e-02 3.981629810614500692e-05 7.517180899780398452e-05
4.200000000000000000e+01 6.250407554363161637e-03 1.388095500205183651e-02 3.910103398083366054e-05 7.389968288058791082e-05
4.300000000000000000e+01 2.269004638353255051e-03 4.237956533568629572e-03 3.832373704352480992e-05 7.246763133720630521e-05
4.400000000000000000e+01 -1.158974867397015874e-03 -2.941781332454805522e-03 3.741678235096021553e-05 7.078434932717401779e-05
4.500000000000000000e+01 -3.415410942624898943e-03 -8.019554649418683678e-03 3.632803849340028905e-05 6.871315193319420657e-05
4.600000000000000000e+01 -4.678539357163786182e-03 -1.161082240629877742e-02 3.507627660474905512e-05 6.627357668842208025e-05
4.700000000000000000e+01 -5.708457712524271470e-03 -1.429037400226500394e-02 3.377679088087448599e-05 6.365891624956473765e-05
