# freqs 	 pli 	 dpli 	 meanpower(thalamus)	 meanpower(scalp)	pli
8.000000000000000000e+00 1.796457871274743934e-02 -1.069204391468918554e-02 8.741044613862593900e-05 3.491380506984851544e-04
9.000000000000000000e+00 3.639165573250210256e-02 7.346494764132284472e-02 7.865086400578430426e-05 3.703817927879218754e-04
1.000000000000000000e+01 2.684927128023117948e-02 6.705978467471086779e-02 7.071381572764119509e-05 3.355657186787069490e-04
1.100000000000000000e+01 1.807987955307513786e-02 3.367801130235183876e-02 6.640571241450486943e-05 2.748029511784583602e-04
1.200000000000000000e+01 1.080809913650481943e-02 1.353165011406641700e-02 6.447972848399954079e-05 2.335927644027576669e-04
1.300000000000000000e+01 3.585119319600444960e-03 9.540395916679359498e-04 6.337656202022683681e-05 2.123510288742902746e-04
1.400000000000000000e+01 -3.376155096360321673e-03 -1.333306194009759894e-02 6.221453735516018965e-05 2.007621160194694493e-04
1.500000000000000000e+01 -1.031290423049099902e-02 -2.294634503143297422e-02 6.094266302298007899e-05 1.938116738843978872e-04
1.600000000000000000e+01 -1.050110169593192200e-02 -2.248956695228974956e-02 5.984103972849664788e-05 1.894492411595418346e-04
1.700000000000000000e+01 -7.926963621580929500e-03 -1.499835073500739580e-02 5.908003279031637771e-05 1.862909078967078802e-04
1.800000000000000000e+01 -2.754128160465782807e-03 -5.685962920926636299e-03 5.854667880992392513e-05 1.829553459049247383e-04
1.900000000000000000e+01 2.034278113800219723e-03 2.437181899094564060e-03 5.797375297534617967e-05 1.787880028998522434e-04
2.000000000000000000e+01 3.498116255533941996e-03 8.455454215523577552e-03 5.728420098261301457e-05 1.737853903797725928e-04
2.100000000000000000e+01 6.069521934208415952e-03 1.248661912854221075e-02 5.660704154919620769e-05 1.683589499042422225e-04
2.200000000000000000e+01 8.463943803982255584e-03 1.538295904178794450e-02 5.609582845882056539e-05 1.628333723962375221e-04
2.300000000000000000e+01 1.072102211503344477e-02 1.840805761718511402e-02 5.579249770155515038e-05 1.571097098264040654e-04
2.400000000000000000e+01 1.221805713700855819e-02 2.200558994411917074e-02 5.564602775756917426e-05 1.508700409181511074e-04
2.500000000000000000e+01 1.288712819278163210e-02 2.508538766944235637e-02 5.558564648741983524e-05 1.441097992899074390e-04
2.600000000000000000e+01 1.406688387000524544e-02 2.632690342873517109e-02 5.555968972818805081e-05 1.371675486351028124e-04
2.700000000000000000e+01 1.370428545776398305e-02 2.559113484482442372e-02 5.555062977322538533e-05 1.306718747137061265e-04
2.800000000000000000e+01 1.276405793089089961e-02 2.386224381709379713e-02 5.555274387248470018e-05 1.249531605740781984e-04
2.900000000000000000e+01 1.305602235808107914e-02 2.210602365733756874e-02 5.556428366541118667e-05 1.202174329764160233e-04
3.000000000000000000e+01 1.261137654922974555e-02 2.059500552879269322e-02 5.558436161556106478e-05 1.163873804814830938e-04
3.100000000000000000e+01 1.223143338798290090e-02 1.896484706844068016e-02 5.562210320165975974e-05 1.134556006942232079e-04
3.200000000000000000e+01 1.155039371446144741e-02 1.688828584579527003e-02 5.567993006657760013e-05 1.112279954552616347e-04
3.300000000000000000e+01 9.948686208924825344e-03 1.443740498646388891e-02 5.575802962202839903e-05 1.094992315742787176e-04
3.400000000000000000e+01 8.613155885125980266e-03 1.205276975666001379e-02 5.585694610585860968e-05 1.082520323297797425e-04
3.500000000000000000e+01 8.446481779343669935e-03 1.029442955434699790e-02 5.597474656108965106e-05 1.072582488485272425e-04
3.600000000000000000e+01 8.681754119625710239e-03 9.489136378029644492e-03 5.610637691984624709e-05 1.064953301957022991e-04
3.700000000000000000e+01 9.223486666940993242e-03 9.605370624006256616e-03 5.624230059377612881e-05 1.059153747536622977e-04
3.800000000000000000e+01 9.518731680636431658e-03 1.038772704800058379e-02 5.636897519886522999e-05 1.055576976611451422e-04
3.900000000000000000e+01 1.017300989711954554e-02 1.134406808264369279e-02 5.646774757377152280e-05 1.052495106270316872e-04
4.000000000000000000e+01 1.109994230320355928e-02 1.224948581460755942e-02 5.651389129354391960e-05 1.050128065562537142e-04
4.100000000000000000e+01 1.131567149089658317e-02 1.297589073263520805e-02 5.646757631140542441e-05 1.047672877322193389e-04
4.200000000000000000e+01 1.125858557609744383e-02 1.351218610920139687e-02 5.626141073204652765e-05 1.043761256663109803e-04
4.300000000000000000e+01 1.106934119839864290e-02 1.392110100598606230e-02 5.579512141229204153e-05 1.035435122508676268e-04
4.400000000000000000e+01 1.035374970817612428e-02 1.423280296981025046e-02 5.496140973280880937e-05 1.021944861434862569e-04
4.500000000000000000e+01 1.044803369730634181e-02 1.445543885732801515e-02 5.369983082841731705e-05 1.000978193833344581e-04
4.600000000000000000e+01 1.037765878122413193e-02 1.458699476211762665e-02 5.206413992886828513e-05 9.732475107631953840e-05
4.700000000000000000e+01 1.074222538601436044e-02 1.459959787839156323e-02 5.025277331452601400e-05 9.424071052920107380e-05
