# freqs 	 pli 	 dpli 	 meanpower(thalamus)	 meanpower(scalp)	pli
8.000000000000000000e+00 -1.524638674664381688e-02 -4.190816001323140888e-02 6.916661296165523692e-05 1.754480118792960271e-04
9.000000000000000000e+00 -4.944816503547071543e-03 -7.063855614942412924e-03 6.602476352279657240e-05 1.310514498093144728e-04
1.000000000000000000e+01 -8.255044648613504496e-03 7.872552466570803369e-04 6.786704838535079925e-05 1.123627675861423719e-04
1.100000000000000000e+01 -5.352494427220610626e-03 2.847691846135283131e-02 7.285674123977291174e-05 1.094226068678832270e-04
1.200000000000000000e+01 3.393769415234374268e-03 4.780303117622254627e-02 7.744158565266496055e-05 1.140095552315736075e-04
1.300000000000000000e+01 2.120913295376303589e-02 6.249020605799774503e-02 8.015633319086537013e-05 1.212488535651451888e-04
1.400000000000000000e+01 4.544061285436831743e-02 8.597708392511139996e-02 8.020655706639597980e-05 1.264506890604630773e-04
1.500000000000000000e+01 5.830686004304044823e-02 1.088863884153509903e-01 7.725883163777265579e-05 1.274374143537136325e-04
1.600000000000000000e+01 6.394277420171393111e-02 1.241896015720766605e-01 7.272949726553087728e-05 1.250476280894005686e-04
1.700000000000000000e+01 5.997201096969170114e-02 1.213332495270631611e-01 6.847391544719799304e-05 1.205054589491387832e-04
1.800000000000000000e+01 4.671722090500594199e-02 9.704014078994777082e-02 6.546084054894827481e-05 1.146577113110106591e-04
1.900000000000000000e+01 2.688906482736409809e-02 5.455659243664950919e-02 6.409634696589329016e-05 1.085506320498482867e-04
2.000000000000000000e+01 5.993611760010618926e-03 7.284862524551758388e-03 6.421516995111324882e-05 1.029929284332894426e-04
2.100000000000000000e+01 -1.258540414619519800e-02 -3.028992373542950534e-02 6.534308228292404631e-05 9.804640497349641768e-05
2.200000000000000000e+01 -2.391329472804422721e-02 -5.162922394196316905e-02 6.645159316984476303e-05 9.356928225685119064e-05
2.300000000000000000e+01 -2.746684539982848991e-02 -5.676777099792114367e-02 6.629454631941495834e-05 8.938044865470086246e-05
2.400000000000000000e+01 -2.330945716438815804e-02 -4.957770049965066345e-02 6.448160663341065434e-05 8.553600900328434001e-05
2.500000000000000000e+01 -1.598040826796743794e-02 -3.683606508675692920e-02 6.168611960696816104e-05 8.217959116603700811e-05
2.600000000000000000e+01 -1.259457729397095785e-02 -2.476379477439531393e-02 5.894682879976949076e-05 7.945711658958048713e-05
2.700000000000000000e+01 -9.207491974917613592e-03 -1.624700837692721889e-02 5.686910664328165575e-05 7.741518860184931064e-05
2.800000000000000000e+01 -6.950320614719419747e-03 -1.104371635133344180e-02 5.551080531370876646e-05 7.592662940881736043e-05
2.900000000000000000e+01 -5.157830502267356579e-03 -7.774167204548218003e-03 5.467039889760209366e-05 7.478792150287711152e-05
3.000000000000000000e+01 -4.152869683606962709e-03 -5.570517777500011945e-03 5.416245891481147372e-05 7.389364113536261980e-05
3.100000000000000000e+01 -2.586231017983699199e-03 -4.249317850328344047e-03 5.383719880665478638e-05 7.318761445084055240e-05
3.200000000000000000e+01 -2.098906065074966458e-03 -3.850096829766096011e-03 5.359021738434779360e-05 7.262775323580595709e-05
3.300000000000000000e+01 -3.136952753088797629e-03 -4.358674314193027380e-03 5.338205781040271006e-05 7.215584473254262586e-05
3.400000000000000000e+01 -4.055928607139197735e-03 -5.753253913049189913e-03 5.318937025768355069e-05 7.170517452325255814e-05
3.500000000000000000e+01 -5.252394800204542892e-03 -8.129631006730492909e-03 5.298971831688917554e-05 7.125064882054776838e-05
3.600000000000000000e+01 -7.479158297618002799e-03 -1.143769565025649741e-02 5.277068987894389306e-05 7.080619420144650860e-05
3.700000000000000000e+01 -9.452596937436609850e-03 -1.530678659821481380e-02 5.252218038580293676e-05 7.037978088170535182e-05
3.800000000000000000e+01 -1.124591160470678371e-02 -1.905669053632530127e-02 5.224759487483137044e-05 6.995453874714757604e-05
3.900000000000000000e+01 -1.277221916089789182e-02 -2.188804382082295066e-02 5.194925115730402018e-05 6.951320223678224904e-05
4.000000000000000000e+01 -1.309896697115339910e-02 -2.316944548157823941e-02 5.161747296007291111e-05 6.904096060227031127e-05
4.100000000000000000e+01 -1.041139994279839838e-02 -2.269274380193041576e-02 5.123309894619562665e-05 6.849976113410718016e-05
4.200000000000000000e+01 -8.659549228944246266e-03 -2.067128427886397515e-02 5.075246747932409528e-05 6.782006149556605635e-05
4.300000000000000000e+01 -6.892583346612134697e-03 -1.760036594056288428e-02 5.009248585086018181e-05 6.689490460904188977e-05
4.400000000000000000e+01 -5.057075746392165373e-03 -1.404553105339053157e-02 4.915209160420544226e-05 6.560094556323488400e-05
4.500000000000000000e+01 -3.620202170351680994e-03 -1.046559013575619132e-02 4.787426300745321450e-05 6.385209567649180571e-05
4.600000000000000000e+01 -2.981063611651447315e-03 -7.119970166295359199e-03 4.629850400329943211e-05 6.170015239388667628e-05
4.700000000000000000e+01 -1.213791322519609632e-03 -4.103195053178575712e-03 4.459146251165739154e-05 5.936715728528121715e-05
