# freqs 	 pli 	 dpli 	 meanpower(thalamus)	 meanpower(scalp)	pli
8.000000000000000000e+00 9.805260760408862283e-03 2.243659766624907931e-02 2.235735958400563534e-04 2.851461967126038988e-04
9.000000000000000000e+00 2.669659503876471718e-02 5.281042330422953957e-02 2.161042974512768287e-04 3.060134251017003135e-04
1.000000000000000000e+01 2.973412873723518812e-02 2.101798301253314863e-02 2.153644079095756985e-04 3.673838874199957666e-04
1.100000000000000000e+01 -2.228009577288474902e-02 -1.876898456850845109e-01 2.403331112364741242e-04 4.479827468255584617e-04
1.200000000000000000e+01 -4.737489914896596960e-02 -2.080799430990009358e-01 2.460166402761804335e-04 4.781854856942398756e-04
1.300000000000000000e+01 -5.411166410888213624e-02 -1.494435620527426734e-01 2.302100312724256008e-04 4.885950489961196413e-04
1.400000000000000000e+01 -6.657027297839746005e-02 -1.672758526655778455e-01 2.192559954779241195e-04 4.765696219348626432e-04
1.500000000000000000e+01 -8.638724029272563942e-02 -2.088818137548270337e-01 2.117004398787295470e-04 4.299786804214904951e-04
1.600000000000000000e+01 -9.046777704336327053e-02 -2.184026598470111269e-01 1.992539827323957429e-04 3.767796378170873320e-04
1.700000000000000000e+01 -7.463296177472367177e-02 -1.823841722993228276e-01 1.822109097319845738e-04 3.354122157233825098e-04
1.800000000000000000e+01 -5.372285357470896888e-02 -1.286397702433712265e-01 1.659875780538981323e-04 3.057012297682995669e-04
1.900000000000000000e+01 -4.012679829970906831e-02 -8.959066605766480285e-02 1.535884506822154450e-04 2.826698826454721058e-04
2.000000000000000000e+01 -3.600418122754897587e-02 -7.415729706750270878e-02 1.445450397380687851e-04 2.632255681608047684e-04
2.100000000000000000e+01 -3.656696740247560029e-02 -7.554039060170363029e-02 1.374044481396239487e-04 2.460432113963782015e-04
2.200000000000000000e+01 -3.958959995197112308e-02 -8.372386260978358086e-02 1.311411781507351682e-04 2.302309628058364372e-04
2.300000000000000000e+01 -4.200002764388548887e-02 -8.946963495932098998e-02 1.249708184300836510e-04 2.157746546324120916e-04
2.400000000000000000e+01 -4.138661877366583974e-02 -8.748351122391632984e-02 1.186116062637624524e-04 2.030175272197906903e-04
2.500000000000000000e+01 -3.557204453514831860e-02 -7.710780832905053672e-02 1.123560247955058514e-04 1.921922269374391290e-04
2.600000000000000000e+01 -2.680329016138110684e-02 -6.076496635400975566e-02 1.066538753038361227e-04 1.832476910026033246e-04
2.700000000000000000e+01 -1.784829018402592921e-02 -4.171091389354920909e-02 1.016607986996921712e-04 1.757041705704119312e-04
2.800000000000000000e+01 -9.041344142905350517e-03 -2.330803574112380941e-02 9.724120709425016829e-05 1.688240536343902319e-04
2.900000000000000000e+01 -1.159714379975870487e-03 -8.336074290669487352e-03 9.314212643950957543e-05 1.620614301836971959e-04
3.000000000000000000e+01 2.550056615374343260e-03 1.686666252018529603e-03 8.916450391867297264e-05 1.552090702897325957e-04
3.100000000000000000e+01 3.342209571883634264e-03 6.839974468564787198e-03 8.522476079732624332e-05 1.482519875222631416e-04
3.200000000000000000e+01 3.749517702270668655e-03 8.348567588715815127e-03 8.133252391766260378e-05 1.413018353186571341e-04
3.300000000000000000e+01 2.423740629217649954e-03 7.669735286024286294e-03 7.756354664085043980e-05 1.345196258285060603e-04
3.400000000000000000e+01 9.751411125705562906e-04 5.788812542862516175e-03 7.400634405204807760e-05 1.280705234249535389e-04
3.500000000000000000e+01 -9.979925564540363409e-05 3.267651270617047323e-03 7.072680401664772052e-05 1.220544835200898460e-04
3.600000000000000000e+01 -1.400260101084739714e-03 3.514153747587139658e-04 6.776352232252588336e-05 1.165572742253978306e-04
3.700000000000000000e+01 -3.149540291200915096e-03 -2.726565241790138497e-03 6.512674543866703769e-05 1.116134627418305072e-04
3.800000000000000000e+01 -4.107493274244955993e-03 -5.756995739613105997e-03 6.279938210396291093e-05 1.072216752209446635e-04
3.900000000000000000e+01 -4.000905030275549341e-03 -8.769460812267176886e-03 6.074973903587513059e-05 1.033479846672451322e-04
4.000000000000000000e+01 -5.679691219435142532e-03 -1.193921814800421449e-02 5.892657213791401558e-05 9.992149209080277913e-05
4.100000000000000000e+01 -7.284918770079032262e-03 -1.550953470602837656e-02 5.726794288224642697e-05 9.682318592108036138e-05
4.200000000000000000e+01 -8.954062917097575444e-03 -1.959543449111343996e-02 5.568823738814755015e-05 9.387684251084454424e-05
4.300000000000000000e+01 -1.168757126567844876e-02 -2.412490525194066482e-02 5.407380581278970665e-05 9.086723627920095315e-05
4.400000000000000000e+01 -1.390357322715452329e-02 -2.879026906153116239e-02 5.231036308863097828e-05 8.758229290120296898e-05
4.500000000000000000e+01 -1.464919157429088285e-02 -3.334016990241536055e-02 5.031595986805095707e-05 8.387064956983223036e-05
4.600000000000000000e+01 -1.578085660151337319e-02 -3.757383908788691079e-02 4.810106883741568614e-05 7.972062079463245853e-05
4.700000000000000000e+01 -1.795203697460826323e-02 -4.136208303841188566e-02 4.579648948593298738e-05 7.530645661778668631e-05
