# freqs 	 pli 	 dpli 	 meanpower(thalamus)	 meanpower(scalp)	pli
8.000000000000000000e+00 -2.817329465823877055e-02 -9.168839420996080514e-02 1.885588781526814780e-04 1.653735574175939794e-04
9.000000000000000000e+00 -1.982117192300708597e-02 -7.331994921037891799e-02 1.677642481329684790e-04 1.471399671109537271e-04
1.000000000000000000e+01 -2.490123824728214530e-02 -9.552530050859817101e-02 1.560602886416334828e-04 1.373717715532391957e-04
1.100000000000000000e+01 -4.939452686205865473e-02 -1.473953631800174191e-01 1.503731918529327969e-04 1.376770009279621376e-04
1.200000000000000000e+01 -8.672529969442921427e-02 -2.198809974695664360e-01 1.480170526368789212e-04 1.565455491983960021e-04
1.300000000000000000e+01 -1.178960777867232163e-01 -2.683426693900264892e-01 1.462437320318750065e-04 2.025600014522852444e-04
1.400000000000000000e+01 -1.212559876359517314e-01 -2.799791985409196826e-01 1.401327083446839128e-04 2.241517048709245296e-04
1.500000000000000000e+01 -1.085235254084511297e-01 -2.503240570473929671e-01 1.295367656795736464e-04 1.986762205220583030e-04
1.600000000000000000e+01 -8.159445551521318785e-02 -1.960358756390710167e-01 1.193155987034681144e-04 1.578368714204109939e-04
1.700000000000000000e+01 -5.798787541618935504e-02 -1.448946923822455046e-01 1.118156642602653359e-04 1.288298449521627987e-04
1.800000000000000000e+01 -4.243651605256319737e-02 -1.117983709560839145e-01 1.060153014537637328e-04 1.145721926624092740e-04
1.900000000000000000e+01 -3.598012956091592440e-02 -9.768705550169932972e-02 1.006637568320211887e-04 1.080924718904485184e-04
2.000000000000000000e+01 -3.231556998088409849e-02 -9.473150026724830308e-02 9.545843785442281021e-05 1.045352060935691866e-04
2.100000000000000000e+01 -3.236224922033948542e-02 -9.478979133884163355e-02 9.045983409023970246e-05 1.018849804521598513e-04
2.200000000000000000e+01 -3.196690882559962560e-02 -9.451199474476747187e-02 8.577346640027558528e-05 9.950151180837566399e-05
2.300000000000000000e+01 -3.158465513297301769e-02 -9.334065691508729168e-02 8.146557468499102160e-05 9.706192592505122915e-05
2.400000000000000000e+01 -3.299871198818763590e-02 -9.090201643589705671e-02 7.761814723891101973e-05 9.457178919896265014e-05
2.500000000000000000e+01 -3.189508544033373139e-02 -8.654341355462248642e-02 7.416384653456332867e-05 9.251020827527374360e-05
2.600000000000000000e+01 -3.012313099669657393e-02 -8.081201503897499083e-02 7.102313314491996265e-05 9.162319705400706366e-05
2.700000000000000000e+01 -2.856820876233544942e-02 -7.482804180245195003e-02 6.810101005083608980e-05 9.204903567007718837e-05
2.800000000000000000e+01 -2.712657631323966631e-02 -6.917693010600060866e-02 6.533254821911897649e-05 9.259156288755704888e-05
2.900000000000000000e+01 -2.415605665651911899e-02 -6.381572358326277616e-02 6.273122536466800082e-05 9.155711263503703041e-05
3.000000000000000000e+01 -2.247565544335621349e-02 -5.840673327370435319e-02 6.032819327985247280e-05 8.822104299833130321e-05
3.100000000000000000e+01 -1.947941404097113666e-02 -5.291608622434942205e-02 5.815299565448813840e-05 8.314401673551831461e-05
3.200000000000000000e+01 -1.734336958431490633e-02 -4.754749814611593239e-02 5.621832042792668092e-05 7.747749839487914957e-05
3.300000000000000000e+01 -1.442071561385309224e-02 -4.266045688342692821e-02 5.451643513905674954e-05 7.223597470873057292e-05
3.400000000000000000e+01 -1.209191571488883558e-02 -3.845831335331831302e-02 5.301748083812379760e-05 6.793726780785118240e-05
3.500000000000000000e+01 -1.178788062706847932e-02 -3.475465046182481255e-02 5.167661457033036079e-05 6.461081509093003297e-05
3.600000000000000000e+01 -1.049237462277669702e-02 -3.125783373679090482e-02 5.046233611960579364e-05 6.201967032198912226e-05
3.700000000000000000e+01 -9.256428656832597565e-03 -2.778089173467421236e-02 4.935891723323397031e-05 5.990750346247516127e-05
3.800000000000000000e+01 -8.578796489032057548e-03 -2.441490793201881587e-02 4.835100720312545747e-05 5.809366364853494474e-05
3.900000000000000000e+01 -8.318075390880743866e-03 -2.162085086844168016e-02 4.742617470428409630e-05 5.646974550488874915e-05
4.000000000000000000e+01 -7.647996197506209959e-03 -1.963704063455198184e-02 4.657352047870750596e-05 5.498193153296258433e-05
4.100000000000000000e+01 -7.062181299414784473e-03 -1.846229195727421696e-02 4.576392861494184104e-05 5.358302930053234929e-05
4.200000000000000000e+01 -6.971819831681740597e-03 -1.783347907033810270e-02 4.494703234829698261e-05 5.220747802186574655e-05
4.300000000000000000e+01 -7.719969808542625350e-03 -1.747869216049705368e-02 4.404245327236417805e-05 5.075613507276116951e-05
4.400000000000000000e+01 -7.035443716008319207e-03 -1.696156021730193739e-02 4.295950074015654675e-05 4.913759866515325197e-05
4.500000000000000000e+01 -6.621028403869709533e-03 -1.619744329081946460e-02 4.164185398661331448e-05 4.728297319400803181e-05
4.600000000000000000e+01 -6.385221249084927116e-03 -1.510196911740857399e-02 4.010918508528514987e-05 4.521341948989988409e-05
4.700000000000000000e+01 -4.993981363702942530e-03 -1.362382030217614177e-02 3.848933769330688801e-05 4.307682047843176972e-05
