# freqs 	 pli 	 dpli 	 meanpower(thalamus)	 meanpower(scalp)	pli
8.000000000000000000e+00 -4.356518994001894012e-03 -1.457735256539432200e-01 2.533051496311605177e+01 3.676876438579620299e+02
9.000000000000000000e+00 4.555204555204555444e-02 -3.025811294313430697e-02 2.535462933150667908e+01 3.629910049463371138e+02
1.000000000000000000e+01 2.561662885164312214e-03 3.055564005174851022e-02 2.501124897816332648e+01 3.064276689395281892e+02
1.100000000000000000e+01 1.009649288773456673e-02 8.306139814009459721e-02 2.426339927527699203e+01 2.641365667743149288e+02
1.200000000000000000e+01 1.891583916653101147e-02 6.388500776716204976e-02 2.375653663956243022e+01 2.445603163280699448e+02
1.300000000000000000e+01 9.431478527512351592e-03 4.915972096970864375e-02 2.353345969761928558e+01 2.365433600984321458e+02
1.400000000000000000e+01 3.381720985867655259e-03 5.772900845118299207e-02 2.350566738477546735e+01 2.271544905792492841e+02
1.500000000000000000e+01 -2.373406477836362705e-03 4.054894183940821462e-02 2.357494167279311981e+01 2.163775670602736625e+02
1.600000000000000000e+01 1.171011327965060765e-02 1.104151858167507459e-02 2.365882099992543175e+01 2.039598391905968526e+02
1.700000000000000000e+01 4.055726738826999529e-03 1.195650055574848901e-02 2.378198620546659825e+01 1.897161165914756111e+02
1.800000000000000000e+01 1.398556740532601143e-02 3.381158671073884736e-02 2.392984456951865369e+01 1.764314856016180784e+02
1.900000000000000000e+01 2.500154789177140569e-02 5.008850250747565874e-02 2.408815303452742285e+01 1.662140710970616908e+02
2.000000000000000000e+01 2.688730523010025505e-02 4.099653985406967460e-02 2.427293474504818249e+01 1.588293984896810684e+02
2.100000000000000000e+01 -1.978425738376748868e-03 2.166377323363143093e-02 2.449579626801594046e+01 1.534712281762451482e+02
2.200000000000000000e+01 -5.348334854278090703e-03 2.560421959598577907e-02 2.471358528871682481e+01 1.501689797781013453e+02
2.300000000000000000e+01 2.018074335802133579e-02 4.596835222132406029e-02 2.489690748087067362e+01 1.497807283870473327e+02
2.400000000000000000e+01 2.704562353646220579e-02 5.464355115679776775e-02 2.503927114566988266e+01 1.506357851144916253e+02
2.500000000000000000e+01 2.791182992043824210e-02 4.768590715113651957e-02 2.514980562364201688e+01 1.509522979821164199e+02
2.600000000000000000e+01 2.336794059978785504e-02 3.814843882678212172e-02 2.523632933265077583e+01 1.506193035935362730e+02
2.700000000000000000e+01 2.889797630282059382e-02 3.545412599481204824e-02 2.530748324948039851e+01 1.499867723786625788e+02
2.800000000000000000e+01 2.290596877679853746e-02 3.861289987671185503e-02 2.537406451646774386e+01 1.482806731576065147e+02
2.900000000000000000e+01 2.845975326737510552e-02 4.310917633641652563e-02 2.543744413192799314e+01 1.456493573498331102e+02
3.000000000000000000e+01 2.844904226945768957e-02 4.370992611798742850e-02 2.549546833091011777e+01 1.423021978237110829e+02
3.100000000000000000e+01 2.105556440057315681e-02 3.981981498237773670e-02 2.555456423241731656e+01 1.390559933675316984e+02
3.200000000000000000e+01 1.981537014170635727e-02 3.337058117979492533e-02 2.561383948254806953e+01 1.358500601228045639e+02
3.300000000000000000e+01 1.539299293069749767e-02 2.794205636235950335e-02 2.567173204470320158e+01 1.326614812239193668e+02
3.400000000000000000e+01 1.089245376928672619e-02 2.585353488231295627e-02 2.572602585914755124e+01 1.299207961691714388e+02
3.500000000000000000e+01 1.521251946670718232e-02 2.670080394803555149e-02 2.577257638845339827e+01 1.275122962693020696e+02
3.600000000000000000e+01 1.689997550728187387e-02 2.879332044229047580e-02 2.580889278340712423e+01 1.256653382057674122e+02
3.700000000000000000e+01 1.545563280257157730e-02 3.062092531608752791e-02 2.583350827519802451e+01 1.242845524591076440e+02
3.800000000000000000e+01 1.215229900906366657e-02 3.179737521049014887e-02 2.584394709587467176e+01 1.234904552473056611e+02
3.900000000000000000e+01 1.303531385024885546e-02 3.292343878497703408e-02 2.584049691541495974e+01 1.229836519253113920e+02
4.000000000000000000e+01 1.384545865341165784e-02 3.507782437149055410e-02 2.582125792982700219e+01 1.228911567490284540e+02
4.100000000000000000e+01 1.178135947033158090e-02 3.842398572039913002e-02 2.577399193355421048e+01 1.230598208970636733e+02
4.200000000000000000e+01 1.128784447464009459e-02 4.278592057679076605e-02 2.566945387372107135e+01 1.232459950204861201e+02
4.300000000000000000e+01 1.313510777182745788e-02 4.788018314028194555e-02 2.545943472535342522e+01 1.228412957709889781e+02
4.400000000000000000e+01 1.364460641912709771e-02 5.224393650890614416e-02 2.509261045480056751e+01 1.218543549716623886e+02
4.500000000000000000e+01 1.660312170096931578e-02 5.615029904526952498e-02 2.454140848977972666e+01 1.198900447887951657e+02
4.600000000000000000e+01 1.801926435748006997e-02 5.968263997939145249e-02 2.383287984678701221e+01 1.170087446104381002e+02
4.700000000000000000e+01 1.585152688761695683e-02 6.288012799746046932e-02 2.306329991255751111e+01 1.136194774620575316e+02
