# freqs 	 pli 	 dpli 	 meanpower(thalamus)	 meanpower(scalp)	pli
8.000000000000000000e+00 -3.809336771158929741e-02 -8.185124183588850244e-02 1.216745622927403920e-04 2.692231833102807126e-04
9.000000000000000000e+00 -8.849716382778941015e-02 -1.825877998355878995e-01 1.163108343950647360e-04 2.392407479059580782e-04
1.000000000000000000e+01 -1.111013118401136812e-01 -2.621350115951914250e-01 1.355733291558984446e-04 2.107685074357674353e-04
1.100000000000000000e+01 -1.312536755082626405e-01 -4.082001627315739456e-01 1.668698765991407057e-04 1.957105224287886602e-04
1.200000000000000000e+01 -1.392878126138881456e-01 -4.738464856474555731e-01 1.687540738427134829e-04 1.927284221128154336e-04
1.300000000000000000e+01 -1.293018301043718787e-01 -4.458343571595633770e-01 1.419099487421733780e-04 1.947934215061957678e-04
1.400000000000000000e+01 -1.085236051350323000e-01 -3.886904562626949389e-01 1.099371978098109587e-04 1.844934491493149191e-04
1.500000000000000000e+01 -8.322305295608029008e-02 -3.158548698816894262e-01 8.601732691611558396e-05 1.605843826596705715e-04
1.600000000000000000e+01 -5.746370923562530569e-02 -2.294577945079581960e-01 7.120885310094343028e-05 1.352044462238616144e-04
1.700000000000000000e+01 -3.553697868908803348e-02 -1.473201216861345086e-01 6.242070055037982046e-05 1.160880477829713905e-04
1.800000000000000000e+01 -2.233001766390291243e-02 -8.886576848735425194e-02 5.735304426773802592e-05 1.034550422986202996e-04
1.900000000000000000e+01 -1.549810247671950560e-02 -5.655846151935239874e-02 5.501212843475093380e-05 9.497358888492385691e-05
2.000000000000000000e+01 -1.214608705096335318e-02 -4.002586777543722107e-02 5.485805208554180772e-05 8.879023709421009127e-05
2.100000000000000000e+01 -1.012360924376349766e-02 -2.999528972570583360e-02 5.601745696491455969e-05 8.389244640813363276e-05
2.200000000000000000e+01 -7.563502177750737465e-03 -2.331494766539876293e-02 5.720089334354535953e-05 7.980436992877131463e-05
2.300000000000000000e+01 -5.989747782701106311e-03 -1.931001224775060268e-02 5.734609830010807367e-05 7.630901761202073263e-05
2.400000000000000000e+01 -4.921657556453370649e-03 -1.656544353289492871e-02 5.615433554583758687e-05 7.327591626244341918e-05
2.500000000000000000e+01 -4.267440258415330749e-03 -1.378190100733603374e-02 5.401092873946614428e-05 7.060114011124603447e-05
2.600000000000000000e+01 -3.605490054061674231e-03 -1.085411663880292595e-02 5.154922106688051040e-05 6.814620360666942837e-05
2.700000000000000000e+01 -2.425088379739162147e-03 -8.396558988121404291e-03 4.929558451360400344e-05 6.576245162229686322e-05
2.800000000000000000e+01 -2.464497759978266037e-03 -7.052590407449246292e-03 4.753258202468275387e-05 6.335773986467683149e-05
2.900000000000000000e+01 -2.296210344778090110e-03 -7.101845918940503412e-03 4.631252126186398118e-05 6.094397887898773047e-05
3.000000000000000000e+01 -3.279035766252979926e-03 -8.326919576107582113e-03 4.555940581324556521e-05 5.859726776380116416e-05
3.100000000000000000e+01 -3.871569946160871491e-03 -1.014657076212450992e-02 4.513790386195123895e-05 5.639626542611600251e-05
3.200000000000000000e+01 -4.692200769790676185e-03 -1.194616986214567037e-02 4.490332497168415875e-05 5.437728595177604294e-05
3.300000000000000000e+01 -5.215768791687428255e-03 -1.338253706089827938e-02 4.473426159746125852e-05 5.254175796381320489e-05
3.400000000000000000e+01 -5.908874838552921269e-03 -1.443752823203417121e-02 4.455114813604484059e-05 5.088216377090007853e-05
3.500000000000000000e+01 -6.771476933150367972e-03 -1.527067841321059702e-02 4.431467841035993530e-05 4.937526793118572252e-05
3.600000000000000000e+01 -7.342025940369988762e-03 -1.598808745421243308e-02 4.401333537929249379e-05 4.799708503508571801e-05
3.700000000000000000e+01 -7.633786284909403405e-03 -1.657086237355109848e-02 4.366350055770188776e-05 4.672364168758429381e-05
3.800000000000000000e+01 -7.607136928882599763e-03 -1.693415629991191010e-02 4.329502235392839870e-05 4.554185123107842587e-05
3.900000000000000000e+01 -7.606860023923233197e-03 -1.704201051789316218e-02 4.293423318542938650e-05 4.443465957659057156e-05
4.000000000000000000e+01 -7.507365993517015404e-03 -1.693171247502997176e-02 4.259407391637533215e-05 4.339207206296703768e-05
4.100000000000000000e+01 -7.435780251811126111e-03 -1.671825896530269168e-02 4.226277237470962346e-05 4.239597087691474150e-05
4.200000000000000000e+01 -7.774172000009842154e-03 -1.652656415305396587e-02 4.189451528450890511e-05 4.141031408415524125e-05
4.300000000000000000e+01 -8.076115847089211305e-03 -1.641055890025365852e-02 4.140753499334753397e-05 4.037054361613524894e-05
4.400000000000000000e+01 -8.191549375281553455e-03 -1.637623361325413196e-02 4.070950927775578984e-05 3.920547877981211688e-05
4.500000000000000000e+01 -8.281487384843690472e-03 -1.634000505810785653e-02 3.974224950880597728e-05 3.785546317299347155e-05
4.600000000000000000e+01 -8.416676232882527170e-03 -1.618604862158012914e-02 3.853389870158420530e-05 3.632778981927215861e-05
4.700000000000000000e+01 -8.289037958962726035e-03 -1.577810421910239361e-02 3.722611619744703546e-05 3.472283265464603532e-05
