# freqs 	 pli 	 dpli 	 meanpower(thalamus)	 meanpower(scalp)	pli
8.000000000000000000e+00 -5.745248382060997444e-02 -1.332133841840430488e-01 2.551319122994009751e-05 2.624313305251227695e-04
9.000000000000000000e+00 5.538103355559325508e-02 1.530243413540323671e-01 2.908080629506547984e-05 2.847889699617098670e-04
1.000000000000000000e+01 2.001555549705309189e-01 5.567311567801495054e-01 3.869491108687215093e-05 3.369260920632310952e-04
1.100000000000000000e+01 2.305212662497313769e-01 6.380778376075734171e-01 4.344066613530408685e-05 3.858988518838922825e-04
1.200000000000000000e+01 1.247329883471500339e-01 4.094241124253691355e-01 3.867818221504677365e-05 4.233495591144787297e-04
1.300000000000000000e+01 -6.468363000190586673e-03 4.390561383699649600e-02 3.286734942367716960e-05 4.495738366109360050e-04
1.400000000000000000e+01 -6.575392389656027625e-02 -1.142158819532508723e-01 2.919445742395823735e-05 4.241848068120679231e-04
1.500000000000000000e+01 -6.610933355715718773e-02 -1.091741072158511627e-01 2.696907553622049627e-05 3.631263800637619488e-04
1.600000000000000000e+01 -4.873821205943452278e-02 -8.417466141776226707e-02 2.555984488835750534e-05 3.055348993012365526e-04
1.700000000000000000e+01 -3.904224360451583747e-02 -7.840728693247246694e-02 2.454022308078970658e-05 2.640339246414646294e-04
1.800000000000000000e+01 -3.765016448387510650e-02 -7.913291275468872787e-02 2.384060794243674742e-05 2.349460917914151636e-04
1.900000000000000000e+01 -3.463204270215026331e-02 -7.296248043063412181e-02 2.359434543569863209e-05 2.133751151170830711e-04
2.000000000000000000e+01 -2.730291823122145065e-02 -5.612441635345063323e-02 2.373291289857081319e-05 1.956658241741499114e-04
2.100000000000000000e+01 -2.060045916009014752e-02 -3.709195928009643983e-02 2.387831782653759044e-05 1.795100267105264713e-04
2.200000000000000000e+01 -1.744337050214852386e-02 -2.427864851246731501e-02 2.372788962369876196e-05 1.644666210446270684e-04
2.300000000000000000e+01 -1.440851759554432829e-02 -1.920359687357422671e-02 2.333961513101486210e-05 1.510510231638308534e-04
2.400000000000000000e+01 -1.402031460004882039e-02 -1.982904072828334946e-02 2.291771448371642735e-05 1.395997696234504081e-04
2.500000000000000000e+01 -1.421802547155445913e-02 -2.445695168629528210e-02 2.259604307976425521e-05 1.299823728764130991e-04
2.600000000000000000e+01 -1.549792879616741260e-02 -3.170121371001507343e-02 2.237859234616034027e-05 1.217868868996404961e-04
2.700000000000000000e+01 -1.910721614085920950e-02 -3.929284669068740243e-02 2.220110692849841755e-05 1.146657551887649983e-04
2.800000000000000000e+01 -2.302948409090242732e-02 -4.499867925522497980e-02 2.201211095880529695e-05 1.084327425727070406e-04
2.900000000000000000e+01 -2.464528721707092557e-02 -4.780283514008355078e-02 2.177918334634321705e-05 1.029663112030714401e-04
3.000000000000000000e+01 -2.398702690419113673e-02 -4.820467340057561084e-02 2.148322536114216302e-05 9.817475933237501207e-05
3.100000000000000000e+01 -2.377040238091763721e-02 -4.722204246262821231e-02 2.110692234415469706e-05 9.395753055702598798e-05
3.200000000000000000e+01 -2.323376928350974133e-02 -4.558803271616942293e-02 2.066831123064295840e-05 9.016912254029600877e-05
3.300000000000000000e+01 -2.190280895279740972e-02 -4.363674876423949411e-02 2.020885236912973928e-05 8.669373131045517774e-05
3.400000000000000000e+01 -2.134804980556974027e-02 -4.163865868052925995e-02 1.976976384924268050e-05 8.352188867233064468e-05
3.500000000000000000e+01 -2.135416054965059637e-02 -3.992631141707481818e-02 1.939100661629587771e-05 8.069155187505217138e-05
3.600000000000000000e+01 -2.159919727200582812e-02 -3.887791373956221014e-02 1.909091521416692559e-05 7.826439206909949816e-05
3.700000000000000000e+01 -2.241207402289530082e-02 -3.869278240469309349e-02 1.886831933898454271e-05 7.622456830360032634e-05
3.800000000000000000e+01 -2.234355512911021316e-02 -3.921642197848915906e-02 1.870317404257877041e-05 7.448825684053764380e-05
3.900000000000000000e+01 -2.204377733264339945e-02 -4.010484191699522499e-02 1.857571340564613972e-05 7.290723878571430381e-05
4.000000000000000000e+01 -2.182451668102493303e-02 -4.095375900160071192e-02 1.846176689170423194e-05 7.135980169352050767e-05
4.100000000000000000e+01 -2.173029000482968459e-02 -4.154075722037320340e-02 1.833839241015939957e-05 6.975740845323158119e-05
4.200000000000000000e+01 -2.173427181715744880e-02 -4.179836785813381694e-02 1.817695819052345021e-05 6.804541740666676967e-05
4.300000000000000000e+01 -2.171507580641755461e-02 -4.178492756695090238e-02 1.794509285754582905e-05 6.615315320516914743e-05
4.400000000000000000e+01 -2.199370426482634769e-02 -4.154565037117535775e-02 1.760611447086765064e-05 6.400873318113910659e-05
4.500000000000000000e+01 -2.157069874141614996e-02 -4.114581186141659519e-02 1.714505932819280611e-05 6.156222757412606577e-05
4.600000000000000000e+01 -2.148729687065484631e-02 -4.062636788773113516e-02 1.658373695701895263e-05 5.886475243935241996e-05
4.700000000000000000e+01 -2.117526345465432780e-02 -4.003235734163102660e-02 1.599171472618201635e-05 5.611034129183463365e-05
