# freqs 	 pli 	 dpli 	 meanpower(thalamus)	 meanpower(scalp)	pli
8.000000000000000000e+00 -6.726447338420744881e-02 -1.384929636275493980e-01 1.537383988642506533e-04 1.507228548831301041e-04
9.000000000000000000e+00 -6.887603939169761880e-02 -1.436472667446770657e-01 1.448376815075831507e-04 1.490392406126150719e-04
1.000000000000000000e+01 -4.563098826728936158e-02 -8.584909444076239959e-02 1.348322368456377602e-04 1.361178635633887102e-04
1.100000000000000000e+01 -1.149133669378999204e-02 7.449132310514082998e-03 1.212423727868463841e-04 1.151746930573731748e-04
1.200000000000000000e+01 1.127927320733834726e-02 6.174349918188872660e-02 1.027468105344562794e-04 9.538695965499332694e-05
1.300000000000000000e+01 1.305618036323931593e-02 5.452363515055964199e-02 8.928254698295766964e-05 8.193024986923276370e-05
1.400000000000000000e+01 2.069402373098092919e-03 1.936303030849358814e-02 8.709442653701445207e-05 7.537178603400526656e-05
1.500000000000000000e+01 -6.637520065698480562e-03 -5.918670909242226656e-03 8.764676873044486747e-05 7.245146343985020424e-05
1.600000000000000000e+01 -1.101127732703871022e-02 -1.978369534869114585e-02 8.312769978030807346e-05 6.892184066966825027e-05
1.700000000000000000e+01 -1.205524861878452987e-02 -2.559134728387820953e-02 7.424515242007874698e-05 6.387645353262784485e-05
1.800000000000000000e+01 -1.093017286851524078e-02 -2.494135106008508324e-02 6.489191318484993480e-05 5.866626687434586145e-05
1.900000000000000000e+01 -8.931422035960086964e-03 -2.123595545977974980e-02 5.755270494678799679e-05 5.444524641140036959e-05
2.000000000000000000e+01 -9.110841659121442920e-03 -1.873598017565630824e-02 5.266027938508937098e-05 5.134876550388675740e-05
2.100000000000000000e+01 -9.526985403663885271e-03 -1.902635867789196494e-02 4.961183037337746316e-05 4.909542684745906110e-05
2.200000000000000000e+01 -9.873565890073994489e-03 -2.068226360145801121e-02 4.765414469193305128e-05 4.735977126360059101e-05
2.300000000000000000e+01 -9.831329233792970856e-03 -2.135251521201176825e-02 4.630756664344686121e-05 4.591104693490274984e-05
2.400000000000000000e+01 -8.724877939226917400e-03 -2.005433732704883093e-02 4.531251864101806765e-05 4.462756785666439202e-05
2.500000000000000000e+01 -7.809261497372208156e-03 -1.704962645760296075e-02 4.456759977162622597e-05 4.346080132582622421e-05
2.600000000000000000e+01 -5.212183399605797678e-03 -1.276205247544612460e-02 4.406977503742681593e-05 4.239476450019972592e-05
2.700000000000000000e+01 -2.156994874310357805e-03 -7.576956649719574291e-03 4.381841869397442202e-05 4.144452037073329779e-05
2.800000000000000000e+01 4.237272165859862238e-04 -2.128379010711116143e-03 4.375761265900213155e-05 4.063502698632689628e-05
2.900000000000000000e+01 1.807056538284806512e-03 2.853586642926802044e-03 4.375743402013095962e-05 3.995415514622553519e-05
3.000000000000000000e+01 2.584391096084920521e-03 6.737631707567301627e-03 4.369182124293341128e-05 3.936904631522795424e-05
3.100000000000000000e+01 3.528993137425899453e-03 9.185262018648193694e-03 4.348111837257404402e-05 3.883660647304424161e-05
3.200000000000000000e+01 5.171913088390567639e-03 1.028859223324625656e-02 4.311168764993505542e-05 3.832844713874001814e-05
3.300000000000000000e+01 5.230963341271105925e-03 1.056777285936796873e-02 4.261895509576263456e-05 3.782391266962137637e-05
3.400000000000000000e+01 6.143496997550190047e-03 1.066247732623980607e-02 4.204497828890535520e-05 3.732681444038193783e-05
3.500000000000000000e+01 6.422241415942158728e-03 1.101157165319996585e-02 4.143894351239817332e-05 3.684769599140140127e-05
3.600000000000000000e+01 7.000481696864664302e-03 1.187176221351633060e-02 4.084250273985141016e-05 3.639914651580121571e-05
3.700000000000000000e+01 6.908367823595711922e-03 1.335209306138007875e-02 4.028062720272696391e-05 3.598921526615564675e-05
3.800000000000000000e+01 7.971742371670042376e-03 1.539540798950416421e-02 3.976409359524669317e-05 3.562150245607529172e-05
3.900000000000000000e+01 9.056789686299733175e-03 1.774701698775075706e-02 3.929565935858963475e-05 3.528557495158659663e-05
4.000000000000000000e+01 1.027683830157051677e-02 1.997505381692167223e-02 3.886809098787095252e-05 3.497038191256712862e-05
4.100000000000000000e+01 1.070619391739022035e-02 2.164983498747401897e-02 3.846391922629007105e-05 3.465620859978959042e-05
4.200000000000000000e+01 1.055344123220651291e-02 2.253153917593751429e-02 3.803565505813074222e-05 3.430149171552250906e-05
4.300000000000000000e+01 1.048106801347218134e-02 2.263123041366990260e-02 3.750838164041652865e-05 3.384187699929709387e-05
4.400000000000000000e+01 1.045988632652149718e-02 2.214406528870150118e-02 3.679538581386091009e-05 3.320592863963581535e-05
4.500000000000000000e+01 1.004350323957289501e-02 2.130072237692262963e-02 3.584022028974821018e-05 3.234785605502208327e-05
4.600000000000000000e+01 9.683909677103473210e-03 2.026051307299031601e-02 3.466581597362100857e-05 3.128702904881912317e-05
4.700000000000000000e+01 8.897955768875621951e-03 1.909052178723026627e-02 3.339337088038084013e-05 3.013098538238910971e-05
