# freqs 	 pli 	 dpli 	 meanpower(thalamus)	 meanpower(scalp)	pli
8.000000000000000000e+00 4.337300786766189187e-02 3.678133355529744630e-02 3.294719756621564244e+01 4.079693633515575470e+02
9.000000000000000000e+00 -2.126606299375012957e-02 -1.609674358589286564e-02 3.251337699278023052e+01 3.520882504354045182e+02
1.000000000000000000e+01 2.649146770811289242e-02 2.086568618012195255e-03 3.167398788568470280e+01 3.016146893393311075e+02
1.100000000000000000e+01 3.356525178433381745e-02 4.072962963169979994e-02 3.052763776269570073e+01 2.682652588693777602e+02
1.200000000000000000e+01 3.456213398327748210e-02 5.250939828519329139e-02 2.981063176389332270e+01 2.492899018233118511e+02
1.300000000000000000e+01 4.067595517147392509e-02 3.494002415620758861e-02 2.928517354561202879e+01 2.361706913291669423e+02
1.400000000000000000e+01 -9.277172671185924743e-03 1.436739250580549437e-02 2.874680273927882723e+01 2.300051489750259464e+02
1.500000000000000000e+01 8.203073593706590796e-03 4.734732983083714958e-02 2.826230403502232846e+01 2.264142173739016357e+02
1.600000000000000000e+01 7.297020966680205917e-03 6.384958403659983517e-02 2.790671952446386328e+01 2.162205735795946850e+02
1.700000000000000000e+01 2.251614555946554290e-03 4.347897120064039833e-02 2.771888036523118615e+01 2.000173229987074706e+02
1.800000000000000000e+01 -1.357489688299483082e-03 2.882842842981463323e-03 2.766257300427118082e+01 1.848888010740006678e+02
1.900000000000000000e+01 -2.126907143578862444e-02 -3.413455599902263937e-02 2.766230700700014467e+01 1.725505917547057493e+02
2.000000000000000000e+01 -3.216205246780719923e-02 -5.045294299758730505e-02 2.769885102882743055e+01 1.619820856298881608e+02
2.100000000000000000e+01 -2.631515935157914890e-02 -4.724753120860399058e-02 2.778521302272330118e+01 1.539420608884294666e+02
2.200000000000000000e+01 -1.888385840624926676e-02 -3.534564771550777196e-02 2.789010599459463435e+01 1.497380612375879423e+02
2.300000000000000000e+01 -1.549417102165049145e-02 -1.991488745072611186e-02 2.798199040724342979e+01 1.484113461566010699e+02
2.400000000000000000e+01 -8.062249108879718240e-03 -3.289482044610122710e-03 2.804032115228659094e+01 1.484729792008595268e+02
2.500000000000000000e+01 1.307160776374279368e-02 9.902809398022216145e-03 2.807372581416171542e+01 1.500598498026448340e+02
2.600000000000000000e+01 2.481542914755911072e-02 1.772006658516240077e-02 2.810258387005874781e+01 1.531140303256783852e+02
2.700000000000000000e+01 3.067250500959509824e-02 2.102754238267678238e-02 2.814077424770406921e+01 1.570994524485583952e+02
2.800000000000000000e+01 2.955243207117645710e-02 1.727365081485664894e-02 2.818379384962266698e+01 1.608592338542270852e+02
2.900000000000000000e+01 1.107511954342125550e-02 8.196239378897931388e-03 2.822167315160880108e+01 1.642736421418662758e+02
3.000000000000000000e+01 1.704099021418585807e-03 6.406990695779228497e-04 2.824723243447953891e+01 1.670905658794693522e+02
3.100000000000000000e+01 -1.506916747872735817e-04 -1.792351899412953048e-04 2.826267621911926753e+01 1.698475115758279514e+02
3.200000000000000000e+01 -2.373511610427627685e-04 6.975933019457749781e-03 2.827097942059720737e+01 1.723545646891255956e+02
3.300000000000000000e+01 -2.756820924368923523e-03 1.974197967147705429e-02 2.827793017540056653e+01 1.743818879277604594e+02
3.400000000000000000e+01 4.990588348858535604e-03 3.105755214045845605e-02 2.828419638813796411e+01 1.759246009561943822e+02
3.500000000000000000e+01 1.366321655288631892e-02 3.647365393071421574e-02 2.828475506362313041e+01 1.766792206719555622e+02
3.600000000000000000e+01 1.867978461743003554e-02 3.306656222819499141e-02 2.827955699316114035e+01 1.770164864791992159e+02
3.700000000000000000e+01 2.012676945101104717e-02 2.196023586890823165e-02 2.827191157247812825e+01 1.771800682452303022e+02
3.800000000000000000e+01 1.042843647544779324e-02 6.204991318816817543e-03 2.826213506162648770e+01 1.777116278386119745e+02
3.900000000000000000e+01 6.427620403103622630e-05 -8.892448296517705200e-03 2.824588226531955470e+01 1.785879671106550290e+02
4.000000000000000000e+01 -1.189598521876052313e-02 -2.084292526672322510e-02 2.821522277597440720e+01 1.798789772488984227e+02
4.100000000000000000e+01 -1.957600360847992771e-02 -2.815528243862052554e-02 2.815619583830324046e+01 1.812952153717783972e+02
4.200000000000000000e+01 -2.505230406094093726e-02 -3.099764114134890766e-02 2.803616510494235214e+01 1.824061315761877324e+02
4.300000000000000000e+01 -2.576757327038964318e-02 -3.085390128621107522e-02 2.780273088407418669e+01 1.825586309627613275e+02
4.400000000000000000e+01 -2.781346636068014050e-02 -2.862292142658042285e-02 2.739919348148129430e+01 1.816892213257304434e+02
4.500000000000000000e+01 -2.794777462661667683e-02 -2.577374737812159269e-02 2.679558962291175561e+01 1.792597437507148754e+02
4.600000000000000000e+01 -2.525643591059761189e-02 -2.298190197613054347e-02 2.602157693341605338e+01 1.753545502261896445e+02
4.700000000000000000e+01 -1.795550345231835404e-02 -2.045474521621621494e-02 2.518183187633369968e+01 1.706558539859786379e+02
