# freqs 	 pli 	 dpli 	 meanpower(thalamus)	 meanpower(scalp)	pli
8.000000000000000000e+00 -7.540521577162041800e-02 -1.736562628332713187e-01 1.802029426900307119e-04 1.929676978609417746e-04
9.000000000000000000e+00 -6.712120982005080616e-02 -1.589334318223738496e-01 1.705047582062118509e-04 1.715071300511965063e-04
1.000000000000000000e+01 -5.490320677636024299e-02 -1.274712602767451020e-01 1.609910441445208066e-04 1.444715266433950105e-04
1.100000000000000000e+01 -5.802197937594780197e-02 -1.359762244314287327e-01 1.546707463986417405e-04 1.252125776642614026e-04
1.200000000000000000e+01 -6.938755698512226455e-02 -1.652161233392039630e-01 1.512615378504563119e-04 1.132596865204296916e-04
1.300000000000000000e+01 -6.805812135135173857e-02 -1.677647542225078336e-01 1.461865567860631365e-04 1.043593765703681580e-04
1.400000000000000000e+01 -5.905540093707421778e-02 -1.451779192994769596e-01 1.395090821350239701e-04 9.644918890239743839e-05
1.500000000000000000e+01 -4.679420263591916457e-02 -1.165894596316043585e-01 1.322745283434489212e-04 8.843084825115522156e-05
1.600000000000000000e+01 -3.571821388218058418e-02 -9.143957115514915468e-02 1.247810234237435188e-04 8.059120010584696009e-05
1.700000000000000000e+01 -2.769864950684135588e-02 -7.283661918788626732e-02 1.172126761497734341e-04 7.376529247807537832e-05
1.800000000000000000e+01 -2.076702805367446406e-02 -5.761698744170091341e-02 1.097177581511235529e-04 6.850772326836074354e-05
1.900000000000000000e+01 -1.257395702091094851e-02 -4.227912907861695185e-02 1.023480328520017484e-04 6.483359451325681479e-05
2.000000000000000000e+01 -3.782297283592785542e-03 -2.680484199378572671e-02 9.525923686082311403e-05 6.236373755702230527e-05
2.100000000000000000e+01 2.827873335338674642e-03 -1.289007353346765389e-02 8.868545497276071480e-05 6.067338440438972810e-05
2.200000000000000000e+01 7.667930245097483860e-03 -2.435343759307677033e-03 8.280366638176464252e-05 5.945247989982286246e-05
2.300000000000000000e+01 9.509725879276877125e-03 3.260506558468405456e-03 7.769482097695691353e-05 5.856276318530177245e-05
2.400000000000000000e+01 9.757512416413101353e-03 4.614100713032739942e-03 7.335024598138533325e-05 5.794022785482169831e-05
2.500000000000000000e+01 9.102824417471346366e-03 3.465120791333972661e-03 6.967818694891971627e-05 5.752902948200501031e-05
2.600000000000000000e+01 8.333644873756918675e-03 1.613953639766106630e-03 6.654941847212452258e-05 5.729560750576887505e-05
2.700000000000000000e+01 7.420143537648848757e-03 1.841649228272476495e-04 6.385235924160281244e-05 5.721081366337077981e-05
2.800000000000000000e+01 6.619656640642922196e-03 -4.883763688813100474e-04 6.149305522892648272e-05 5.722742462111040117e-05
2.900000000000000000e+01 5.453432635139678943e-03 -5.938298390023787846e-04 5.940623976392687261e-05 5.732065274378566553e-05
3.000000000000000000e+01 3.748708732201669423e-03 -5.672055377242236429e-04 5.754377299252666457e-05 5.746870766295245390e-05
3.100000000000000000e+01 2.732464190206745306e-03 -6.785281562895457237e-04 5.587909675001914749e-05 5.767219530990323241e-05
3.200000000000000000e+01 2.252267782928140359e-03 -9.232354633291517442e-04 5.438488714825028762e-05 5.791982182371998976e-05
3.300000000000000000e+01 1.950687492608570899e-03 -1.141816133931104846e-03 5.303242365371932745e-05 5.820576129399891973e-05
3.400000000000000000e+01 1.232944382315983916e-03 -1.218746215991465751e-03 5.179760645404400519e-05 5.853763235769277176e-05
3.500000000000000000e+01 6.799015260526364637e-04 -1.190229045592133914e-03 5.065503170700268707e-05 5.889404834657994270e-05
3.600000000000000000e+01 1.828459566833413809e-04 -1.161560987425578001e-03 4.959047259674132061e-05 5.926287161509552476e-05
3.700000000000000000e+01 1.026213926732838955e-04 -1.206756018271343007e-03 4.859892196775564445e-05 5.962547496094429867e-05
3.800000000000000000e+01 1.534696142003934163e-04 -1.299200318054998058e-03 4.767741587563850312e-05 5.997509625318334211e-05
3.900000000000000000e+01 6.532535691373930449e-04 -1.351329555743299975e-03 4.682130324003305717e-05 6.028829685869705086e-05
4.000000000000000000e+01 6.142827327839685530e-04 -1.261975182253247682e-03 4.602068894638786404e-05 6.055587267725044199e-05
4.100000000000000000e+01 3.257457609255933742e-04 -9.730556703851181996e-04 4.525297719816272679e-05 6.074892122642120502e-05
4.200000000000000000e+01 -4.431628697312890329e-04 -4.857594373004418386e-04 4.447133785488019604e-05 6.079788986308101576e-05
4.300000000000000000e+01 -5.772942491086626316e-04 1.368352712356571714e-04 4.359887417309920839e-05 6.058237348086356947e-05
4.400000000000000000e+01 -5.248722101668489969e-04 8.086239045003828629e-04 4.254584324883431846e-05 5.998505483751690159e-05
4.500000000000000000e+01 -2.727637745846852148e-04 1.430179142610056098e-03 4.125448480078019043e-05 5.892762043717918565e-05
4.600000000000000000e+01 -1.317536842931943712e-04 1.933479383783322280e-03 3.974928155664916553e-05 5.746906768559792525e-05
4.700000000000000000e+01 2.964922581327286591e-04 2.287902634435310355e-03 3.816294530651443356e-05 5.583856957533258708e-05
