# freqs 	 pli 	 dpli 	 meanpower(thalamus)	 meanpower(scalp)	pli
8.000000000000000000e+00 -5.566567323094766262e-02 -1.190729999824475527e-01 1.034290899446710301e-04 2.079101693283842201e-04
9.000000000000000000e+00 -2.878575606579256846e-02 -7.413477318494696156e-02 9.866140037782011375e-05 1.417557208136377824e-04
1.000000000000000000e+01 -8.527140002014493500e-03 -3.456225265083073123e-02 9.589972897848755731e-05 1.173386380344964728e-04
1.100000000000000000e+01 1.836301583678951561e-03 -9.379691241179972157e-04 9.525678025975541747e-05 1.105453368920939129e-04
1.200000000000000000e+01 3.023712614705435005e-03 1.423434926632284256e-02 1.017819966356663358e-04 1.136362424212950683e-04
1.300000000000000000e+01 8.468368078663220458e-03 2.374128509590361924e-02 1.132345894725802251e-04 1.235512278863460886e-04
1.400000000000000000e+01 5.774264776472847263e-03 2.592658354233843068e-02 1.165540678353606561e-04 1.279026411900595123e-04
1.500000000000000000e+01 8.657422160481931250e-03 3.861276771870976454e-02 1.124578668380141129e-04 1.226399845437293557e-04
1.600000000000000000e+01 1.958642936188473641e-02 6.184572003119848810e-02 1.092024294859048506e-04 1.153928608574292686e-04
1.700000000000000000e+01 3.238548886780240332e-02 7.745222025691372858e-02 1.091127428748341250e-04 1.102061092128324708e-04
1.800000000000000000e+01 3.164263698854992424e-02 6.925973137269930691e-02 1.099355719507444802e-04 1.070779600064451390e-04
1.900000000000000000e+01 1.550846218688664395e-02 3.838030718542193021e-02 1.095612859931855039e-04 1.060861554515081794e-04
2.000000000000000000e+01 -1.740659133721646798e-04 4.050200872414914943e-03 1.078608990033175230e-04 1.074456704100040940e-04
2.100000000000000000e+01 -1.088726189125318808e-02 -1.245031608774650050e-02 1.058998649169700187e-04 1.105680346494183333e-04
2.200000000000000000e+01 -6.683047528673678739e-03 -6.483661035461800969e-03 1.050301587602565305e-04 1.138875820263181890e-04
2.300000000000000000e+01 -1.024597066333014306e-03 8.428919098014192243e-03 1.074199987257980628e-04 1.157920184261154430e-04
2.400000000000000000e+01 2.816141647958495756e-03 1.213731720920149457e-02 1.153326120990922640e-04 1.154888051830812637e-04
2.500000000000000000e+01 -4.127930587540093975e-03 -1.964982161322680358e-04 1.272567459920009901e-04 1.128335506914041888e-04
2.600000000000000000e+01 -1.281629133458615788e-02 -1.739228006110729238e-02 1.370232021699916911e-04 1.079626307973841287e-04
2.700000000000000000e+01 -1.837941273825947561e-02 -2.918845069657123592e-02 1.388711903788680715e-04 1.012103251502704523e-04
2.800000000000000000e+01 -1.950781957360266800e-02 -3.171912434988880675e-02 1.319011834406217114e-04 9.320074307099025269e-05
2.900000000000000000e+01 -1.466460645266714352e-02 -2.527066537921579190e-02 1.195691628304677303e-04 8.481549162887692494e-05
3.000000000000000000e+01 -7.571030908043770678e-03 -1.279966664263212928e-02 1.064918117417607306e-04 7.686056905310434016e-05
3.100000000000000000e+01 -6.640352524949180886e-04 8.725326397572360929e-04 9.570179916890223524e-05 6.988134326284388030e-05
3.200000000000000000e+01 4.340263279082030509e-03 1.094519508426550734e-02 8.796386248515271247e-05 6.409784232389739256e-05
3.300000000000000000e+01 5.662269959114432129e-03 1.535061708327570620e-02 8.264823774204023237e-05 5.950638730541488099e-05
3.400000000000000000e+01 6.148574211384334916e-03 1.496101214779956522e-02 7.885591925188370911e-05 5.598661694732081544e-05
3.500000000000000000e+01 5.160877900733006757e-03 1.227236110296418131e-02 7.597945927273533340e-05 5.328794079439808063e-05
3.600000000000000000e+01 4.606532275922993643e-03 9.547304722043407216e-03 7.372264369837435750e-05 5.119393181156649465e-05
3.700000000000000000e+01 4.159616719341744685e-03 8.134880160041456365e-03 7.195282091881245181e-05 4.953240523819830315e-05
3.800000000000000000e+01 4.649907355458012849e-03 8.231070374619087540e-03 7.055335517475897508e-05 4.819848660350074728e-05
3.900000000000000000e+01 5.656911328768107067e-03 9.528687316761298709e-03 6.937651734393394921e-05 4.706207049730825183e-05
4.000000000000000000e+01 6.926710573235086987e-03 1.141551860414230860e-02 6.828406828009414261e-05 4.606552560108340193e-05
4.100000000000000000e+01 6.739530150761136734e-03 1.343858074329595462e-02 6.716466907868883841e-05 4.514566244821914580e-05
4.200000000000000000e+01 7.781351574334480735e-03 1.534960280195827274e-02 6.592473829398634523e-05 4.423247843429909488e-05
4.300000000000000000e+01 7.497946189280835054e-03 1.706939225289071105e-02 6.447200664837804429e-05 4.321957307622684104e-05
4.400000000000000000e+01 7.696687606614263828e-03 1.843150384772608563e-02 6.272990642296174190e-05 4.204462193591764185e-05
4.500000000000000000e+01 9.037821585021237752e-03 1.937113618849567107e-02 6.066308422891482973e-05 4.063541455901627209e-05
4.600000000000000000e+01 9.125040200981603816e-03 1.978489813729989930e-02 5.833662683817891618e-05 3.901572150665259201e-05
4.700000000000000000e+01 9.066280161317902958e-03 1.952093825741135769e-02 5.595393281542832578e-05 3.731006062541591543e-05
