# freqs 	 pli 	 dpli 	 meanpower(thalamus)	 meanpower(scalp)	pli
8.000000000000000000e+00 -8.701652879583891831e-02 -1.798927851669732680e-01 1.402947764954944315e-04 7.996670365655978796e-04
9.000000000000000000e+00 -2.010503613279107302e-02 -2.623020043633097001e-02 1.188165826433672641e-04 6.869102509300552663e-04
1.000000000000000000e+01 5.821671487931101389e-03 3.183163807885456414e-02 1.015265992123167045e-04 4.959009086811030920e-04
1.100000000000000000e+01 1.352707708998875102e-02 3.501344631920553369e-02 9.332252806162177189e-05 3.615687577576451968e-04
1.200000000000000000e+01 8.842677095464207895e-03 3.057816528534744796e-02 9.029403915067731523e-05 3.158737039466491168e-04
1.300000000000000000e+01 5.738733075455214327e-03 3.247212473570238594e-02 8.837602417192675763e-05 3.142116842757036494e-04
1.400000000000000000e+01 9.812104443378308338e-03 4.015675101711320416e-02 8.649555362709516787e-05 3.264901216181101949e-04
1.500000000000000000e+01 1.484829976189154174e-02 3.945155541014597200e-02 8.455946139673645200e-05 3.397533884995444764e-04
1.600000000000000000e+01 1.474009476180931921e-02 3.299535284318812906e-02 8.216832998981875823e-05 3.484111073823956952e-04
1.700000000000000000e+01 1.253549045928497446e-02 2.646751847008383188e-02 7.910068229311829641e-05 3.477520411290243403e-04
1.800000000000000000e+01 1.202336491191579107e-02 1.795583056480635348e-02 7.572081696725995565e-05 3.348637247288721521e-04
1.900000000000000000e+01 1.103221602062681890e-02 9.908898087985848827e-03 7.254849109787545709e-05 3.121981044433879337e-04
2.000000000000000000e+01 1.039733349463101489e-02 4.645984735291499267e-03 6.989591292592891181e-05 2.870983933126899880e-04
2.100000000000000000e+01 8.458268210797290770e-03 1.990412741370411673e-03 6.777752412068569323e-05 2.662339011771947136e-04
2.200000000000000000e+01 6.545784346604633687e-03 7.165139307795760290e-04 6.607194970776324877e-05 2.526624156500888521e-04
2.300000000000000000e+01 4.869970718754761813e-03 -1.845492904956875884e-04 6.465319954641456784e-05 2.463631249946161513e-04
2.400000000000000000e+01 2.104924440119137954e-03 -1.252919382151233959e-03 6.345395657375001045e-05 2.454172319906481529e-04
2.500000000000000000e+01 1.475977238506814837e-03 -2.603618670772393177e-03 6.244556580555690988e-05 2.479638065054809134e-04
2.600000000000000000e+01 2.733348134904485180e-03 -3.651223140136637419e-03 6.163509518017040137e-05 2.529432573517657054e-04
2.700000000000000000e+01 2.500267330293868997e-04 -3.918013032416194433e-03 6.105678289436039009e-05 2.602139205680258039e-04
2.800000000000000000e+01 -1.335255397659385057e-03 -3.811287809860661180e-03 6.068137321321765857e-05 2.694139362843810028e-04
2.900000000000000000e+01 -1.075883036807584106e-04 -3.695507381715061688e-03 6.043279521901344142e-05 2.801602145990440482e-04
3.000000000000000000e+01 3.463431038681422536e-03 -3.242820801931917997e-03 6.018196462926734506e-05 2.920107283877101641e-04
3.100000000000000000e+01 3.713375246015929946e-03 -1.829418118122105386e-03 5.978829876322902466e-05 3.044049132625089465e-04
3.200000000000000000e+01 3.718870614229103765e-03 6.815945067765803288e-04 5.917673942294151320e-05 3.163722969404660166e-04
3.300000000000000000e+01 5.657817850305826499e-03 3.712970271288568765e-03 5.836385919888020525e-05 3.269418599758617074e-04
3.400000000000000000e+01 6.003825249482373089e-03 6.391416477775571300e-03 5.742879477728738536e-05 3.356844274523255360e-04
3.500000000000000000e+01 7.605563941543709398e-03 8.390315457947274472e-03 5.644726959474504380e-05 3.423387244865129108e-04
3.600000000000000000e+01 8.287276979136367142e-03 9.847937763318286367e-03 5.547211487628661108e-05 3.471072768644349518e-04
3.700000000000000000e+01 9.622560623429849899e-03 1.104050089987420463e-02 5.454240494699704388e-05 3.504631148579443584e-04
3.800000000000000000e+01 8.581060140522569005e-03 1.207571963014539458e-02 5.367784150924840696e-05 3.529734791738787137e-04
3.900000000000000000e+01 8.769978650149525684e-03 1.283404033583026606e-02 5.287919783262736166e-05 3.548160112339849735e-04
4.000000000000000000e+01 8.050730003227582129e-03 1.321119995216686605e-02 5.214032511937142616e-05 3.563795502731625237e-04
4.100000000000000000e+01 7.266210566151638968e-03 1.325214962483783551e-02 5.143829596492448849e-05 3.577022487434754140e-04
4.200000000000000000e+01 7.228211229780472438e-03 1.313238230661620785e-02 5.071942313755963179e-05 3.583613343026120345e-04
4.300000000000000000e+01 8.795182000360501906e-03 1.303071503272259547e-02 4.988643760761575605e-05 3.575694124827232890e-04
4.400000000000000000e+01 8.118220163045081553e-03 1.296566837654998181e-02 4.883594513394958787e-05 3.548019145672313209e-04
4.500000000000000000e+01 6.532576215592008663e-03 1.300983985787079744e-02 4.749655287409272657e-05 3.495142025222649509e-04
4.600000000000000000e+01 5.312146590659264783e-03 1.321569228050669884e-02 4.589298818788252243e-05 3.421250441670452736e-04
4.700000000000000000e+01 4.051403380675645816e-03 1.364669587964752878e-02 4.417500328650847218e-05 3.341455078447911156e-04
