# freqs 	 pli 	 dpli 	 meanpower(thalamus)	 meanpower(scalp)	pli
8.000000000000000000e+00 3.809600791871799175e-02 9.358301401531274322e-02 1.276642691387662757e-04 1.723211913371151978e-04
9.000000000000000000e+00 2.000686832464683082e-02 6.024948242550882960e-02 1.215491729121900979e-04 1.479260388107701829e-04
1.000000000000000000e+01 7.123785714066105390e-03 3.091738957451032818e-02 1.234660967773729536e-04 1.358114063899178701e-04
1.100000000000000000e+01 -3.090820463745339378e-02 -1.521720357075237728e-01 1.446688829412333692e-04 1.371421268946534586e-04
1.200000000000000000e+01 -8.764468156894555939e-02 -3.184588779807858150e-01 1.658139478668855735e-04 1.643563282479053615e-04
1.300000000000000000e+01 -1.320985228413966706e-01 -4.221601967742541484e-01 1.569725576575490861e-04 1.958683267144809383e-04
1.400000000000000000e+01 -1.454850049069704165e-01 -4.765438133876041538e-01 1.272165939674282031e-04 1.851356159383201860e-04
1.500000000000000000e+01 -1.276501349869769986e-01 -4.313073673003264830e-01 9.970964756363768513e-05 1.446911712354099263e-04
1.600000000000000000e+01 -8.691853511260483334e-02 -2.956795087236743780e-01 8.395223366094260319e-05 1.085725489218156657e-04
1.700000000000000000e+01 -4.792064863789607249e-02 -1.719267488923129361e-01 7.670623367487711705e-05 8.861141081397372300e-05
1.800000000000000000e+01 -2.662437079808946741e-02 -1.003113251383224436e-01 7.300430609139570007e-05 7.956711593569167605e-05
1.900000000000000000e+01 -1.817922625134467049e-02 -5.923415048082566331e-02 7.063791421132795936e-05 7.488526727953593199e-05
2.000000000000000000e+01 -1.500579430051871693e-02 -3.670241712600939149e-02 6.911487321175911508e-05 7.179149484049375356e-05
2.100000000000000000e+01 -1.311645760081220878e-02 -2.905676364057086999e-02 6.845118869058365119e-05 6.943175102042230403e-05
2.200000000000000000e+01 -1.448626173258092502e-02 -3.290457062209467543e-02 6.844615079500358790e-05 6.756252256330050744e-05
2.300000000000000000e+01 -1.685464271055400753e-02 -4.298576058350811469e-02 6.851768899269576336e-05 6.608259220544557939e-05
2.400000000000000000e+01 -1.984695073156990397e-02 -5.346456794930213446e-02 6.803140464978615833e-05 6.493159385694913591e-05
2.500000000000000000e+01 -2.249701668855427772e-02 -6.014377281901786554e-02 6.669992824142943310e-05 6.401771698521874839e-05
2.600000000000000000e+01 -2.521296972526154354e-02 -6.133713405851009409e-02 6.469004619860499233e-05 6.317694265416848819e-05
2.700000000000000000e+01 -2.577545210441874179e-02 -5.799810600860901000e-02 6.241478909933840526e-05 6.226572148266002057e-05
2.800000000000000000e+01 -2.458950827914654566e-02 -5.271582803606558038e-02 6.027343673337874717e-05 6.126089955125133804e-05
2.900000000000000000e+01 -2.302879500032435980e-02 -4.791045460622637975e-02 5.849130284613870306e-05 6.026445162822173616e-05
3.000000000000000000e+01 -2.124198594681206073e-02 -4.475235945520555231e-02 5.711453883123251735e-05 5.938818776824652271e-05
3.100000000000000000e+01 -2.098149976480238876e-02 -4.327800464132589703e-02 5.608293483254055676e-05 5.868561399534114698e-05
3.200000000000000000e+01 -2.157460819688545098e-02 -4.297690657716470020e-02 5.530322257651470964e-05 5.813079583739912874e-05
3.300000000000000000e+01 -2.155530729548786259e-02 -4.328531440581414452e-02 5.468895354819494192e-05 5.767373019948153625e-05
3.400000000000000000e+01 -2.149399310841114755e-02 -4.371226729437673042e-02 5.417547337082206888e-05 5.727335960895661146e-05
3.500000000000000000e+01 -2.180346908831739747e-02 -4.403246895747141981e-02 5.371851715856341974e-05 5.690411860439858289e-05
3.600000000000000000e+01 -2.155649714129377614e-02 -4.422700240968577279e-02 5.328897426315660238e-05 5.655413053533135827e-05
3.700000000000000000e+01 -2.165544918247208281e-02 -4.447586743602466308e-02 5.287200128085598020e-05 5.621228809453570501e-05
3.800000000000000000e+01 -2.207357074875778910e-02 -4.496491743492525561e-02 5.245815622566568257e-05 5.587493292656807063e-05
3.900000000000000000e+01 -2.241780006868296371e-02 -4.581882611501567060e-02 5.204327620496456292e-05 5.553718526071745921e-05
4.000000000000000000e+01 -2.271145248142931311e-02 -4.701590260598677296e-02 5.162631283826683745e-05 5.518955972929120573e-05
4.100000000000000000e+01 -2.368010281429168418e-02 -4.848503701348517991e-02 5.118661157255406766e-05 5.480748041418412748e-05
4.200000000000000000e+01 -2.452993258398367821e-02 -5.009452802005730926e-02 5.067543383321643344e-05 5.433638472990306962e-05
4.300000000000000000e+01 -2.511372312008904387e-02 -5.171805907167950633e-02 5.000424418854979675e-05 5.368246751031213233e-05
4.400000000000000000e+01 -2.581278428150758295e-02 -5.324755312748054303e-02 4.907173247324804867e-05 5.273986618901378942e-05
4.500000000000000000e+01 -2.641259311120548042e-02 -5.467491793539115685e-02 4.781535556151380055e-05 5.143965307722620921e-05
4.600000000000000000e+01 -2.655151419397209014e-02 -5.605877888555601402e-02 4.627259918415176478e-05 4.982491601574085547e-05
4.700000000000000000e+01 -2.682544980138178506e-02 -5.755187551512613159e-02 4.461215520252566217e-05 4.807506212794337725e-05
