# freqs 	 pli 	 dpli 	 meanpower(thalamus)	 meanpower(scalp)	pli
8.000000000000000000e+00 -6.514866030083352189e-02 -1.353183493671800131e-01 1.240950894107298883e-04 6.339153580490953415e-04
9.000000000000000000e+00 -9.944451538756225381e-03 -4.960820592422091752e-02 1.101241783948390398e-04 4.282776119819342781e-04
1.000000000000000000e+01 -6.239527647011888431e-03 -2.013241554204726544e-02 1.019406884935247277e-04 3.230235365019942253e-04
1.100000000000000000e+01 -5.791320995532865321e-03 -1.066693894419485159e-02 9.535722051054428808e-05 2.740018069115999371e-04
1.200000000000000000e+01 9.650354112167421061e-03 1.660174311792153926e-02 9.102463255074244532e-05 2.520455367419008200e-04
1.300000000000000000e+01 2.392268189212465486e-03 6.515416880250781556e-03 8.814070522092594710e-05 2.456283193667921404e-04
1.400000000000000000e+01 9.073368308590200326e-03 -2.718661866257336083e-03 8.597974924247246480e-05 2.384080900907822040e-04
1.500000000000000000e+01 4.990592812270799525e-03 1.140049330543576808e-02 8.382059397393365745e-05 2.215614896296817717e-04
1.600000000000000000e+01 5.898764447987246175e-03 1.710844791570092366e-02 8.171474617411553492e-05 1.984480594504315514e-04
1.700000000000000000e+01 2.010967464252124207e-02 1.858022415679277603e-02 8.058016997151169617e-05 1.759141453000039317e-04
1.800000000000000000e+01 2.229182606477939435e-02 2.299332546112757211e-02 7.959186405206994191e-05 1.571448250819518829e-04
1.900000000000000000e+01 1.448016448574297559e-02 2.049790494898977647e-02 7.830999261604373418e-05 1.428049118456775342e-04
2.000000000000000000e+01 3.737349589608733851e-03 1.357468067648674899e-02 7.723865477034403142e-05 1.317958805058716727e-04
2.100000000000000000e+01 -3.625555785749573837e-03 1.000872270864061955e-02 7.682186678192327032e-05 1.224642874805597823e-04
2.200000000000000000e+01 -1.130641254462009214e-02 9.371760853554247928e-03 7.717032447962180939e-05 1.138341287256735884e-04
2.300000000000000000e+01 -1.085172496215441006e-02 8.887024892339003349e-03 7.803364866840630497e-05 1.056849563170317893e-04
2.400000000000000000e+01 -1.109021957360017789e-02 7.210235623309813220e-03 7.965375612320703326e-05 9.806547959093066616e-05
2.500000000000000000e+01 -1.188636254999123586e-02 2.641935136179044807e-03 8.285821609824098463e-05 9.113771320221205566e-05
2.600000000000000000e+01 2.549272660644009872e-04 -7.641592878110644096e-03 8.907782922876990642e-05 8.502194652926480922e-05
2.700000000000000000e+01 -2.286269636427365297e-03 -2.606954989131724659e-02 9.859969965287390821e-05 7.972755788561787418e-05
2.800000000000000000e+01 -1.119997450930410379e-02 -4.981815804501729672e-02 1.091354492394269130e-04 7.508965606959192203e-05
2.900000000000000000e+01 -1.799426477616695996e-02 -7.110731981852581873e-02 1.172156160035610351e-04 7.095080026440319634e-05
3.000000000000000000e+01 -1.636902391231619819e-02 -8.245313669903320264e-02 1.204049131393269506e-04 6.720034867664260590e-05
3.100000000000000000e+01 -1.205135966100074826e-02 -8.049264051498210282e-02 1.183767666281760949e-04 6.383363287762713260e-05
3.200000000000000000e+01 -1.224213460772600494e-02 -6.730852924157768036e-02 1.123899908229826857e-04 6.084553566095072651e-05
3.300000000000000000e+01 -9.963998980502103073e-03 -4.804854748053465074e-02 1.043930915325340359e-04 5.822536983274466198e-05
3.400000000000000000e+01 -9.963681544490107789e-03 -2.806310696169452001e-02 9.613345892330587433e-05 5.594877900787948463e-05
3.500000000000000000e+01 -5.399894869303429289e-03 -1.105062375178449303e-02 8.878835694923617797e-05 5.393560295175545019e-05
3.600000000000000000e+01 -8.999681427206117097e-04 1.353358826424583099e-03 8.296249518428305987e-05 5.213943891706046259e-05
3.700000000000000000e+01 4.547554196333285226e-03 9.131672436340103338e-03 7.865924973855675946e-05 5.053049771826206404e-05
3.800000000000000000e+01 3.846582673653696060e-03 1.328388449566268378e-02 7.557363750156113273e-05 4.909726047650271342e-05
3.900000000000000000e+01 5.144622833843016940e-03 1.493884733222894390e-02 7.340772377864050670e-05 4.779259988790017044e-05
4.000000000000000000e+01 3.249183722226646649e-03 1.490004234795985066e-02 7.186264907307647945e-05 4.657187374524431349e-05
4.100000000000000000e+01 2.739464211766954281e-03 1.358558612138837003e-02 7.067254226419673836e-05 4.540476279019743503e-05
4.200000000000000000e+01 1.377673722267348409e-03 1.135429548642788097e-02 6.962182111324299470e-05 4.423610135919020742e-05
4.300000000000000000e+01 -2.150126618567537774e-04 8.622318476942418194e-03 6.846972989912669194e-05 4.300904985497343568e-05
4.400000000000000000e+01 -1.544881187488055148e-03 5.784548063982881960e-03 6.699832421441181236e-05 4.164694522721031235e-05
4.500000000000000000e+01 -3.774546496997881802e-03 3.083755185732442970e-03 6.509659739136065121e-05 4.009271480636363081e-05
4.600000000000000000e+01 -5.980251632425545756e-03 5.819746179661098922e-04 6.280362046153146571e-05 3.835591004273755270e-05
4.700000000000000000e+01 -3.511649758723383967e-03 -1.788424805663311936e-03 6.034246863316085449e-05 3.654047224644470725e-05
