# freqs 	 pli 	 dpli 	 meanpower(thalamus)	 meanpower(scalp)	pli
8.000000000000000000e+00 -9.425466213636556068e-02 -2.013156629069041414e-01 8.906986389021685996e-05 2.443710822903750438e-04
9.000000000000000000e+00 -8.021440580434324730e-02 -1.677233596650447578e-01 8.334146849358959914e-05 3.038937759904281229e-04
1.000000000000000000e+01 -2.940448374021990482e-02 -6.169199716536442196e-02 7.499953387715025679e-05 2.469399335003036973e-04
1.100000000000000000e+01 9.563598561132303361e-03 4.493992240895581386e-02 6.903175446443269778e-05 1.870542977265831621e-04
1.200000000000000000e+01 3.486744185795871698e-02 1.138294568999423800e-01 6.431774476363314428e-05 1.532025983504260247e-04
1.300000000000000000e+01 4.906271518148348776e-02 1.240136160547521543e-01 6.099817664329038909e-05 1.303467718283895193e-04
1.400000000000000000e+01 3.999456239203772606e-02 9.448137189594221774e-02 5.907989428913777995e-05 1.154544760108491418e-04
1.500000000000000000e+01 2.573054294219918534e-02 5.626045162746778211e-02 5.793861944195277577e-05 1.060041390742832144e-04
1.600000000000000000e+01 1.179817848556581616e-02 2.689281347639289541e-02 5.689600615715636713e-05 9.999959255144927589e-05
1.700000000000000000e+01 5.606668953283539328e-03 1.111587709254814940e-02 5.577290590295011486e-05 9.596108502274669451e-05
1.800000000000000000e+01 3.112114777489410986e-03 5.074116380535865015e-03 5.469196770902497526e-05 9.164722165527021381e-05
1.900000000000000000e+01 2.043329608082172268e-03 3.009078436124580994e-03 5.385558692392375374e-05 8.631031010418258596e-05
2.000000000000000000e+01 1.862282726801348749e-03 1.984501900043338530e-03 5.340333707912466661e-05 8.116131926642085445e-05
2.100000000000000000e+01 9.794168212473805275e-04 5.540297530624533695e-04 5.336051032191164523e-05 7.736845227273255235e-05
2.200000000000000000e+01 -1.312102313213610750e-03 -3.790443603599084887e-03 5.362935157834782614e-05 7.506969282937359306e-05
2.300000000000000000e+01 -4.958382194087700666e-03 -1.344324923329544112e-02 5.403547901415384311e-05 7.368601339949249266e-05
2.400000000000000000e+01 -1.007407754915343873e-02 -2.681928143932886532e-02 5.441044856210520720e-05 7.237038356782069383e-05
2.500000000000000000e+01 -1.570109425212545123e-02 -3.870223760680025632e-02 5.465132287404289997e-05 7.056369519927876792e-05
2.600000000000000000e+01 -1.974502897859339509e-02 -4.471446771715729268e-02 5.476815970505152591e-05 6.815977262190243285e-05
2.700000000000000000e+01 -1.970284960157800067e-02 -4.378436818160844068e-02 5.484379696806193503e-05 6.543722505707717210e-05
2.800000000000000000e+01 -1.710488876615372938e-02 -3.758348678642722818e-02 5.495206330365989269e-05 6.272627201683053742e-05
2.900000000000000000e+01 -1.327835162954165045e-02 -2.856668444602491336e-02 5.516419965990290497e-05 6.031290676364850950e-05
3.000000000000000000e+01 -9.491821194600662953e-03 -1.936438739465975653e-02 5.559511671736307501e-05 5.830730061957011304e-05
3.100000000000000000e+01 -6.745754920218098409e-03 -1.237292498635015475e-02 5.648424286680426692e-05 5.673269312976138241e-05
3.200000000000000000e+01 -5.247826160655636937e-03 -9.216942354370883869e-03 5.813062336988608620e-05 5.551224726815283877e-05
3.300000000000000000e+01 -5.331335785779858262e-03 -1.023262708122353072e-02 6.069660618162733075e-05 5.455557499900517829e-05
3.400000000000000000e+01 -5.862617506579208791e-03 -1.443100424029529656e-02 6.394600572171395617e-05 5.381182587755679636e-05
3.500000000000000000e+01 -8.084938401040114159e-03 -1.976533749927012959e-02 6.718954278260459831e-05 5.318773542152306774e-05
3.600000000000000000e+01 -9.517883312955806654e-03 -2.414492419997737657e-02 6.957283606257175788e-05 5.265229578609491388e-05
3.700000000000000000e+01 -9.158224255234527489e-03 -2.613317808040589371e-02 7.044891313529522885e-05 5.217918024478353852e-05
3.800000000000000000e+01 -8.612745924989893484e-03 -2.530776858481152344e-02 6.961739739672871826e-05 5.177130689686848975e-05
3.900000000000000000e+01 -7.688130668909596600e-03 -2.192357041231851947e-02 6.730630910406438855e-05 5.138900680197732866e-05
4.000000000000000000e+01 -6.282367792113228815e-03 -1.682193976581274064e-02 6.402697172022723214e-05 5.103734134164071605e-05
4.100000000000000000e+01 -4.412994583029072014e-03 -1.093430884413465476e-02 6.033971884658313571e-05 5.068974592071566568e-05
4.200000000000000000e+01 -2.084019191754723967e-03 -5.084887539971391125e-03 5.668191934081451668e-05 5.028789172560655144e-05
4.300000000000000000e+01 -2.256152323361496688e-04 1.476428934578102794e-04 5.328378793817482818e-05 4.971796622266268250e-05
4.400000000000000000e+01 1.414542462095347199e-03 4.464692164718390109e-03 5.018874441588908064e-05 4.891080193799209064e-05
4.500000000000000000e+01 2.328591852685707713e-03 7.861030995253683040e-03 4.733102110683510226e-05 4.778036469553246048e-05
4.600000000000000000e+01 2.631921849827842386e-03 1.046161636523528296e-02 4.466183262424816504e-05 4.635039215109216577e-05
4.700000000000000000e+01 2.824118669582848830e-03 1.240254870159919823e-02 4.222385261786723749e-05 4.476914965378197246e-05
