# freqs 	 pli 	 dpli 	 meanpower(thalamus)	 meanpower(scalp)	pli
8.000000000000000000e+00 3.129924235713554825e-02 1.012544376820105618e-01 1.997511293565482516e-04 3.115753952102785361e-04
9.000000000000000000e+00 9.382737249770699284e-02 2.663992091451936606e-01 1.862224137420554480e-04 2.868976129510601757e-04
1.000000000000000000e+01 9.273449632875688242e-02 2.341771177536544346e-01 1.664428606769991696e-04 2.455765274252681815e-04
1.100000000000000000e+01 5.374183160690083894e-02 1.411502892592602920e-01 1.454174555421508563e-04 2.157449785773255630e-04
1.200000000000000000e+01 2.874689269774594047e-02 8.598988157498776985e-02 1.316663204498300110e-04 1.992236394318629275e-04
1.300000000000000000e+01 2.636140171132587279e-02 6.838150249808898351e-02 1.232279468928138911e-04 1.835267271450244950e-04
1.400000000000000000e+01 3.024358658867785585e-02 6.546709725910934696e-02 1.163073114407401097e-04 1.658827279861208297e-04
1.500000000000000000e+01 3.003865592136274396e-02 6.466256689439547900e-02 1.095912610723532991e-04 1.474023474066646431e-04
1.600000000000000000e+01 2.712394334924774983e-02 6.349850024124713277e-02 1.032247714117925572e-04 1.297896559774570598e-04
1.700000000000000000e+01 2.286516907950671834e-02 5.894402420067264281e-02 9.749382089707442009e-05 1.150373206015739785e-04
1.800000000000000000e+01 1.801947886648401498e-02 5.112000340101601620e-02 9.240987685414529861e-05 1.039678418868305969e-04
1.900000000000000000e+01 1.274702888800354796e-02 4.141802764847325735e-02 8.798163222812178063e-05 9.608349687473316579e-05
2.000000000000000000e+01 8.619429281860390563e-03 3.128159691287843436e-02 8.412237359378155362e-05 9.052908668912976523e-05
2.100000000000000000e+01 4.860777970246884724e-03 2.143554109526882995e-02 8.077191836113459180e-05 8.652393025909769749e-05
2.200000000000000000e+01 5.596620358923529420e-04 1.094011462419783830e-02 7.796013653114263918e-05 8.348021073505160845e-05
2.300000000000000000e+01 -5.056404326530864433e-03 -4.728954156744834725e-04 7.568099367284685257e-05 8.104141989805633325e-05
2.400000000000000000e+01 -9.266237712601398113e-03 -1.080940360553278926e-02 7.373493949722252725e-05 7.899098308255378593e-05
2.500000000000000000e+01 -1.208370331695249496e-02 -1.786018285317416548e-02 7.185323409241345426e-05 7.719363419168170470e-05
2.600000000000000000e+01 -1.322639058694812138e-02 -2.109774878468436213e-02 6.989401440195931259e-05 7.559390770960205540e-05
2.700000000000000000e+01 -1.429531700967592162e-02 -2.144553035192042073e-02 6.789449865055442561e-05 7.421585597447502298e-05
2.800000000000000000e+01 -1.357453935415511154e-02 -2.038728667867744510e-02 6.595950996155223089e-05 7.300942637092557735e-05
2.900000000000000000e+01 -1.169652129953001329e-02 -1.912030737229003866e-02 6.416954734598812873e-05 7.190049106882662015e-05
3.000000000000000000e+01 -1.087185365058394512e-02 -1.837794104876530610e-02 6.258099202936533883e-05 7.082425862292075248e-05
3.100000000000000000e+01 -9.752473021075225984e-03 -1.848823196130976523e-02 6.119099522980339667e-05 6.981146243715660098e-05
3.200000000000000000e+01 -9.100804647028436570e-03 -1.949238399354282988e-02 5.996787190329436597e-05 6.892265402204435514e-05
3.300000000000000000e+01 -9.032572508349091117e-03 -2.108740013968204638e-02 5.887267669416335877e-05 6.822732658004860369e-05
3.400000000000000000e+01 -9.455291780853166198e-03 -2.276057022081596007e-02 5.786788885933533767e-05 6.777906751778455181e-05
3.500000000000000000e+01 -9.786179886101215725e-03 -2.402228304077515600e-02 5.692616421894320267e-05 6.756932415797719713e-05
3.600000000000000000e+01 -9.664426478914227986e-03 -2.458679870971043624e-02 5.603308784105563397e-05 6.757526784573498753e-05
3.700000000000000000e+01 -9.584184023161254964e-03 -2.447417808004353004e-02 5.518197740001320496e-05 6.774463887173231191e-05
3.800000000000000000e+01 -9.823807993429054669e-03 -2.387352365604897969e-02 5.436921193953036597e-05 6.803101237167571860e-05
3.900000000000000000e+01 -9.433061486860114253e-03 -2.300763780237477171e-02 5.359168682051435034e-05 6.837177606305432781e-05
4.000000000000000000e+01 -8.676863881759014699e-03 -2.195427514388859427e-02 5.284472912282745324e-05 6.874529012434903088e-05
4.100000000000000000e+01 -7.755371377016408163e-03 -2.072016213221851422e-02 5.210974132817808291e-05 6.910375514827586608e-05
4.200000000000000000e+01 -6.970158781277496426e-03 -1.930439121793236026e-02 5.134019063861706804e-05 6.935163506404560206e-05
4.300000000000000000e+01 -6.660072345833788210e-03 -1.778335218795972297e-02 5.045100308793100201e-05 6.932969667769472728e-05
4.400000000000000000e+01 -6.137271417263121323e-03 -1.624128987889436951e-02 4.933825483516238603e-05 6.888923878809752809e-05
4.500000000000000000e+01 -6.079534146373974726e-03 -1.481746301051392253e-02 4.793366003065714669e-05 6.792249161700419046e-05
4.600000000000000000e+01 -6.484086800896704875e-03 -1.362355134090986741e-02 4.626415320522460556e-05 6.648823937426795688e-05
4.700000000000000000e+01 -6.673692572974139654e-03 -1.275500549624518018e-02 4.448234390897060211e-05 6.484277712014556460e-05
