# freqs 	 pli 	 dpli 	 meanpower(thalamus)	 meanpower(scalp)	pli
8.000000000000000000e+00 -2.997653731049035666e-02 -5.146764989286966435e-02 4.647938516108263940e+01 2.623324418711418957e+02
9.000000000000000000e+00 -1.876078688360461938e-03 -6.276860730739992379e-03 4.424591983429879605e+01 2.421974895179166651e+02
1.000000000000000000e+01 1.206593677571293245e-02 2.579981893757736858e-02 4.276103592436344059e+01 2.266088957598760487e+02
1.100000000000000000e+01 6.547127388778732106e-03 1.434863899631272366e-02 4.226366847176136332e+01 2.125668053886959967e+02
1.200000000000000000e+01 -1.112607837116364427e-02 -6.015618290776863358e-02 4.263604834206165606e+01 1.980994301934573514e+02
1.300000000000000000e+01 -3.339345443174394218e-02 -1.269569926898691248e-01 4.201194402711684006e+01 1.813563827355021658e+02
1.400000000000000000e+01 -4.689211695864765189e-02 -1.379897432049179695e-01 4.013225589504190793e+01 1.645961762686156362e+02
1.500000000000000000e+01 -4.245179819042615987e-02 -1.121634911238557075e-01 3.815927154385340714e+01 1.501383124438256971e+02
1.600000000000000000e+01 -3.636411978977408671e-02 -8.772466602612305486e-02 3.666871315076988935e+01 1.390975201453444470e+02
1.700000000000000000e+01 -3.040151758857298145e-02 -7.810028789614657796e-02 3.556148528381340412e+01 1.312019757518189351e+02
1.800000000000000000e+01 -2.431509985908607979e-02 -7.207035018075322319e-02 3.466568597111306360e+01 1.255151073437270810e+02
1.900000000000000000e+01 -1.682074577003019045e-02 -6.153531186888788751e-02 3.393853747552171995e+01 1.206174072984117913e+02
2.000000000000000000e+01 -1.397185391311999217e-02 -4.365949439329116361e-02 3.329619943071887178e+01 1.158446845479499387e+02
2.100000000000000000e+01 -7.629714481520978586e-03 -2.348566189926123635e-02 3.274640313132783831e+01 1.111648959783975528e+02
2.200000000000000000e+01 1.133263194617383863e-03 -8.496776733835280024e-03 3.228064107030171925e+01 1.067204415365255272e+02
2.300000000000000000e+01 3.969141078747233375e-03 7.983046826701028532e-04 3.194055850230542504e+01 1.027323511118197104e+02
2.400000000000000000e+01 5.748950805531777633e-03 7.815785193237624259e-03 3.170125098210815295e+01 9.925274288834889092e+01
2.500000000000000000e+01 5.516151005863848857e-03 1.374453837908799769e-02 3.151391465477669129e+01 9.612082045450378587e+01
2.600000000000000000e+01 7.594438829859878094e-03 1.759001012932039434e-02 3.137335814004485002e+01 9.305993076532341490e+01
2.700000000000000000e+01 7.674275461962571862e-03 1.846277255235700271e-02 3.125386373822152208e+01 9.002326069420911381e+01
2.800000000000000000e+01 7.362026078431586559e-03 1.622179739435603701e-02 3.113915882036530647e+01 8.708382949719698729e+01
2.900000000000000000e+01 7.500264247287515527e-03 1.154711771078143975e-02 3.101772304505594846e+01 8.432963140184875783e+01
3.000000000000000000e+01 6.553019988018081617e-03 5.892189621126985716e-03 3.090171371456951377e+01 8.183338698395137101e+01
3.100000000000000000e+01 7.198927235759968769e-03 6.870282741234177678e-04 3.081295291596920904e+01 7.963029905750323678e+01
3.200000000000000000e+01 5.818721273462498095e-03 -3.309065457692806755e-03 3.073766822188530057e+01 7.774251975146154336e+01
3.300000000000000000e+01 7.307062986861202585e-03 -6.330250978627992818e-03 3.064690032674566567e+01 7.617288630680583594e+01
3.400000000000000000e+01 8.783336755412589347e-03 -9.019917265665837111e-03 3.052636291518264500e+01 7.487284966729100688e+01
3.500000000000000000e+01 6.958848532104312985e-03 -1.135360560204621942e-02 3.038912357519065210e+01 7.377925620676687402e+01
3.600000000000000000e+01 7.497902172296516329e-03 -1.268741800644941457e-02 3.024196982396381017e+01 7.282068391202429325e+01
3.700000000000000000e+01 8.223173767446301241e-03 -1.225204563988012592e-02 3.007838436918724767e+01 7.195930482699159825e+01
3.800000000000000000e+01 9.312069257159711136e-03 -9.862969281016341350e-03 2.989457046316933742e+01 7.118470975091456410e+01
3.900000000000000000e+01 1.206702384681502399e-02 -6.072454734335918161e-03 2.969606781016130626e+01 7.048384905790672406e+01
4.000000000000000000e+01 1.253152926696079507e-02 -1.923181652291203626e-03 2.948730796386584885e+01 6.984602345984063732e+01
4.100000000000000000e+01 1.420217933541208927e-02 1.533369810044074490e-03 2.926981707540896949e+01 6.924534243231863684e+01
4.200000000000000000e+01 1.570584267740933113e-02 3.586947152195877047e-03 2.901840063785708779e+01 6.863503837760751480e+01
4.300000000000000000e+01 1.693788575777686531e-02 3.997983440816480633e-03 2.868380633850695460e+01 6.789205875696663384e+01
4.400000000000000000e+01 1.619211497462203636e-02 3.147650162163602092e-03 2.820455437687868638e+01 6.686660669994070361e+01
4.500000000000000000e+01 1.465289038945640984e-02 1.450990583354320020e-03 2.754222181723742935e+01 6.541617542184332024e+01
4.600000000000000000e+01 1.322730153100175852e-02 -6.521699119989481184e-04 2.671538548069909069e+01 6.351938066602932054e+01
4.700000000000000000e+01 1.237244897959183590e-02 -2.835317765229865544e-03 2.582015132598631268e+01 6.133409392298715090e+01
