# freqs 	 pli 	 dpli 	 meanpower(thalamus)	 meanpower(scalp)	pli
8.000000000000000000e+00 -1.749403484316203183e-01 -3.805623171968130491e-01 1.966386842510793912e-05 6.704522823220803026e-04
9.000000000000000000e+00 -1.328628631269897775e-01 -2.871536496011701800e-01 1.940962231812524093e-05 5.153666807096335834e-04
1.000000000000000000e+01 -9.632464566828682906e-02 -2.057171738503678071e-01 1.943786297081263832e-05 3.876749811850804654e-04
1.100000000000000000e+01 -9.083368390636088752e-02 -1.891324922898828809e-01 1.968179993305187297e-05 3.266549604308805572e-04
1.200000000000000000e+01 -1.089442329945132515e-01 -2.429116869892961328e-01 2.001406345258287083e-05 3.255168863002019363e-04
1.300000000000000000e+01 -1.342711514935068795e-01 -3.241581631087671611e-01 2.035004019581901415e-05 3.382692472593365777e-04
1.400000000000000000e+01 -1.273255776127893424e-01 -3.068551117756332935e-01 2.055199864211145584e-05 3.071485727371438788e-04
1.500000000000000000e+01 -8.874926797045923355e-02 -2.111110544707983372e-01 2.066652543604185929e-05 2.522663363107830012e-04
1.600000000000000000e+01 -5.790745729461416191e-02 -1.234500489709555587e-01 2.082530246909886131e-05 2.109702247857679830e-04
1.700000000000000000e+01 -4.314352293273091693e-02 -8.274060828346291308e-02 2.103878456163845221e-05 1.883429422902576018e-04
1.800000000000000000e+01 -3.687784007115080948e-02 -6.840772057567762188e-02 2.129583872750491028e-05 1.737936217498388370e-04
1.900000000000000000e+01 -3.201564571626773492e-02 -5.939390480735621397e-02 2.155536706923895666e-05 1.611547148518587198e-04
2.000000000000000000e+01 -2.688714065524309277e-02 -5.087728891350247473e-02 2.180292764379330192e-05 1.491764107297072401e-04
2.100000000000000000e+01 -2.386412340384922587e-02 -4.539450781610145785e-02 2.203825167080739836e-05 1.381068223861023955e-04
2.200000000000000000e+01 -2.531497630090928999e-02 -4.521164539567930352e-02 2.226814048803944272e-05 1.285300841100077678e-04
2.300000000000000000e+01 -2.679670469713601663e-02 -4.888297428372314485e-02 2.249485285610661398e-05 1.209733012474392883e-04
2.400000000000000000e+01 -2.707939701896062978e-02 -5.262604772620326637e-02 2.272042921975938408e-05 1.155172893827330393e-04
2.500000000000000000e+01 -2.727904537590905565e-02 -5.348883335652668963e-02 2.293630552851031685e-05 1.118858032993289958e-04
2.600000000000000000e+01 -2.701052539510789829e-02 -5.095706211889345499e-02 2.314055872958821239e-05 1.096221931848692264e-04
2.700000000000000000e+01 -2.689925776182084186e-02 -4.647060122453351011e-02 2.331993795891275335e-05 1.086046197683389098e-04
2.800000000000000000e+01 -2.445154329475977828e-02 -4.147464143403671588e-02 2.346513544415926194e-05 1.090054032548396401e-04
2.900000000000000000e+01 -2.248210493717302250e-02 -3.634732729620943764e-02 2.358853744673729990e-05 1.110305509418383469e-04
3.000000000000000000e+01 -2.042158564055877173e-02 -3.107109847191153948e-02 2.370234288697982398e-05 1.144880658745257835e-04
3.100000000000000000e+01 -1.923399599274125057e-02 -2.605875773853471092e-02 2.381339846800597379e-05 1.187374260407650026e-04
3.200000000000000000e+01 -1.764680504655256540e-02 -2.219052420823925190e-02 2.391516628992631794e-05 1.229530956748358110e-04
3.300000000000000000e+01 -1.702222326234231753e-02 -2.013507082405914875e-02 2.399958840574088778e-05 1.263647921826753452e-04
3.400000000000000000e+01 -1.557815083642166351e-02 -1.988693608176480068e-02 2.405923622892895680e-05 1.284686260404622451e-04
3.500000000000000000e+01 -1.479983975791153081e-02 -2.077938255664833755e-02 2.410092258921250492e-05 1.291355883703682711e-04
3.600000000000000000e+01 -1.495132510230989115e-02 -2.190733267038631402e-02 2.413320010181092549e-05 1.285050650856912619e-04
3.700000000000000000e+01 -1.523077309048738448e-02 -2.254575479159297985e-02 2.415927618456013959e-05 1.268858782635298298e-04
3.800000000000000000e+01 -1.500882930342221748e-02 -2.243067267796033937e-02 2.417981221449723775e-05 1.247023899767046829e-04
3.900000000000000000e+01 -1.410221974322037851e-02 -2.180232169220898061e-02 2.419451709301417535e-05 1.224127483156530068e-04
4.000000000000000000e+01 -1.331519832162834059e-02 -2.114359011175564670e-02 2.420238503554722793e-05 1.203813161666408263e-04
4.100000000000000000e+01 -1.274920181863324099e-02 -2.089323471108434083e-02 2.419308287638606217e-05 1.188144086029205732e-04
4.200000000000000000e+01 -1.258117031796304741e-02 -2.119992334841776585e-02 2.413563987901598280e-05 1.176920018518499831e-04
4.300000000000000000e+01 -1.289566435032606269e-02 -2.193365649410381965e-02 2.398479902110260453e-05 1.167845527066855530e-04
4.400000000000000000e+01 -1.368290390801229182e-02 -2.278536525112901528e-02 2.369249272999483590e-05 1.157445810838702796e-04
4.500000000000000000e+01 -1.529961427625867350e-02 -2.342922424405442100e-02 2.323339644857554958e-05 1.143332532714128258e-04
4.600000000000000000e+01 -1.591421578088586530e-02 -2.364223599046006222e-02 2.263216760026881365e-05 1.125820070251307489e-04
4.700000000000000000e+01 -1.727933273020444346e-02 -2.332145009356952764e-02 2.198300034816359536e-05 1.108512041769682197e-04
