# freqs 	 pli 	 dpli 	 meanpower(thalamus)	 meanpower(scalp)	pli
8.000000000000000000e+00 1.403530491464435349e-02 3.764182814333760091e-02 1.169774445367991914e-04 1.957940449993629355e-04
9.000000000000000000e+00 1.141228324843622174e-02 2.673665916031106940e-02 1.146540576288542884e-04 2.128553750130936521e-04
1.000000000000000000e+01 3.946865815916868886e-02 8.729336899726204690e-02 1.133687057655831989e-04 1.871640663389317969e-04
1.100000000000000000e+01 3.397214105161255882e-02 6.882218301004219829e-02 1.188151490334430911e-04 1.780038528007532291e-04
1.200000000000000000e+01 9.605700664503950131e-03 3.306483672867354534e-02 1.278607636873773734e-04 1.933262547264609651e-04
1.300000000000000000e+01 1.139372080499931154e-02 2.908683631868436148e-02 1.320136923550845303e-04 2.078717603518410214e-04
1.400000000000000000e+01 2.644872520121872590e-03 3.750785127979972076e-03 1.311285484836480892e-04 2.128966208575268370e-04
1.500000000000000000e+01 -2.690378701517415899e-02 -6.383063326973767437e-02 1.288190475086648228e-04 2.102777385926218564e-04
1.600000000000000000e+01 -6.649079739615774975e-02 -1.306010172506285871e-01 1.270345334319166841e-04 2.040689461448613089e-04
1.700000000000000000e+01 -7.693501944298221373e-02 -1.472563857111491292e-01 1.262188096856779783e-04 1.951728120457101826e-04
1.800000000000000000e+01 -7.673014219289614468e-02 -1.313134090431259671e-01 1.273513784124175789e-04 1.833872552192231131e-04
1.900000000000000000e+01 -7.169758850422053298e-02 -1.225530345786578212e-01 1.331112211494331777e-04 1.703262522174325084e-04
2.000000000000000000e+01 -6.394146234393974226e-02 -1.189779000132412806e-01 1.515495725832113492e-04 1.577706671952652654e-04
2.100000000000000000e+01 -5.411199399837139656e-02 -1.030062901215603177e-01 1.896527148012449476e-04 1.465826132415707511e-04
2.200000000000000000e+01 -4.279896124537030389e-02 -7.872247418124045382e-02 2.339551705139445088e-04 1.365515274508687354e-04
2.300000000000000000e+01 -3.498823202350297146e-02 -5.591274347466844430e-02 2.592300473109469859e-04 1.278001529791627741e-04
2.400000000000000000e+01 -2.670343209152244157e-02 -3.925880168169195578e-02 2.546972503321221827e-04 1.200685472566439079e-04
2.500000000000000000e+01 -2.392093982132923249e-02 -2.968951873438745864e-02 2.279569885605328824e-04 1.133717334096931613e-04
2.600000000000000000e+01 -2.216845226439900438e-02 -2.587452607537181482e-02 1.927832497559310793e-04 1.076923297067283345e-04
2.700000000000000000e+01 -1.754068296306613567e-02 -2.526559390373731354e-02 1.598493954963373879e-04 1.028649079819388997e-04
2.800000000000000000e+01 -1.201924189881798527e-02 -2.542835725649691958e-02 1.341546055231906335e-04 9.877405503294560776e-05
2.900000000000000000e+01 -8.809067614672545787e-03 -2.375088771428553180e-02 1.159559699640286083e-04 9.550683866767236785e-05
3.000000000000000000e+01 -2.584134199782849636e-03 -1.814991055342713572e-02 1.033755249417718465e-04 9.303961864391496013e-05
3.100000000000000000e+01 3.075579257079808556e-03 -8.739061445059178104e-03 9.451235384681021625e-05 9.122233277843142690e-05
3.200000000000000000e+01 3.898738239035515023e-03 3.034006814219636708e-03 8.807137690109611205e-05 8.965190993612883212e-05
3.300000000000000000e+01 8.925833192198364199e-03 1.438186905785590088e-02 8.326142287652233385e-05 8.799698350695503782e-05
3.400000000000000000e+01 1.721879692042296156e-02 2.224868525745417672e-02 7.954322423569141023e-05 8.606656332633101582e-05
3.500000000000000000e+01 1.801305068990029581e-02 2.547033837100747336e-02 7.653420033761755786e-05 8.375425176076701703e-05
3.600000000000000000e+01 1.502594563360351923e-02 2.402661978028736503e-02 7.399213567246330065e-05 8.114780665573777176e-05
3.700000000000000000e+01 8.322392778779715700e-03 1.940920230762756271e-02 7.178324617130113104e-05 7.839133878290193477e-05
3.800000000000000000e+01 3.126960010687365298e-03 1.320214263874186500e-02 6.986360747113942271e-05 7.566337864125745100e-05
3.900000000000000000e+01 1.003743692691660841e-03 6.848961972444417290e-03 6.821082466605842194e-05 7.302841957722450573e-05
4.000000000000000000e+01 -5.642627568524069721e-04 7.590592480289234337e-04 6.681379822417145222e-05 7.056941022408849847e-05
4.100000000000000000e+01 -2.084399005798009442e-03 -4.860007219573365955e-03 6.562995534035152324e-05 6.829501149721571866e-05
4.200000000000000000e+01 -2.735670351722617553e-03 -9.786514264340026928e-03 6.457469438180786709e-05 6.613950614623076072e-05
4.300000000000000000e+01 -3.118124266025943791e-03 -1.380346027382309791e-02 6.350104428361464488e-05 6.395526554273257131e-05
4.400000000000000000e+01 -3.434172373442100686e-03 -1.673162959668951857e-02 6.221812866109712283e-05 6.165656306162173566e-05
4.500000000000000000e+01 -3.101084594807308921e-03 -1.858104317148159476e-02 6.054661977394149095e-05 5.910326474824021011e-05
4.600000000000000000e+01 -2.607856699953215156e-03 -1.939953320891801489e-02 5.842026863074092880e-05 5.628680199615930529e-05
4.700000000000000000e+01 -2.688322223240243933e-03 -1.909093758585268807e-02 5.594061968207171174e-05 5.333766504316111290e-05
