# freqs 	 pli 	 dpli 	 meanpower(thalamus)	 meanpower(scalp)	pli
8.000000000000000000e+00 1.427759427785977274e-02 5.053309057166699425e-02 1.171702420890239488e-04 1.181592732151037713e-04
9.000000000000000000e+00 3.502995199746102017e-02 9.812160544858292144e-02 1.026724417712490537e-04 1.081774513783302931e-04
1.000000000000000000e+01 3.158646694945422412e-02 7.556783860083339521e-02 9.595656738674624331e-05 1.013069703631904844e-04
1.100000000000000000e+01 2.232805674898329443e-02 2.890610437612380068e-02 9.315455060764982935e-05 9.662350705978940614e-05
1.200000000000000000e+01 1.293756426436241426e-02 1.172986034217135022e-02 9.257053667208147948e-05 9.637174930133230127e-05
1.300000000000000000e+01 2.280185367758774326e-02 6.110194764260556272e-02 9.372317797805468137e-05 1.015275715016140777e-04
1.400000000000000000e+01 3.956357740046100718e-02 1.154156816737163110e-01 9.516379341533520535e-05 1.086548931446854142e-04
1.500000000000000000e+01 4.788545104836985922e-02 1.240981645473774320e-01 9.480426552866449475e-05 1.103538463464994129e-04
1.600000000000000000e+01 3.667735054136770506e-02 9.825259221529596132e-02 9.229979192547249655e-05 1.069341070742681833e-04
1.700000000000000000e+01 2.639599079427236081e-02 6.739014222945578780e-02 8.883830050099059236e-05 1.034207192506437671e-04
1.800000000000000000e+01 2.239678497382347616e-02 5.086290480862459135e-02 8.602807127589157143e-05 1.020617737330096260e-04
1.900000000000000000e+01 2.575404139705299994e-02 5.432559155422492236e-02 8.449271803535136818e-05 1.021751436620754440e-04
2.000000000000000000e+01 2.916105983079662206e-02 6.793841833649207074e-02 8.387867310121751652e-05 1.028220928814818560e-04
2.100000000000000000e+01 3.821644019974736184e-02 7.994673523305127760e-02 8.366860644195731967e-05 1.030920062128506091e-04
2.200000000000000000e+01 4.545368736018425004e-02 8.794684882040310070e-02 8.343784645245055172e-05 1.022439513303017834e-04
2.300000000000000000e+01 4.354152859962878014e-02 8.741935747311620208e-02 8.368657648904929893e-05 1.002893196109735664e-04
2.400000000000000000e+01 3.463792233751172844e-02 6.696024854474580401e-02 8.618116633309942784e-05 9.782056109936249739e-05
2.500000000000000000e+01 1.590169688774344461e-02 2.625096017349713012e-02 9.174155780198736752e-05 9.550323150586517479e-05
2.600000000000000000e+01 -6.552586122646985450e-03 -1.586924258739914190e-02 9.787975315749226706e-05 9.391449447652431084e-05
2.700000000000000000e+01 -2.166248511351387060e-02 -4.193656509984625830e-02 1.008745497778719603e-04 9.318404311459870448e-05
2.800000000000000000e+01 -2.787711389879635876e-02 -4.889206563857415033e-02 9.893752847717021974e-05 9.242765715360929464e-05
2.900000000000000000e+01 -2.410831455812006280e-02 -4.299976925079037476e-02 9.289762208580934011e-05 9.023322960008726230e-05
3.000000000000000000e+01 -1.633014881715171007e-02 -3.116551258057711701e-02 8.495291322030309837e-05 8.604878941447301297e-05
3.100000000000000000e+01 -7.034920754308977321e-03 -1.823345756694159589e-02 7.720776145902501935e-05 8.048203968928529834e-05
3.200000000000000000e+01 -5.486223938967814233e-04 -7.405115621339599871e-03 7.086932621138864624e-05 7.464588741205669461e-05
3.300000000000000000e+01 3.473147996979054214e-03 -4.919775685924040586e-04 6.620286652900427265e-05 6.943969935122220737e-05
3.400000000000000000e+01 5.453663817141998250e-03 2.595793843047779475e-03 6.296867303919484894e-05 6.528286349774951630e-05
3.500000000000000000e+01 6.329455680897768180e-03 3.340068763769951220e-03 6.074968942040795964e-05 6.215008756112982123e-05
3.600000000000000000e+01 3.685186489214374757e-03 3.409805912213757350e-03 5.914322884355306800e-05 5.979650838644170368e-05
3.700000000000000000e+01 1.013810825716062554e-03 3.654133827243983331e-03 5.789219100644430442e-05 5.794070068144994490e-05
3.800000000000000000e+01 6.404151203652008522e-04 4.113673679249009452e-03 5.684738773864137835e-05 5.640513280067674558e-05
3.900000000000000000e+01 -5.863424427495238564e-05 4.354864330821335561e-03 5.591192598912568285e-05 5.506986033524606902e-05
4.000000000000000000e+01 -3.339133044754700151e-03 4.072409230069656827e-03 5.503910204147461428e-05 5.387649448359976828e-05
4.100000000000000000e+01 -4.581004538804906573e-03 3.124290412925139881e-03 5.419221280275122906e-05 5.275945472418164955e-05
4.200000000000000000e+01 -4.905878850810185127e-03 1.598459849302200390e-03 5.330093152455483399e-05 5.164020558557407074e-05
4.300000000000000000e+01 -4.033930961416305749e-03 -3.134625165685480568e-04 5.227840010335059370e-05 5.041014999066129623e-05
4.400000000000000000e+01 -4.232303301009097615e-03 -2.303337518195909712e-03 5.102376017098469470e-05 4.897630843288060162e-05
4.500000000000000000e+01 -3.573060296856878353e-03 -4.204110859612558704e-03 4.947007946051908264e-05 4.726764300071161493e-05
4.600000000000000000e+01 -4.488254640517976013e-03 -5.923949639530639785e-03 4.764326339775080591e-05 4.530752456062228677e-05
4.700000000000000000e+01 -6.061188020956534590e-03 -7.417357138894555869e-03 4.569548843051502270e-05 4.325635186100746017e-05
