# freqs 	 pli 	 dpli 	 meanpower(thalamus)	 meanpower(scalp)	pli
8.000000000000000000e+00 1.481634702469525160e-02 8.653067766650870962e-02 8.239336314246841592e-05 3.776532355479039738e-04
9.000000000000000000e+00 -1.968661555826926174e-03 1.583082936254039466e-02 7.479091379498901157e-05 3.787403832328731929e-04
1.000000000000000000e+01 -8.676329260547213998e-03 -4.005295899360197288e-03 6.841809198309944929e-05 3.454201557776369206e-04
1.100000000000000000e+01 -1.201675493376508017e-02 4.331970008455765693e-03 6.435154457619226751e-05 2.994427793590169083e-04
1.200000000000000000e+01 -1.608379252542989010e-02 1.862177961629308057e-02 6.200499404386932410e-05 2.692738987479313239e-04
1.300000000000000000e+01 -1.278835765997313884e-02 2.215526385345511010e-02 6.059179607021209299e-05 2.542587219579797719e-04
1.400000000000000000e+01 -3.254707210299484770e-03 1.963709083414047485e-02 5.987003162954657138e-05 2.463038983288328332e-04
1.500000000000000000e+01 3.084375192439738934e-03 2.033737413292469390e-02 6.018922527247935696e-05 2.422754980767125174e-04
1.600000000000000000e+01 7.900505854562811514e-03 2.414214112050990305e-02 6.250035956563857668e-05 2.399374804594254086e-04
1.700000000000000000e+01 9.670893559299854544e-03 2.646235384674080690e-02 6.701002035176707586e-05 2.373953585828497464e-04
1.800000000000000000e+01 1.001323188059387477e-02 2.595322689000686966e-02 7.150995513042940105e-05 2.341480747041684918e-04
1.900000000000000000e+01 7.104887449266772056e-03 2.029345486010294963e-02 7.277071694202279456e-05 2.298997118843714544e-04
2.000000000000000000e+01 8.785829171524087459e-04 7.537488164014840078e-03 6.998160241750511442e-05 2.242553038801666085e-04
2.100000000000000000e+01 -6.021021737656003653e-03 -9.320192326568169788e-03 6.517576691955223611e-05 2.171836335844107367e-04
2.200000000000000000e+01 -1.223032320702335980e-02 -2.479386147110699060e-02 6.072419011492603651e-05 2.088649480846662332e-04
2.300000000000000000e+01 -1.725419539812998379e-02 -3.565601193160793797e-02 5.766677900732694758e-05 1.996710490556123077e-04
2.400000000000000000e+01 -2.059043697027402101e-02 -4.147960869627962538e-02 5.588817790513676647e-05 1.899757457641621449e-04
2.500000000000000000e+01 -2.203408930819510114e-02 -4.299876726807067007e-02 5.491330394534108504e-05 1.801277946251093160e-04
2.600000000000000000e+01 -2.135120896200085050e-02 -4.114203978088175340e-02 5.436132940866639034e-05 1.705189359318689624e-04
2.700000000000000000e+01 -1.881130605898804348e-02 -3.668665564047642047e-02 5.402864815029803202e-05 1.617986071656596803e-04
2.800000000000000000e+01 -1.610485777792721590e-02 -3.096218722925126593e-02 5.381548153158966625e-05 1.543307357378690878e-04
2.900000000000000000e+01 -1.378055675421816645e-02 -2.542367494058726807e-02 5.368370436141516885e-05 1.483548432823522147e-04
3.000000000000000000e+01 -1.175385592486596388e-02 -2.116114996367894976e-02 5.362016602472489073e-05 1.437446517948108712e-04
3.100000000000000000e+01 -9.731749247290715291e-03 -1.825901495618822978e-02 5.362480900903851907e-05 1.404654039764322937e-04
3.200000000000000000e+01 -8.972695282333048583e-03 -1.624602779915177569e-02 5.369552335214769067e-05 1.382282240909438317e-04
3.300000000000000000e+01 -8.351356768162771990e-03 -1.465717149379868953e-02 5.382342995161196804e-05 1.367183037055089850e-04
3.400000000000000000e+01 -7.993624405865401572e-03 -1.337231462304079750e-02 5.399359089221252950e-05 1.359049216257583541e-04
3.500000000000000000e+01 -8.215312493717258704e-03 -1.264155668385013795e-02 5.418356274147075822e-05 1.354719957030671613e-04
3.600000000000000000e+01 -8.590473179643410770e-03 -1.265084912033727013e-02 5.436845482052719971e-05 1.353757942894598311e-04
3.700000000000000000e+01 -8.889726043920253423e-03 -1.336124627879139298e-02 5.452131276872235460e-05 1.355157733853386054e-04
3.800000000000000000e+01 -9.771926861325087865e-03 -1.445362563990650051e-02 5.461365796651636105e-05 1.359064995674440625e-04
3.900000000000000000e+01 -1.031753673477095283e-02 -1.547250339264859102e-02 5.461988455718949236e-05 1.362466449207765822e-04
4.000000000000000000e+01 -1.062586217883077812e-02 -1.602859041183068989e-02 5.452286278424297976e-05 1.365640145157436306e-04
4.100000000000000000e+01 -1.033686478135806795e-02 -1.591630767043555189e-02 5.430180480678200260e-05 1.367516118054589748e-04
4.200000000000000000e+01 -9.849385582558409929e-03 -1.517463310329858310e-02 5.391329015593916907e-05 1.366273051709105193e-04
4.300000000000000000e+01 -9.297139008020890646e-03 -1.400279215365779484e-02 5.328314340173888634e-05 1.357960754869134989e-04
4.400000000000000000e+01 -8.873422511185620476e-03 -1.264707139606859043e-02 5.232734958032847966e-05 1.342248625801632832e-04
4.500000000000000000e+01 -8.135072743751064345e-03 -1.128647538532437378e-02 5.099962749289671120e-05 1.316308967247133220e-04
4.600000000000000000e+01 -7.025887221448742781e-03 -9.998119129836013225e-03 4.935567286917506190e-05 1.281447620462292450e-04
4.700000000000000000e+01 -5.906552358686168250e-03 -8.804202605583648020e-03 4.758575646872179596e-05 1.242678838026663949e-04
