# freqs 	 pli 	 dpli 	 meanpower(thalamus)	 meanpower(scalp)	pli
8.000000000000000000e+00 3.530694071392424804e-02 1.348370556519578323e-01 6.778689079961605548e-05 1.750564073031609920e-04
9.000000000000000000e+00 -1.695847439273216392e-02 -3.320855131781776798e-02 6.160556754858429157e-05 1.428987191842639266e-04
1.000000000000000000e+01 -4.761568749206170070e-02 -8.921836635272584193e-02 5.846101135158088421e-05 1.270826418895583117e-04
1.100000000000000000e+01 -3.842161660077945268e-02 -7.900259973965109705e-02 5.596764520618272617e-05 1.135060716515209054e-04
1.200000000000000000e+01 -2.538165527221016363e-02 -5.089781742031281031e-02 5.387999635843057872e-05 1.023123506402489653e-04
1.300000000000000000e+01 -2.042534398763438605e-02 -6.886381464576511735e-02 5.178295894552829024e-05 9.414003774168303246e-05
1.400000000000000000e+01 -4.231323317555052074e-03 -7.582663922355803443e-02 4.975100726130802879e-05 8.690214289380083894e-05
1.500000000000000000e+01 -6.821580503526872806e-03 -5.044678331338989241e-02 4.807722590516670506e-05 8.015416612403848098e-05
1.600000000000000000e+01 -2.242728462670804160e-04 -1.896650237200179015e-02 4.699097666644247244e-05 7.356378382677675957e-05
1.700000000000000000e+01 5.399391164165043451e-03 3.896418510311663169e-03 4.638991762286392371e-05 6.741240356385217413e-05
1.800000000000000000e+01 1.408644469681234225e-02 1.577994916300702252e-02 4.613204855471483943e-05 6.220250217868733122e-05
1.900000000000000000e+01 9.893698512316726618e-03 1.516319558086562033e-02 4.620061539390873560e-05 5.831171325939547308e-05
2.000000000000000000e+01 8.579648158048829715e-03 8.068529652880450723e-03 4.655902732572855931e-05 5.550396162478125547e-05
2.100000000000000000e+01 4.707780930548207884e-03 4.484282062282608783e-03 4.710105400863021156e-05 5.331812471192813537e-05
2.200000000000000000e+01 3.001578094344451060e-03 7.402298363859000953e-03 4.775606163665912992e-05 5.164831785678517434e-05
2.300000000000000000e+01 3.547740243714329715e-03 1.325647579502227391e-02 4.853703918697782003e-05 5.051008232308738902e-05
2.400000000000000000e+01 4.591178199000579482e-03 1.784812268843407462e-02 4.942930969438445998e-05 4.965892113326451077e-05
2.500000000000000000e+01 5.096079155302714152e-03 2.001262047541676678e-02 5.036054831882096994e-05 4.895591152196161760e-05
2.600000000000000000e+01 7.862135842804844274e-03 2.115608869226261873e-02 5.121671604781737226e-05 4.831367982030412514e-05
2.700000000000000000e+01 9.794463861169536503e-03 2.317194437197269558e-02 5.186083629720261256e-05 4.769363314310893083e-05
2.800000000000000000e+01 8.465121174644107266e-03 2.598394779309984998e-02 5.222542395422894373e-05 4.702020438632541021e-05
2.900000000000000000e+01 1.164791459246747145e-02 2.836554972369714420e-02 5.231019701973623138e-05 4.629788816937398531e-05
3.000000000000000000e+01 1.656602986163696958e-02 2.883063288190185897e-02 5.215056481184454564e-05 4.553175985090314026e-05
3.100000000000000000e+01 1.656547976218238766e-02 2.697609643109325633e-02 5.182452096801559108e-05 4.475045514396365921e-05
3.200000000000000000e+01 1.723294558333834589e-02 2.368768085129130743e-02 5.139909557377318657e-05 4.403040999105385330e-05
3.300000000000000000e+01 1.512052908130796271e-02 2.078927481032486618e-02 5.091254010138205813e-05 4.339695741516488506e-05
3.400000000000000000e+01 1.546300306285905077e-02 1.975779315040853551e-02 5.041012563362709797e-05 4.287846963026564360e-05
3.500000000000000000e+01 1.635113894949210764e-02 2.099392295852390081e-02 4.991825596169366586e-05 4.244787404124593003e-05
3.600000000000000000e+01 1.507595269656162099e-02 2.350624597018561440e-02 4.944382775002428620e-05 4.210501519006377681e-05
3.700000000000000000e+01 1.724382416112795954e-02 2.572482251498806050e-02 4.898287924152375803e-05 4.184116670848381090e-05
3.800000000000000000e+01 1.610827670656186580e-02 2.652565285306477186e-02 4.853041251086091015e-05 4.166856271847381579e-05
3.900000000000000000e+01 1.286685054059453701e-02 2.567531023977937671e-02 4.807622696911984802e-05 4.156488893906534662e-05
4.000000000000000000e+01 1.027293394267583641e-02 2.408679361050568984e-02 4.761244603010301313e-05 4.152133007725435191e-05
4.100000000000000000e+01 1.181190047030061981e-02 2.277053091169103580e-02 4.711239815958968862e-05 4.150649485774809364e-05
4.200000000000000000e+01 1.206586745010071113e-02 2.230135225240544028e-02 4.652483840227661707e-05 4.146312771508210053e-05
4.300000000000000000e+01 9.346616524818015734e-03 2.268562237526519990e-02 4.577520286240656193e-05 4.127777877104752525e-05
4.400000000000000000e+01 9.434571890145395864e-03 2.370184120851861684e-02 4.478157558453652542e-05 4.087765348956531923e-05
4.500000000000000000e+01 9.873454004578431642e-03 2.497797106207373663e-02 4.349326707457869181e-05 4.019339335714682888e-05
4.600000000000000000e+01 1.150581740319376808e-02 2.626977604329293683e-02 4.194183395667134943e-05 3.924252614317961716e-05
4.700000000000000000e+01 1.262071116173942541e-02 2.734482037170233096e-02 4.026954962381997080e-05 3.816392807125915278e-05
