# freqs 	 pli 	 dpli 	 meanpower(thalamus)	 meanpower(scalp)	pli
8.000000000000000000e+00 -7.798393001855083440e-02 -1.366620172691415669e-01 4.534751408088952962e-05 3.192112613869893816e-04
9.000000000000000000e+00 -2.481992911495318685e-02 -4.225382860056360601e-02 4.519345077002467930e-05 2.806215004579443954e-04
1.000000000000000000e+01 -5.296115735594830384e-03 -4.748430039417855797e-03 4.573494789104254647e-05 2.625961495184941886e-04
1.100000000000000000e+01 -5.646351417084156249e-03 5.140688446828800768e-04 4.639147088489186668e-05 2.422036964246188453e-04
1.200000000000000000e+01 -1.204085119571194837e-02 -1.590990305944974328e-02 4.722191730730360322e-05 2.262005314516432142e-04
1.300000000000000000e+01 -1.303832597434301417e-02 -2.331246973434403583e-02 4.833714790981327795e-05 2.193897690334795667e-04
1.400000000000000000e+01 -1.113011965485922669e-02 -1.908674660797728476e-02 4.954297231945739853e-05 2.177798343033518307e-04
1.500000000000000000e+01 -8.869669340144615763e-03 -1.794737318278567806e-02 5.070473212071107538e-05 2.179091810977911586e-04
1.600000000000000000e+01 -1.168037886192627509e-02 -2.177609813510492098e-02 5.219601932949361248e-05 2.197406864123634790e-04
1.700000000000000000e+01 -1.454510704334725270e-02 -2.788888707836285549e-02 5.471745883566919824e-05 2.227512566088745121e-04
1.800000000000000000e+01 -1.858592822883346762e-02 -3.601010784074309273e-02 5.867490788716427943e-05 2.253476352579867129e-04
1.900000000000000000e+01 -2.184652063907649433e-02 -4.285819406337247617e-02 6.307697767000683203e-05 2.268760383380490043e-04
2.000000000000000000e+01 -2.205834667890069212e-02 -4.297282595583380715e-02 6.565683132344166822e-05 2.276507175774464145e-04
2.100000000000000000e+01 -1.904397638890470423e-02 -3.630308901926187354e-02 6.482483341929011131e-05 2.282930749882868655e-04
2.200000000000000000e+01 -1.463761704173839259e-02 -2.676318054555961931e-02 6.110169361890888768e-05 2.286529661010959654e-04
2.300000000000000000e+01 -9.736734624239740121e-03 -1.752482465728998073e-02 5.637379125410174006e-05 2.283982209726945602e-04
2.400000000000000000e+01 -4.105890545423841569e-03 -8.980070889148579136e-03 5.229482738879739949e-05 2.274257319668276022e-04
2.500000000000000000e+01 5.519570156347062585e-04 -4.885875796694851177e-04 4.952006802803229067e-05 2.257274504095805386e-04
2.600000000000000000e+01 5.162805521644248108e-03 7.849479872128535540e-03 4.797576737791631809e-05 2.235057114742219670e-04
2.700000000000000000e+01 8.590397431280391224e-03 1.517277519589023752e-02 4.735888281800145773e-05 2.213044728324511652e-04
2.800000000000000000e+01 1.107039114894350397e-02 2.026482582876495964e-02 4.736456903562085151e-05 2.193938854923597396e-04
2.900000000000000000e+01 1.158976114989340722e-02 2.153625207356680421e-02 4.770621863995520780e-05 2.181135904466459526e-04
3.000000000000000000e+01 1.034212599395230477e-02 1.757434659325907145e-02 4.812295632351724738e-05 2.174666809379266041e-04
3.100000000000000000e+01 6.681823834294147585e-03 8.447943327179038495e-03 4.841989466619406654e-05 2.175649557144673698e-04
3.200000000000000000e+01 1.604815849367195605e-03 -3.285626880995376302e-03 4.849030362864840602e-05 2.182131453062434434e-04
3.300000000000000000e+01 -2.765458394195687963e-03 -1.353229561970359894e-02 4.829774990627825758e-05 2.191164533072965058e-04
3.400000000000000000e+01 -5.058946764397716928e-03 -1.893311366483109090e-02 4.785915054349901656e-05 2.201656032570861070e-04
3.500000000000000000e+01 -5.323732799252668679e-03 -1.863457784607339129e-02 4.723741853759720740e-05 2.210401538804829659e-04
3.600000000000000000e+01 -3.786623923499697533e-03 -1.402275195951947426e-02 4.652034847122915557e-05 2.217938281416617684e-04
3.700000000000000000e+01 -2.089839718339758356e-03 -7.490938899070214048e-03 4.578989222418261595e-05 2.224844627960009368e-04
3.800000000000000000e+01 -3.787884502252626901e-04 -1.115083450005582063e-03 4.509943906442255167e-05 2.232656005165048203e-04
3.900000000000000000e+01 9.586016039169162643e-04 4.043479530156646878e-03 4.446935985931758060e-05 2.239841464317841131e-04
4.000000000000000000e+01 2.216309567726918069e-03 7.795564076380936784e-03 4.388623807290131091e-05 2.247176371132836900e-04
4.100000000000000000e+01 3.237415156851158361e-03 1.044654392900934078e-02 4.331370329487404261e-05 2.253847776684342829e-04
4.200000000000000000e+01 4.035761883289686741e-03 1.238811282936255233e-02 4.269664604270852567e-05 2.257345254455678111e-04
4.300000000000000000e+01 4.522294243800936524e-03 1.393538055425254385e-02 4.195836253325065991e-05 2.252192983094605209e-04
4.400000000000000000e+01 4.682214567989177907e-03 1.523014518424149408e-02 4.101850881388115742e-05 2.234642268040936406e-04
4.500000000000000000e+01 5.071044563246648353e-03 1.638806678975350539e-02 3.983078335394749439e-05 2.200065033108265225e-04
4.600000000000000000e+01 5.819826544245582794e-03 1.745878606445503203e-02 3.842745819199794348e-05 2.149744827343747910e-04
4.700000000000000000e+01 6.249702238778103401e-03 1.846449733610527541e-02 3.694427763968324765e-05 2.091353752656344264e-04
