# freqs 	 pli 	 dpli 	 meanpower(thalamus)	 meanpower(scalp)	pli
8.000000000000000000e+00 4.342087710285281316e-02 1.561412670090261690e-01 2.329236337393533187e-05 4.139432780244529106e-04
9.000000000000000000e+00 3.942168241671381579e-02 1.022259521775051166e-01 2.159582517686842374e-05 2.857156568557106362e-04
1.000000000000000000e+01 3.674127186036089954e-02 8.925095322021400768e-02 2.058439710640312426e-05 2.247231286999516796e-04
1.100000000000000000e+01 9.796720804501852370e-03 2.587955017519280934e-02 1.973208220976323818e-05 1.830709215596255338e-04
1.200000000000000000e+01 -1.576752331802341520e-02 -3.641226560413620555e-02 1.899439073046223841e-05 1.582503847150165688e-04
1.300000000000000000e+01 -6.890401301444489153e-03 -5.525754639028384804e-03 1.864675661151568909e-05 1.459574617549458289e-04
1.400000000000000000e+01 2.374439008776486545e-02 7.624343972416511295e-02 1.852014816706348666e-05 1.377324323760716074e-04
1.500000000000000000e+01 3.141885185130165875e-02 1.050292631276759231e-01 1.816761814459310950e-05 1.282534393725775666e-04
1.600000000000000000e+01 3.154605519685695775e-02 8.251512600463188629e-02 1.761903306221350828e-05 1.171716809549046127e-04
1.700000000000000000e+01 1.976336464720331379e-02 5.318999987701573950e-02 1.709959631148790326e-05 1.064499700368981208e-04
1.800000000000000000e+01 1.318620881145243263e-02 4.135539021352750005e-02 1.675132906965541495e-05 9.748507092212887993e-05
1.900000000000000000e+01 2.241368529307287069e-02 4.693926624589739305e-02 1.656717903360165346e-05 9.058075301985606836e-05
2.000000000000000000e+01 3.192525388152814281e-02 5.940171756647581736e-02 1.646531679760156151e-05 8.575479130936576307e-05
2.100000000000000000e+01 3.795093527806958633e-02 7.079183869917723970e-02 1.638735398017588421e-05 8.274149029541025507e-05
2.200000000000000000e+01 3.490796080000105328e-02 7.615270315625376207e-02 1.633371415220377122e-05 8.121068586083354378e-05
2.300000000000000000e+01 3.219517335862577545e-02 7.256319103468956977e-02 1.631105637586751614e-05 8.065672501529883617e-05
2.400000000000000000e+01 2.943604140708378641e-02 6.208510219008230718e-02 1.631160219878854316e-05 8.055178485905041324e-05
2.500000000000000000e+01 2.531258810493256656e-02 5.011657494481562558e-02 1.631706788924785952e-05 8.034905680892385669e-05
2.600000000000000000e+01 2.175151192189200139e-02 4.061553434394589435e-02 1.631022726283791731e-05 7.977586175093344389e-05
2.700000000000000000e+01 1.856965580301743815e-02 3.400462418912441470e-02 1.627761494629353632e-05 7.873979440341783678e-05
2.800000000000000000e+01 1.923678856487036348e-02 2.888111672663771709e-02 1.621618082163666771e-05 7.729276897924261893e-05
2.900000000000000000e+01 1.614104533972238881e-02 2.479311521391298553e-02 1.613243179705284294e-05 7.555703018442160761e-05
3.000000000000000000e+01 1.457206275354738616e-02 2.197777009578810031e-02 1.604101334314992657e-05 7.367372124350831460e-05
3.100000000000000000e+01 1.505139453047365031e-02 2.038848886026440460e-02 1.595898355796061029e-05 7.184441297572292614e-05
3.200000000000000000e+01 1.634203499252346453e-02 1.980059676867849949e-02 1.589311934229464761e-05 7.013350715435558082e-05
3.300000000000000000e+01 1.491342078289951967e-02 2.004255727799911235e-02 1.583819036243057460e-05 6.856442807705666104e-05
3.400000000000000000e+01 1.303459160176968258e-02 2.087052663077249362e-02 1.578806052030639259e-05 6.717328927641304703e-05
3.500000000000000000e+01 1.045787960060749061e-02 2.250852347095211314e-02 1.574016931879131296e-05 6.592543418871943232e-05
3.600000000000000000e+01 8.954722731616602399e-03 2.445265206633143867e-02 1.569388650695009035e-05 6.483210223680950491e-05
3.700000000000000000e+01 1.048236423506095430e-02 2.609284768180627351e-02 1.565065775944491391e-05 6.389760190220478283e-05
3.800000000000000000e+01 1.153431507034579674e-02 2.681374023111511920e-02 1.561161011699146097e-05 6.314534386376810006e-05
3.900000000000000000e+01 1.228079432018088467e-02 2.652288727445190758e-02 1.557704819875658066e-05 6.251905343046843954e-05
4.000000000000000000e+01 1.422543143018044007e-02 2.519360268392012783e-02 1.554414214676907559e-05 6.205004844223015734e-05
4.100000000000000000e+01 1.566552466982931713e-02 2.313139307923267607e-02 1.550365027798078903e-05 6.172123965804684012e-05
4.200000000000000000e+01 1.642655920119615379e-02 2.074331979023322919e-02 1.543768961629687916e-05 6.143384134453096983e-05
4.300000000000000000e+01 1.464516501639575620e-02 1.832115025492553340e-02 1.531766862246408575e-05 6.101476847733004527e-05
4.400000000000000000e+01 1.217499682642262868e-02 1.627515503849017234e-02 1.511108619961443564e-05 6.035056623520308370e-05
4.500000000000000000e+01 1.157703655023014505e-02 1.470579504941024393e-02 1.479775046827067140e-05 5.929877679623996251e-05
4.600000000000000000e+01 1.020190061754071634e-02 1.375662622365862210e-02 1.438914033108527916e-05 5.788889234508040154e-05
4.700000000000000000e+01 8.904687619875712931e-03 1.364493171388274362e-02 1.393901192775477035e-05 5.632802776598555577e-05
