# freqs 	 pli 	 dpli 	 meanpower(thalamus)	 meanpower(scalp)	pli
8.000000000000000000e+00 -1.755572316575203587e-02 -1.361147590858401840e-02 8.248931766245432584e+01 5.912995331296210111e+01
9.000000000000000000e+00 -1.898127211263943639e-02 -1.655519018080177721e-02 7.861170234119781242e+01 5.971880252157193780e+01
1.000000000000000000e+01 -1.305147704520706782e-02 -1.191818082954168058e-02 7.800675201727825936e+01 5.324960378065520672e+01
1.100000000000000000e+01 2.503822473133279249e-03 -5.984549605073637493e-03 8.212357125236255229e+01 4.661714089203977807e+01
1.200000000000000000e+01 -1.679289526318144057e-03 -2.243636244730300155e-02 8.606231663296678391e+01 4.279870297564855264e+01
1.300000000000000000e+01 -3.743442715310555616e-03 -2.870929988363225480e-02 8.568559386460900384e+01 4.099670924589856469e+01
1.400000000000000000e+01 1.053834654429147612e-03 -2.270329731795476397e-02 8.472923590840426300e+01 4.001305121318118552e+01
1.500000000000000000e+01 -5.901659970670669782e-03 -3.204441225906703994e-02 8.459970420943274405e+01 3.941475139286317386e+01
1.600000000000000000e+01 -7.912130037668300628e-03 -4.122706637323294426e-02 8.327029208202269217e+01 3.885015530719120846e+01
1.700000000000000000e+01 -6.449694384294516088e-03 -3.766734762516609630e-02 8.012750394881553007e+01 3.820903214219804767e+01
1.800000000000000000e+01 -4.998514918320507219e-03 -3.062765651201848280e-02 7.678538133248711972e+01 3.757381092619323937e+01
1.900000000000000000e+01 -9.722950391701241923e-03 -2.760047659337212800e-02 7.441539038951903251e+01 3.702017808732399118e+01
2.000000000000000000e+01 -1.238969336155573871e-02 -2.858171601236725312e-02 7.343163536052585982e+01 3.651156209804906894e+01
2.100000000000000000e+01 -1.667599810500021429e-02 -3.109746813591986181e-02 7.357818643856118968e+01 3.603499770398011748e+01
2.200000000000000000e+01 -1.563207755249156755e-02 -3.116623347243345846e-02 7.491352582560988083e+01 3.573704559171241613e+01
2.300000000000000000e+01 -1.139700842640003174e-02 -2.234705708036867008e-02 7.854351668240749973e+01 3.571886394518499230e+01
2.400000000000000000e+01 -2.896981241334706421e-03 7.977193772754229356e-04 8.497035207574906224e+01 3.586639142930425805e+01
2.500000000000000000e+01 8.277123683416659147e-03 3.238650967663148778e-02 9.200706447491575091e+01 3.589068897827501559e+01
2.600000000000000000e+01 1.658576051779935348e-02 5.944763737102868456e-02 9.607625122148778019e+01 3.561419908065085593e+01
2.700000000000000000e+01 2.087950617442799195e-02 7.302766285552478309e-02 9.540984802165093015e+01 3.506183602352011519e+01
2.800000000000000000e+01 1.953751061646496340e-02 7.146642674431503972e-02 9.101475725758736246e+01 3.440600458141865658e+01
2.900000000000000000e+01 1.702761920217144703e-02 5.898546408320308465e-02 8.538996704800534587e+01 3.380025740756193642e+01
3.000000000000000000e+01 1.167587271874457808e-02 4.263120886038231083e-02 8.091808415100932450e+01 3.329989964665959690e+01
3.100000000000000000e+01 7.522402373602661042e-03 2.820021358883953444e-02 7.898826990160625883e+01 3.289508128007432219e+01
3.200000000000000000e+01 3.186411775120740700e-03 1.783376149260839511e-02 7.974669786404993488e+01 3.257129712519261489e+01
3.300000000000000000e+01 3.664218150393373872e-03 1.109568950493805203e-02 8.247708437119283076e+01 3.231143149880323051e+01
3.400000000000000000e+01 4.374831968503347865e-03 7.189512498054610908e-03 8.608906266455952050e+01 3.210562169974917168e+01
3.500000000000000000e+01 4.833798758794190069e-03 5.323174353823758448e-03 8.940698775830692568e+01 3.193822111482215931e+01
3.600000000000000000e+01 5.113027776813212737e-03 4.716785072315337994e-03 9.151261671022449207e+01 3.179418860240260969e+01
3.700000000000000000e+01 5.298115110096113592e-03 4.577743838307504580e-03 9.190953112382899803e+01 3.166423531037302297e+01
3.800000000000000000e+01 3.995033432515216615e-03 4.435716409930503742e-03 9.059000612902255511e+01 3.155233880185074824e+01
3.900000000000000000e+01 3.708492923764293656e-03 4.018186604306027941e-03 8.785380910707051783e+01 3.144988040353406333e+01
4.000000000000000000e+01 3.912952545179823084e-03 3.375406828512058505e-03 8.423026581032756610e+01 3.135154577457592495e+01
4.100000000000000000e+01 2.957691411173512912e-03 2.553599377394799152e-03 8.024788516906097868e+01 3.123691569890184283e+01
4.200000000000000000e+01 1.699498575930044782e-03 1.596562719746181212e-03 7.632551025748969664e+01 3.106791562302841569e+01
4.300000000000000000e+01 1.551785646676005846e-04 5.281710983471928252e-04 7.265863409579216636e+01 3.078592606813732147e+01
4.400000000000000000e+01 -7.607635784570094184e-04 -5.697298475210214007e-04 6.924589356921296712e+01 3.032291298051549688e+01
4.500000000000000000e+01 -1.762570506817635581e-03 -1.693450619726010950e-03 6.595425277257591290e+01 2.963640772513503308e+01
4.600000000000000000e+01 -2.796887563414856507e-03 -2.866537708241647352e-03 6.270847740364096978e+01 2.874795389284057734e+01
4.700000000000000000e+01 -3.203666690815800376e-03 -4.145395108890937569e-03 5.958309378754080399e+01 2.776232073849120852e+01
