# freqs 	 pli 	 dpli 	 meanpower(thalamus)	 meanpower(scalp)	pli
8.000000000000000000e+00 -8.017718804910258304e-03 -9.104329785157859499e-04 4.489448660940500649e-05 1.010992554083626203e-04
9.000000000000000000e+00 -7.745791901342015048e-03 -2.923022704198342814e-02 4.207226224693969241e-05 8.819571971306288771e-05
1.000000000000000000e+01 -1.247308479002392882e-02 -3.241073036407678132e-02 4.146160786209553974e-05 7.821984754429345960e-05
1.100000000000000000e+01 -1.924228952348783217e-02 -4.521787729300282693e-02 4.267697724636296345e-05 7.033319528545807118e-05
1.200000000000000000e+01 -1.921693393962484522e-02 -4.630553749008042147e-02 4.417186394191108820e-05 6.448024589233686645e-05
1.300000000000000000e+01 -3.685079570494901278e-03 3.351213341111366345e-02 4.544862389620848867e-05 6.047883713398323344e-05
1.400000000000000000e+01 1.719731129129808272e-02 1.401424020646673818e-01 4.789877443947699866e-05 5.737964004607456526e-05
1.500000000000000000e+01 1.593967139512842204e-02 1.758287532628954319e-01 4.876211937886884914e-05 5.421025274440476201e-05
1.600000000000000000e+01 1.873140172278778270e-02 1.385976463602189290e-01 4.620026983736066515e-05 5.086032925547165318e-05
1.700000000000000000e+01 1.080226712801145642e-02 7.609556563585966049e-02 4.210306034372116295e-05 4.787053289568738985e-05
1.800000000000000000e+01 3.847185313406636074e-03 2.951312245907613402e-02 3.888651558590397429e-05 4.554978245266698336e-05
1.900000000000000000e+01 -2.123278669373092689e-03 5.572625994588182100e-03 3.720321690380057388e-05 4.384989356817894294e-05
2.000000000000000000e+01 -5.192489604812750882e-03 -5.788440540210619892e-03 3.651443663222639715e-05 4.252552094370436289e-05
2.100000000000000000e+01 -1.198596556631891311e-02 -9.289259730018867636e-03 3.619619056178941517e-05 4.148032493533323405e-05
2.200000000000000000e+01 -1.157672086981062325e-02 -6.393217226876448701e-03 3.600641787437326789e-05 4.066218881092552404e-05
2.300000000000000000e+01 -1.128647396021542149e-03 1.105789073493514260e-03 3.585880327271097622e-05 3.998279000758166868e-05
2.400000000000000000e+01 3.785935906195502139e-03 1.012831597102834685e-02 3.573526177556024942e-05 3.935945121034647765e-05
2.500000000000000000e+01 5.561748165821883173e-03 1.722221088529906838e-02 3.571023809649614110e-05 3.873170041268652095e-05
2.600000000000000000e+01 5.766520177024151220e-03 2.080128380679432606e-02 3.582557010234813208e-05 3.808433154183408999e-05
2.700000000000000000e+01 6.406086844070943420e-03 2.172363953888222649e-02 3.610867937918674475e-05 3.739678589645359255e-05
2.800000000000000000e+01 8.167386580952023037e-03 2.208604952445456307e-02 3.655329666389355177e-05 3.665844029269010445e-05
2.900000000000000000e+01 8.297483578499399021e-03 2.319372753025753311e-02 3.708367700036304759e-05 3.586374667015604833e-05
3.000000000000000000e+01 8.187600972223426504e-03 2.483736023999143228e-02 3.753345720028481445e-05 3.503830019705554693e-05
3.100000000000000000e+01 8.368543211160111087e-03 2.625129863702008529e-02 3.772132718183110049e-05 3.424809650070720005e-05
3.200000000000000000e+01 1.204606016296139517e-02 2.712804678476120335e-02 3.755645367088652012e-05 3.353320496050395116e-05
3.300000000000000000e+01 1.260237930613347830e-02 2.768845319781828782e-02 3.702750704071689744e-05 3.289618388581759528e-05
3.400000000000000000e+01 1.395598239141903653e-02 2.811522961193258646e-02 3.621736541877531256e-05 3.232649894380008242e-05
3.500000000000000000e+01 1.380974520751120961e-02 2.768506127586452259e-02 3.524196030738592175e-05 3.180699077647530760e-05
3.600000000000000000e+01 1.287427535988338624e-02 2.565743264199934690e-02 3.420723557247434176e-05 3.132362629069887218e-05
3.700000000000000000e+01 1.031719519733987657e-02 2.162419059040423044e-02 3.321000308076712285e-05 3.087090272912375359e-05
3.800000000000000000e+01 9.010944739139192458e-03 1.613097719659860665e-02 3.230475760970938430e-05 3.045938045348322578e-05
3.900000000000000000e+01 5.629564852184369174e-03 1.032768275887970336e-02 3.150451311734304380e-05 3.009108135267929998e-05
4.000000000000000000e+01 2.772069198208698855e-03 5.466948047673882323e-03 3.079755314121364275e-05 2.977138560185961633e-05
4.100000000000000000e+01 1.906785954173896883e-04 2.242675816057194873e-03 3.015457907141439148e-05 2.949099587024955015e-05
4.200000000000000000e+01 -2.777729885883193565e-04 6.578102377378357030e-04 2.953904785205592191e-05 2.920876891264751060e-05
4.300000000000000000e+01 -8.428973446817966718e-05 2.040610568356949334e-04 2.888638019098214193e-05 2.885580286000066378e-05
4.400000000000000000e+01 1.835512425854202677e-03 4.332054194480460495e-04 2.813415053227786116e-05 2.836435766078734423e-05
4.500000000000000000e+01 1.998522165601681645e-03 9.504277361228730516e-04 2.723992846168433028e-05 2.769007202276017624e-05
4.600000000000000000e+01 1.753816919884150461e-03 1.662563138838879994e-03 2.621338887519449488e-05 2.684745143836640723e-05
4.700000000000000000e+01 1.972213029613801866e-03 2.667303405421291365e-03 2.513690541611828815e-05 2.592282039342249408e-05
