# freqs 	 pli 	 dpli 	 meanpower(thalamus)	 meanpower(scalp)	pli
8.000000000000000000e+00 -1.574194414583877585e-02 -5.768304671980047094e-02 4.455996691811897500e-05 2.035631371089568944e-04
9.000000000000000000e+00 -4.102312968411174487e-02 -1.190878644397030395e-01 4.236979530076012392e-05 1.850681516228189390e-04
1.000000000000000000e+01 -3.806928588620964171e-02 -1.142135195719461566e-01 4.096842115521997656e-05 1.749212253973618275e-04
1.100000000000000000e+01 -3.027152435068126979e-02 -7.669301234181695459e-02 4.062456519597178043e-05 1.770586075941797059e-04
1.200000000000000000e+01 -2.645226319405419649e-02 -6.042134609593015349e-02 3.952544634656840103e-05 1.864253512736891100e-04
1.300000000000000000e+01 -2.827526353608320747e-02 -6.915878711616024743e-02 3.762490053124521337e-05 1.928408129317190961e-04
1.400000000000000000e+01 -3.294717509677209943e-02 -9.018683610324157440e-02 3.570088210216453310e-05 1.829251945651452869e-04
1.500000000000000000e+01 -3.306668983527141781e-02 -9.320276743656193130e-02 3.416324866700643127e-05 1.584439457999554718e-04
1.600000000000000000e+01 -2.710257328253523265e-02 -7.307658378351915285e-02 3.312419410006177135e-05 1.327616323863171520e-04
1.700000000000000000e+01 -1.896700567360097220e-02 -4.819011249998270130e-02 3.251628121088127350e-05 1.139958134060890479e-04
1.800000000000000000e+01 -1.346669226089570147e-02 -3.102820298181159162e-02 3.214251598040195789e-05 1.021958239560932617e-04
1.900000000000000000e+01 -1.096929127261580400e-02 -2.401722390584136793e-02 3.188376764303418713e-05 9.475677125260283757e-05
2.000000000000000000e+01 -1.133486416779163480e-02 -2.543212168598853531e-02 3.169713221899582098e-05 8.967336215794377769e-05
2.100000000000000000e+01 -1.316735171861486108e-02 -3.183650027237380775e-02 3.157796104469101162e-05 8.598966632057196662e-05
2.200000000000000000e+01 -1.569142314857632087e-02 -4.032903937131932653e-02 3.149816416808236280e-05 8.322161804668396217e-05
2.300000000000000000e+01 -1.793867075325622853e-02 -4.868353030982391916e-02 3.140966753542736266e-05 8.093320968608189896e-05
2.400000000000000000e+01 -1.899795456053528578e-02 -5.514841794317666690e-02 3.127638791010352401e-05 7.873183255157515466e-05
2.500000000000000000e+01 -1.982256433139250457e-02 -5.944062333609043819e-02 3.109062273525813085e-05 7.642097727719512619e-05
2.600000000000000000e+01 -1.986775954668177149e-02 -6.253390035393051327e-02 3.087202957124884981e-05 7.396883087023396340e-05
2.700000000000000000e+01 -1.990607144539887144e-02 -6.542299969817289007e-02 3.065611371836604896e-05 7.142421500595974484e-05
2.800000000000000000e+01 -1.959704907817485728e-02 -6.840925297124601789e-02 3.047371431706510749e-05 6.885028620959163714e-05
2.900000000000000000e+01 -1.888142490927625233e-02 -7.117047753196294180e-02 3.033560458345972198e-05 6.630657775141753389e-05
3.000000000000000000e+01 -1.860436544013898894e-02 -7.289909699134522469e-02 3.023290665668570054e-05 6.387276869786908512e-05
3.100000000000000000e+01 -1.818892339380389495e-02 -7.292776146059479214e-02 3.014779728159564055e-05 6.161109175548315205e-05
3.200000000000000000e+01 -1.809157625776536965e-02 -7.089738583863049171e-02 3.006731239239124044e-05 5.953794053611710413e-05
3.300000000000000000e+01 -1.810419425603461419e-02 -6.686970299000409568e-02 2.998450401431995417e-05 5.763810343217813886e-05
3.400000000000000000e+01 -1.711277170588093588e-02 -6.137628593219547624e-02 2.989874787081773486e-05 5.588466109624240128e-05
3.500000000000000000e+01 -1.542804516658947966e-02 -5.513764145262588234e-02 2.980961963121563570e-05 5.425373294894111372e-05
3.600000000000000000e+01 -1.400898896536734335e-02 -4.894351380156435755e-02 2.971679575873052091e-05 5.273164261288976754e-05
3.700000000000000000e+01 -1.321616234651395126e-02 -4.334544526136371173e-02 2.962387093754378854e-05 5.130536058465195813e-05
3.800000000000000000e+01 -1.245995695035201009e-02 -3.854759255036130372e-02 2.953260592631297746e-05 4.997004480086111151e-05
3.900000000000000000e+01 -1.208134748419928753e-02 -3.438095833870655899e-02 2.944328885427090848e-05 4.872063794431292307e-05
4.000000000000000000e+01 -1.168946550400132463e-02 -3.066207808101725427e-02 2.935383061756850529e-05 4.754674472428036707e-05
4.100000000000000000e+01 -1.140863141485006470e-02 -2.725323050993572194e-02 2.925113828651655409e-05 4.642770866705025486e-05
4.200000000000000000e+01 -1.065569391082140001e-02 -2.413189951094827160e-02 2.910290318127197303e-05 4.531759112208469842e-05
4.300000000000000000e+01 -1.002335738522910219e-02 -2.134623256323802537e-02 2.885308802096507556e-05 4.414353285104672059e-05
4.400000000000000000e+01 -9.263443743844194250e-03 -1.900128785653100102e-02 2.844107757909497059e-05 4.282224329786007343e-05
4.500000000000000000e+01 -8.874805981602101185e-03 -1.711042256311799334e-02 2.783021416037140581e-05 4.129422363085356916e-05
4.600000000000000000e+01 -8.380878590328079414e-03 -1.565019379274748892e-02 2.704555146230312873e-05 3.957463964112452212e-05
4.700000000000000000e+01 -8.033357994529644053e-03 -1.456688190938992128e-02 2.619174130944936974e-05 3.778017472570439184e-05
