# freqs 	 pli 	 dpli 	 meanpower(thalamus)	 meanpower(scalp)	pli
8.000000000000000000e+00 -7.035587838204508671e-02 -1.409325508276720318e-01 4.173502342156756157e-05 3.491380506984851544e-04
9.000000000000000000e+00 -7.066243021808545077e-02 -1.517933746088470370e-01 4.146256913010504702e-05 3.703817927879218754e-04
1.000000000000000000e+01 -5.121334022347272252e-02 -1.088010657314128771e-01 4.025486782276534777e-05 3.355657186787069490e-04
1.100000000000000000e+01 -2.208599654088983649e-02 -2.673244785920886324e-02 3.870786863327467081e-05 2.748029511784583602e-04
1.200000000000000000e+01 4.040652369125565229e-04 2.243389737396233111e-02 3.730853027700188374e-05 2.335927644027576669e-04
1.300000000000000000e+01 8.229652479942502902e-03 3.479165065731482098e-02 3.630290789862369811e-05 2.123510288742902746e-04
1.400000000000000000e+01 4.617028172081268957e-03 2.224221484794013104e-02 3.575077954659001446e-05 2.007621160194694493e-04
1.500000000000000000e+01 -8.457231375572320589e-03 -7.360332946623415751e-03 3.547854956476124700e-05 1.938116738843978872e-04
1.600000000000000000e+01 -2.239693477486040182e-02 -4.059912917105868574e-02 3.515392155793911134e-05 1.894492411595418346e-04
1.700000000000000000e+01 -3.298387313590176589e-02 -6.659679970478900313e-02 3.458429729053490842e-05 1.862909078967078802e-04
1.800000000000000000e+01 -3.930194907523378717e-02 -8.173215787571894153e-02 3.391838952190439905e-05 1.829553459049247383e-04
1.900000000000000000e+01 -4.065623688687310805e-02 -8.652890657158972265e-02 3.339991640814039527e-05 1.787880028998522434e-04
2.000000000000000000e+01 -3.876758344851284621e-02 -8.424867976893886390e-02 3.310861247861468911e-05 1.737853903797725928e-04
2.100000000000000000e+01 -3.492751515519981753e-02 -7.908891083366867414e-02 3.297636240341455995e-05 1.683589499042422225e-04
2.200000000000000000e+01 -3.201079502051241976e-02 -7.373287254959044745e-02 3.289138403065424207e-05 1.628333723962375221e-04
2.300000000000000000e+01 -2.957754286401637761e-02 -6.878898046868260618e-02 3.278802217743135113e-05 1.571097098264040654e-04
2.400000000000000000e+01 -2.864505115496280424e-02 -6.380124033381079363e-02 3.263569820030285258e-05 1.508700409181511074e-04
2.500000000000000000e+01 -2.714499458347420166e-02 -5.813143419997938988e-02 3.244206684175809967e-05 1.441097992899074390e-04
2.600000000000000000e+01 -2.518652316132749883e-02 -5.150491099686585472e-02 3.223226767471079867e-05 1.371675486351028124e-04
2.700000000000000000e+01 -2.218343796078114938e-02 -4.432976919930734644e-02 3.202685863292151913e-05 1.306718747137061265e-04
2.800000000000000000e+01 -1.885836484532409096e-02 -3.757169644872095093e-02 3.184286608191158933e-05 1.249531605740781984e-04
2.900000000000000000e+01 -1.663805985709044047e-02 -3.212014284661963287e-02 3.168891175906625571e-05 1.202174329764160233e-04
3.000000000000000000e+01 -1.497645734992790294e-02 -2.813741189807924745e-02 3.156163220589413323e-05 1.163873804814830938e-04
3.100000000000000000e+01 -1.400829774819377718e-02 -2.503411576509431691e-02 3.145386475975291938e-05 1.134556006942232079e-04
3.200000000000000000e+01 -1.284923465720125800e-02 -2.218966574449940735e-02 3.136290370765298366e-05 1.112279954552616347e-04
3.300000000000000000e+01 -1.188595932730182256e-02 -1.941714235803222374e-02 3.128618379023150622e-05 1.094992315742787176e-04
3.400000000000000000e+01 -1.044391459253599455e-02 -1.690137088826014836e-02 3.122212725171793867e-05 1.082520323297797425e-04
3.500000000000000000e+01 -1.005819324678394397e-02 -1.495126668380755870e-02 3.116668490798199970e-05 1.072582488485272425e-04
3.600000000000000000e+01 -9.746603470098655700e-03 -1.360610546295246137e-02 3.111508844460183771e-05 1.064953301957022991e-04
3.700000000000000000e+01 -8.602869663141186896e-03 -1.276304076888180351e-02 3.106013552995724947e-05 1.059153747536622977e-04
3.800000000000000000e+01 -7.968934838644589971e-03 -1.227035903757701420e-02 3.099912536247116939e-05 1.055576976611451422e-04
3.900000000000000000e+01 -7.605055823347663807e-03 -1.207601413183894724e-02 3.092880614678417323e-05 1.052495106270316872e-04
4.000000000000000000e+01 -7.175002483491317931e-03 -1.213455506000692130e-02 3.084442739431444985e-05 1.050128065562537142e-04
4.100000000000000000e+01 -6.787540284455269128e-03 -1.235891050407585470e-02 3.073305385495706617e-05 1.047672877322193389e-04
4.200000000000000000e+01 -6.596214922449876450e-03 -1.261220023685495281e-02 3.056375455846818988e-05 1.043761256663109803e-04
4.300000000000000000e+01 -6.635182515685948690e-03 -1.277652915402899443e-02 3.028336250212175946e-05 1.035435122508676268e-04
4.400000000000000000e+01 -6.275489401382434648e-03 -1.269002985657416427e-02 2.983172542510481904e-05 1.021944861434862569e-04
4.500000000000000000e+01 -5.978613360379170759e-03 -1.232198474284898135e-02 2.917330090410181649e-05 1.000978193833344581e-04
4.600000000000000000e+01 -5.436686391171396959e-03 -1.163518110495571391e-02 2.833713572324947599e-05 9.732475107631953840e-05
4.700000000000000000e+01 -4.860563127400186791e-03 -1.061452834998220102e-02 2.743518808589111106e-05 9.424071052920107380e-05
