# freqs 	 pli 	 dpli 	 meanpower(thalamus)	 meanpower(scalp)	pli
8.000000000000000000e+00 2.504907057103045870e-02 3.406148671191246841e-02 3.392716538066998990e-05 8.604034810639319439e-05
9.000000000000000000e+00 -1.111255764709330983e-02 -1.844923584708318270e-02 3.280819032317117194e-05 8.127887476072249311e-05
1.000000000000000000e+01 -1.480928712748430000e-02 -2.069978753661416704e-02 3.454485983699175425e-05 7.986471793756410079e-05
1.100000000000000000e+01 -1.247412886516692347e-02 -2.495158311323463461e-03 3.567271614160483217e-05 8.059192401072686146e-05
1.200000000000000000e+01 -1.449262884560911964e-02 -3.462641211003938957e-02 3.500938441146991700e-05 8.069557702700294697e-05
1.300000000000000000e+01 -2.496090310597603654e-02 -9.197640799066615636e-02 3.448042741228492849e-05 7.939796411681285953e-05
1.400000000000000000e+01 -4.283464837935277436e-02 -1.352929776974994558e-01 3.457763286920631821e-05 7.743540860115451826e-05
1.500000000000000000e+01 -3.745282588741527530e-02 -1.243609195887745017e-01 3.423874229999425818e-05 7.455649197000869947e-05
1.600000000000000000e+01 -2.290858925886809019e-02 -7.888824358093107780e-02 3.354531025701090377e-05 7.104119139223821213e-05
1.700000000000000000e+01 -1.573439501947666505e-02 -3.939575685268413563e-02 3.324150205884226307e-05 6.728204239018893110e-05
1.800000000000000000e+01 -7.944163876751971984e-03 -1.571284618419538023e-02 3.332833016045597818e-05 6.409253468529339142e-05
1.900000000000000000e+01 1.290280431835628006e-03 -5.199057071389821989e-03 3.353420378967207573e-05 6.174852620470995155e-05
2.000000000000000000e+01 4.714349931111185173e-03 -4.505319600165307026e-03 3.375082875926423902e-05 5.981098404379231150e-05
2.100000000000000000e+01 -1.802126973896229535e-03 -4.775303015652537265e-03 3.403542772971627855e-05 5.782102959098072185e-05
2.200000000000000000e+01 -2.436966269155878186e-03 1.935205064326771512e-03 3.456874826716606141e-05 5.574905127581348109e-05
2.300000000000000000e+01 4.566704386012395214e-03 1.945969992575518823e-02 3.585968233758514613e-05 5.386175869307921184e-05
2.400000000000000000e+01 1.999182113720557666e-02 5.078209117150386809e-02 3.849819438239108642e-05 5.237124093457544259e-05
2.500000000000000000e+01 3.172856464217205935e-02 9.188832627469704917e-02 4.228197323599991881e-05 5.130420449193194153e-05
2.600000000000000000e+01 4.030421647678906344e-02 1.290069215568617200e-01 4.602081387987007728e-05 5.041910276249896960e-05
2.700000000000000000e+01 4.305292161389621952e-02 1.499900924855872841e-01 4.839050999328134580e-05 4.938818237218909593e-05
2.800000000000000000e+01 4.105753689132111278e-02 1.514639026451392867e-01 4.873554231684774712e-05 4.803903348722494775e-05
2.900000000000000000e+01 3.708035766425864938e-02 1.365966875523127733e-01 4.722167977633572663e-05 4.641953868088534311e-05
3.000000000000000000e+01 3.051225307711662518e-02 1.106469290157542779e-01 4.456803567545373178e-05 4.472220029827220016e-05
3.100000000000000000e+01 2.227019451965161004e-02 7.984572175923163040e-02 4.159653659348057245e-05 4.310874456195365115e-05
3.200000000000000000e+01 1.429026505208910204e-02 5.011605502210996627e-02 3.890690103479882520e-05 4.168943523075231038e-05
3.300000000000000000e+01 6.585511188500169089e-03 2.602435964021801440e-02 3.679336366139118031e-05 4.047950055965701395e-05
3.400000000000000000e+01 3.880641095645783064e-04 9.376692372701752112e-03 3.530498658137516812e-05 3.947354375549012412e-05
3.500000000000000000e+01 -3.074360724419318309e-03 -5.567950989179145608e-04 3.434867828233828556e-05 3.865041729743794874e-05
3.600000000000000000e+01 -5.733005733005732719e-03 -5.798669898461211898e-03 3.380035193868280164e-05 3.797207560031286327e-05
3.700000000000000000e+01 -6.162903595499251430e-03 -8.296232577286465765e-03 3.354248392409077314e-05 3.739361191399465984e-05
3.800000000000000000e+01 -6.128154746422810953e-03 -9.345644480738756268e-03 3.346718751029453300e-05 3.687716152486702174e-05
3.900000000000000000e+01 -4.362269204027502574e-03 -9.601559339735235565e-03 3.349440716411184902e-05 3.639733469354775589e-05
4.000000000000000000e+01 -2.263462969591314728e-03 -9.482283012798525465e-03 3.357234792633156088e-05 3.593485764739490776e-05
4.100000000000000000e+01 -1.536391008936817447e-03 -9.333973471451163448e-03 3.365112501107606925e-05 3.546097681191874156e-05
4.200000000000000000e+01 -2.572295935051458621e-03 -9.451057363434121894e-03 3.366059124570592442e-05 3.494299779566860419e-05
4.300000000000000000e+01 -3.698372767479724856e-03 -9.984435599083131899e-03 3.353262648630331522e-05 3.432596386968435158e-05
4.400000000000000000e+01 -5.031129146046932864e-03 -1.090909398520232762e-02 3.319629614901124397e-05 3.354791702778343041e-05
4.500000000000000000e+01 -5.229212528482601874e-03 -1.210538763943405996e-02 3.261026749691523771e-05 3.256752496107104798e-05
4.600000000000000000e+01 -6.513769026384626237e-03 -1.342704656645331285e-02 3.180782025432254230e-05 3.139750646050900646e-05
4.700000000000000000e+01 -7.367435505975903839e-03 -1.469402024171182278e-02 3.091636268569559722e-05 3.013222061847937251e-05
