# freqs 	 pli 	 dpli 	 meanpower(thalamus)	 meanpower(scalp)	pli
8.000000000000000000e+00 1.057837463803073391e-02 1.827736717030977939e-02 1.726825603571909712e-04 1.629416831532464534e-04
9.000000000000000000e+00 2.278753790935296106e-02 3.863466071711003924e-02 1.822948743841650888e-04 1.629407884626689698e-04
1.000000000000000000e+01 4.278135225599923042e-02 8.453274707522907827e-02 1.906227927448291915e-04 1.723321718944244784e-04
1.100000000000000000e+01 5.397123965880194774e-02 9.362115002031556887e-02 2.167341338028319620e-04 1.900122473747290820e-04
1.200000000000000000e+01 4.224147014510049730e-02 6.364448216257667656e-02 2.173711732685168875e-04 2.162328812748134455e-04
1.300000000000000000e+01 9.604850086144096910e-03 -1.406463645669381833e-02 1.956933652816688295e-04 2.535182374440452685e-04
1.400000000000000000e+01 -2.555749855597419171e-02 -8.470054934840029470e-02 1.801622155850896706e-04 2.654483081711709789e-04
1.500000000000000000e+01 -5.148759570112276113e-02 -1.164173615531622907e-01 1.701381330827524629e-04 2.420070537912685066e-04
1.600000000000000000e+01 -6.070390369742106190e-02 -1.035276028493740952e-01 1.578730566713405239e-04 2.087357109892732201e-04
1.700000000000000000e+01 -5.506910845194409876e-02 -5.758931820855477807e-02 1.435363608799358683e-04 1.830263086276866181e-04
1.800000000000000000e+01 -4.421481435769671758e-02 -1.649373983461309770e-02 1.305489082714712150e-04 1.661186826503348443e-04
1.900000000000000000e+01 -3.927473173389148947e-02 -7.447159534447678024e-03 1.203583898480068516e-04 1.541733418603431099e-04
2.000000000000000000e+01 -4.273918995716770308e-02 -2.587683715751572938e-02 1.124872585033303229e-04 1.446773053710313697e-04
2.100000000000000000e+01 -4.685885454384122045e-02 -5.220117140956911927e-02 1.062591259562220558e-04 1.365606578543928479e-04
2.200000000000000000e+01 -4.807621998040901429e-02 -7.104690115236052261e-02 1.010713040238241908e-04 1.294034918552089538e-04
2.300000000000000000e+01 -4.492045089291855919e-02 -7.675908166415279510e-02 9.609879581105209407e-05 1.230310696660736995e-04
2.400000000000000000e+01 -3.862242839134517880e-02 -7.105106692296950244e-02 9.089176513959859236e-05 1.173413649057436021e-04
2.500000000000000000e+01 -3.171295267797573370e-02 -5.872833173426983411e-02 8.561412992173416195e-05 1.122942647582734571e-04
2.600000000000000000e+01 -2.477246852675255018e-02 -4.430960733738879137e-02 8.063215248690297021e-05 1.078004557816164192e-04
2.700000000000000000e+01 -1.819181293554472667e-02 -3.043033028732073167e-02 7.624106004937279983e-05 1.037887088394047377e-04
2.800000000000000000e+01 -1.215578129214818330e-02 -1.823591452030333751e-02 7.245667355221516767e-05 1.000950852158577768e-04
2.900000000000000000e+01 -6.726904626554568341e-03 -8.267957303275352138e-03 6.912960439239029700e-05 9.658704854424651905e-05
3.000000000000000000e+01 -3.528491540932513978e-03 -7.171422357294441425e-04 6.612370554073503776e-05 9.317496456913017494e-05
3.100000000000000000e+01 -1.257759998319901793e-03 4.708566010872710685e-03 6.337796792052019599e-05 8.981952758056123052e-05
3.200000000000000000e+01 7.638992663436016458e-04 8.609448265592100843e-03 6.086772877148764733e-05 8.646052810101923630e-05
3.300000000000000000e+01 2.771601568801545200e-03 1.153359808588809779e-02 5.856105106927656493e-05 8.307763191302587071e-05
3.400000000000000000e+01 3.575926480345382498e-03 1.373124562333664055e-02 5.643185018476955207e-05 7.967090862517568403e-05
3.500000000000000000e+01 3.922276815303900495e-03 1.510963120619866241e-02 5.445893244638608759e-05 7.626811202894836941e-05
3.600000000000000000e+01 5.046468094301674243e-03 1.550471880943703369e-02 5.262297980596436172e-05 7.293456284025875112e-05
3.700000000000000000e+01 6.262367767709648043e-03 1.478560073619065128e-02 5.092500374801589959e-05 6.974111293585522932e-05
3.800000000000000000e+01 5.805693600311417554e-03 1.293594608323106118e-02 4.937580290775594094e-05 6.675367449007697969e-05
3.900000000000000000e+01 4.972064539542507891e-03 1.013764922141139301e-02 4.798342088232381616e-05 6.401542396805921700e-05
4.000000000000000000e+01 3.561365705555308118e-03 6.729943138800217363e-03 4.673532712962210256e-05 6.154579232311290242e-05
4.100000000000000000e+01 2.690088908875944759e-03 3.108072085779133280e-03 4.559793660380241973e-05 5.930981129543072224e-05
4.200000000000000000e+01 1.493788066622344594e-03 -4.252735359590790304e-04 4.451080044407828732e-05 5.723142972231897547e-05
4.300000000000000000e+01 1.584455093827953078e-04 -3.725258612777768586e-03 4.338330522238073014e-05 5.518516040712914949e-05
4.400000000000000000e+01 -1.088117276833071431e-03 -6.756758974060531747e-03 4.211490267101059449e-05 5.304273193551339670e-05
4.500000000000000000e+01 -2.742919327383542931e-03 -9.559129915926480037e-03 4.063799532393235419e-05 5.070735175064739549e-05
4.600000000000000000e+01 -4.493617389481888678e-03 -1.216682704845298627e-02 3.896448806699682641e-05 4.817004100762950367e-05
4.700000000000000000e+01 -4.986314580290159178e-03 -1.456208076471587030e-02 3.720842028662001404e-05 4.553755840497665812e-05
