# freqs 	 pli 	 dpli 	 meanpower(thalamus)	 meanpower(scalp)	pli
8.000000000000000000e+00 -2.484947377784658615e-02 -1.270475959329105120e-01 1.034290899446710301e-04 1.884391471595661790e-04
9.000000000000000000e+00 -8.386482091565276853e-02 -2.079729167428894521e-01 9.866140037782011375e-05 1.375691556439045677e-04
1.000000000000000000e+01 -6.196158678492098143e-02 -1.465824442392984761e-01 9.589972897848755731e-05 1.205350756914603800e-04
1.100000000000000000e+01 -3.719953515337053040e-02 -9.740775701278103771e-02 9.525678025975541747e-05 1.161505545781889043e-04
1.200000000000000000e+01 -2.025731456360911273e-02 -4.680213171342924999e-02 1.017819966356663358e-04 1.166147667989679955e-04
1.300000000000000000e+01 -1.814392356543316834e-02 -1.111302160503103119e-02 1.132345894725802251e-04 1.201594488845218240e-04
1.400000000000000000e+01 -6.738135620339850800e-03 4.913324086757821577e-03 1.165540678353606561e-04 1.234139446973621455e-04
1.500000000000000000e+01 8.803716121021997604e-03 2.388190057683312398e-02 1.124578668380141129e-04 1.241109799657530519e-04
1.600000000000000000e+01 2.006548823240549007e-02 4.213558463518115443e-02 1.092024294859048506e-04 1.234613320776527321e-04
1.700000000000000000e+01 2.955892241081359631e-02 5.334228577493534129e-02 1.091127428748341250e-04 1.231886657742803923e-04
1.800000000000000000e+01 3.834097359747323797e-02 6.356701263535974311e-02 1.099355719507444802e-04 1.238201706892854770e-04
1.900000000000000000e+01 3.968596126150505943e-02 7.030610339956358534e-02 1.095612859931855039e-04 1.251793806476071593e-04
2.000000000000000000e+01 3.854166214983172772e-02 7.217089009576040104e-02 1.078608990033175230e-04 1.275470040381053167e-04
2.100000000000000000e+01 4.029779319259365472e-02 7.147414640731936109e-02 1.058998649169700187e-04 1.310794358304878660e-04
2.200000000000000000e+01 3.412570324417276563e-02 6.122155658233897901e-02 1.050301587602565305e-04 1.352607769741887933e-04
2.300000000000000000e+01 1.327934141619769789e-02 2.337573270903503184e-02 1.074199987257980628e-04 1.399287518978821921e-04
2.400000000000000000e+01 -2.925553175039526804e-02 -4.750242955577519549e-02 1.153326120990922640e-04 1.450639450918895037e-04
2.500000000000000000e+01 -6.945623177691909178e-02 -1.191160601633699939e-01 1.272567459920009901e-04 1.491910697491089291e-04
2.600000000000000000e+01 -9.681014727668210695e-02 -1.585911281666735340e-01 1.370232021699916911e-04 1.496094355386224034e-04
2.700000000000000000e+01 -9.986663026381596697e-02 -1.590740500799846802e-01 1.388711903788680715e-04 1.449407682990596583e-04
2.800000000000000000e+01 -8.266802248914308093e-02 -1.290947490245711871e-01 1.319011834406217114e-04 1.361040510040981448e-04
2.900000000000000000e+01 -5.417073182453897850e-02 -8.236002179499458953e-02 1.195691628304677303e-04 1.253709961470660128e-04
3.000000000000000000e+01 -2.664498944135150829e-02 -3.393780080717044567e-02 1.064918117417607306e-04 1.146564879124105011e-04
3.100000000000000000e+01 -5.611396998560658905e-03 3.904746396408942735e-03 9.570179916890223524e-05 1.053105662100249987e-04
3.200000000000000000e+01 7.053226087392239392e-03 2.603029999548214096e-02 8.796386248515271247e-05 9.778136232623438188e-05
3.300000000000000000e+01 1.183799212786032160e-02 3.401295619011799470e-02 8.264823774204023237e-05 9.199614246203085155e-05
3.400000000000000000e+01 1.190933629487975209e-02 3.273500024043809326e-02 7.885591925188370911e-05 8.783651062023263762e-05
3.500000000000000000e+01 1.020730682584364626e-02 2.677624968287839816e-02 7.597945927273533340e-05 8.474286295730145216e-05
3.600000000000000000e+01 1.012489741880246742e-02 1.983468971450125587e-02 7.372264369837435750e-05 8.249824932855309224e-05
3.700000000000000000e+01 9.515803114628301404e-03 1.399356240723599425e-02 7.195282091881245181e-05 8.087778726384725755e-05
3.800000000000000000e+01 9.460115699595946989e-03 1.007896674940534330e-02 7.055335517475897508e-05 7.978874188428951807e-05
3.900000000000000000e+01 9.353262167890350268e-03 7.641809009189893913e-03 6.937651734393394921e-05 7.889638823306810130e-05
4.000000000000000000e+01 7.713903531265365286e-03 6.261561440233402373e-03 6.828406828009414261e-05 7.818575263326446557e-05
4.100000000000000000e+01 6.516658211218082780e-03 5.544840967454902313e-03 6.716466907868883841e-05 7.757357107263813652e-05
4.200000000000000000e+01 4.941442240635764670e-03 5.282171592612672044e-03 6.592473829398634523e-05 7.693914735727598847e-05
4.300000000000000000e+01 4.347696247982054014e-03 5.391121807895383859e-03 6.447200664837804429e-05 7.598347799686373685e-05
4.400000000000000000e+01 4.330629028543100945e-03 5.921815204632775546e-03 6.272990642296174190e-05 7.474834382099883551e-05
4.500000000000000000e+01 4.109798501983698109e-03 6.645853008870226779e-03 6.066308422891482973e-05 7.300936632967651874e-05
4.600000000000000000e+01 3.099553943891082165e-03 7.279539137085660333e-03 5.833662683817891618e-05 7.082032592455812423e-05
4.700000000000000000e+01 2.532370016832059985e-03 7.460388768026709159e-03 5.595393281542832578e-05 6.843313207196341909e-05
