# freqs 	 pli 	 dpli 	 meanpower(thalamus)	 meanpower(scalp)	pli
8.000000000000000000e+00 -8.431285644178297678e-02 -1.633272884900649202e-01 1.509974503602817461e-04 2.763356130485059513e-04
9.000000000000000000e+00 -5.914412085061199892e-02 -9.014694626771345420e-02 1.232551918956412346e-04 2.253431844688304837e-04
1.000000000000000000e+01 -1.260616638898385232e-02 -2.320979316666386613e-03 1.178309574673953820e-04 1.971665329934507553e-04
1.100000000000000000e+01 1.231762813250476124e-02 3.869047021149960713e-02 1.295166780020843103e-04 1.782594359469136887e-04
1.200000000000000000e+01 1.789247945057914971e-02 1.370857729337827784e-02 1.277535707580863366e-04 1.686232606058021171e-04
1.300000000000000000e+01 1.020149957295926960e-02 -3.713266228410598557e-02 1.117973510012694455e-04 1.753092819802445045e-04
1.400000000000000000e+01 1.081175313433079682e-02 -6.348867099682502235e-02 9.616764000007628043e-05 1.832374249115389724e-04
1.500000000000000000e+01 1.142449429226976947e-02 -4.722550842096209095e-02 8.499713078234964400e-05 1.743418772636508318e-04
1.600000000000000000e+01 1.624147657616921078e-02 -5.182221648461383424e-03 7.712349028724983183e-05 1.524752811829628248e-04
1.700000000000000000e+01 2.237469172832100284e-02 3.622260420468324804e-02 7.180664256185236938e-05 1.299507079607286296e-04
1.800000000000000000e+01 2.904310014245830088e-02 5.994846970884758902e-02 6.872682365953241635e-05 1.138626038660512133e-04
1.900000000000000000e+01 3.075983729542675418e-02 6.489944829295035689e-02 6.733261298477493035e-05 1.042576411066632963e-04
2.000000000000000000e+01 2.922315912687230288e-02 6.151483317844064214e-02 6.730032453817711704e-05 9.849868300182164891e-05
2.100000000000000000e+01 2.767535319937706670e-02 5.678276689743105149e-02 6.828451529202974766e-05 9.431698569286798119e-05
2.200000000000000000e+01 2.617639697465731080e-02 5.250106349278473028e-02 6.929241491600332916e-05 9.055596875013962612e-05
2.300000000000000000e+01 2.392231235733709160e-02 4.917294844891891697e-02 6.902152888677786735e-05 8.691134888624820148e-05
2.400000000000000000e+01 2.246233234854454197e-02 4.644112557879010589e-02 6.700878082717734961e-05 8.344366567253194212e-05
2.500000000000000000e+01 2.161789129942234475e-02 4.373642826569506398e-02 6.377495665427439610e-05 8.031439520987057070e-05
2.600000000000000000e+01 2.002218297979353745e-02 4.096233745092007356e-02 6.015768753041890216e-05 7.760513440757255534e-05
2.700000000000000000e+01 1.915254084672495319e-02 3.854453496162252302e-02 5.681218903440265095e-05 7.522095238489989494e-05
2.800000000000000000e+01 1.809165533781224161e-02 3.682758568853323339e-02 5.405227401276450162e-05 7.297977517018709346e-05
2.900000000000000000e+01 1.812149351671158565e-02 3.575922129692332002e-02 5.192339956062128092e-05 7.070474874807685154e-05
3.000000000000000000e+01 1.699992054736804842e-02 3.487823815673866956e-02 5.036205641038680883e-05 6.834536147834811934e-05
3.100000000000000000e+01 1.574342933404686284e-02 3.362520112204501338e-02 4.926750355873948695e-05 6.595392826278298872e-05
3.200000000000000000e+01 1.478076999551971964e-02 3.178096340786461943e-02 4.851603614263531303e-05 6.363062117275009044e-05
3.300000000000000000e+01 1.333588968599948819e-02 2.950218906039881600e-02 4.797026336908636945e-05 6.146944078328197550e-05
3.400000000000000000e+01 1.217653563123292926e-02 2.716342730173924858e-02 4.748541973212416935e-05 5.952139751837745606e-05
3.500000000000000000e+01 1.156359266660519393e-02 2.511842339503952623e-02 4.695815196574307633e-05 5.780157920219096738e-05
3.600000000000000000e+01 1.217065663421446585e-02 2.357575993790593169e-02 4.634259708958813804e-05 5.630545602480226092e-05
3.700000000000000000e+01 1.153617691249339723e-02 2.260992983249183325e-02 4.564837408671673652e-05 5.499979065406494457e-05
3.800000000000000000e+01 1.198351695675951151e-02 2.220520063713996711e-02 4.491127904675104230e-05 5.385357169301531628e-05
3.900000000000000000e+01 1.263308807570617809e-02 2.232133240931102186e-02 4.417324373045854386e-05 5.283640269721918530e-05
4.000000000000000000e+01 1.326993581450830462e-02 2.290512316130201287e-02 4.345446533020224164e-05 5.191361772130494357e-05
4.100000000000000000e+01 1.391845015559759619e-02 2.382569050575484432e-02 4.275439545577709710e-05 5.103364015857877231e-05
4.200000000000000000e+01 1.409277227361559887e-02 2.490045713951805767e-02 4.203850623753298575e-05 5.012431848035088657e-05
4.300000000000000000e+01 1.476190533824676444e-02 2.593197943772385106e-02 4.123527913729319597e-05 4.909237940750860835e-05
4.400000000000000000e+01 1.554611075793492329e-02 2.678163174613166012e-02 4.026417639665106274e-05 4.784205991181648184e-05
4.500000000000000000e+01 1.544887270753323404e-02 2.743635356519045707e-02 3.908055279060197436e-05 4.631019467520393112e-05
4.600000000000000000e+01 1.517843761230842393e-02 2.795843106405342116e-02 3.772136980982731939e-05 4.452340608481744535e-05
4.700000000000000000e+01 1.537301562745505175e-02 2.843311708661696788e-02 3.633039131269781384e-05 4.262812177267836578e-05
