# freqs 	 pli 	 dpli 	 meanpower(thalamus)	 meanpower(scalp)	pli
8.000000000000000000e+00 7.181392233709549267e-02 1.615031832398121092e-01 1.063039940235728059e-04 2.272573850205600809e-04
9.000000000000000000e+00 1.097910334414646943e-01 2.602607911655251405e-01 9.691873653589001326e-05 2.439224038720604287e-04
1.000000000000000000e+01 1.369560259361991827e-01 3.167179910012042909e-01 9.245518651293001397e-05 2.400463029525000533e-04
1.100000000000000000e+01 1.194938026274546816e-01 2.742179504774546750e-01 9.005290955726338018e-05 2.283779939128354017e-04
1.200000000000000000e+01 7.411678314736080964e-02 1.703191675358022572e-01 8.877017547350973803e-05 2.117461827391348204e-04
1.300000000000000000e+01 3.398066196866426220e-02 7.791187092805308689e-02 8.806390151613949083e-05 1.931578394733595404e-04
1.400000000000000000e+01 7.991625549604686879e-03 2.158899983010089535e-02 8.711576191160953666e-05 1.743615636789232735e-04
1.500000000000000000e+01 -9.300956843730551551e-03 -1.527479424703889754e-02 8.531237077719497016e-05 1.554488488474035609e-04
1.600000000000000000e+01 -2.100305333593191839e-02 -3.689724884707757530e-02 8.328352553864291311e-05 1.368809026212750089e-04
1.700000000000000000e+01 -2.220564245250037164e-02 -4.291208309888977501e-02 8.153944473029446768e-05 1.199506415774170088e-04
1.800000000000000000e+01 -1.952484263695283828e-02 -4.110057271650741084e-02 8.017664754058630942e-05 1.058898714231733962e-04
1.900000000000000000e+01 -1.662840659410300473e-02 -3.389829285224250921e-02 7.917833560452391408e-05 9.514201705651187456e-05
2.000000000000000000e+01 -1.075459892937971444e-02 -2.097001902046018509e-02 7.839585525000312581e-05 8.717351689955844818e-05
2.100000000000000000e+01 -5.907662413625594001e-03 -8.775230305873878492e-03 7.764314478581417196e-05 8.122665438653380921e-05
2.200000000000000000e+01 -2.973326225806906687e-03 -3.024826249329560894e-03 7.686217196589686875e-05 7.659223003318909922e-05
2.300000000000000000e+01 -1.395960618278971549e-03 -2.976746183698066473e-03 7.603940898574527616e-05 7.288421244310530525e-05
2.400000000000000000e+01 -8.640338794182287219e-04 -5.436198967695566632e-03 7.524493409254098700e-05 6.984520462117032875e-05
2.500000000000000000e+01 -2.552365955125650027e-03 -8.818534721139796584e-03 7.459231456457257115e-05 6.740664949830053149e-05
2.600000000000000000e+01 -3.796887016343336932e-03 -1.331436142188905346e-02 7.423609757856564192e-05 6.555599951581674359e-05
2.700000000000000000e+01 -7.733598380152631978e-03 -2.086931736247436137e-02 7.446166531162412929e-05 6.425847804484973857e-05
2.800000000000000000e+01 -1.322708072552219484e-02 -3.576780353272362989e-02 7.575966415545693996e-05 6.340823736860575529e-05
2.900000000000000000e+01 -2.416627566841018579e-02 -6.194113474452883628e-02 7.841740201939347444e-05 6.285524432143644832e-05
3.000000000000000000e+01 -3.462028853191874422e-02 -9.800344600752947111e-02 8.194092063785781007e-05 6.239810048701999884e-05
3.100000000000000000e+01 -4.515653967237305555e-02 -1.352861883031370449e-01 8.516721367790781221e-05 6.194529476893134083e-05
3.200000000000000000e+01 -5.149947907635644972e-02 -1.629183351727565843e-01 8.697522153416846458e-05 6.144297339990867661e-05
3.300000000000000000e+01 -5.206030348153049131e-02 -1.739316127178370253e-01 8.680334080241713230e-05 6.088648718097359515e-05
3.400000000000000000e+01 -4.935486538054367767e-02 -1.674424973439625486e-01 8.476042877559300168e-05 6.035799527410315511e-05
3.500000000000000000e+01 -4.475103772601580349e-02 -1.477130942938867098e-01 8.141497895755800624e-05 5.987485265742490694e-05
3.600000000000000000e+01 -3.901018023557423914e-02 -1.210503561418137392e-01 7.746015003039806500e-05 5.949026619721971141e-05
3.700000000000000000e+01 -3.451717084776634303e-02 -9.359276228272639386e-02 7.349976955055142482e-05 5.922172871206647936e-05
3.800000000000000000e+01 -2.933770367827025216e-02 -6.957920402349607181e-02 6.994250641416770967e-05 5.909109033917966643e-05
3.900000000000000000e+01 -2.381394210171981080e-02 -5.104491616923874375e-02 6.697362380242502251e-05 5.905116648226245896e-05
4.000000000000000000e+01 -1.901535035393303250e-02 -3.784233984508333232e-02 6.460758172284875153e-05 5.908341014165017851e-05
4.100000000000000000e+01 -1.532939534241977569e-02 -2.889916066165394357e-02 6.273829454203164202e-05 5.913232627398302618e-05
4.200000000000000000e+01 -1.192561833912911609e-02 -2.292934799651164673e-02 6.118252655232964967e-05 5.910362971419237752e-05
4.300000000000000000e+01 -9.707080637193764641e-03 -1.875500318002621888e-02 5.972018773988128280e-05 5.885605388276018567e-05
4.400000000000000000e+01 -8.790506575584446439e-03 -1.570951341014924230e-02 5.813739187654362134e-05 5.829605786597586483e-05
4.500000000000000000e+01 -7.201101034370179996e-03 -1.332698960574047083e-02 5.629632717660342070e-05 5.731570091699661929e-05
4.600000000000000000e+01 -6.456593085135619095e-03 -1.137721653364040519e-02 5.419011906946996290e-05 5.595061268754689452e-05
4.700000000000000000e+01 -5.413974554734718447e-03 -9.772817889161452415e-03 5.197557252970490233e-05 5.439852124983283040e-05
