# freqs 	 pli 	 dpli 	 meanpower(thalamus)	 meanpower(scalp)	pli
8.000000000000000000e+00 -3.926376855677626149e-02 -8.649899339590672032e-02 4.423857461099089499e-05 2.878179771373574089e-04
9.000000000000000000e+00 -2.795144363408656740e-02 -6.239381078990421936e-02 5.092919079439895639e-05 3.273360169572241563e-04
1.000000000000000000e+01 -1.429133979159404738e-02 -2.265122046191267446e-02 7.335208199870717975e-05 4.093644937842048285e-04
1.100000000000000000e+01 -2.450897896902097181e-02 -6.158970891740573467e-03 9.433787950751888524e-05 4.798264741551360900e-04
1.200000000000000000e+01 -8.789241429565623764e-02 -1.679048756130446240e-01 9.779058650196026283e-05 5.111781285831368043e-04
1.300000000000000000e+01 -1.469633902367589451e-01 -3.850582285760416612e-01 9.128747140790081514e-05 5.209448956533736970e-04
1.400000000000000000e+01 -1.561598356050024894e-01 -4.167837509802764240e-01 7.567117002888508329e-05 4.794532128341480025e-04
1.500000000000000000e+01 -1.196443668172375990e-01 -3.023899764909094290e-01 5.747258967671063981e-05 4.036654662144249133e-04
1.600000000000000000e+01 -6.994276348886435679e-02 -1.573621084705393580e-01 4.459960369568968157e-05 3.346774779456949782e-04
1.700000000000000000e+01 -3.586124255606016470e-02 -7.497424672359837006e-02 3.805335371551505161e-05 2.852449957386112836e-04
1.800000000000000000e+01 -2.068665227884431898e-02 -4.640758103024220788e-02 3.529750447273775102e-05 2.504520127599063248e-04
1.900000000000000000e+01 -1.782085442418648163e-02 -3.698213377687623038e-02 3.454946220728726610e-05 2.249101474826047011e-04
2.000000000000000000e+01 -1.539067207723277507e-02 -3.151135599567989054e-02 3.494920011367174095e-05 2.053532788394153946e-04
2.100000000000000000e+01 -7.739956891028870571e-03 -2.120882874445393501e-02 3.554734797404660788e-05 1.892031509508041950e-04
2.200000000000000000e+01 2.816394720585207231e-03 -4.081893783656001811e-04 3.559622663000893116e-05 1.749607966764056641e-04
2.300000000000000000e+01 1.326951131869612797e-02 2.678345304268517010e-02 3.508454662379596907e-05 1.620273493461193873e-04
2.400000000000000000e+01 2.335646647989277069e-02 4.876883066122450483e-02 3.434073605629355881e-05 1.502848841386037327e-04
2.500000000000000000e+01 2.751182152130175751e-02 5.641943505641697221e-02 3.352498903982961519e-05 1.395904638095697540e-04
2.600000000000000000e+01 2.347912232678768182e-02 5.018780351884936236e-02 3.258493296383511241e-05 1.298023222505231020e-04
2.700000000000000000e+01 1.851891416608765495e-02 3.739866931955342089e-02 3.149271490664748777e-05 1.209434571402226731e-04
2.800000000000000000e+01 1.336984666621245099e-02 2.594450047637000822e-02 3.036493462701463244e-05 1.131219514820132040e-04
2.900000000000000000e+01 9.848045426955451612e-03 2.014877914771098094e-02 2.935412558611163656e-05 1.063684078724762809e-04
3.000000000000000000e+01 9.880143647033250848e-03 2.004535603695750332e-02 2.853586348486787411e-05 1.005786385146815559e-04
3.100000000000000000e+01 1.162758447512142988e-02 2.288007737239079742e-02 2.785848290610006318e-05 9.553989756884732551e-05
3.200000000000000000e+01 1.317647667757232584e-02 2.542054753130551861e-02 2.723586768150447880e-05 9.102013411467927491e-05
3.300000000000000000e+01 1.300076396440933042e-02 2.529891671353195343e-02 2.660426336812397223e-05 8.687522843233988154e-05
3.400000000000000000e+01 1.106972798111518705e-02 2.154490655598638102e-02 2.594494577992188580e-05 8.307242641609512211e-05
3.500000000000000000e+01 6.734982799623718402e-03 1.428728119588567637e-02 2.529993649460293779e-05 7.965113700856173617e-05
3.600000000000000000e+01 1.734336839693923068e-03 4.650989544710451562e-03 2.471808734614163765e-05 7.668490269189753524e-05
3.700000000000000000e+01 -3.745175722735665479e-03 -5.722541211420894940e-03 2.423110899646288232e-05 7.419228306172126269e-05
3.800000000000000000e+01 -8.281337257743243141e-03 -1.516697198821885181e-02 2.383663052167806496e-05 7.208616775358100580e-05
3.900000000000000000e+01 -1.175924616129797769e-02 -2.262837181877720011e-02 2.351827099758523997e-05 7.022643694025528687e-05
4.000000000000000000e+01 -1.477399310784901880e-02 -2.768923935285550961e-02 2.324305856521786175e-05 6.847653019902929280e-05
4.100000000000000000e+01 -1.613955028802605343e-02 -3.055495701699388264e-02 2.297638804224834283e-05 6.673222152419079341e-05
4.200000000000000000e+01 -1.650391569177221338e-02 -3.171875443989901483e-02 2.267849188813370501e-05 6.491967372878233733e-05
4.300000000000000000e+01 -1.595633410387350265e-02 -3.170059128926345365e-02 2.230732045930671620e-05 6.295779532404674700e-05
4.400000000000000000e+01 -1.536668949531520140e-02 -3.103038321288092635e-02 2.181687470953311652e-05 6.076685662133307891e-05
4.500000000000000000e+01 -1.485961808591145482e-02 -2.998571391834635447e-02 2.118809492820794815e-05 5.829372084431898115e-05
4.600000000000000000e+01 -1.504950830275427441e-02 -2.871256464442622017e-02 2.044503315098687056e-05 5.557808904013832209e-05
4.700000000000000000e+01 -1.492277128435646680e-02 -2.724750064002753533e-02 1.967043144800301914e-05 5.279163255676527170e-05
