# freqs 	 pli 	 dpli 	 meanpower(thalamus)	 meanpower(scalp)	pli
8.000000000000000000e+00 3.245338417881855897e-02 8.437996209778839130e-02 8.283787328904663354e-05 2.345362178053672262e-04
9.000000000000000000e+00 4.985808943498867135e-02 8.183465237286625948e-02 7.479927572866185354e-05 2.193737021706911950e-04
1.000000000000000000e+01 4.809407483922628623e-02 8.468364117764487498e-02 7.517770895132561235e-05 1.981897452392191675e-04
1.100000000000000000e+01 4.214287129167179624e-02 6.716317820611783507e-02 7.903810575492904950e-05 1.775491797051940209e-04
1.200000000000000000e+01 2.710131013131269334e-02 3.891159336119132117e-02 8.025270270979501951e-05 1.628473332374673322e-04
1.300000000000000000e+01 1.513268426504768560e-02 3.233235018484426765e-02 7.841478049779659974e-05 1.525088900424359495e-04
1.400000000000000000e+01 7.998703033617259386e-03 2.578297039576309471e-02 7.373895873145032615e-05 1.448502688398338554e-04
1.500000000000000000e+01 3.447896461733788564e-03 1.879819677230761335e-02 6.795770199105771769e-05 1.393647840324021008e-04
1.600000000000000000e+01 4.068802942342060990e-03 1.861203505683888329e-02 6.328075424639738474e-05 1.355972751777183359e-04
1.700000000000000000e+01 6.235379485623637752e-03 2.323220954377933425e-02 6.026749037746566181e-05 1.332254333327531702e-04
1.800000000000000000e+01 8.374215462224913684e-03 2.719623753625129495e-02 5.840688624700613715e-05 1.316790790112329921e-04
1.900000000000000000e+01 1.104486561446886041e-02 3.055124491566062889e-02 5.714001491917501788e-05 1.303381118590514790e-04
2.000000000000000000e+01 1.296211576585408302e-02 3.427648985268456905e-02 5.615488352929619796e-05 1.286962246047178564e-04
2.100000000000000000e+01 1.656300784046406752e-02 3.658344049228808015e-02 5.542920271218559338e-05 1.264268893340229948e-04
2.200000000000000000e+01 1.607182137136476188e-02 3.595365464914353909e-02 5.488709084060086130e-05 1.233844882853396617e-04
2.300000000000000000e+01 1.401171182749233642e-02 3.232682912503665601e-02 5.436008704757742656e-05 1.195180926121791457e-04
2.400000000000000000e+01 1.149140817798516637e-02 2.616160603843340621e-02 5.383863498055521917e-05 1.148485972823316619e-04
2.500000000000000000e+01 1.051811472015362105e-02 1.875926685454627069e-02 5.334229895049799505e-05 1.095646818117745024e-04
2.600000000000000000e+01 8.927898467037041069e-03 1.165071400891437049e-02 5.282750326188050702e-05 1.039403773450784670e-04
2.700000000000000000e+01 5.921674962386933201e-03 5.996865122768963059e-03 5.225118727669276158e-05 9.829351427782648991e-05
2.800000000000000000e+01 3.357698243979149056e-03 2.323345617951625298e-03 5.158015325823397512e-05 9.286505225179295261e-05
2.900000000000000000e+01 1.873039722312888709e-03 3.987504458597663864e-04 5.085122227118515914e-05 8.778093977604210470e-05
3.000000000000000000e+01 9.061097687262685075e-04 -6.460770693516260056e-04 5.012439752920909826e-05 8.312832772150655623e-05
3.100000000000000000e+01 1.458180733024063325e-04 -1.833080752445315426e-03 4.945010608541503195e-05 7.891779260337578505e-05
3.200000000000000000e+01 -4.066276433217218435e-05 -3.765348140259906946e-03 4.884228130012557883e-05 7.510763035268485559e-05
3.300000000000000000e+01 -1.787518533286363079e-03 -6.422505030892098135e-03 4.828275496019973260e-05 7.164922758974604465e-05
3.400000000000000000e+01 -4.132024605020660074e-03 -9.341945564835189841e-03 4.776931605883888681e-05 6.849409963613049422e-05
3.500000000000000000e+01 -5.383304578068549839e-03 -1.203784072220993005e-02 4.729140528831748551e-05 6.560080308936784284e-05
3.600000000000000000e+01 -6.604159434270168508e-03 -1.416302532604030336e-02 4.684085014221497917e-05 6.293701016611265926e-05
3.700000000000000000e+01 -7.296185326439875302e-03 -1.555879658614030790e-02 4.639964059960994587e-05 6.047854053816427005e-05
3.800000000000000000e+01 -6.854853596861636665e-03 -1.622233063929535979e-02 4.597133393547207916e-05 5.821269828324344048e-05
3.900000000000000000e+01 -6.962252640785827548e-03 -1.634159596140805776e-02 4.554311559161524633e-05 5.612216556508568480e-05
4.000000000000000000e+01 -6.418530429245099950e-03 -1.610219366059665105e-02 4.510841668088196661e-05 5.418188681334455513e-05
4.100000000000000000e+01 -5.882932842201119179e-03 -1.560926379710658903e-02 4.464877909636266366e-05 5.235279327796155824e-05
4.200000000000000000e+01 -5.842635554132383745e-03 -1.484516042673073369e-02 4.413044817234433500e-05 5.057742916499587945e-05
4.300000000000000000e+01 -5.721681987050258530e-03 -1.377485799482920832e-02 4.348159432897836488e-05 4.877664329758796421e-05
4.400000000000000000e+01 -4.849073695178166520e-03 -1.239039331093885754e-02 4.262204079065788571e-05 4.686467961071720729e-05
4.500000000000000000e+01 -4.188754453470829725e-03 -1.075870165333253636e-02 4.149657381988744329e-05 4.477802521239055599e-05
4.600000000000000000e+01 -4.008107669699581717e-03 -8.951157394297384190e-03 4.013572553993316065e-05 4.252847804582370078e-05
4.700000000000000000e+01 -3.919736461295699609e-03 -6.993000967179778191e-03 3.868254952450661451e-05 4.022813251574219629e-05
