# freqs 	 pli 	 dpli 	 meanpower(thalamus)	 meanpower(scalp)	pli
8.000000000000000000e+00 -2.086752327629272114e-03 -1.712091818606212984e-02 6.198700169006108338e-05 1.168166380607592992e-04
9.000000000000000000e+00 -3.744653165467480560e-02 -8.649902994552910451e-02 5.516429449324509993e-05 1.032503152060720207e-04
1.000000000000000000e+01 -3.381896840140295041e-02 -1.008958863163405550e-01 5.142083119094454903e-05 9.109174856476711052e-05
1.100000000000000000e+01 -2.790399609697965730e-02 -4.992236917713566841e-02 5.210529640197466368e-05 8.113723924596920605e-05
1.200000000000000000e+01 -9.614206920038278342e-03 5.533560559836518157e-03 5.306220227866644039e-05 7.360375237883990068e-05
1.300000000000000000e+01 3.265135989440411286e-04 9.162887749677658261e-03 5.132189835665155239e-05 6.929358877911219136e-05
1.400000000000000000e+01 4.737226407365852619e-03 -1.279058952921703976e-02 4.844981948413695826e-05 6.683552580672282115e-05
1.500000000000000000e+01 6.029643857195450367e-03 -1.629388730545136207e-02 4.549004799537008858e-05 6.354210491165300978e-05
1.600000000000000000e+01 1.376914624203921973e-02 1.244271684427867815e-03 4.320101660793986524e-05 5.925913776383105340e-05
1.700000000000000000e+01 1.859379682717486951e-02 1.546488411876763454e-02 4.189201470092225382e-05 5.514456155220753830e-05
1.800000000000000000e+01 1.546486808857918532e-02 1.896142484095854341e-02 4.126449463398429435e-05 5.199556718224834458e-05
1.900000000000000000e+01 1.491894263120170129e-02 1.843236743045011117e-02 4.097207386711964895e-05 4.979535558225491813e-05
2.000000000000000000e+01 7.089188840345600137e-03 1.597630085896982119e-02 4.094782864333983065e-05 4.813788483687164347e-05
2.100000000000000000e+01 3.022056619378071362e-03 1.067750152276430997e-02 4.117824903903726734e-05 4.682004633713852173e-05
2.200000000000000000e+01 1.845435959860792499e-03 3.869155875761651989e-03 4.161971317671509418e-05 4.574278908992969309e-05
2.300000000000000000e+01 2.802195767865946555e-03 -2.709920635497153809e-03 4.215532906895171289e-05 4.481040975721416821e-05
2.400000000000000000e+01 8.243718179685804136e-04 -8.726545074075867450e-03 4.265447499984597002e-05 4.397131228112311651e-05
2.500000000000000000e+01 -3.698345661152203749e-03 -1.361567905911780993e-02 4.304119539040765334e-05 4.317803578052556825e-05
2.600000000000000000e+01 -5.574586569307324671e-03 -1.508062912620834924e-02 4.339316806029833309e-05 4.239295944784555705e-05
2.700000000000000000e+01 -4.274901910167861439e-03 -1.131538767523957052e-02 4.387265505966322660e-05 4.157166093501452140e-05
2.800000000000000000e+01 -1.383852851929684435e-03 -3.718552058692436296e-03 4.454684823178516170e-05 4.068344172408793402e-05
2.900000000000000000e+01 2.456564356656320419e-03 3.916231637954453206e-03 4.533661891209229923e-05 3.971525061390067998e-05
3.000000000000000000e+01 6.023419457834125988e-03 8.228088451514630960e-03 4.603440359324569025e-05 3.873960392078842153e-05
3.100000000000000000e+01 7.100285850635540755e-03 8.393549265861079828e-03 4.638559484701819749e-05 3.781746042229349928e-05
3.200000000000000000e+01 6.261299212331847969e-03 5.663731095060456876e-03 4.624307275749363095e-05 3.700308317980350383e-05
3.300000000000000000e+01 6.236765004496272295e-03 2.351025503611883175e-03 4.562788745091189262e-05 3.630821944973035211e-05
3.400000000000000000e+01 7.346241512883218416e-03 5.595814456927118707e-04 4.467167220482003880e-05 3.570321361673339252e-05
3.500000000000000000e+01 8.580805807594456963e-03 8.377760912459536469e-04 4.354116962934185213e-05 3.515448900922355879e-05
3.600000000000000000e+01 8.460805413061676938e-03 2.701403678405900691e-03 4.240395385145155291e-05 3.463969618484919486e-05
3.700000000000000000e+01 8.033942538586859652e-03 5.025835559203706976e-03 4.136739623270173165e-05 3.414588655164256970e-05
3.800000000000000000e+01 8.094483541473981511e-03 6.914089578965253342e-03 4.048083790284157812e-05 3.367756419063448102e-05
3.900000000000000000e+01 6.750425155311838045e-03 7.841090195407804733e-03 3.975234382262971103e-05 3.325385556325278688e-05
4.000000000000000000e+01 5.941269610285480028e-03 8.027766376664954850e-03 3.915980097159695250e-05 3.288395057048896396e-05
4.100000000000000000e+01 3.533562096477419878e-03 7.890168345193966648e-03 3.864561893871173857e-05 3.255796961130454965e-05
4.200000000000000000e+01 3.350233765233259775e-03 7.825436523820858067e-03 3.814325256907141477e-05 3.224094715003702642e-05
4.300000000000000000e+01 3.956915935999846291e-03 8.071627380264879970e-03 3.756021138208569683e-05 3.185821423463316553e-05
4.400000000000000000e+01 3.885162452927541123e-03 8.687596601286245307e-03 3.680126594523786627e-05 3.132497026374259395e-05
4.500000000000000000e+01 4.777653859218466102e-03 9.650350933949617543e-03 3.580785909692420579e-05 3.058684916531846014e-05
4.600000000000000000e+01 5.057704775481386243e-03 1.092454660932046760e-02 3.460525222859280747e-05 2.965595365220808160e-05
4.700000000000000000e+01 6.170245704049361762e-03 1.245236405369295508e-02 3.331613005633827531e-05 2.862123163243288895e-05
