# freqs 	 pli 	 dpli 	 meanpower(thalamus)	 meanpower(scalp)	pli
8.000000000000000000e+00 -3.201038925920998007e-02 -1.296158906881579309e-01 3.596064406873296093e+02 5.108380708019467420e+01
9.000000000000000000e+00 -6.153729726825275803e-02 -2.219110456383640573e-01 3.425925924269650977e+02 5.131532876756920558e+01
1.000000000000000000e+01 -6.835492204876238154e-02 -2.210574393389030945e-01 3.107613280657415658e+02 4.907010635165537593e+01
1.100000000000000000e+01 -7.705801459031962064e-02 -2.090016133742604865e-01 3.253944889171332875e+02 4.752435801371511559e+01
1.200000000000000000e+01 -9.584328869602215528e-02 -2.747133971420539500e-01 3.982871231092438506e+02 4.915610472567416878e+01
1.300000000000000000e+01 -1.133588018211656168e-01 -3.861268495799277112e-01 4.690873681333641230e+02 5.399121351700025428e+01
1.400000000000000000e+01 -1.216367277734068664e-01 -4.712369812829702020e-01 4.652337215326122646e+02 5.577604243177444943e+01
1.500000000000000000e+01 -1.171351625980796424e-01 -4.538516732555598621e-01 3.817061221446645618e+02 5.109183388385264379e+01
1.600000000000000000e+01 -9.250327210205401551e-02 -3.360410150469971824e-01 2.810254483258866571e+02 4.438217968267402824e+01
1.700000000000000000e+01 -6.254903278593093585e-02 -1.974622502886997089e-01 2.087192617556861478e+02 3.972844874834539297e+01
1.800000000000000000e+01 -3.924555842021773544e-02 -1.169579146102109612e-01 1.693470911835970867e+02 3.744271653044302184e+01
1.900000000000000000e+01 -2.733899167623355178e-02 -8.194424696537766506e-02 1.491239353271742516e+02 3.633159622392915367e+01
2.000000000000000000e+01 -2.089597065658620884e-02 -6.278595699507297234e-02 1.363857002500277531e+02 3.563190085178975153e+01
2.100000000000000000e+01 -1.704250697411312243e-02 -4.856006544116100304e-02 1.267935803296327890e+02 3.508954482934438346e+01
2.200000000000000000e+01 -1.239777247414478901e-02 -3.659790467306338335e-02 1.200772313487047285e+02 3.462744949522012661e+01
2.300000000000000000e+01 -8.848997331420220200e-03 -2.670670958098026598e-02 1.168215807359276681e+02 3.423566650726679939e+01
2.400000000000000000e+01 -8.127162819721589493e-03 -1.967211133981066826e-02 1.161752967238927852e+02 3.392007314487482006e+01
2.500000000000000000e+01 -8.267073409872750106e-03 -1.737447821668705594e-02 1.159523356272224959e+02 3.367245548758935314e+01
2.600000000000000000e+01 -9.233997981095854596e-03 -2.089257912536014034e-02 1.145021342699784554e+02 3.346229711016803066e+01
2.700000000000000000e+01 -1.036778229010340384e-02 -2.823959493863841680e-02 1.112882962020231474e+02 3.324962699302994906e+01
2.800000000000000000e+01 -1.164212643824108842e-02 -3.509619494340589230e-02 1.065548469315535272e+02 3.300324827803727601e+01
2.900000000000000000e+01 -1.264225343579283324e-02 -3.826053010038359820e-02 1.010324340203993074e+02 3.271407437908595739e+01
3.000000000000000000e+01 -1.279533035226868357e-02 -3.719827825812356548e-02 9.552024971630018513e+01 3.240617878185324940e+01
3.100000000000000000e+01 -1.148134437516724199e-02 -3.336759800581613755e-02 9.063846013439038529e+01 3.211677420407625760e+01
3.200000000000000000e+01 -1.006744115237509681e-02 -2.848821601454162508e-02 8.670798534878608166e+01 3.186555478490347681e+01
3.300000000000000000e+01 -7.522974069325844525e-03 -2.368811989938869600e-02 8.378263568430605801e+01 3.165619140859478264e+01
3.400000000000000000e+01 -5.487669247563253458e-03 -1.954815514329848181e-02 8.175103541794514683e+01 3.147999648868639611e+01
3.500000000000000000e+01 -4.313808586243621061e-03 -1.629824813475626646e-02 8.035969907875693252e+01 3.132899443845893117e+01
3.600000000000000000e+01 -3.327245463586528482e-03 -1.399269956036830465e-02 7.932443860035445482e+01 3.119409864886736017e+01
3.700000000000000000e+01 -3.094728991488490850e-03 -1.257640416247082088e-02 7.837619427511137360e+01 3.106986213414200293e+01
3.800000000000000000e+01 -3.085309813548043657e-03 -1.193259878408146381e-02 7.734780370876814004e+01 3.095439886225725701e+01
3.900000000000000000e+01 -3.299186367859718774e-03 -1.179728141881153554e-02 7.614929771634939470e+01 3.084639425040185401e+01
4.000000000000000000e+01 -3.378888936507113208e-03 -1.194497611528994377e-02 7.478700716255610814e+01 3.074079852658525880e+01
4.100000000000000000e+01 -3.331878772818522641e-03 -1.215296798022928379e-02 7.328996796069070285e+01 3.061762143706297934e+01
4.200000000000000000e+01 -2.936011033482643830e-03 -1.225457788390992182e-02 7.167001151042120455e+01 3.043896438863311005e+01
4.300000000000000000e+01 -2.433009612234476957e-03 -1.215053602492193602e-02 6.988586169319997055e+01 3.014754642113747352e+01
4.400000000000000000e+01 -2.134627690150157128e-03 -1.187920158522422047e-02 6.787506347838360909e+01 2.967904570214469473e+01
4.500000000000000000e+01 -2.109175105555678373e-03 -1.144006749765522253e-02 6.556730133646702541e+01 2.899350952452050123e+01
4.600000000000000000e+01 -2.136868856502037364e-03 -1.083509133449083069e-02 6.298450829564047382e+01 2.811422490853227174e+01
4.700000000000000000e+01 -2.146667006495223302e-03 -1.004381996349048081e-02 6.028659485680966412e+01 2.714449977731422337e+01
