# freqs 	 pli 	 dpli 	 meanpower(thalamus)	 meanpower(scalp)	pli
8.000000000000000000e+00 4.963199085975435881e-02 8.988444221078141505e-02 6.916661296165523692e-05 1.843415773339523219e-04
9.000000000000000000e+00 2.766756662114527171e-02 5.615835145408400869e-02 6.602476352279657240e-05 1.549998526894606364e-04
1.000000000000000000e+01 -1.600612386108351756e-02 -4.465098863455133071e-02 6.786704838535079925e-05 1.458457559241463006e-04
1.100000000000000000e+01 -4.956977645038290747e-02 -1.169225557818326933e-01 7.285674123977291174e-05 1.531234611721920863e-04
1.200000000000000000e+01 -6.131464290425703290e-02 -1.313534446053264138e-01 7.744158565266496055e-05 1.678847617393305826e-04
1.300000000000000000e+01 -5.247475956715098172e-02 -1.186062396940511243e-01 8.015633319086537013e-05 1.840570752064565440e-04
1.400000000000000000e+01 -4.428926042034716376e-02 -9.248096074926384635e-02 8.020655706639597980e-05 1.975092968110418181e-04
1.500000000000000000e+01 -2.166494972322152365e-02 -5.100808353044553739e-02 7.725883163777265579e-05 2.049723401457666846e-04
1.600000000000000000e+01 1.937986235719806136e-03 1.559453976283513591e-03 7.272949726553087728e-05 2.067841022765911176e-04
1.700000000000000000e+01 2.131720572295880620e-02 4.291177543317924170e-02 6.847391544719799304e-05 2.064067900588542376e-04
1.800000000000000000e+01 2.890009828746957846e-02 6.018324108533881778e-02 6.546084054894827481e-05 2.066286924823449182e-04
1.900000000000000000e+01 2.856644435796621209e-02 5.697183130356690828e-02 6.409634696589329016e-05 2.078047524602623028e-04
2.000000000000000000e+01 2.286117533068549729e-02 4.328389558935722553e-02 6.421516995111324882e-05 2.089670485794457844e-04
2.100000000000000000e+01 1.819737360900808634e-02 2.746239199678959797e-02 6.534308228292404631e-05 2.090963794460477755e-04
2.200000000000000000e+01 1.130179730125914148e-02 1.353802100721726749e-02 6.645159316984476303e-05 2.074135716053478401e-04
2.300000000000000000e+01 4.933445532094598261e-03 3.655409110155684576e-03 6.629454631941495834e-05 2.031639768860366284e-04
2.400000000000000000e+01 1.915827480158774441e-03 -1.147317528472425237e-03 6.448160663341065434e-05 1.968048241028448251e-04
2.500000000000000000e+01 -4.555906044124150489e-04 -1.133503967562030611e-03 6.168611960696816104e-05 1.901369002920778775e-04
2.600000000000000000e+01 -8.533490500315387989e-04 1.597041508607375399e-03 5.894682879976949076e-05 1.849709674296349767e-04
2.700000000000000000e+01 -4.839960995608446953e-04 4.274816251436296122e-03 5.686910664328165575e-05 1.821000002136710487e-04
2.800000000000000000e+01 1.843073312520759682e-03 5.620073490034769442e-03 5.551080531370876646e-05 1.812258007900567158e-04
2.900000000000000000e+01 2.057354364066832624e-03 5.998028780803483367e-03 5.467039889760209366e-05 1.815537975182069253e-04
3.000000000000000000e+01 1.552549398087173758e-03 5.946106617619676370e-03 5.416245891481147372e-05 1.823377102356248689e-04
3.100000000000000000e+01 4.925519833322896529e-04 5.456031145950739417e-03 5.383719880665478638e-05 1.832423295635682129e-04
3.200000000000000000e+01 4.439310628331147714e-05 4.106252969239828493e-03 5.359021738434779360e-05 1.841758081391962865e-04
3.300000000000000000e+01 -1.192113058120615595e-03 1.900836263538242593e-03 5.338205781040271006e-05 1.851693402326218089e-04
3.400000000000000000e+01 -3.205971348987747722e-03 -6.043625158232480456e-04 5.318937025768355069e-05 1.863392061895419681e-04
3.500000000000000000e+01 -4.156057728001079019e-03 -2.728975514165453073e-03 5.298971831688917554e-05 1.877441167760671658e-04
3.600000000000000000e+01 -6.105525833424228603e-03 -4.096417330770337102e-03 5.277068987894389306e-05 1.894088346716854055e-04
3.700000000000000000e+01 -5.569425432468278446e-03 -4.786926890638113115e-03 5.252218038580293676e-05 1.912662888784588547e-04
3.800000000000000000e+01 -4.622068783401669066e-03 -5.169393576236732367e-03 5.224759487483137044e-05 1.932085645076814825e-04
3.900000000000000000e+01 -3.237129001451126593e-03 -5.499012780166816737e-03 5.194925115730402018e-05 1.950283485387516559e-04
4.000000000000000000e+01 -2.475071043705884093e-03 -5.827103042026013889e-03 5.161747296007291111e-05 1.965813547698368874e-04
4.100000000000000000e+01 -1.936531015045083902e-03 -5.981961377367069933e-03 5.123309894619562665e-05 1.976661333162441536e-04
4.200000000000000000e+01 -2.581399054549317600e-03 -5.739036777293569230e-03 5.075246747932409528e-05 1.980229387249856656e-04
4.300000000000000000e+01 -3.187797666471911106e-03 -4.972098772193333030e-03 5.009248585086018181e-05 1.972452642851121320e-04
4.400000000000000000e+01 -3.197622448672539884e-03 -3.756377433175949951e-03 4.915209160420544226e-05 1.950120188830683089e-04
4.500000000000000000e+01 -2.331918078934829691e-03 -2.251828376026882798e-03 4.787426300745321450e-05 1.911072411209700989e-04
4.600000000000000000e+01 -1.813406648037230477e-03 -6.854618278567006740e-04 4.629850400329943211e-05 1.857555989383072206e-04
4.700000000000000000e+01 -3.373853475710244750e-04 7.498816219738439412e-04 4.459146251165739154e-05 1.796847025824925873e-04
