# freqs 	 pli 	 dpli 	 meanpower(thalamus)	 meanpower(scalp)	pli
8.000000000000000000e+00 -1.286432339430757521e-01 -2.574115030443362429e-01 2.082094118447142005e-04 2.605114024770021925e-04
9.000000000000000000e+00 -1.149486602158573539e-01 -2.200133044056622744e-01 1.674177608516898925e-04 2.155249766605543292e-04
1.000000000000000000e+01 -7.513565592576486318e-02 -1.379231620054353069e-01 1.467205063421181410e-04 1.892764463994921816e-04
1.100000000000000000e+01 -3.685468085006578243e-02 -6.423174763671271603e-02 1.386844055815596860e-04 1.715790943434784691e-04
1.200000000000000000e+01 -2.450328987231843725e-02 -5.278118840029618480e-02 1.328621493209665915e-04 1.614645930172102864e-04
1.300000000000000000e+01 -4.357626158111526510e-02 -1.434160629146328525e-01 1.243356135649941894e-04 1.644962036948139240e-04
1.400000000000000000e+01 -5.974538336962074980e-02 -2.169960419223650461e-01 1.137235084374078393e-04 1.697971085077653686e-04
1.500000000000000000e+01 -5.856403894514830566e-02 -2.028904399812753445e-01 1.028698251398915339e-04 1.620976397070211230e-04
1.600000000000000000e+01 -3.938915709480857175e-02 -1.287585558037578903e-01 9.388185275459736843e-05 1.437106517560448769e-04
1.700000000000000000e+01 -1.294811934824421223e-02 -5.022197924333279134e-02 8.768731067836945357e-05 1.245640780890539087e-04
1.800000000000000000e+01 5.065520998792587271e-03 -1.407016402739375135e-03 8.366108497248812251e-05 1.107429437858790022e-04
1.900000000000000000e+01 1.235274951255548384e-02 1.682332855044844575e-02 8.090813715812272822e-05 1.023931718248398724e-04
2.000000000000000000e+01 1.044290207890481194e-02 1.795142999235969233e-02 7.885629531567243413e-05 9.720421367271184796e-05
2.100000000000000000e+01 8.914491313324425514e-03 1.339795834476060869e-02 7.701003508538951882e-05 9.321982610682165188e-05
2.200000000000000000e+01 7.344150476189817423e-03 7.096146052596066615e-03 7.513176744599639695e-05 8.945841676268895812e-05
2.300000000000000000e+01 2.858730354229315450e-03 -6.203128109606285447e-04 7.315065865536835390e-05 8.568976086977931705e-05
2.400000000000000000e+01 -9.827154839778635357e-04 -9.194546972517109867e-03 7.106559769669987064e-05 8.204414215846406655e-05
2.500000000000000000e+01 -5.033384125991615700e-03 -1.844836209666032845e-02 6.891546071057629691e-05 7.874287654090134428e-05
2.600000000000000000e+01 -9.386744236549412687e-03 -2.880364302651785419e-02 6.680439761824139835e-05 7.587214403793897356e-05
2.700000000000000000e+01 -1.566602924311629244e-02 -3.991433824572724470e-02 6.480956610520128603e-05 7.334046501391647808e-05
2.800000000000000000e+01 -2.051386114209878889e-02 -4.973309118093931919e-02 6.296415547083885548e-05 7.097516162425049975e-05
2.900000000000000000e+01 -2.399500325172311890e-02 -5.573239581016141420e-02 6.128248630438039161e-05 6.862670556787187233e-05
3.000000000000000000e+01 -2.521809744338521925e-02 -5.688424618157086193e-02 5.976283630572690810e-05 6.623292658747829314e-05
3.100000000000000000e+01 -2.459500925399383739e-02 -5.418100181654515735e-02 5.841132140208640290e-05 6.382224351403391555e-05
3.200000000000000000e+01 -2.382346492686787665e-02 -4.963125930940704561e-02 5.722868281908992719e-05 6.147224906419042486e-05
3.300000000000000000e+01 -2.225434060275634923e-02 -4.493183607456460726e-02 5.619483501834946632e-05 5.926678946655191684e-05
3.400000000000000000e+01 -2.121823884454543396e-02 -4.100474499852152510e-02 5.529052234388686775e-05 5.724388727615273113e-05
3.500000000000000000e+01 -2.029557868714643165e-02 -3.809171370538311230e-02 5.449670524156524816e-05 5.540149161211093781e-05
3.600000000000000000e+01 -1.944799334133483215e-02 -3.614663059427471875e-02 5.379185574130640929e-05 5.372376849737327563e-05
3.700000000000000000e+01 -1.813402508760628140e-02 -3.498108219777042172e-02 5.315119603758934624e-05 5.220586196327337350e-05
3.800000000000000000e+01 -1.823088004249474176e-02 -3.433875451259424394e-02 5.256334723167729460e-05 5.083467075865570568e-05
3.900000000000000000e+01 -1.765524467566895184e-02 -3.397416544102375979e-02 5.201608604191685514e-05 4.959862886659471208e-05
4.000000000000000000e+01 -1.719898410843497677e-02 -3.366884492448200816e-02 5.148610057839305473e-05 4.846637962089841653e-05
4.100000000000000000e+01 -1.712262011499104952e-02 -3.333049829301838046e-02 5.093566122263116597e-05 4.739068153198119888e-05
4.200000000000000000e+01 -1.680180308496027897e-02 -3.298681782032411580e-02 5.030184847997598807e-05 4.630947262677946916e-05
4.300000000000000000e+01 -1.621239940300002111e-02 -3.268979876722116068e-02 4.949951315719148485e-05 4.514053978453525743e-05
4.400000000000000000e+01 -1.601353851019419322e-02 -3.245677451778447575e-02 4.844252060415988736e-05 4.379732058703212136e-05
4.500000000000000000e+01 -1.588098933424615319e-02 -3.226669789018081491e-02 4.708324485093537420e-05 4.222486586765294162e-05
4.600000000000000000e+01 -1.610921268417316032e-02 -3.205926161201391039e-02 4.546342030209069279e-05 4.044135325599454623e-05
4.700000000000000000e+01 -1.568463582969191472e-02 -3.173245681212422120e-02 4.374712344925549035e-05 3.856860160576233232e-05
