# freqs 	 pli 	 dpli 	 meanpower(thalamus)	 meanpower(scalp)	pli
8.000000000000000000e+00 -2.386735596535404305e-02 -3.211313592422997132e-02 4.362485474293038612e-05 1.316525570907114311e-04
9.000000000000000000e+00 -2.290256838421167104e-02 -2.975749232019575877e-02 4.209951962357040003e-05 1.108478965280554525e-04
1.000000000000000000e+01 -3.512584012336490008e-02 -5.894322641271153296e-02 4.362717918319896639e-05 1.018991693052252295e-04
1.100000000000000000e+01 -5.350567932172820007e-02 -1.347359828631242984e-01 4.638219043878955900e-05 1.004577930058939600e-04
1.200000000000000000e+01 -5.625536985693434244e-02 -1.790797705493069325e-01 4.554573143008406027e-05 1.037490378773192270e-04
1.300000000000000000e+01 -5.494560719214572342e-02 -1.918171844453641361e-01 4.203304080372081026e-05 1.126873471242820235e-04
1.400000000000000000e+01 -5.824699119541171255e-02 -2.204007850610655017e-01 3.866369205835878649e-05 1.188410687115421080e-04
1.500000000000000000e+01 -6.198091636324622872e-02 -2.408231113342437502e-01 3.605535018909184213e-05 1.137430865422583433e-04
1.600000000000000000e+01 -6.134824244566529361e-02 -2.243306507068262845e-01 3.417502921483517200e-05 1.009937267366050581e-04
1.700000000000000000e+01 -5.500442986770112674e-02 -1.783834022939509989e-01 3.292104315951530769e-05 8.824505641733517900e-05
1.800000000000000000e+01 -4.179532415373044679e-02 -1.278710926246146851e-01 3.206701481804605144e-05 7.924795098394935261e-05
1.900000000000000000e+01 -3.344452693757819783e-02 -8.945056630767961314e-02 3.159148047759369562e-05 7.384018128876999084e-05
2.000000000000000000e+01 -2.660277508886169442e-02 -6.463727946909868238e-02 3.153248962882712950e-05 7.033352032492474028e-05
2.100000000000000000e+01 -2.068987135153897358e-02 -4.788682228578827055e-02 3.179784807395868215e-05 6.742156255472101770e-05
2.200000000000000000e+01 -1.574898995081557701e-02 -3.539214965186830708e-02 3.204667339882517739e-05 6.455994811365509394e-05
2.300000000000000000e+01 -1.301638907680171924e-02 -2.584686402161598048e-02 3.197243912248017716e-05 6.173138701973698676e-05
2.400000000000000000e+01 -8.813994668475801098e-03 -1.865048786600295022e-02 3.153593107060382369e-05 5.920387405293254542e-05
2.500000000000000000e+01 -7.437790068752440920e-03 -1.349214238202377757e-02 3.091576955744033273e-05 5.720892858839991086e-05
2.600000000000000000e+01 -6.897818392387713472e-03 -1.019829311985992297e-02 3.032454435974645416e-05 5.577769995222179163e-05
2.700000000000000000e+01 -6.138374642990687864e-03 -8.645024063207990342e-03 2.988623975285530977e-05 5.480376667450903160e-05
2.800000000000000000e+01 -6.243872685838564029e-03 -8.500395533541160037e-03 2.963157532877768599e-05 5.411395920899026709e-05
2.900000000000000000e+01 -6.041166177865212733e-03 -9.326868715170483909e-03 2.954432879139304798e-05 5.356822516965767194e-05
3.000000000000000000e+01 -6.723154366577811791e-03 -1.051010524835519454e-02 2.959609828934367377e-05 5.311324413346682428e-05
3.100000000000000000e+01 -7.852142184418226672e-03 -1.171658300905858638e-02 2.974975743530073824e-05 5.274368145056921101e-05
3.200000000000000000e+01 -9.346956626726172709e-03 -1.284648986273129526e-02 2.996217175569377606e-05 5.245210411125830931e-05
3.300000000000000000e+01 -1.025571584415980661e-02 -1.401653515083642505e-02 3.018631927164432469e-05 5.224535421608923188e-05
3.400000000000000000e+01 -1.072785785888668957e-02 -1.539833479127204058e-02 3.037975134836894318e-05 5.211373282852291549e-05
3.500000000000000000e+01 -1.069492104222997952e-02 -1.681096113129410333e-02 3.052425906722773411e-05 5.202125534996077593e-05
3.600000000000000000e+01 -1.080860127639567819e-02 -1.792716568653654127e-02 3.062567667519526640e-05 5.194872276360179407e-05
3.700000000000000000e+01 -8.463974823497205299e-03 -1.843099198988902218e-02 3.070339133323532146e-05 5.187729547855373887e-05
3.800000000000000000e+01 -8.198157106279840151e-03 -1.821874545858104613e-02 3.078241568734303826e-05 5.179107514094699849e-05
3.900000000000000000e+01 -7.596144903096549786e-03 -1.740347716913007159e-02 3.087784296214800376e-05 5.167680239570239694e-05
4.000000000000000000e+01 -7.705263751681333886e-03 -1.623633020917946562e-02 3.099009503361945558e-05 5.154013656269308387e-05
4.100000000000000000e+01 -7.307290159082719359e-03 -1.494258856562261616e-02 3.110265786686699477e-05 5.136510254334846018e-05
4.200000000000000000e+01 -6.184187260299864840e-03 -1.365421179408187607e-02 3.117124238348559375e-05 5.109943114976397554e-05
4.300000000000000000e+01 -5.905235752132530734e-03 -1.245414826023144225e-02 3.112121412418698450e-05 5.064357568659859398e-05
4.400000000000000000e+01 -5.803940994631978829e-03 -1.134858274606781459e-02 3.087480606942660929e-05 4.990638444141288051e-05
4.500000000000000000e+01 -5.713521505576069776e-03 -1.044546099185696825e-02 3.038884877445660371e-05 4.882615276059897334e-05
4.600000000000000000e+01 -5.552061097435947827e-03 -9.858935086371038020e-03 2.968960409699217281e-05 4.745169408875396413e-05
4.700000000000000000e+01 -5.573480283296835223e-03 -9.686561945577227412e-03 2.889551447109541850e-05 4.596325198607049869e-05
