# freqs 	 pli 	 dpli 	 meanpower(thalamus)	 meanpower(scalp)	pli
8.000000000000000000e+00 -2.759541684902759584e-02 -3.579024122520070572e-02 1.108551399524319761e-04 2.538774108077483421e-04
9.000000000000000000e+00 -8.146315071600507968e-03 -3.474101517825505837e-03 9.899841025959856759e-05 1.870811014105415242e-04
1.000000000000000000e+01 5.669844854595914273e-03 1.398371213017643791e-02 9.199104589459612788e-05 1.484285493433096475e-04
1.100000000000000000e+01 5.961871108124038032e-03 -2.927412318853920268e-04 8.605353949057283167e-05 1.299153109129888280e-04
1.200000000000000000e+01 9.435476829567123261e-04 -2.601332549009920461e-02 8.232423719233171390e-05 1.239945140727962325e-04
1.300000000000000000e+01 -1.651960893605636249e-02 -6.305125612940733204e-02 8.116994402439257417e-05 1.289131280949676068e-04
1.400000000000000000e+01 -2.246525976534475416e-02 -9.385108388619829711e-02 8.216794752360591012e-05 1.396032418707168125e-04
1.500000000000000000e+01 -2.677775937789541455e-02 -1.010599951601404006e-01 8.523988787425063117e-05 1.449494312976816891e-04
1.600000000000000000e+01 -2.330332050430239735e-02 -9.549370452059913195e-02 8.955724963196922642e-05 1.418204083386033758e-04
1.700000000000000000e+01 -2.002941519281908195e-02 -8.377540854093971923e-02 9.352747409007084508e-05 1.347085474951771362e-04
1.800000000000000000e+01 -1.577090641033280713e-02 -6.400496867162558390e-02 9.588928935938961513e-05 1.280955574623573621e-04
1.900000000000000000e+01 -5.887283467709746899e-03 -3.899327338040511209e-02 9.638123190810087470e-05 1.239811377007670802e-04
2.000000000000000000e+01 1.144070123756758383e-03 -2.010402398048181938e-02 9.572465861759615056e-05 1.226984981719260166e-04
2.100000000000000000e+01 3.451509418442049847e-03 -1.512844048992358602e-02 9.495839127789965572e-05 1.238696740664159684e-04
2.200000000000000000e+01 -1.014376892127439190e-03 -2.092739408231951773e-02 9.486032813084908086e-05 1.263063851646243089e-04
2.300000000000000000e+01 -3.116817701071279614e-03 -2.189726421992007135e-02 9.623444703447954333e-05 1.284895945382624760e-04
2.400000000000000000e+01 6.354258691472223879e-03 -1.496533603942650859e-03 1.005982836261331604e-04 1.295687127060090812e-04
2.500000000000000000e+01 2.807084024989508000e-02 3.850029586955559108e-02 1.083377600049540064e-04 1.288970333393172241e-04
2.600000000000000000e+01 4.932530746523065834e-02 7.777130841866447541e-02 1.164008494746275997e-04 1.259205631012919816e-04
2.700000000000000000e+01 6.313868566302678620e-02 9.791205172739722573e-02 1.201516855237530067e-04 1.206501103414055328e-04
2.800000000000000000e+01 6.043982400899526597e-02 9.319406431898995258e-02 1.171589124055649522e-04 1.136784749961646933e-04
2.900000000000000000e+01 4.450048832981005204e-02 6.928234761011041465e-02 1.084745100879481089e-04 1.055526810435485232e-04
3.000000000000000000e+01 2.326401374723543677e-02 3.643677702102122301e-02 9.716524525315329848e-05 9.673050905516002173e-05
3.100000000000000000e+01 7.105550600882706846e-03 4.340679301430914148e-03 8.620375277562597417e-05 8.793253486606549820e-05
3.200000000000000000e+01 -5.205198877285255148e-03 -2.088230826811157681e-02 7.728258640913310815e-05 7.993967751041122565e-05
3.300000000000000000e+01 -1.275526946863561779e-02 -3.673873364147755421e-02 7.076251820736488844e-05 7.331704587076690461e-05
3.400000000000000000e+01 -1.614389200427384513e-02 -4.384099341304815989e-02 6.623529417875120211e-05 6.830294365314974552e-05
3.500000000000000000e+01 -1.786556163301742176e-02 -4.427361116710410577e-02 6.307002932458608511e-05 6.468262633545866498e-05
3.600000000000000000e+01 -1.689500606906768274e-02 -4.078311813851991791e-02 6.076440854843794204e-05 6.214595313963761894e-05
3.700000000000000000e+01 -1.470470490507120968e-02 -3.589093849333637593e-02 5.899931439834615204e-05 6.033129472442098413e-05
3.800000000000000000e+01 -1.404393544301904030e-02 -3.158744522074450473e-02 5.759062348472649648e-05 5.900569721472395836e-05
3.900000000000000000e+01 -1.087762516173982306e-02 -2.853262914016079649e-02 5.641899216046890905e-05 5.791782896386091478e-05
4.000000000000000000e+01 -9.197564784372894847e-03 -2.699437730775380156e-02 5.541000800288202108e-05 5.699720406730162758e-05
4.100000000000000000e+01 -9.611564864893338764e-03 -2.652281640462100104e-02 5.448741199843595259e-05 5.615549041835590907e-05
4.200000000000000000e+01 -9.448603617005878544e-03 -2.643088663346079142e-02 5.356474450338516788e-05 5.528856785933614917e-05
4.300000000000000000e+01 -1.005108740901659685e-02 -2.611522292671562134e-02 5.252886215765486166e-05 5.424556017226673350e-05
4.400000000000000000e+01 -1.018384007635873487e-02 -2.525863092538837423e-02 5.126249233734797182e-05 5.298310221448527949e-05
4.500000000000000000e+01 -1.020112012057717774e-02 -2.368199041029863880e-02 4.969452283426123218e-05 5.139625720717331885e-05
4.600000000000000000e+01 -1.084284667928211293e-02 -2.129919076045637058e-02 4.785644251690027005e-05 4.951086051075553884e-05
4.700000000000000000e+01 -8.716071857110678153e-03 -1.804442000038600571e-02 4.590938061325753559e-05 4.750379392874184325e-05
