# freqs 	 pli 	 dpli 	 meanpower(thalamus)	 meanpower(scalp)	pli
8.000000000000000000e+00 -9.490520434642693570e-02 -1.639674469216027275e-01 9.678672312793771550e-05 2.741670577986074454e-04
9.000000000000000000e+00 -6.715543023156456126e-02 -1.283522727181710954e-01 8.063934518269081926e-05 2.512683856078752414e-04
1.000000000000000000e+01 -1.386800391205722689e-02 1.509887293902105411e-04 7.153848050730722064e-05 2.239324233775165406e-04
1.100000000000000000e+01 1.819998329181861732e-02 1.058318780325656627e-01 7.149568044139743318e-05 1.921780901217379418e-04
1.200000000000000000e+01 3.265028020508627810e-02 1.590921219052626179e-01 7.093334785940166377e-05 1.695793069547222979e-04
1.300000000000000000e+01 1.595547309833024105e-02 9.076824604069712310e-02 6.595957886233264349e-05 1.599676455489451457e-04
1.400000000000000000e+01 -1.067517596350437033e-02 -1.165297402148129241e-02 6.088819126351116345e-05 1.600001718680583182e-04
1.500000000000000000e+01 -2.302563352793371085e-02 -7.074157074427891989e-02 5.842055323021873623e-05 1.640973517322625219e-04
1.600000000000000000e+01 -4.491250964280010111e-02 -1.302432339245352122e-01 5.854105629765912831e-05 1.707513771036314894e-04
1.700000000000000000e+01 -8.238646978698542511e-02 -2.040770300695871620e-01 6.007966498572121089e-05 1.774541317618795228e-04
1.800000000000000000e+01 -1.144945891892442530e-01 -2.667061789150584339e-01 6.188904102151228078e-05 1.821084462189237073e-04
1.900000000000000000e+01 -1.243801190035741799e-01 -2.955712799075332353e-01 6.296880382717123163e-05 1.830079504743543917e-04
2.000000000000000000e+01 -1.233657164380168314e-01 -2.914059040190617456e-01 6.299016327921632449e-05 1.794721269514233783e-04
2.100000000000000000e+01 -1.182231418976220361e-01 -2.702697793451334096e-01 6.205364531254688512e-05 1.722848629469930304e-04
2.200000000000000000e+01 -1.167914155579446445e-01 -2.484708774448558533e-01 6.074728588835371409e-05 1.629766882226657391e-04
2.300000000000000000e+01 -1.075336265092513149e-01 -2.306838014062828623e-01 5.933321042020740430e-05 1.527316254558690883e-04
2.400000000000000000e+01 -9.938881977471415718e-02 -2.150848161602997022e-01 5.777544318936322790e-05 1.420515793303439502e-04
2.500000000000000000e+01 -9.488774040498178242e-02 -2.000506118479516982e-01 5.611889248285560438e-05 1.314331749899278216e-04
2.600000000000000000e+01 -8.784811756454088960e-02 -1.835771023576452388e-01 5.442204012832618044e-05 1.214335321684659251e-04
2.700000000000000000e+01 -8.029607547553312130e-02 -1.662685173300693375e-01 5.279509096053095564e-05 1.124389852154596939e-04
2.800000000000000000e+01 -7.296362657201017898e-02 -1.490479568005801947e-01 5.141790702115266946e-05 1.046131861973753852e-04
2.900000000000000000e+01 -6.630724841851455553e-02 -1.329774444825951307e-01 5.038092623417545353e-05 9.798380348780705035e-05
3.000000000000000000e+01 -5.944459682307486753e-02 -1.184972037136590162e-01 4.964717324729833736e-05 9.242457196427381668e-05
3.100000000000000000e+01 -5.534470675464760875e-02 -1.054738010970725920e-01 4.912862160924124765e-05 8.774971127234796166e-05
3.200000000000000000e+01 -4.745156846085363950e-02 -9.395270330280390547e-02 4.876707152154812657e-05 8.371398132983407382e-05
3.300000000000000000e+01 -4.174084930375505237e-02 -8.421323572551191183e-02 4.854023211702103121e-05 8.014533437490829488e-05
3.400000000000000000e+01 -3.777767249197947624e-02 -7.655043240472325650e-02 4.843152227777739984e-05 7.698617065115353857e-05
3.500000000000000000e+01 -3.457330711938737949e-02 -7.108555377480840765e-02 4.838915823609572201e-05 7.422401349366061546e-05
3.600000000000000000e+01 -3.243870583538042279e-02 -6.741390245601881770e-02 4.836293017923847979e-05 7.181732626796934096e-05
3.700000000000000000e+01 -3.178297983198394988e-02 -6.503952462073661622e-02 4.830598991566231244e-05 6.964380409430869900e-05
3.800000000000000000e+01 -3.045494677234394584e-02 -6.372028535758504642e-02 4.819430004752845559e-05 6.765578969566285396e-05
3.900000000000000000e+01 -3.118974976491838136e-02 -6.301434535649025337e-02 4.802664940902440325e-05 6.579938860038132310e-05
4.000000000000000000e+01 -3.285114672925960877e-02 -6.244810462231686204e-02 4.778147675264115163e-05 6.401689775310516429e-05
4.100000000000000000e+01 -3.210773372292791139e-02 -6.164802794297636473e-02 4.744011288816671660e-05 6.227441240306966826e-05
4.200000000000000000e+01 -3.282192095821342970e-02 -6.049677314763625413e-02 4.697371210536292302e-05 6.053908653253317097e-05
4.300000000000000000e+01 -3.234849535197503040e-02 -5.922981632993009476e-02 4.631862091283750244e-05 5.870212482058948726e-05
4.400000000000000000e+01 -3.070243658323809285e-02 -5.819776738409263017e-02 4.540404401244145169e-05 5.665472250027284260e-05
4.500000000000000000e+01 -2.803220102310264444e-02 -5.745198575831515775e-02 4.419422156756447746e-05 5.432959710728131792e-05
4.600000000000000000e+01 -2.664034186184886799e-02 -5.663529061556665106e-02 4.274767090332898153e-05 5.174381573600091936e-05
4.700000000000000000e+01 -2.702684429900918325e-02 -5.511177097875256253e-02 4.124365779395613676e-05 4.902512459763598649e-05
