# freqs 	 pli 	 dpli 	 meanpower(thalamus)	 meanpower(scalp)	pli
8.000000000000000000e+00 -1.856844911737513251e-03 -1.708917623908970396e-02 2.851551473197051103e-05 7.679340830269915422e-05
9.000000000000000000e+00 -6.387636986919570728e-03 -7.183312358091545856e-03 2.847996027649099743e-05 7.320791707728262275e-05
1.000000000000000000e+01 5.353934510322498966e-03 1.039833453686618038e-02 3.129769861197441097e-05 7.230870716334777655e-05
1.100000000000000000e+01 -4.151216633726638114e-03 2.817941878311694751e-02 3.444726172560743830e-05 7.174458214363503767e-05
1.200000000000000000e+01 -1.964239253357238923e-02 -8.166541317150739082e-03 3.366858419747024896e-05 7.064927043185825664e-05
1.300000000000000000e+01 -2.351455505544476285e-02 -4.357784890587462073e-02 3.149783380752036339e-05 6.875833176657819372e-05
1.400000000000000000e+01 -2.675896163865059199e-02 -5.788440625460559291e-02 3.049439103694064437e-05 6.654538132040065069e-05
1.500000000000000000e+01 -3.314079366618581657e-02 -6.848845135713990673e-02 2.983900520778210198e-05 6.406954857482590436e-05
1.600000000000000000e+01 -4.077659573555315886e-02 -8.400611558742657192e-02 2.895656285530786547e-05 6.126791302476255986e-05
1.700000000000000000e+01 -4.999806977133224722e-02 -1.039990285002930503e-01 2.826284902719423728e-05 5.862125758788200715e-05
1.800000000000000000e+01 -5.388708946927796284e-02 -1.087480845968545051e-01 2.792191248362199994e-05 5.636067708133035638e-05
1.900000000000000000e+01 -4.432749721688088174e-02 -9.174328801081076123e-02 2.787816710249666841e-05 5.444837917614948794e-05
2.000000000000000000e+01 -3.613480401825606980e-02 -6.838986929703720630e-02 2.808518053189511715e-05 5.276571735904114747e-05
2.100000000000000000e+01 -2.569546509254860833e-02 -4.997543257654878113e-02 2.854982875310637064e-05 5.113845555515389305e-05
2.200000000000000000e+01 -1.812931282839230079e-02 -3.489111968414551623e-02 2.922415407389909945e-05 4.957121548252015688e-05
2.300000000000000000e+01 -8.947356688826435187e-03 -1.257244798433353530e-02 3.024474373767896724e-05 4.814573038891625269e-05
2.400000000000000000e+01 1.482938237482725637e-02 3.635381619519569701e-02 3.233172266217118558e-05 4.696829661111261243e-05
2.500000000000000000e+01 4.675292612969093875e-02 1.198910393454570983e-01 3.591295386608974995e-05 4.615480968827705708e-05
2.600000000000000000e+01 7.984447351232365486e-02 2.120349678891383094e-01 4.020325304546823383e-05 4.557062022867762685e-05
2.700000000000000000e+01 1.038357498191492673e-01 2.773816757150451839e-01 4.356205877493075094e-05 4.490551451354679640e-05
2.800000000000000000e+01 1.103698421622807679e-01 2.994379757302411127e-01 4.478728305698417958e-05 4.393524901833050427e-05
2.900000000000000000e+01 1.012145748987854227e-01 2.795766380087437719e-01 4.376096066415279500e-05 4.261940518945207910e-05
3.000000000000000000e+01 8.106213438139002470e-02 2.292952581890763397e-01 4.120381817284955072e-05 4.112492369363634386e-05
3.100000000000000000e+01 5.738363792485847575e-02 1.647882670609029654e-01 3.810856026771058404e-05 3.967469450040990610e-05
3.200000000000000000e+01 3.633658903595440859e-02 1.022073257920570188e-01 3.528038968038998079e-05 3.839640360094932238e-05
3.300000000000000000e+01 1.751830321643039340e-02 5.291834892322444528e-02 3.313555524194176656e-05 3.732420511398192150e-05
3.400000000000000000e+01 5.411852608416990382e-03 2.020709005851423906e-02 3.173025260632324505e-05 3.644964494931697779e-05
3.500000000000000000e+01 -2.570478228906227154e-04 1.363562598393856188e-03 3.091098454874908758e-05 3.574094155785179344e-05
3.600000000000000000e+01 -3.805923600496260908e-03 -8.085999927720901800e-03 3.049564153929747363e-05 3.515035399108820604e-05
3.700000000000000000e+01 -5.296626506437003036e-03 -1.177035797097158304e-02 3.032939547311478364e-05 3.463510427080734378e-05
3.800000000000000000e+01 -5.920059491885834232e-03 -1.217121165925939483e-02 3.030645756624259011e-05 3.417072746563125856e-05
3.900000000000000000e+01 -3.570792153852480385e-03 -1.102589724528234803e-02 3.037205374922255109e-05 3.375112714462479404e-05
4.000000000000000000e+01 -2.513540047872057752e-03 -9.541031209712292835e-03 3.048636147284974942e-05 3.337307607604252688e-05
4.100000000000000000e+01 -1.924085160043450355e-03 -8.459569942211454807e-03 3.061739023230937228e-05 3.301522092317588645e-05
4.200000000000000000e+01 -2.494564556281042827e-03 -8.106203209044954283e-03 3.071629005034692210e-05 3.262561289462224078e-05
4.300000000000000000e+01 -4.389474171148373231e-03 -8.436918590734211396e-03 3.070973312293921444e-05 3.213295634761998218e-05
4.400000000000000000e+01 -4.978721362929256281e-03 -9.175587852128880284e-03 3.050880691526927581e-05 3.147063686968368061e-05
4.500000000000000000e+01 -5.800935070986929995e-03 -9.927361069219313439e-03 3.006469765661772702e-05 3.060103233618836080e-05
4.600000000000000000e+01 -4.891093926135059271e-03 -1.024723801945917438e-02 2.940693226715025336e-05 2.954159546233655419e-05
4.700000000000000000e+01 -4.430137957853730150e-03 -9.717786048505455687e-03 2.865280201049953917e-05 2.839429529756633678e-05
