# freqs 	 pli 	 dpli 	 meanpower(thalamus)	 meanpower(scalp)	pli
8.000000000000000000e+00 2.593766105879498352e-02 4.541991964636220291e-02 6.579293245747823838e-05 2.803954802837149403e-04
9.000000000000000000e+00 1.626118077444777335e-02 3.641493719766988185e-02 6.138177024001110918e-05 2.443591435432159245e-04
1.000000000000000000e+01 -2.535527273622428194e-03 2.322909665344749172e-02 6.004097366953482426e-05 2.074608602839466147e-04
1.100000000000000000e+01 6.780415872520467041e-03 4.352554311593332531e-03 6.216776794441591968e-05 1.766478954901123380e-04
1.200000000000000000e+01 1.210598686535413601e-03 -5.855304424831052693e-03 6.252869057983583738e-05 1.568894998969902390e-04
1.300000000000000000e+01 1.452772665523539494e-02 1.598882251936927998e-02 5.968857160335501623e-05 1.459121021070801914e-04
1.400000000000000000e+01 2.855997350393083001e-02 5.987484854103091586e-02 5.695944420537981702e-05 1.409963521890217103e-04
1.500000000000000000e+01 3.831651074289812997e-02 7.261295180380820946e-02 5.634670977823137309e-05 1.405653657803529943e-04
1.600000000000000000e+01 1.846327165001147505e-02 4.114121016722165070e-02 5.722261658107025362e-05 1.418121534845761807e-04
1.700000000000000000e+01 -1.107915867855852835e-03 -1.425757785004245354e-02 5.848467187923894913e-05 1.440421610825564063e-04
1.800000000000000000e+01 -1.888599355315524059e-02 -6.808396079734871376e-02 5.936476587012323020e-05 1.463342208124683791e-04
1.900000000000000000e+01 -3.345835730974285743e-02 -1.066403863365351645e-01 5.941285659557212943e-05 1.471640076429816548e-04
2.000000000000000000e+01 -4.584721750756846209e-02 -1.240523706014207139e-01 5.891932832088662790e-05 1.453457815845772625e-04
2.100000000000000000e+01 -4.594367279410492555e-02 -1.219429214171465353e-01 5.836465000950304930e-05 1.410970255680748056e-04
2.200000000000000000e+01 -4.288674343709679426e-02 -1.095921425869399307e-01 5.782979558262766847e-05 1.353877986724269370e-04
2.300000000000000000e+01 -4.215268030616266259e-02 -9.499681405428614389e-02 5.714134477345463232e-05 1.290954484718667900e-04
2.400000000000000000e+01 -3.988197450842866781e-02 -8.096287352108967605e-02 5.617499161925865783e-05 1.226246565862039960e-04
2.500000000000000000e+01 -3.177831491712707068e-02 -6.674672494880272422e-02 5.506607243397938501e-05 1.160276299748757786e-04
2.600000000000000000e+01 -2.375100961638029057e-02 -5.171439056348461211e-02 5.407422947417124353e-05 1.095423948647524025e-04
2.700000000000000000e+01 -1.787950394121807021e-02 -3.737901506608383440e-02 5.329841060998828856e-05 1.033846693929345268e-04
2.800000000000000000e+01 -1.202417939372204744e-02 -2.506073598109700637e-02 5.272899335532349463e-05 9.774136017810801283e-05
2.900000000000000000e+01 -7.210958450815886309e-03 -1.474735654564794489e-02 5.226647254283705131e-05 9.277043083393969906e-05
3.000000000000000000e+01 5.824131894186896589e-04 -5.292680522189925976e-03 5.188564388945087429e-05 8.844265840322051173e-05
3.100000000000000000e+01 5.725348619302210104e-03 4.150514599302268515e-03 5.162692746325335655e-05 8.462783278066627322e-05
3.200000000000000000e+01 1.073676671120232448e-02 1.329883096785548433e-02 5.152012196922379150e-05 8.118732595783558642e-05
3.300000000000000000e+01 1.637047186895359760e-02 2.148677889298847288e-02 5.156012461095938983e-05 7.798922357408952764e-05
3.400000000000000000e+01 1.707630997529062736e-02 2.810111165838463307e-02 5.172780292695756173e-05 7.498955208071744207e-05
3.500000000000000000e+01 1.835629447143505982e-02 3.250215598550680596e-02 5.194310238211066348e-05 7.216309883044997491e-05
3.600000000000000000e+01 1.796390706378528726e-02 3.412946978137589016e-02 5.211999923664579917e-05 6.951724543622085878e-05
3.700000000000000000e+01 1.335846357032797679e-02 3.303857610195005262e-02 5.217823459993842808e-05 6.702409681896190601e-05
3.800000000000000000e+01 1.349409354071262612e-02 3.004031278147356945e-02 5.208044543580977456e-05 6.466455060911959418e-05
3.900000000000000000e+01 1.296205908031595674e-02 2.638389601044713317e-02 5.182908291035559788e-05 6.244343171616822442e-05
4.000000000000000000e+01 8.364721084320786773e-03 2.324673348077212903e-02 5.142981457006501680e-05 6.034958201305982479e-05
4.100000000000000000e+01 8.077871922265514315e-03 2.136855648869593824e-02 5.090436553495360298e-05 5.834904858601741134e-05
4.200000000000000000e+01 8.292682926829268719e-03 2.094642747359464277e-02 5.024063768144926409e-05 5.636853529325142222e-05
4.300000000000000000e+01 8.086568189625558886e-03 2.172683484701404613e-02 4.938719755303940429e-05 5.433938904613520133e-05
4.400000000000000000e+01 8.356287651378290285e-03 2.317661004486773826e-02 4.828792489953533031e-05 5.218248572001642270e-05
4.500000000000000000e+01 8.880006593044338647e-03 2.478614807541783607e-02 4.692467618488149772e-05 4.983244442515338970e-05
4.600000000000000000e+01 8.236231177516702834e-03 2.604992742258677163e-02 4.537246631612168126e-05 4.729198847138567434e-05
4.700000000000000000e+01 1.006755179657572823e-02 2.651087380396855916e-02 4.382694356758839207e-05 4.467186210119475283e-05
