# freqs 	 pli 	 dpli 	 meanpower(thalamus)	 meanpower(scalp)	pli
8.000000000000000000e+00 2.023263659781324164e-02 6.765058971701247426e-02 1.185453823252177199e-04 2.146577245568069016e-04
9.000000000000000000e+00 -2.299559931317301555e-03 2.291349866608097946e-02 1.099252252901834022e-04 2.009301653038694584e-04
1.000000000000000000e+01 -3.244885760927491286e-02 -7.994894271730002000e-02 1.173607763101473382e-04 1.861135765228687634e-04
1.100000000000000000e+01 -5.371069654689200612e-02 -2.151121743394182606e-01 1.405280978874672362e-04 1.797871172570956804e-04
1.200000000000000000e+01 -5.344136909923884876e-02 -2.096913363343599901e-01 1.497935826088688709e-04 1.803271386222275578e-04
1.300000000000000000e+01 -3.408344818478901972e-02 -1.079681396517757630e-01 1.348643415889894635e-04 1.794268448473790398e-04
1.400000000000000000e+01 -9.221150677921599939e-03 -1.117615504173451527e-02 1.097497579447597664e-04 1.667043018655810292e-04
1.500000000000000000e+01 8.493714151435656848e-03 4.979845869924343776e-02 8.782823536985531981e-05 1.445334877640377035e-04
1.600000000000000000e+01 1.551201604350981381e-02 7.305393658834508086e-02 7.287486908759321295e-05 1.230783603398032599e-04
1.700000000000000000e+01 1.668406089914058199e-02 6.702183650688436911e-02 6.342663891606630606e-05 1.076322925019880463e-04
1.800000000000000000e+01 1.219966177444575285e-02 4.617368977939473318e-02 5.760598742852857237e-05 9.753139592053927177e-05
1.900000000000000000e+01 7.995709241076195614e-03 2.285989014789695933e-02 5.462989808265032206e-05 9.069014092726105898e-05
2.000000000000000000e+01 3.356946243767693072e-03 2.557382453452557158e-03 5.441215868567295295e-05 8.560596188839646626e-05
2.100000000000000000e+01 -7.919684297312823418e-04 -1.532546286571355616e-02 5.646302319602257463e-05 8.152424885549793617e-05
2.200000000000000000e+01 -3.906032907731794498e-03 -3.100247621207265908e-02 5.933777086539392890e-05 7.808835097482625732e-05
2.300000000000000000e+01 -5.377053186555003778e-03 -4.199438666516627783e-02 6.135515405269059165e-05 7.512612057384909434e-05
2.400000000000000000e+01 -6.011486539085803688e-03 -4.610241295803045591e-02 6.158214764369637588e-05 7.249588089126976151e-05
2.500000000000000000e+01 -4.125779388536908801e-03 -4.309588000176411277e-02 6.007535653086379536e-05 7.008787956420744624e-05
2.600000000000000000e+01 -2.465229542040970473e-03 -3.463808606975476989e-02 5.750150574214480179e-05 6.782671671016796372e-05
2.700000000000000000e+01 -4.836243657390122534e-04 -2.351312685012676984e-02 5.463475274820836931e-05 6.562382444622330503e-05
2.800000000000000000e+01 1.707217708472888668e-03 -1.241293696446907173e-02 5.205869537888761864e-05 6.342681731632305870e-05
2.900000000000000000e+01 3.731053440011225606e-03 -3.124342476815533676e-03 5.007305030061198954e-05 6.124140222837675047e-05
3.000000000000000000e+01 5.225978830484347137e-03 3.683095452374207917e-03 4.875778256908010888e-05 5.911518660337057867e-05
3.100000000000000000e+01 6.679388427515750744e-03 8.196143427393243544e-03 4.803695358258581110e-05 5.709026303797304607e-05
3.200000000000000000e+01 7.030398250048679881e-03 1.097072410752489464e-02 4.774621932912332425e-05 5.518851735071258411e-05
3.300000000000000000e+01 7.128941697651441575e-03 1.253959176504385563e-02 4.768638220563631850e-05 5.342589298734671052e-05
3.400000000000000000e+01 6.766304762568368589e-03 1.327232731646319809e-02 4.766414480345699536e-05 5.180647514910200120e-05
3.500000000000000000e+01 6.812286711585238512e-03 1.335215863776662189e-02 4.754415016740127061e-05 5.032249707813406958e-05
3.600000000000000000e+01 6.435953052235995377e-03 1.286679103610501029e-02 4.726966433316595666e-05 4.896495596323402933e-05
3.700000000000000000e+01 5.676819029418040535e-03 1.186549840965147803e-02 4.685450231023043381e-05 4.771325040163932625e-05
3.800000000000000000e+01 5.230982250059856842e-03 1.039464215712257097e-02 4.634558383522931180e-05 4.654674211579806493e-05
3.900000000000000000e+01 4.411434442527653078e-03 8.571076403247156542e-03 4.579678978117864783e-05 4.544239896381705753e-05
4.000000000000000000e+01 3.653857472333558488e-03 6.557437766175555453e-03 4.524981690616218153e-05 4.438532132586182238e-05
4.100000000000000000e+01 2.432500082205692974e-03 4.589285189327977146e-03 4.471781786425078301e-05 4.335423496730280856e-05
4.200000000000000000e+01 1.797519924301867493e-03 2.920724798138976761e-03 4.416991085609905200e-05 4.231176549044580646e-05
4.300000000000000000e+01 1.435131300021189613e-03 1.678345880740527091e-03 4.352986854701173321e-05 4.119642070712384535e-05
4.400000000000000000e+01 1.039548475347452971e-03 9.457866479993235799e-04 4.270054775253012247e-05 3.993982747122506283e-05
4.500000000000000000e+01 7.912286126667436668e-04 6.870350101141632073e-04 4.161410892807516275e-05 3.848868286729319649e-05
4.600000000000000000e+01 9.268406170336954695e-04 8.782698947651049887e-04 4.029266713096197748e-05 3.685645667784682512e-05
4.700000000000000000e+01 1.640035564399357302e-03 1.533745747826436830e-03 3.887437990151176615e-05 3.514751659243075290e-05
