# freqs 	 pli 	 dpli 	 meanpower(thalamus)	 meanpower(scalp)	pli
8.000000000000000000e+00 1.795418115073453818e-03 -8.506042796311170939e-02 1.998780935147554771e+02 3.702421569140913107e+02
9.000000000000000000e+00 -1.751511014470477981e-02 -1.363256590458012119e-01 1.733043888166654085e+02 3.601716486671668918e+02
1.000000000000000000e+01 -5.951938364846519683e-03 -7.154738261445824088e-02 1.418306479936664175e+02 3.085246161973640255e+02
1.100000000000000000e+01 7.284566906149556563e-03 -1.950051584144994396e-02 1.201011509065582601e+02 2.383802834628132246e+02
1.200000000000000000e+01 -6.223128263238651009e-03 -4.183290286765862370e-02 1.100704984669495019e+02 1.906746366639624171e+02
1.300000000000000000e+01 -1.948257244391444001e-02 -7.012840577392996655e-02 1.096550147470327090e+02 1.699506154131062772e+02
1.400000000000000000e+01 -2.012719227485162618e-02 -7.796188209524257395e-02 1.136538565505922094e+02 1.598791509004154818e+02
1.500000000000000000e+01 -1.720174392217140025e-02 -7.406668469446014980e-02 1.171146737054667994e+02 1.518328622749535270e+02
1.600000000000000000e+01 -1.145786870168702572e-02 -6.278361464005027814e-02 1.178578583810475351e+02 1.441148614485738904e+02
1.700000000000000000e+01 -8.220745494668762338e-03 -5.449154684830908452e-02 1.164436158316973717e+02 1.375910671987303431e+02
1.800000000000000000e+01 -1.053131913217173095e-02 -5.595880968926558729e-02 1.143039511674952138e+02 1.320314375678439092e+02
1.900000000000000000e+01 -1.529336636280212089e-02 -6.366968215324654567e-02 1.121521389717764379e+02 1.262420332335752988e+02
2.000000000000000000e+01 -1.702809323004565722e-02 -6.919356149596526950e-02 1.100222103157892803e+02 1.196902918105391080e+02
2.100000000000000000e+01 -1.756427128271198859e-02 -6.518531931121583634e-02 1.081816690142522503e+02 1.128389774964062156e+02
2.200000000000000000e+01 -1.111193612078249446e-02 -4.555184662318804978e-02 1.095555615530202687e+02 1.072326259940928992e+02
2.300000000000000000e+01 5.586272463880261226e-03 -6.678412884102432646e-03 1.225287470031372550e+02 1.055940642255300901e+02
2.400000000000000000e+01 2.398485956868635915e-02 3.998476948615744403e-02 1.524450752053069209e+02 1.100472801584423905e+02
2.500000000000000000e+01 3.390358307543110683e-02 7.544753526268060950e-02 1.896894590899955517e+02 1.180389641076870930e+02
2.600000000000000000e+01 3.599168528786671206e-02 9.235957370546443723e-02 2.177744791448138244e+02 1.234300925675007647e+02
2.700000000000000000e+01 3.358153782520150593e-02 9.270439259121258935e-02 2.275637948108554269e+02 1.219662979283472310e+02
2.800000000000000000e+01 2.864234629437368770e-02 8.157807115454464297e-02 2.198074502612655863e+02 1.137312553269418203e+02
2.900000000000000000e+01 2.122680975474224019e-02 6.375147280217742518e-02 2.006242528033805854e+02 1.018097596594632392e+02
3.000000000000000000e+01 1.424468191382729024e-02 4.399470260477399836e-02 1.763618854208837945e+02 8.970809704796192818e+01
3.100000000000000000e+01 9.041974999160143009e-03 2.652759185158265476e-02 1.520205536800500283e+02 7.977908836667322134e+01
3.200000000000000000e+01 6.463450917514661394e-03 1.438426602104186242e-02 1.307424328275605490e+02 7.269752222893410476e+01
3.300000000000000000e+01 5.932233719799790382e-03 8.088506029553334253e-03 1.140342420101986249e+02 6.803996997373252498e+01
3.400000000000000000e+01 6.349395748716317109e-03 6.137947682913959258e-03 1.020977887078631170e+02 6.506482878243080847e+01
3.500000000000000000e+01 7.858525134179318583e-03 6.405440468818707038e-03 9.409150773400934042e+01 6.307106733720738845e+01
3.600000000000000000e+01 8.044255455450474365e-03 7.258538239485954648e-03 8.898531611879886327e+01 6.162708757807903481e+01
3.700000000000000000e+01 7.376801362730832888e-03 7.912788303296329484e-03 8.579271683761000133e+01 6.047882601259563984e+01
3.800000000000000000e+01 7.390419419745879182e-03 8.249381288927836592e-03 8.375190834487688107e+01 5.951456836412919671e+01
3.900000000000000000e+01 7.196787179618404848e-03 8.534145360035029493e-03 8.223306498758600469e+01 5.864389638051746090e+01
4.000000000000000000e+01 6.136608813602459703e-03 8.995869468532537508e-03 8.087827584028175920e+01 5.784331796205108844e+01
4.100000000000000000e+01 5.186826826587892167e-03 9.816737181432380263e-03 7.944639617176220270e+01 5.707580219144402633e+01
4.200000000000000000e+01 5.372013831595159189e-03 1.099989772006900943e-02 7.779759756806006976e+01 5.627630448151762010e+01
4.300000000000000000e+01 6.401331117110977721e-03 1.243235452912487375e-02 7.580941862369708417e+01 5.532655809668278124e+01
4.400000000000000000e+01 6.662014659386920890e-03 1.398874567028936082e-02 7.347856060756481611e+01 5.414023448905435743e+01
4.500000000000000000e+01 7.622779578374880641e-03 1.546875098995128921e-02 7.079111195601645079e+01 5.263045009978296918e+01
4.600000000000000000e+01 7.754309692045751462e-03 1.672725282094138927e-02 6.788018506751036796e+01 5.083620550320408427e+01
4.700000000000000000e+01 7.853768938613009051e-03 1.764104840903220339e-02 6.502080889586589763e+01 4.893559451589798215e+01
