# freqs 	 pli 	 dpli 	 meanpower(thalamus)	 meanpower(scalp)	pli
8.000000000000000000e+00 -1.277626093846895815e-02 -4.420680585371048604e-02 8.818793243737279397e+01 2.886384082732053002e+02
9.000000000000000000e+00 3.643411435053374014e-03 2.141808605703088286e-02 8.530258790618917430e+01 2.855517223352135829e+02
1.000000000000000000e+01 5.276262492185693556e-03 9.267826595157641761e-03 8.536882955143734364e+01 2.375613047700057052e+02
1.100000000000000000e+01 7.133645720693660222e-03 -1.860029665839546065e-03 9.025557182015656110e+01 1.897386338118986657e+02
1.200000000000000000e+01 -6.863278607964856844e-03 -2.601995037340633365e-02 9.439277824060810929e+01 1.615527068399857740e+02
1.300000000000000000e+01 -2.325441554523090129e-04 -2.364158572248525186e-02 9.252557481103217185e+01 1.490919653158053961e+02
1.400000000000000000e+01 2.052126783389569397e-03 -1.389330936005049762e-02 8.939202201466800091e+01 1.444287199335459775e+02
1.500000000000000000e+01 -1.037468718569294242e-02 -2.647219445306379926e-02 8.780268223030711283e+01 1.419211611925759655e+02
1.600000000000000000e+01 -1.828778880827191741e-02 -4.899176634277638276e-02 8.691366296657403723e+01 1.389276016486888636e+02
1.700000000000000000e+01 -2.269612173518825715e-02 -6.272544703816923528e-02 8.563680431441311214e+01 1.353144123092956761e+02
1.800000000000000000e+01 -2.358168816798599313e-02 -6.380735435113839282e-02 8.393436364677636163e+01 1.318664951242371615e+02
1.900000000000000000e+01 -1.989114331246226094e-02 -5.838191928076966186e-02 8.235829118091842815e+01 1.291356517291125670e+02
2.000000000000000000e+01 -1.702362848776198950e-02 -5.101295485964192633e-02 8.150117741673591354e+01 1.270295406759808259e+02
2.100000000000000000e+01 -1.547837869091980498e-02 -4.065789073760931599e-02 8.159244246387342514e+01 1.252750022049378629e+02
2.200000000000000000e+01 -9.977010232452093730e-03 -2.731123149403401340e-02 8.347992719318575894e+01 1.239804830818663248e+02
2.300000000000000000e+01 -6.269408924241169460e-03 -1.477711563195825521e-02 8.906605328695401624e+01 1.234823749103515951e+02
2.400000000000000000e+01 -1.444632609892253510e-04 -7.785110261014227193e-03 9.886617362615520221e+01 1.236997078231513427e+02
2.500000000000000000e+01 3.754645880244449844e-03 -6.998632216957733319e-03 1.093274674385468614e+02 1.236777674440749024e+02
2.600000000000000000e+01 4.235879654871419799e-03 -1.032954418037363917e-02 1.152699841618254197e+02 1.225581119733759152e+02
2.700000000000000000e+01 4.286856063358279040e-03 -1.604104131927742982e-02 1.143184582211308964e+02 1.200739419183198464e+02
2.800000000000000000e+01 8.773882777347066482e-04 -2.174768595738468119e-02 1.079013853972505075e+02 1.161315968921300055e+02
2.900000000000000000e+01 -3.206305277723702114e-03 -2.380548938114326538e-02 9.939919360502948109e+01 1.106228791086362122e+02
3.000000000000000000e+01 -4.272036284690896614e-03 -1.899422909542806612e-02 9.193503193801750228e+01 1.038631248192673127e+02
3.100000000000000000e+01 3.838785723713651746e-05 -7.654548717359796299e-03 8.719784541533944378e+01 9.667130102592987839e+01
3.200000000000000000e+01 3.831103429279134574e-03 6.085074234575001129e-03 8.536970936222107298e+01 8.997487904259148195e+01
3.300000000000000000e+01 6.726880454520370312e-03 1.748888937391933351e-02 8.563948762734987952e+01 8.441967331384010720e+01
3.400000000000000000e+01 8.590117424540940141e-03 2.419495738086876319e-02 8.689182392057594484e+01 8.015304196799236536e+01
3.500000000000000000e+01 8.031231926576396993e-03 2.607978310933121990e-02 8.810321586769090629e+01 7.698844289855671263e+01
3.600000000000000000e+01 6.764577980668432661e-03 2.412928250997968191e-02 8.859363744479252034e+01 7.461730061867527297e+01
3.700000000000000000e+01 7.569396637959145517e-03 1.961141923055126704e-02 8.803922628539208972e+01 7.274340624097179386e+01
3.800000000000000000e+01 8.532517263190495319e-03 1.376817991746923445e-02 8.648124300004619158e+01 7.118510749979147079e+01
3.900000000000000000e+01 7.489209660083299795e-03 7.581778643030757069e-03 8.417992148726406754e+01 6.983366889958422519e+01
4.000000000000000000e+01 5.884819160530415684e-03 2.021745140749972146e-03 8.150814838230192549e+01 6.862941381381354233e+01
4.100000000000000000e+01 3.608422660768397915e-03 -2.201997943799422972e-03 7.876915109561804229e+01 6.751584300260869043e+01
4.200000000000000000e+01 1.491260416661202830e-03 -4.691342529081821144e-03 7.613087001972250789e+01 6.640399956466045239e+01
4.300000000000000000e+01 8.250976557889806327e-04 -5.487113631542193601e-03 7.360193805449866034e+01 6.516446468323724162e+01
4.400000000000000000e+01 -1.284883943513355292e-04 -4.780098524640683313e-03 7.105596963196171600e+01 6.366428864417544276e+01
4.500000000000000000e+01 -1.310867511144995536e-03 -3.124780265299289227e-03 6.834498314917050266e+01 6.180603430584384483e+01
4.600000000000000000e+01 -5.053782945265013985e-04 -9.998940223354202753e-04 6.544440381738093038e+01 5.960005809182601411e+01
4.700000000000000000e+01 -6.342280841437213687e-05 1.236309133099936777e-03 6.250286782204205593e+01 5.721927212156901987e+01
