# freqs 	 pli 	 dpli 	 meanpower(thalamus)	 meanpower(scalp)	pli
8.000000000000000000e+00 -3.844085108833655146e-02 -8.946481359764030250e-02 6.315380074307099477e-05 1.643444138213246168e-04
9.000000000000000000e+00 -3.794613880780906001e-02 -9.807393151111973295e-02 6.548023713218972851e-05 1.502990009843056601e-04
1.000000000000000000e+01 -4.412662610532062241e-02 -1.216503377048335360e-01 7.049059617544195131e-05 1.468343029067434812e-04
1.100000000000000000e+01 -5.153535186609734670e-02 -1.373656875856696935e-01 7.789540887554526364e-05 1.543166194964206242e-04
1.200000000000000000e+01 -4.267903987471739075e-02 -1.021862118405184733e-01 8.114452512462839984e-05 1.607830188653733836e-04
1.300000000000000000e+01 -3.014856575733904434e-02 -7.860477155801229299e-02 7.961919002176398737e-05 1.625099210456360801e-04
1.400000000000000000e+01 -2.264933088979341480e-02 -6.665103544107199574e-02 7.494660608591390276e-05 1.565997211070759845e-04
1.500000000000000000e+01 -8.103594754865436206e-03 -2.697555195893942825e-02 6.827602418102689946e-05 1.430453390508698011e-04
1.600000000000000000e+01 1.364650814602675483e-02 2.786534291108332811e-02 6.140125838487526719e-05 1.274822024549861763e-04
1.700000000000000000e+01 2.863773259567689924e-02 6.242329329389551679e-02 5.554159385428387909e-05 1.146336931871143832e-04
1.800000000000000000e+01 2.963659831341176887e-02 6.427121208009084485e-02 5.100145883354869903e-05 1.053688128431785198e-04
1.900000000000000000e+01 1.949273532843864495e-02 4.325321470136148094e-02 4.768599491763180246e-05 9.864301679901912292e-05
2.000000000000000000e+01 5.987502445228333817e-03 1.472879440508356209e-02 4.534535437404969740e-05 9.346088627183000313e-05
2.100000000000000000e+01 -3.632705527301179245e-03 -9.145245371065363962e-03 4.364884516044125157e-05 8.920977307934365688e-05
2.200000000000000000e+01 -9.381677063677998363e-03 -2.235327127838958317e-02 4.224388402669923754e-05 8.550763679048245221e-05
2.300000000000000000e+01 -1.179748868119727574e-02 -2.523101288467345313e-02 4.093638452773086685e-05 8.218019172121860186e-05
2.400000000000000000e+01 -1.093896540172510472e-02 -2.138081281932045774e-02 3.975870625251565205e-05 7.920577544755653390e-05
2.500000000000000000e+01 -7.737251491195071273e-03 -1.499380091891802484e-02 3.880949233694474599e-05 7.661856303663965430e-05
2.600000000000000000e+01 -5.907327266817640442e-03 -9.732480669655122971e-03 3.810980324514155401e-05 7.441123265126339673e-05
2.700000000000000000e+01 -4.804186827902572239e-03 -7.590962955182064230e-03 3.761172419711244428e-05 7.251994571377453215e-05
2.800000000000000000e+01 -4.988453635273662132e-03 -8.531989766144946336e-03 3.722967994912186043e-05 7.086444236973001725e-05
2.900000000000000000e+01 -5.133618334128178633e-03 -1.120224740380894486e-02 3.690154004108511804e-05 6.939901287003491666e-05
3.000000000000000000e+01 -6.685296192991640324e-03 -1.409525579265330855e-02 3.658813862897097624e-05 6.812934760876686888e-05
3.100000000000000000e+01 -8.520125542707854271e-03 -1.628522989077747438e-02 3.628362283141179577e-05 6.707292525589994385e-05
3.200000000000000000e+01 -9.661161483541522502e-03 -1.761738744492687483e-02 3.599785613266979069e-05 6.621055085572666559e-05
3.300000000000000000e+01 -9.938675112358972066e-03 -1.853885677552920622e-02 3.573879970670775820e-05 6.551738327097920674e-05
3.400000000000000000e+01 -1.114442394572004620e-02 -1.970265871632129184e-02 3.550788807389058016e-05 6.496778229843321658e-05
3.500000000000000000e+01 -1.162576060641104352e-02 -2.144491418357509852e-02 3.530253458811271136e-05 6.451576252152130871e-05
3.600000000000000000e+01 -1.243580556119604219e-02 -2.354121064444850142e-02 3.511818643623501927e-05 6.410037308620761157e-05
3.700000000000000000e+01 -1.272900668923174390e-02 -2.531294420775601073e-02 3.494188329039194261e-05 6.366046380836600524e-05
3.800000000000000000e+01 -1.244246688594310632e-02 -2.602174265551198545e-02 3.476195272769108609e-05 6.316058939002415691e-05
3.900000000000000000e+01 -1.170995169762826908e-02 -2.521287896145328264e-02 3.457226964617313392e-05 6.258014431216184399e-05
4.000000000000000000e+01 -1.007196570929564348e-02 -2.291018685229577814e-02 3.436327427276507232e-05 6.193131371630069973e-05
4.100000000000000000e+01 -8.232678613752143076e-03 -1.953088317936073695e-02 3.411966442554579463e-05 6.122030863985720192e-05
4.200000000000000000e+01 -6.633797883927781101e-03 -1.568649048526587347e-02 3.381082270250696648e-05 6.041615917801451148e-05
4.300000000000000000e+01 -4.998826114902182871e-03 -1.195729928203444203e-02 3.338297771073238217e-05 5.942550186331569697e-05
4.400000000000000000e+01 -4.191535649508111062e-03 -8.705184553897207106e-03 3.277274789142381700e-05 5.814908288386246097e-05
4.500000000000000000e+01 -3.196606909704224550e-03 -6.104977260235362919e-03 3.194308904452818906e-05 5.651415420662721201e-05
4.600000000000000000e+01 -2.019960662759492150e-03 -4.172075210924285765e-03 3.092384283889298621e-05 5.455994851523149065e-05
4.700000000000000000e+01 -1.134299066562185088e-03 -2.853291690513090270e-03 2.983074339935462484e-05 5.247445995749423097e-05
