# freqs 	 pli 	 dpli 	 meanpower(thalamus)	 meanpower(scalp)	pli
8.000000000000000000e+00 2.713936404206550301e-02 6.530666858619856019e-02 6.667007728926945031e-05 2.283702155604645085e-04
9.000000000000000000e+00 4.305057424489341228e-02 1.177506502367874491e-01 6.611876964772716182e-05 1.970181060903691047e-04
1.000000000000000000e+01 6.548097433796333522e-02 1.925527265426008328e-01 6.977649431595269011e-05 1.776132742034136592e-04
1.100000000000000000e+01 1.181703444013210008e-01 4.013022304356860248e-01 7.566591369201619967e-05 1.736883152690798799e-04
1.200000000000000000e+01 1.500041404972831116e-01 5.735117514623278012e-01 7.942303570522060154e-05 1.919838479062645231e-04
1.300000000000000000e+01 1.362651336778863964e-01 5.534803477942202843e-01 7.431466294969592008e-05 2.129057292782943244e-04
1.400000000000000000e+01 1.052892202808687200e-01 4.256599937790300769e-01 6.258610475388071365e-05 1.984132485048598234e-04
1.500000000000000000e+01 6.858721187629873706e-02 2.416304058669721255e-01 5.235443888596941062e-05 1.604001593665268068e-04
1.600000000000000000e+01 3.499022609424243258e-02 8.952207589135667554e-02 4.698321557647312292e-05 1.279448294720035410e-04
1.700000000000000000e+01 1.243724739899320676e-02 2.190496673266896163e-02 4.484548782921774434e-05 1.099548984690338163e-04
1.800000000000000000e+01 4.846139039598130506e-03 5.268005130923729407e-03 4.392201465022483068e-05 1.011117554932749969e-04
1.900000000000000000e+01 4.981028092448431047e-03 7.195701708283924226e-03 4.342631882203514541e-05 9.583895444621508221e-05
2.000000000000000000e+01 6.292575712999856977e-03 1.389230564152023513e-02 4.327441256757535792e-05 9.189060155773559342e-05
2.100000000000000000e+01 8.998894326766083279e-03 2.200077839722684378e-02 4.360546276845835999e-05 8.865942819989672979e-05
2.200000000000000000e+01 1.183350003270268631e-02 3.206272137291526353e-02 4.442707147341011683e-05 8.596943742696561055e-05
2.300000000000000000e+01 1.497774496790679581e-02 4.277274807887669617e-02 4.539025449075937568e-05 8.375928884373485509e-05
2.400000000000000000e+01 1.619721867859598430e-02 5.036518374695661548e-02 4.599184907668518908e-05 8.200500868296578950e-05
2.500000000000000000e+01 1.663799066773885907e-02 5.197891514087293885e-02 4.594131024100733558e-05 8.054303527885303140e-05
2.600000000000000000e+01 1.697627786617865800e-02 4.790248268762073436e-02 4.528990239441007729e-05 7.914093514110968073e-05
2.700000000000000000e+01 1.530366766995558923e-02 4.094081413035463579e-02 4.433431850957269947e-05 7.763403392665224113e-05
2.800000000000000000e+01 1.424140938298170712e-02 3.433995165584290826e-02 4.340148389023877780e-05 7.601057244664462394e-05
2.900000000000000000e+01 1.348918702299200557e-02 3.002698035063022103e-02 4.268852774275358627e-05 7.438754971023821684e-05
3.000000000000000000e+01 1.334062492256795317e-02 2.811398746439431467e-02 4.224084756304310757e-05 7.289583267165008140e-05
3.100000000000000000e+01 1.385640043630530401e-02 2.769899012639499836e-02 4.200874569361336564e-05 7.160527225673300332e-05
3.200000000000000000e+01 1.450024183814210832e-02 2.787940871383220998e-02 4.193038673631883868e-05 7.050324329412114947e-05
3.300000000000000000e+01 1.483063128913456735e-02 2.816495600218721362e-02 4.194040692232855084e-05 6.954390194398444626e-05
3.400000000000000000e+01 1.503322695989274017e-02 2.834832797401366788e-02 4.198580081392563494e-05 6.869015704770484556e-05
3.500000000000000000e+01 1.484782731711985736e-02 2.839062354236790084e-02 4.201799138556823742e-05 6.791719606782998836e-05
3.600000000000000000e+01 1.442936688625343772e-02 2.830967594947721849e-02 4.200264038974373798e-05 6.721053330657362763e-05
3.700000000000000000e+01 1.438318973433519964e-02 2.809706928963837461e-02 4.192456521671936908e-05 6.655270286926784275e-05
3.800000000000000000e+01 1.375738644713732882e-02 2.771511176523356809e-02 4.178416477563998285e-05 6.593437544574042442e-05
3.900000000000000000e+01 1.306210873210333218e-02 2.714216247582363142e-02 4.159779284477036794e-05 6.534464799425247056e-05
4.000000000000000000e+01 1.248727309560477942e-02 2.640152070823611336e-02 4.138289702437639351e-05 6.476654540043940702e-05
4.100000000000000000e+01 1.213028313515560584e-02 2.558143505480418509e-02 4.113797054385305812e-05 6.416135971095550492e-05
4.200000000000000000e+01 1.199328874254102992e-02 2.481583639016808271e-02 4.082629067086734496e-05 6.346083979022809954e-05
4.300000000000000000e+01 1.184149153911450390e-02 2.422787903250347291e-02 4.037808659839163712e-05 6.255394828652957779e-05
4.400000000000000000e+01 1.168262838340822923e-02 2.390030459780669719e-02 3.971112156069821377e-05 6.131921850853082247e-05
4.500000000000000000e+01 1.194520403066996923e-02 2.383147076470094189e-02 3.877400702325361337e-05 5.967985750344205530e-05
4.600000000000000000e+01 1.227235293813202892e-02 2.400239915858903839e-02 3.760034096755317506e-05 5.768332754011763763e-05
4.700000000000000000e+01 1.238017172242825668e-02 2.439985043181162536e-02 3.632985856387067766e-05 5.553538420638429369e-05
