# freqs 	 pli 	 dpli 	 meanpower(thalamus)	 meanpower(scalp)	pli
8.000000000000000000e+00 8.425067513113183512e-03 9.383533603481642371e-04 4.423857461099089499e-05 2.032079781014643316e-04
9.000000000000000000e+00 -4.897795527782773661e-02 -1.322850456585553947e-01 5.092919079439895639e-05 2.013476848363851600e-04
1.000000000000000000e+01 -1.676803744706926724e-01 -4.705704829694412616e-01 7.335208199870717975e-05 2.192637836808020873e-04
1.100000000000000000e+01 -2.622142425392121612e-01 -6.850079749626605263e-01 9.433787950751888524e-05 2.557821079399267704e-04
1.200000000000000000e+01 -3.465981695961080078e-01 -7.623355784952747793e-01 9.779058650196026283e-05 2.949899037437117609e-04
1.300000000000000000e+01 -3.913278991353378311e-01 -7.947159267024489493e-01 9.128747140790081514e-05 3.142963752037498926e-04
1.400000000000000000e+01 -3.728616609674260118e-01 -7.603416498776135457e-01 7.567117002888508329e-05 2.892887397284153619e-04
1.500000000000000000e+01 -2.930055035812720310e-01 -6.278169628955085901e-01 5.747258967671063981e-05 2.400782047389076184e-04
1.600000000000000000e+01 -1.791999544385980969e-01 -3.995440725321371955e-01 4.459960369568968157e-05 1.971373559976525333e-04
1.700000000000000000e+01 -8.779977584266916713e-02 -1.903201028382741633e-01 3.805335371551505161e-05 1.688054411532171543e-04
1.800000000000000000e+01 -4.043943593772311718e-02 -7.648180352757537326e-02 3.529750447273775102e-05 1.506495048393609760e-04
1.900000000000000000e+01 -1.967657487912867834e-02 -3.150221327591998938e-02 3.454946220728726610e-05 1.377065093028018627e-04
2.000000000000000000e+01 -1.297753444009439212e-02 -1.914895339234404248e-02 3.494920011367174095e-05 1.268168179821221951e-04
2.100000000000000000e+01 -1.426736821930846971e-02 -2.312939675366437395e-02 3.554734797404660788e-05 1.167640367320644748e-04
2.200000000000000000e+01 -1.996205175473862725e-02 -3.658500303557044031e-02 3.559622663000893116e-05 1.078553151476669314e-04
2.300000000000000000e+01 -3.019768820196725226e-02 -5.271529620631899837e-02 3.508454662379596907e-05 1.004964520678944929e-04
2.400000000000000000e+01 -3.751820270182138622e-02 -6.236139817823182357e-02 3.434073605629355881e-05 9.458612619487851347e-05
2.500000000000000000e+01 -3.661711112396598411e-02 -6.007699909031316565e-02 3.352498903982961519e-05 8.970554546486672479e-05
2.600000000000000000e+01 -3.267145797904854460e-02 -4.874794885713137904e-02 3.258493296383511241e-05 8.538517371420551946e-05
2.700000000000000000e+01 -2.467714071720695374e-02 -3.575279044410389906e-02 3.149271490664748777e-05 8.137925978794156032e-05
2.800000000000000000e+01 -1.896150102453634731e-02 -2.718832383037183414e-02 3.036493462701463244e-05 7.766495253907082042e-05
2.900000000000000000e+01 -1.666478310754324413e-02 -2.486119634748982371e-02 2.935412558611163656e-05 7.430214662759660122e-05
3.000000000000000000e+01 -1.631322492134305510e-02 -2.708530590275850039e-02 2.853586348486787411e-05 7.129566151278554946e-05
3.100000000000000000e+01 -1.764760089551695860e-02 -3.076620715985699250e-02 2.785848290610006318e-05 6.858092665721664196e-05
3.200000000000000000e+01 -1.872395020332654966e-02 -3.372183894803245513e-02 2.723586768150447880e-05 6.607457417585116996e-05
3.300000000000000000e+01 -1.971230196603113854e-02 -3.515404907909053939e-02 2.660426336812397223e-05 6.373675877771598007e-05
3.400000000000000000e+01 -2.002436759598685834e-02 -3.507837946857049471e-02 2.594494577992188580e-05 6.163042401503371435e-05
3.500000000000000000e+01 -1.991579680722778412e-02 -3.383179057222493458e-02 2.529993649460293779e-05 5.988605232993043703e-05
3.600000000000000000e+01 -1.844574747553122049e-02 -3.163789573346091621e-02 2.471808734614163765e-05 5.859409229512562513e-05
3.700000000000000000e+01 -1.634796583658174388e-02 -2.889277164056687844e-02 2.423110899646288232e-05 5.768461021136187347e-05
3.800000000000000000e+01 -1.439439436197101352e-02 -2.625708867071837802e-02 2.383663052167806496e-05 5.690103416559621092e-05
3.900000000000000000e+01 -1.295855104677436087e-02 -2.448685638605644505e-02 2.351827099758523997e-05 5.593238400280607403e-05
4.000000000000000000e+01 -1.214401996124358368e-02 -2.395386854329536672e-02 2.324305856521786175e-05 5.458191259341634065e-05
4.100000000000000000e+01 -1.184519431968090487e-02 -2.458935379176598046e-02 2.297638804224834283e-05 5.282099765266124727e-05
4.200000000000000000e+01 -1.255453109847386173e-02 -2.596943793959897301e-02 2.267849188813370501e-05 5.074100036002365729e-05
4.300000000000000000e+01 -1.346013553303507942e-02 -2.753928667108151984e-02 2.230732045930671620e-05 4.846121881086081726e-05
4.400000000000000000e+01 -1.352001227801870320e-02 -2.881997551520016840e-02 2.181687470953311652e-05 4.606461348843734940e-05
4.500000000000000000e+01 -1.354948527678710886e-02 -2.957697131119816844e-02 2.118809492820794815e-05 4.359062063074157687e-05
4.600000000000000000e+01 -1.361813985146925407e-02 -2.976944240309867956e-02 2.044503315098687056e-05 4.108514159107242775e-05
4.700000000000000000e+01 -1.405435817158082364e-02 -2.950166301674872482e-02 1.967043144800301914e-05 3.864919923873451482e-05
