# freqs 	 pli 	 dpli 	 meanpower(thalamus)	 meanpower(scalp)	pli
8.000000000000000000e+00 -5.829812873585254324e-02 -1.155083866041706070e-01 9.678672312793771550e-05 2.559381376667384570e-04
9.000000000000000000e+00 -4.786806801674784589e-02 -1.465994924955401069e-01 8.063934518269081926e-05 2.235046975806443651e-04
1.000000000000000000e+01 -3.120258209431608226e-02 -8.484301960984648450e-02 7.153848050730722064e-05 1.908130544805933942e-04
1.100000000000000000e+01 -2.682686061796402122e-02 5.409831965230732509e-03 7.149568044139743318e-05 1.623887593040351112e-04
1.200000000000000000e+01 -6.847565026317134138e-03 7.215111866424774034e-02 7.093334785940166377e-05 1.443127413866006402e-04
1.300000000000000000e+01 4.520774114483157302e-03 5.909834768302446584e-02 6.595957886233264349e-05 1.346449834222262013e-04
1.400000000000000000e+01 4.480308076461203375e-03 1.971679826147880454e-02 6.088819126351116345e-05 1.310085032381997857e-04
1.500000000000000000e+01 2.019673112166660549e-03 -2.127164189439119250e-04 5.842055323021873623e-05 1.307727217877754640e-04
1.600000000000000000e+01 -8.818701764759856107e-03 -2.940640550792145494e-02 5.854105629765912831e-05 1.316649720745721275e-04
1.700000000000000000e+01 -3.093483880391177665e-02 -7.721639494128322567e-02 6.007966498572121089e-05 1.330878595667440306e-04
1.800000000000000000e+01 -5.295022461570850214e-02 -1.292233982332124664e-01 6.188904102151228078e-05 1.346591269256250118e-04
1.900000000000000000e+01 -7.023790531986029428e-02 -1.661504245543244385e-01 6.296880382717123163e-05 1.349638812301597957e-04
2.000000000000000000e+01 -7.281956966552539934e-02 -1.826119515483129174e-01 6.299016327921632449e-05 1.329480327075962902e-04
2.100000000000000000e+01 -8.011126564673157202e-02 -1.841667584009285263e-01 6.205364531254688512e-05 1.287189591145386004e-04
2.200000000000000000e+01 -7.893264238161290525e-02 -1.787283709319171243e-01 6.074728588835371409e-05 1.231512637497949540e-04
2.300000000000000000e+01 -7.903882603049526556e-02 -1.712076037543096008e-01 5.933321042020740430e-05 1.171910853907147864e-04
2.400000000000000000e+01 -7.740260268539642108e-02 -1.632822869021181567e-01 5.777544318936322790e-05 1.112345691081996387e-04
2.500000000000000000e+01 -7.774633567737015971e-02 -1.551595587673431365e-01 5.611889248285560438e-05 1.053092169899030872e-04
2.600000000000000000e+01 -7.530080678225689605e-02 -1.461908517825288856e-01 5.442204012832618044e-05 9.945588486081027749e-05
2.700000000000000000e+01 -6.712512068293839673e-02 -1.352447132905252036e-01 5.279509096053095564e-05 9.392613562487569124e-05
2.800000000000000000e+01 -5.896498816229343160e-02 -1.221320571013675554e-01 5.141790702115266946e-05 8.878938232853882996e-05
2.900000000000000000e+01 -5.132208119420776649e-02 -1.077037553872322445e-01 5.038092623417545353e-05 8.407503676665072914e-05
3.000000000000000000e+01 -4.647209608657815183e-02 -9.339811312889839678e-02 4.964717324729833736e-05 7.989072831076352759e-05
3.100000000000000000e+01 -3.893799916713783227e-02 -8.049828135554244757e-02 4.912862160924124765e-05 7.616852710187686890e-05
3.200000000000000000e+01 -3.630461347857435322e-02 -7.007825952349606979e-02 4.876707152154812657e-05 7.282155483686767947e-05
3.300000000000000000e+01 -3.468024180719057881e-02 -6.293842119052378559e-02 4.854023211702103121e-05 6.979896229097270696e-05
3.400000000000000000e+01 -3.324963112368524432e-02 -5.909193844596065393e-02 4.843152227777739984e-05 6.705130809229508987e-05
3.500000000000000000e+01 -3.236700426709800127e-02 -5.733130082225995627e-02 4.838915823609572201e-05 6.450731236526986441e-05
3.600000000000000000e+01 -2.937653531477759511e-02 -5.591191709930377896e-02 4.836293017923847979e-05 6.214986674061956080e-05
3.700000000000000000e+01 -2.813236931051166234e-02 -5.374593916019681367e-02 4.830598991566231244e-05 5.997025839685907542e-05
3.800000000000000000e+01 -2.499517957356985412e-02 -5.075081878037848021e-02 4.819430004752845559e-05 5.794524152371647425e-05
3.900000000000000000e+01 -2.289593494834969364e-02 -4.747426607204024290e-02 4.802664940902440325e-05 5.604685631817029478e-05
4.000000000000000000e+01 -1.989738455762733033e-02 -4.444389117991088406e-02 4.778147675264115163e-05 5.426166838296089698e-05
4.100000000000000000e+01 -1.908066501630074560e-02 -4.189620254431190849e-02 4.744011288816671660e-05 5.254970678912677218e-05
4.200000000000000000e+01 -2.175052499518120505e-02 -3.979499262751100969e-02 4.697371210536292302e-05 5.085807005375237686e-05
4.300000000000000000e+01 -2.040126201740177433e-02 -3.796391467925248203e-02 4.631862091283750244e-05 4.912119135394625797e-05
4.400000000000000000e+01 -2.026428441006011827e-02 -3.624831520621858011e-02 4.540404401244145169e-05 4.725841959716016585e-05
4.500000000000000000e+01 -1.815280271294633999e-02 -3.456382581175886093e-02 4.419422156756447746e-05 4.521251334246544616e-05
4.600000000000000000e+01 -1.600110888732622985e-02 -3.278421599077931126e-02 4.274767090332898153e-05 4.299372711157084293e-05
4.700000000000000000e+01 -1.503632313220673589e-02 -3.075992706599730772e-02 4.124365779395613676e-05 4.070869263066030213e-05
