# freqs 	 pli 	 dpli 	 meanpower(thalamus)	 meanpower(scalp)	pli
8.000000000000000000e+00 -1.360438093553237859e-01 -2.945083054302116699e-01 1.859993119790165808e-05 6.080473358445065164e-04
9.000000000000000000e+00 -9.000779323033414325e-02 -2.272414648146739713e-01 1.809110665571182658e-05 4.381186534724309340e-04
1.000000000000000000e+01 -7.970165071616673591e-02 -1.738626711205455422e-01 1.808433509586440533e-05 3.276672952822498965e-04
1.100000000000000000e+01 -7.680518667704430702e-02 -1.602652988023009484e-01 1.837701129269873386e-05 2.716140503433757273e-04
1.200000000000000000e+01 -8.950411831225388304e-02 -1.714530768859998666e-01 1.868846685707408175e-05 2.439505234531917015e-04
1.300000000000000000e+01 -7.275307246446523213e-02 -1.491115946456281760e-01 1.900025418666680260e-05 2.311954456285649851e-04
1.400000000000000000e+01 -5.889471237838790618e-02 -1.242627605169422944e-01 1.942444777566906464e-05 2.203675579890761540e-04
1.500000000000000000e+01 -6.157815041220346397e-02 -1.362479159479477453e-01 1.970535219356327262e-05 2.065446542200811508e-04
1.600000000000000000e+01 -5.994297247941562934e-02 -1.409013021182536907e-01 1.990063996826251565e-05 1.888333001077363907e-04
1.700000000000000000e+01 -5.367466888742973563e-02 -1.268980769638874961e-01 2.012381906510334940e-05 1.705638302415515199e-04
1.800000000000000000e+01 -4.538576701065592800e-02 -9.909053542379944735e-02 2.038471763193780857e-05 1.540095474195375517e-04
1.900000000000000000e+01 -4.010981974193961186e-02 -7.807601389233852218e-02 2.062817837723828978e-05 1.409521697117393601e-04
2.000000000000000000e+01 -3.963121838786094059e-02 -7.874161584803539282e-02 2.084847955046341351e-05 1.315795148688411601e-04
2.100000000000000000e+01 -3.784047626668373548e-02 -8.830336231200458519e-02 2.109234914920912136e-05 1.238380986944942843e-04
2.200000000000000000e+01 -3.463560210261867195e-02 -8.613150936568698957e-02 2.132947393907622544e-05 1.163669935599435777e-04
2.300000000000000000e+01 -2.497560039039375263e-02 -6.927328689401482387e-02 2.155716207936355186e-05 1.090231564022871476e-04
2.400000000000000000e+01 -1.521393090539686563e-02 -5.009850296461731967e-02 2.174690275356929109e-05 1.019922558249619854e-04
2.500000000000000000e+01 -7.278136796979973490e-03 -3.833252812404368964e-02 2.193284419546899177e-05 9.539560979397864880e-05
2.600000000000000000e+01 -1.154811983173653633e-02 -3.446834437601459245e-02 2.217414343137499050e-05 8.943797018278371079e-05
2.700000000000000000e+01 -2.009483675443997711e-02 -3.557000342888426425e-02 2.247479057962626839e-05 8.439006738186561392e-05
2.800000000000000000e+01 -2.393916860562738530e-02 -3.858365598983954509e-02 2.275843914731487803e-05 8.012111858187024899e-05
2.900000000000000000e+01 -3.113282218153617248e-02 -4.162935657346374801e-02 2.297774208431601446e-05 7.630181208515412767e-05
3.000000000000000000e+01 -3.300235045809948864e-02 -4.517821962111091133e-02 2.314328653618942394e-05 7.265670762151620954e-05
3.100000000000000000e+01 -3.122501838646755956e-02 -5.040681986274400672e-02 2.329219315646149119e-05 6.907657942675440735e-05
3.200000000000000000e+01 -3.128647024028392842e-02 -5.753889355233048064e-02 2.342628014210891809e-05 6.554489813547339019e-05
3.300000000000000000e+01 -3.568145667308783575e-02 -6.447655648140601659e-02 2.355213510498053515e-05 6.219290222823866982e-05
3.400000000000000000e+01 -3.582247016792282357e-02 -6.854713810522891637e-02 2.366183322940809404e-05 5.915628964861332248e-05
3.500000000000000000e+01 -3.301577660203641046e-02 -6.866429659402936703e-02 2.372730999097105535e-05 5.649829552188799389e-05
3.600000000000000000e+01 -2.858695565305649500e-02 -6.560343658842594794e-02 2.374988140332826911e-05 5.420086198762195598e-05
3.700000000000000000e+01 -2.786657289901863649e-02 -6.085955046651429085e-02 2.375144800144364122e-05 5.225024706466909375e-05
3.800000000000000000e+01 -2.428441290693771765e-02 -5.627762982839341205e-02 2.373650545393770175e-05 5.061198965948528970e-05
3.900000000000000000e+01 -2.338050452667662926e-02 -5.329924111188664992e-02 2.369734468232346852e-05 4.920514792557199982e-05
4.000000000000000000e+01 -2.283623114293019743e-02 -5.265521483712880951e-02 2.363770010979048518e-05 4.797761794162470726e-05
4.100000000000000000e+01 -2.408974328243725788e-02 -5.412323501195930725e-02 2.356769553121843846e-05 4.687773561465986231e-05
4.200000000000000000e+01 -2.142023936977676887e-02 -5.673331023002609746e-02 2.347143655902474228e-05 4.581209166810460640e-05
4.300000000000000000e+01 -2.178776305907543717e-02 -5.927809669949898191e-02 2.330612979049175281e-05 4.467619612010093034e-05
4.400000000000000000e+01 -2.465506083871947182e-02 -6.070618085016227933e-02 2.301128185000699759e-05 4.337480822898565237e-05
4.500000000000000000e+01 -2.863260154028057433e-02 -6.044164426368101029e-02 2.255306443067288640e-05 4.185392823534977047e-05
4.600000000000000000e+01 -3.038098053156729900e-02 -5.827321679666510462e-02 2.196520329709898404e-05 4.013217625167630033e-05
4.700000000000000000e+01 -3.072326692335958925e-02 -5.438781378882583811e-02 2.134355403324922218e-05 3.832910617835844200e-05
