# freqs 	 pli 	 dpli 	 meanpower(thalamus)	 meanpower(scalp)	pli
8.000000000000000000e+00 1.281136347722699846e-02 3.853740837869008579e-03 2.138505196096534753e-04 1.653735574175939794e-04
9.000000000000000000e+00 3.018420710111867009e-02 2.650548625829484209e-02 1.900935525717370488e-04 1.471399671109537271e-04
1.000000000000000000e+01 3.960423967031104914e-02 4.031105927388655558e-02 1.764313285503712407e-04 1.373717715532391957e-04
1.100000000000000000e+01 3.407742830061660094e-02 4.245596129664662433e-02 1.713613817296028442e-04 1.376770009279621376e-04
1.200000000000000000e+01 3.187499128218423960e-02 5.183490158161289940e-02 1.663506658219921365e-04 1.565455491983960021e-04
1.300000000000000000e+01 3.715075533097862009e-02 6.190907048371702137e-02 1.574338648042770267e-04 2.025600014522852444e-04
1.400000000000000000e+01 4.274049474552966965e-02 7.105628382865041004e-02 1.463635394931288758e-04 2.241517048709245296e-04
1.500000000000000000e+01 4.368852581956335357e-02 7.650844021595837319e-02 1.334775353331853968e-04 1.986762205220583030e-04
1.600000000000000000e+01 3.876583339425665464e-02 7.468191710510009573e-02 1.213557044656083175e-04 1.578368714204109939e-04
1.700000000000000000e+01 3.304772138264527870e-02 6.602161017782098851e-02 1.117353057184160774e-04 1.288298449521627987e-04
1.800000000000000000e+01 2.634701032556254971e-02 5.671033560330444173e-02 1.044893516917057145e-04 1.145721926624092740e-04
1.900000000000000000e+01 1.940798513279862539e-02 4.958145398248881008e-02 9.881310641406736779e-05 1.080924718904485184e-04
2.000000000000000000e+01 1.592268603709642155e-02 4.399044661186488070e-02 9.419975389796308377e-05 1.045352060935691866e-04
2.100000000000000000e+01 1.613567568314696818e-02 4.039108388818962031e-02 9.040589590228099060e-05 1.018849804521598513e-04
2.200000000000000000e+01 1.399272693939441516e-02 3.828434950316124408e-02 8.717604528913984983e-05 9.950151180837566399e-05
2.300000000000000000e+01 1.325166993061956296e-02 3.509930222326995003e-02 8.413717814555111052e-05 9.706192592505122915e-05
2.400000000000000000e+01 9.829102086592446039e-03 2.895084567896518898e-02 8.101189355319935597e-05 9.457178919896265014e-05
2.500000000000000000e+01 5.415575757550201118e-03 2.084843386833037243e-02 7.780092357375612238e-05 9.251020827527374360e-05
2.600000000000000000e+01 2.423923682511263354e-03 1.339419679143905029e-02 7.462270837541016047e-05 9.162319705400706366e-05
2.700000000000000000e+01 9.088460596292092771e-04 7.942919891471538624e-03 7.160025779015641474e-05 9.204903567007718837e-05
2.800000000000000000e+01 -1.187203710436420586e-03 3.677818803063690866e-03 6.877656974114067950e-05 9.259156288755704888e-05
2.900000000000000000e+01 -4.468875825920820208e-03 -4.968494915469906644e-04 6.618275456978577552e-05 9.155711263503703041e-05
3.000000000000000000e+01 -6.240077171968889773e-03 -4.835470060901188305e-03 6.382745994156107153e-05 8.822104299833130321e-05
3.100000000000000000e+01 -6.102414877249314439e-03 -9.016446860321431292e-03 6.172157648395702094e-05 8.314401673551831461e-05
3.200000000000000000e+01 -5.805439800004467098e-03 -1.261910852762927922e-02 5.986647953805868865e-05 7.747749839487914957e-05
3.300000000000000000e+01 -4.805043720995819632e-03 -1.519020851435506740e-02 5.823581404876023153e-05 7.223597470873057292e-05
3.400000000000000000e+01 -4.585529689711240892e-03 -1.642799612848040713e-02 5.679446750268741281e-05 6.793726780785118240e-05
3.500000000000000000e+01 -4.262332549362772907e-03 -1.625054971628323713e-02 5.551285945234352853e-05 6.461081509093003297e-05
3.600000000000000000e+01 -4.051707264514145708e-03 -1.495912998277533490e-02 5.436163910705283308e-05 6.201967032198912226e-05
3.700000000000000000e+01 -3.828494902026156887e-03 -1.296050341915401007e-02 5.330924191304392562e-05 5.990750346247516127e-05
3.800000000000000000e+01 -2.994047397897794689e-03 -1.057330764950764786e-02 5.234124369445925098e-05 5.809366364853494474e-05
3.900000000000000000e+01 -2.553445325967176101e-03 -8.060016166895044368e-03 5.144657545700559627e-05 5.646974550488874915e-05
4.000000000000000000e+01 -2.393067441556799395e-03 -5.590474926117627689e-03 5.060857845761030369e-05 5.498193153296258433e-05
4.100000000000000000e+01 -1.283911341976279102e-03 -3.323989924307969857e-03 4.979657449977580442e-05 5.358302930053234929e-05
4.200000000000000000e+01 -4.263537974877412923e-04 -1.406048465030524308e-03 4.895607590991803056e-05 5.220747802186574655e-05
4.300000000000000000e+01 -9.752325697874936932e-04 6.348616235843243874e-05 4.800389641163949826e-05 5.075613507276116951e-05
4.400000000000000000e+01 -1.026033453116517160e-03 1.101229426579251967e-03 4.684496111324464203e-05 4.913759866515325197e-05
4.500000000000000000e+01 -5.352806803148773065e-05 1.749957135479641730e-03 4.541139841861318097e-05 4.728297319400803181e-05
4.600000000000000000e+01 8.395216647187974486e-04 2.095547364072904324e-03 4.372252912300780467e-05 4.521341948989988409e-05
4.700000000000000000e+01 8.676076894311184800e-04 2.197777698122493559e-03 4.191782971759463035e-05 4.307682047843176972e-05
