# freqs 	 pli 	 dpli 	 meanpower(thalamus)	 meanpower(scalp)	pli
8.000000000000000000e+00 -1.947198540081437057e-01 -4.224601551376147568e-01 1.250629781745531870e-04 7.996670365655978796e-04
9.000000000000000000e+00 -1.280650862742335194e-01 -2.708179691235836906e-01 1.023131493538141683e-04 6.869102509300552663e-04
1.000000000000000000e+01 -4.784668195760338749e-02 -1.028018215898141574e-01 8.706794458791710582e-05 4.959009086811030920e-04
1.100000000000000000e+01 -8.408812999408871516e-03 -1.070605948745191605e-02 8.018133656978641507e-05 3.615687577576451968e-04
1.200000000000000000e+01 1.269636086504197757e-02 3.449935643823451303e-02 7.729506718038683445e-05 3.158737039466491168e-04
1.300000000000000000e+01 2.527380176738551823e-02 6.077075215925957508e-02 7.613448816673588926e-05 3.142116842757036494e-04
1.400000000000000000e+01 2.462077128247058475e-02 7.389553122984091060e-02 7.535614526328275446e-05 3.264901216181101949e-04
1.500000000000000000e+01 2.242015955458918561e-02 6.020084090246293623e-02 7.406435039173427798e-05 3.397533884995444764e-04
1.600000000000000000e+01 1.727565876089984589e-02 3.736091362959646778e-02 7.199588475184569790e-05 3.484111073823956952e-04
1.700000000000000000e+01 4.256832215706208428e-03 2.047416855004343533e-02 6.951056118877201051e-05 3.477520411290243403e-04
1.800000000000000000e+01 5.999341573343232314e-03 1.520753065367960385e-02 6.718559587980090701e-05 3.348637247288721521e-04
1.900000000000000000e+01 1.087279048385593125e-02 2.086091933595042233e-02 6.548881836505173013e-05 3.121981044433879337e-04
2.000000000000000000e+01 1.352515766094190483e-02 2.711205832572347388e-02 6.432917303484871096e-05 2.870983933126899880e-04
2.100000000000000000e+01 1.174751774401899124e-02 2.720135822024022376e-02 6.343951309746801034e-05 2.662339011771947136e-04
2.200000000000000000e+01 9.822107954572308411e-03 2.308150210128079305e-02 6.274739933346355487e-05 2.526624156500888521e-04
2.300000000000000000e+01 8.685700630899306079e-03 1.663283781191867566e-02 6.246034994578541133e-05 2.463631249946161513e-04
2.400000000000000000e+01 4.433456923589636743e-03 4.231438523633415834e-03 6.296593691317985565e-05 2.454172319906481529e-04
2.500000000000000000e+01 -4.743984267675125689e-03 -1.617329549832998564e-02 6.495601459455891183e-05 2.479638065054809134e-04
2.600000000000000000e+01 -1.573922884072083417e-02 -4.119628309806567384e-02 6.950144484073248450e-05 2.529432573517657054e-04
2.700000000000000000e+01 -2.822949442072691939e-02 -6.592927108839985451e-02 7.781194168119298822e-05 2.602139205680258039e-04
2.800000000000000000e+01 -3.678733347912246932e-02 -8.703001399659891779e-02 8.981068033783891737e-05 2.694139362843810028e-04
2.900000000000000000e+01 -4.420033421527475026e-02 -1.009219223378822888e-01 1.031042829939338092e-04 2.801602145990440482e-04
3.000000000000000000e+01 -4.670860541018727330e-02 -1.052473317179692808e-01 1.137917869445453711e-04 2.920107283877101641e-04
3.100000000000000000e+01 -4.713709399887654888e-02 -9.992745718155088275e-02 1.187052833043872563e-04 3.044049132625089465e-04
3.200000000000000000e+01 -4.443777575020051857e-02 -8.730731815615958014e-02 1.169022292770632366e-04 3.163722969404660166e-04
3.300000000000000000e+01 -3.764712481419503487e-02 -7.101460096441793157e-02 1.095737175543789685e-04 3.269418599758617074e-04
3.400000000000000000e+01 -3.123363969121573797e-02 -5.413374407958738282e-02 9.899911043950367117e-05 3.356844274523255360e-04
3.500000000000000000e+01 -2.337137951171892186e-02 -3.911757665689534480e-02 8.757435971309097760e-05 3.423387244865129108e-04
3.600000000000000000e+01 -1.562759640855265753e-02 -2.686641672027107949e-02 7.710291232230381169e-05 3.471072768644349518e-04
3.700000000000000000e+01 -1.090485091290572389e-02 -1.738228010536586529e-02 6.856953537238649234e-05 3.504631148579443584e-04
3.800000000000000000e+01 -9.361779948417426819e-03 -1.008338071702607336e-02 6.221027959618362379e-05 3.529734791738787137e-04
3.900000000000000000e+01 -7.508920361479051210e-03 -4.573639864200203589e-03 5.774667117095591562e-05 3.548160112339849735e-04
4.000000000000000000e+01 -5.994200333272407810e-03 -3.192277934063609537e-04 5.471259739342939618e-05 3.563795502731625237e-04
4.100000000000000000e+01 -4.596158148751877497e-03 2.916743357259796686e-03 5.262930440809001687e-05 3.577022487434754140e-04
4.200000000000000000e+01 -2.461565908480296393e-03 5.238646198164377717e-03 5.109864141560292717e-05 3.583613343026120345e-04
4.300000000000000000e+01 1.995376333923415488e-03 6.692529803318015419e-03 4.978713910631689529e-05 3.575694124827232890e-04
4.400000000000000000e+01 3.402944632026842515e-03 7.558947703324219065e-03 4.846718211309450401e-05 3.548019145672313209e-04
4.500000000000000000e+01 2.904360761062786938e-03 7.940723881789629388e-03 4.698266680841479780e-05 3.495142025222649509e-04
4.600000000000000000e+01 2.296991724205371850e-03 7.920750908844061480e-03 4.531217600927751524e-05 3.421250441670452736e-04
4.700000000000000000e+01 1.194195966562512862e-03 7.501197202832105525e-03 4.357602618891163928e-05 3.341455078447911156e-04
