# freqs 	 pli 	 dpli 	 meanpower(thalamus)	 meanpower(scalp)	pli
8.000000000000000000e+00 -1.700573370142280660e-01 -3.940748730126710231e-01 2.414337483166786313e+01 2.966166909136084655e+02
9.000000000000000000e+00 -1.327113105783236935e-01 -3.660974348523066690e-01 2.539584890297986774e+01 2.614943035281336847e+02
1.000000000000000000e+01 -1.255054748231992090e-01 -2.364907246420258624e-01 2.622157877429132355e+01 2.351113179512953479e+02
1.100000000000000000e+01 -5.354880144416864635e-02 -1.556768483200970665e-01 2.638397361759443527e+01 2.213326088773973481e+02
1.200000000000000000e+01 -4.834814607941384512e-02 -5.880979939428557929e-02 2.641241261802636231e+01 2.151289075099655577e+02
1.300000000000000000e+01 -5.529853079087215101e-02 -4.171282053098135378e-02 2.621179371899923183e+01 2.095699533725398851e+02
1.400000000000000000e+01 -5.322763306908267350e-02 -7.943276349623751287e-02 2.579076146448998230e+01 1.989385042153588472e+02
1.500000000000000000e+01 -4.566635601118359394e-02 -1.032763706819477267e-01 2.534315654346209712e+01 1.852196715994125782e+02
1.600000000000000000e+01 -1.603777481036880101e-02 -8.094099771809228072e-02 2.499385290794755576e+01 1.732328378473388000e+02
1.700000000000000000e+01 -1.836580215927652304e-02 -4.279878542662830104e-02 2.476997719062214998e+01 1.634672284556331192e+02
1.800000000000000000e+01 -2.719686823941485504e-02 -3.736167368267480360e-02 2.463686335405783723e+01 1.532981698601447249e+02
1.900000000000000000e+01 -3.187320604018469700e-02 -6.832368975808204847e-02 2.453507254557489503e+01 1.435511927016325160e+02
2.000000000000000000e+01 -3.892248354402657456e-02 -8.719800823964281300e-02 2.445973783456679129e+01 1.356025578006514252e+02
2.100000000000000000e+01 -4.121315596025704880e-02 -6.580222029260775207e-02 2.442801860309935691e+01 1.285844138107130448e+02
2.200000000000000000e+01 -1.900566101340276856e-02 -2.163945838093436769e-02 2.445663328123755420e+01 1.233215487484418844e+02
2.300000000000000000e+01 1.357816558071718235e-02 1.390807625217093009e-02 2.451108967597149757e+01 1.205498380667035150e+02
2.400000000000000000e+01 1.623430962343096196e-02 2.420452198300477101e-02 2.456853223925574525e+01 1.203278357905269189e+02
2.500000000000000000e+01 5.723523243621111457e-03 1.644326155882960480e-02 2.462975122029441621e+01 1.215311231835669474e+02
2.600000000000000000e+01 -2.228274325328051531e-03 8.150349313274398919e-03 2.470456444678478647e+01 1.225441126578569850e+02
2.700000000000000000e+01 8.372210579525469001e-03 5.146570630380859108e-03 2.478835664771962755e+01 1.229443654317844477e+02
2.800000000000000000e+01 1.189018696437094125e-02 2.907516155694012550e-03 2.487091100487922546e+01 1.223662970005315032e+02
2.900000000000000000e+01 7.491134298766466415e-03 -5.032057167541489733e-03 2.494125016146522000e+01 1.207959824566828075e+02
3.000000000000000000e+01 -6.389776357827476206e-04 -1.664210200328913869e-02 2.500177556644601395e+01 1.184177248866543550e+02
3.100000000000000000e+01 -8.200077905734062464e-03 -2.695167365336967671e-02 2.505860478687591453e+01 1.159492032741693492e+02
3.200000000000000000e+01 -7.454760031471282557e-03 -3.278083438731612537e-02 2.512051435153096079e+01 1.138241901066376869e+02
3.300000000000000000e+01 -1.548519295506659531e-02 -3.556359478664919416e-02 2.519608969861727843e+01 1.121531604878612001e+02
3.400000000000000000e+01 -1.324242569741201393e-02 -3.644307977446160918e-02 2.528665434987101435e+01 1.112301080873604917e+02
3.500000000000000000e+01 -1.729016032694121255e-02 -3.547494107070719299e-02 2.539420797825896869e+01 1.106474241496817967e+02
3.600000000000000000e+01 -1.765161680494396410e-02 -3.149082225104263971e-02 2.551782588931872553e+01 1.103574977704532643e+02
3.700000000000000000e+01 -1.049711329384419266e-02 -2.396099254677319657e-02 2.565138348265367796e+01 1.101865517875121867e+02
3.800000000000000000e+01 -3.309457304313356656e-03 -1.462363947056901162e-02 2.578365928091905701e+01 1.102186494156292014e+02
3.900000000000000000e+01 -1.718495767747125211e-03 -1.215863401941494814e-03 2.590019214708210527e+01 1.100848627930067209e+02
4.000000000000000000e+01 3.171668841525300715e-03 1.267216356551564838e-02 2.597827001285318360e+01 1.099568598108712649e+02
4.100000000000000000e+01 1.492054651779057411e-02 2.516008869600119824e-02 2.599418349508283654e+01 1.098236430882626422e+02
4.200000000000000000e+01 2.369398167522950363e-02 3.492215945047915521e-02 2.591544970515365875e+01 1.095346407008491099e+02
4.300000000000000000e+01 2.364055668836314780e-02 4.248762522940926351e-02 2.570062001297659293e+01 1.086905197590222798e+02
4.400000000000000000e+01 2.455254703992657342e-02 4.674516432769466184e-02 2.530811805520513857e+01 1.074187714182073279e+02
4.500000000000000000e+01 2.429893462554449587e-02 4.946962732397820056e-02 2.471807005063573826e+01 1.053592522391803641e+02
4.600000000000000000e+01 2.269378131447096977e-02 5.120468957315730402e-02 2.396195935873724281e+01 1.025344526025884591e+02
4.700000000000000000e+01 2.313275780612463958e-02 5.191366662189550452e-02 2.313944485308095267e+01 9.927182521148823469e+01
