# freqs 	 pli 	 dpli 	 meanpower(thalamus)	 meanpower(scalp)	pli
8.000000000000000000e+00 -3.767138264458824715e-02 -8.937589027112474716e-02 1.280624469479905482e-04 4.526208786799433537e-04
9.000000000000000000e+00 -1.033793419158935377e-02 -1.710214912357620534e-02 9.699053288481703384e-05 3.338346996202408933e-04
1.000000000000000000e+01 -1.440788551338876384e-03 -5.896464086594143013e-03 8.316541928548920257e-05 2.505484147173780746e-04
1.100000000000000000e+01 2.085372072829517684e-02 2.657874528695412797e-02 7.758988696525615696e-05 2.238387362830044486e-04
1.200000000000000000e+01 1.820993459135268264e-02 3.181846200133341823e-02 7.433580944894733545e-05 2.190798293823339776e-04
1.300000000000000000e+01 6.968015632125090265e-03 1.322573309390216723e-02 7.184526020006208602e-05 2.216836466723300222e-04
1.400000000000000000e+01 -3.188674090595857921e-03 5.968164885180107793e-03 7.012925843841956908e-05 2.236678168762719322e-04
1.500000000000000000e+01 2.854858508851272798e-03 1.643485068342422778e-02 6.922863830321652492e-05 2.223450578014502985e-04
1.600000000000000000e+01 8.086097149081171442e-03 2.073181314306822218e-02 6.898047364132580620e-05 2.198390709296945658e-04
1.700000000000000000e+01 1.187682326170006776e-02 2.414131251703435094e-02 6.876622442752064706e-05 2.168016419695168524e-04
1.800000000000000000e+01 1.681506183077252636e-02 3.941032311233604035e-02 6.813085625774890864e-05 2.133211449388092856e-04
1.900000000000000000e+01 2.747850972143296364e-02 6.003525335649630146e-02 6.723143722821278961e-05 2.097129877431986211e-04
2.000000000000000000e+01 3.652602354499685788e-02 7.279440147970438202e-02 6.643972544130508225e-05 2.051704855419099981e-04
2.100000000000000000e+01 3.735752142589190278e-02 7.109887321170561825e-02 6.592694702401593449e-05 1.987397368702765706e-04
2.200000000000000000e+01 2.585743293545306534e-02 5.914145042298971783e-02 6.559817590812047194e-05 1.899678012992934712e-04
2.300000000000000000e+01 1.945386773882816153e-02 4.423523767449211858e-02 6.525603404390067377e-05 1.792184271663618844e-04
2.400000000000000000e+01 1.308738937634196936e-02 2.990242434625092760e-02 6.474326626619893589e-05 1.671000155960389961e-04
2.500000000000000000e+01 8.742973891593149374e-03 1.644337323905087356e-02 6.401315885279547238e-05 1.544531656180439983e-04
2.600000000000000000e+01 2.584221708400362069e-03 4.448269011133211895e-03 6.314751614248024743e-05 1.420537283124309299e-04
2.700000000000000000e+01 3.758784877186600632e-04 -4.238250028803919149e-03 6.223990450589067622e-05 1.304578137808373413e-04
2.800000000000000000e+01 -2.883900698676973486e-03 -8.778819315023292380e-03 6.136025203395411329e-05 1.200369171600175163e-04
2.900000000000000000e+01 -4.307875685165082728e-03 -9.378611968988332520e-03 6.056058723117484281e-05 1.111312769069099896e-04
3.000000000000000000e+01 -6.337636621232468036e-03 -6.987968668830223627e-03 5.987033032785559183e-05 1.037796378890081455e-04
3.100000000000000000e+01 -5.684818223797863390e-03 -2.870533248633624739e-03 5.929114551308017417e-05 9.794716417042431428e-05
3.200000000000000000e+01 1.266119663882791417e-03 2.072312325360340865e-03 5.880370638789401229e-05 9.336446876205794750e-05
3.300000000000000000e+01 2.155873887777529866e-03 7.120177370727236339e-03 5.837839258059148454e-05 8.974197159296182637e-05
3.400000000000000000e+01 7.064573608049552755e-03 1.144349720129084202e-02 5.798298230930957234e-05 8.693065204704386400e-05
3.500000000000000000e+01 8.200005633244867795e-03 1.492265732964966063e-02 5.759143793144979586e-05 8.468419603203938763e-05
3.600000000000000000e+01 6.718346253229974356e-03 1.732326333393406290e-02 5.718959242521612000e-05 8.292022642193974940e-05
3.700000000000000000e+01 6.098691870853572249e-03 1.875567260215255799e-02 5.677453694860771708e-05 8.155166284345959635e-05
3.800000000000000000e+01 8.575556780635096299e-03 1.927000424361535041e-02 5.634949263880566342e-05 8.051584964115177047e-05
3.900000000000000000e+01 8.919936291305488249e-03 1.926201023612314489e-02 5.590915483153115754e-05 7.960914176195258937e-05
4.000000000000000000e+01 1.059521161724506604e-02 1.871914671291934062e-02 5.544590280727679449e-05 7.878157235244776131e-05
4.100000000000000000e+01 9.290014531866307157e-03 1.757087106961992967e-02 5.493821232632205325e-05 7.796426993102267106e-05
4.200000000000000000e+01 9.686704306431970918e-03 1.574382422056265496e-02 5.432940580465477314e-05 7.705917700233059370e-05
4.300000000000000000e+01 4.747824285862232638e-03 1.326512940346702071e-02 5.352928396046945228e-05 7.588304159932662254e-05
4.400000000000000000e+01 3.554877022276101226e-03 1.048942626675474117e-02 5.244334951968431240e-05 7.439370627803908198e-05
4.500000000000000000e+01 2.823229572019013336e-03 7.694262484901593160e-03 5.101742708825268566e-05 7.241698626225046345e-05
4.600000000000000000e+01 3.116209341890275632e-03 5.234803081143023402e-03 4.929842994401808571e-05 6.997437799363607060e-05
4.700000000000000000e+01 3.801299411143520875e-03 3.383673822937837902e-03 4.746574441040408065e-05 6.728228808177356198e-05
