# freqs 	 pli 	 dpli 	 meanpower(thalamus)	 meanpower(scalp)	pli
8.000000000000000000e+00 -4.890610965950845102e-02 -1.715914947056728646e-01 3.078520584180543764e-05 1.710495700999245929e-04
9.000000000000000000e+00 -5.956674525043340052e-02 -1.456476670499337600e-01 2.811630911555200606e-05 1.461756371953798635e-04
1.000000000000000000e+01 -3.224322289527165042e-02 -7.610691748714934479e-02 2.658102547202651826e-05 1.317032898031747805e-04
1.100000000000000000e+01 -1.909034115387948233e-02 -2.562070877279846309e-02 2.626094926702762650e-05 1.233990218530836894e-04
1.200000000000000000e+01 -1.427999418242409738e-02 -1.657866912203380741e-02 2.627367507876252121e-05 1.162406787538620333e-04
1.300000000000000000e+01 -2.759403990529982198e-02 -5.079485088459886194e-02 2.609466411476590102e-05 1.091685302597065278e-04
1.400000000000000000e+01 -4.610497133904363498e-02 -9.017224298014350770e-02 2.586528187671026363e-05 1.032756262893689202e-04
1.500000000000000000e+01 -5.275484601704839155e-02 -1.071854773229274499e-01 2.576460842876948651e-05 9.824829663635917850e-05
1.600000000000000000e+01 -4.866852970757797742e-02 -9.968718017076864946e-02 2.580750015285911963e-05 9.353500414233445665e-05
1.700000000000000000e+01 -4.359792445944452033e-02 -8.137386235132168522e-02 2.595291721118254917e-05 8.932199185352234958e-05
1.800000000000000000e+01 -2.955835852570931968e-02 -6.074217875133298972e-02 2.616045007818233828e-05 8.625262354412545883e-05
1.900000000000000000e+01 -1.875777754261626420e-02 -4.335602507642073722e-02 2.641823094341006969e-05 8.478465600034556355e-05
2.000000000000000000e+01 -1.700574177442112228e-02 -3.543561215307736156e-02 2.671238638609742128e-05 8.458387093135375542e-05
2.100000000000000000e+01 -1.627651536155999903e-02 -3.364324149461653257e-02 2.703509785952753011e-05 8.471641728831859797e-05
2.200000000000000000e+01 -1.638996718436007416e-02 -3.180936901492464192e-02 2.738201744102556918e-05 8.434951810132074483e-05
2.300000000000000000e+01 -1.510844294687429222e-02 -2.746352035320667739e-02 2.772424291688260057e-05 8.326286012402067617e-05
2.400000000000000000e+01 -1.114446296505360208e-02 -2.084114195143778325e-02 2.805545357254283110e-05 8.163021781691626698e-05
2.500000000000000000e+01 -9.338222893857077087e-03 -1.431606989795712950e-02 2.840393830469499487e-05 7.975531637130394889e-05
2.600000000000000000e+01 -6.269163486835416070e-03 -1.052644365848733922e-02 2.876902667301829152e-05 7.787965665162148280e-05
2.700000000000000000e+01 -8.651327635103112784e-03 -9.897357332891917880e-03 2.912599957847331381e-05 7.626227670688088796e-05
2.800000000000000000e+01 -8.795989578842474538e-03 -1.098102356387001613e-02 2.943322012381798813e-05 7.487040335315634236e-05
2.900000000000000000e+01 -9.801035336729312444e-03 -1.151308456363570737e-02 2.967662342058202557e-05 7.375904883882647976e-05
3.000000000000000000e+01 -8.914792709062376030e-03 -1.027124488626569160e-02 2.987072708870346441e-05 7.291926137681999272e-05
3.100000000000000000e+01 -6.676151909817226726e-03 -7.213601490997289742e-03 3.005515697016532665e-05 7.241601975217682884e-05
3.200000000000000000e+01 -4.173165009375440909e-03 -3.061699092526160969e-03 3.025444788551146340e-05 7.211553439185057783e-05
3.300000000000000000e+01 -1.474220559146559610e-03 1.737266702014437364e-03 3.046810622307688428e-05 7.189369966468121061e-05
3.400000000000000000e+01 7.884246780151058908e-04 7.022605288141716556e-03 3.068649853534984696e-05 7.181289285809291695e-05
3.500000000000000000e+01 1.946617048069358702e-03 1.233756373026464667e-02 3.090390184635265452e-05 7.177371313333083536e-05
3.600000000000000000e+01 3.587607927160459988e-03 1.702536422799783358e-02 3.112054138988217097e-05 7.180905355071025601e-05
3.700000000000000000e+01 2.961627331772929105e-03 2.036424533824129218e-02 3.134092976204328363e-05 7.190869562880265145e-05
3.800000000000000000e+01 4.280319284065897852e-03 2.200904643646369591e-02 3.156954924661573367e-05 7.212571526045666206e-05
3.900000000000000000e+01 4.838975252006647888e-03 2.174461111311597541e-02 3.180696343377348799e-05 7.234294447885946701e-05
4.000000000000000000e+01 4.010423483269330742e-03 2.019152705650053073e-02 3.204410041419429367e-05 7.259086966491708757e-05
4.100000000000000000e+01 4.639881949929644707e-03 1.818965972157755503e-02 3.225892285876066451e-05 7.282413589200045800e-05
4.200000000000000000e+01 4.749676761055620852e-03 1.647466705784614294e-02 3.240374909407972261e-05 7.294162387072883216e-05
4.300000000000000000e+01 6.114758045441190393e-03 1.532030858625934959e-02 3.240655122147117210e-05 7.271848958331531237e-05
4.400000000000000000e+01 5.945570155768749310e-03 1.492235788063133069e-02 3.219076090019150929e-05 7.210874805077477432e-05
4.500000000000000000e+01 5.487671109771923711e-03 1.480870733477473826e-02 3.171344719973367803e-05 7.093760215989387624e-05
4.600000000000000000e+01 6.714760175450355806e-03 1.452456134766120545e-02 3.101053516831149076e-05 6.923689729768126532e-05
4.700000000000000000e+01 7.141637739714334215e-03 1.365534292064223346e-02 3.020659443439995933e-05 6.724944073188790809e-05
