# freqs 	 pli 	 dpli 	 meanpower(thalamus)	 meanpower(scalp)	pli
8.000000000000000000e+00 -4.375335846578992660e-02 -1.269878971299996107e-01 6.772181442534466100e+01 5.912995331296210111e+01
9.000000000000000000e+00 -4.537395118852933368e-02 -1.254773183895057653e-01 6.339697501377592204e+01 5.971880252157193780e+01
1.000000000000000000e+01 -2.083810908936620590e-02 -5.305190837396037834e-02 5.974808550904373305e+01 5.324960378065520672e+01
1.100000000000000000e+01 -5.749273144337199801e-04 -1.741441531142294899e-02 5.690642234373100194e+01 4.661714089203977807e+01
1.200000000000000000e+01 -3.632873604185666780e-03 -1.881485720964984690e-02 5.497055913622601508e+01 4.279870297564855264e+01
1.300000000000000000e+01 -6.016464832641162629e-03 -2.156894534898093699e-02 5.412602360267036516e+01 4.099670924589856469e+01
1.400000000000000000e+01 -6.639893059553471540e-03 -1.893942116873265774e-02 5.406019097203105872e+01 4.001305121318118552e+01
1.500000000000000000e+01 -5.256629782580543413e-03 -1.533620619520382339e-02 5.400712125699496369e+01 3.941475139286317386e+01
1.600000000000000000e+01 -8.311437979737714213e-03 -1.680504880924367853e-02 5.376743372397488230e+01 3.885015530719120846e+01
1.700000000000000000e+01 -8.917150813572740850e-03 -2.057847553406867702e-02 5.353174892867122736e+01 3.820903214219804767e+01
1.800000000000000000e+01 -7.632376708638841795e-03 -2.052724763903003569e-02 5.349808360598350987e+01 3.757381092619323937e+01
1.900000000000000000e+01 -1.040877336110068892e-02 -1.713038993646179634e-02 5.381511763479609556e+01 3.702017808732399118e+01
2.000000000000000000e+01 -1.068752084631937119e-02 -1.638476113254018485e-02 5.461049939340960435e+01 3.651156209804906894e+01
2.100000000000000000e+01 -1.520071591492952630e-02 -2.419972748518600322e-02 5.694708254157712446e+01 3.603499770398011748e+01
2.200000000000000000e+01 -2.821561584586539453e-02 -5.108992154784781220e-02 6.473260781292708543e+01 3.573704559171241613e+01
2.300000000000000000e+01 -4.868685989119882207e-02 -9.398899847279801323e-02 8.304068897357166179e+01 3.571886394518499230e+01
2.400000000000000000e+01 -6.402412860156189711e-02 -1.258646866765864292e-01 1.100829371196818158e+02 3.586639142930425805e+01
2.500000000000000000e+01 -6.845203531800751751e-02 -1.308199926505813349e-01 1.391452941595807431e+02 3.589068897827501559e+01
2.600000000000000000e+01 -6.197102507090544721e-02 -1.122838174206676476e-01 1.667688719769674321e+02 3.561419908065085593e+01
2.700000000000000000e+01 -4.378901599694536018e-02 -8.389868144635197200e-02 1.910647685586473870e+02 3.506183602352011519e+01
2.800000000000000000e+01 -2.549323625904453827e-02 -5.775425067987968036e-02 2.064565541973003917e+02 3.440600458141865658e+01
2.900000000000000000e+01 -1.294854534404026210e-02 -3.785089353717298322e-02 2.074126151625135890e+02 3.380025740756193642e+01
3.000000000000000000e+01 -5.739805576916928893e-03 -2.342938853523209020e-02 1.936772167698472629e+02 3.329989964665959690e+01
3.100000000000000000e+01 -2.515896656603080171e-03 -1.294403160555375291e-02 1.697751695597585240e+02 3.289508128007432219e+01
3.200000000000000000e+01 -1.329417289813528916e-03 -5.289658006088293965e-03 1.420296019274678372e+02 3.257129712519261489e+01
3.300000000000000000e+01 1.359500643664810827e-04 3.665859896172085885e-05 1.158148725235910632e+02 3.231143149880323051e+01
3.400000000000000000e+01 2.266281035614983817e-03 3.169145131696049413e-03 9.435950817926404000e+01 3.210562169974917168e+01
3.500000000000000000e+01 2.605289676483797581e-03 4.421519695090743267e-03 7.872062337765089524e+01 3.193822111482215931e+01
3.600000000000000000e+01 2.016042359780094613e-03 4.543491080340007413e-03 6.829023428104328275e+01 3.179418860240260969e+01
3.700000000000000000e+01 2.088097398415902830e-03 4.552215142813198848e-03 6.171247281638378013e+01 3.166423531037302297e+01
3.800000000000000000e+01 9.370535268832908774e-04 4.988499989135738999e-03 5.761210675161182593e+01 3.155233880185074824e+01
3.900000000000000000e+01 -3.788608989923414403e-05 5.772152071340306070e-03 5.496532090910434931e+01 3.144988040353406333e+01
4.000000000000000000e+01 -2.466882245074449227e-04 6.171203680084255509e-03 5.311797040102482725e+01 3.135154577457592495e+01
4.100000000000000000e+01 9.305815132635694362e-04 5.482726227129597514e-03 5.166944096087756577e+01 3.123691569890184283e+01
4.200000000000000000e+01 -1.668833368656972872e-06 3.360393859953648803e-03 5.038295699977719977e+01 3.106791562302841569e+01
4.300000000000000000e+01 -1.343410861768863261e-03 -8.925577500273998736e-05 4.909486837083635891e+01 3.078592606813732147e+01
4.400000000000000000e+01 -3.269763555118673001e-03 -4.286333178106349791e-03 4.769478281054199442e+01 3.032291298051549688e+01
4.500000000000000000e+01 -4.305544750325083006e-03 -8.569880711021193517e-03 4.613732044580591918e+01 2.963640772513503308e+01
4.600000000000000000e+01 -5.557406913711898655e-03 -1.228321082367313938e-02 4.449714135595565523e+01 2.874795389284057734e+01
4.700000000000000000e+01 -7.305331781968043246e-03 -1.488932118252681881e-02 4.299039029920665911e+01 2.776232073849120852e+01
