# freqs 	 pli 	 dpli 	 meanpower(thalamus)	 meanpower(scalp)	pli
8.000000000000000000e+00 1.676738205787567100e-04 1.902951874943108537e-02 1.839578634758381475e-05 2.455860021979779139e-04
9.000000000000000000e+00 -2.680415436885264305e-02 -4.644511346509715838e-02 1.833733267248179711e-05 2.183411378497112081e-04
1.000000000000000000e+01 -5.294606091641668177e-02 -1.218441451637037043e-01 1.804596440090504552e-05 1.866381489621395096e-04
1.100000000000000000e+01 -6.397791798699797861e-02 -1.561836504704849360e-01 1.812468305779603916e-05 1.689387946164534076e-04
1.200000000000000000e+01 -6.855707228022064892e-02 -1.479385983694914974e-01 1.865473170044904487e-05 1.704006692164313430e-04
1.300000000000000000e+01 -5.496393411214383490e-02 -1.060271658070901929e-01 1.959497735596338872e-05 1.847678441369210228e-04
1.400000000000000000e+01 -3.827345184384572940e-02 -5.188548601062738935e-02 2.091376507698647610e-05 2.032272490667539266e-04
1.500000000000000000e+01 -1.407512038297767734e-02 -3.156222191773639697e-03 2.241840384562935291e-05 2.177213499226462903e-04
1.600000000000000000e+01 1.300757548506637461e-02 4.419810746666628237e-02 2.383494179035423557e-05 2.250092334989696984e-04
1.700000000000000000e+01 3.801392508293382350e-02 8.539802365823440100e-02 2.505247679375337762e-05 2.263750731099540582e-04
1.800000000000000000e+01 5.002461279941976258e-02 1.032991194050863482e-01 2.617245744739416936e-05 2.234185663714946199e-04
1.900000000000000000e+01 4.670362188294545358e-02 9.599606510847828733e-02 2.732324138938821688e-05 2.162391781196081075e-04
2.000000000000000000e+01 3.921653883431285015e-02 8.133232286126697297e-02 2.854830688914688887e-05 2.044694146208846737e-04
2.100000000000000000e+01 3.341842044327670430e-02 7.494876142506330663e-02 2.967209047892987661e-05 1.889379217559115313e-04
2.200000000000000000e+01 2.911482272241940061e-02 7.193224491039967861e-02 3.026970402162975897e-05 1.716536825047782432e-04
2.300000000000000000e+01 1.820422462905949695e-02 5.543694996362825977e-02 3.003923946486439914e-05 1.543094622842560576e-04
2.400000000000000000e+01 1.484855219860580411e-04 1.764702531209706368e-02 2.915856663217042546e-05 1.381576843929337899e-04
2.500000000000000000e+01 -2.250112011648674679e-02 -3.198807888348578765e-02 2.819445783785177236e-05 1.242642456108426600e-04
2.600000000000000000e+01 -4.197486978862158269e-02 -7.747455505461366132e-02 2.768508435946344558e-05 1.132204565416473587e-04
2.700000000000000000e+01 -5.569480784113823441e-02 -1.104210660238007097e-01 2.782244747937614337e-05 1.050227615126898053e-04
2.800000000000000000e+01 -6.583177657042753317e-02 -1.323722511895591147e-01 2.842865860739450190e-05 9.900067428441037827e-05
2.900000000000000000e+01 -7.260118609173971116e-02 -1.471394768427247979e-01 2.915277848785396866e-05 9.443797481477426157e-05
3.000000000000000000e+01 -7.655405863923467336e-02 -1.565933602575518557e-01 2.967780387365440730e-05 9.071513851643143989e-05
3.100000000000000000e+01 -7.770924672680935841e-02 -1.608790480660265143e-01 2.983000941798828799e-05 8.755917244213504071e-05
3.200000000000000000e+01 -7.763897806917205435e-02 -1.601332992366858998e-01 2.957278458547212631e-05 8.477732376435156948e-05
3.300000000000000000e+01 -7.542844018900352054e-02 -1.551145374505195351e-01 2.895980951646426671e-05 8.227260938690781158e-05
3.400000000000000000e+01 -7.201878590339161335e-02 -1.468377762069577319e-01 2.809358629568908480e-05 8.013238962695405708e-05
3.500000000000000000e+01 -6.752797624032830237e-02 -1.365814915615769232e-01 2.709435621853355065e-05 7.835528353602150243e-05
3.600000000000000000e+01 -6.295059697390621711e-02 -1.253852976317044177e-01 2.607541842359050124e-05 7.700139783018547838e-05
3.700000000000000000e+01 -5.782152407342907446e-02 -1.143114340076593488e-01 2.512328647606409599e-05 7.595273716391289973e-05
3.800000000000000000e+01 -5.287143960033954121e-02 -1.042085181171187175e-01 2.428858679130706119e-05 7.501508457632664070e-05
3.900000000000000000e+01 -4.860461329203701747e-02 -9.552427676502678322e-02 2.358776988718845494e-05 7.384055850698421583e-05
4.000000000000000000e+01 -4.487677120749482967e-02 -8.829988482612086131e-02 2.301049302166165825e-05 7.230857897223491398e-05
4.100000000000000000e+01 -4.187810602034835322e-02 -8.236239780946560951e-02 2.252516657114532703e-05 7.039998660819280917e-05
4.200000000000000000e+01 -3.924570150748217523e-02 -7.743728346539711926e-02 2.208207474479900338e-05 6.818060728893647886e-05
4.300000000000000000e+01 -3.706284982346961382e-02 -7.323501041320473748e-02 2.161980597559025772e-05 6.567375461853759905e-05
4.400000000000000000e+01 -3.519925135821820594e-02 -6.939442923589400625e-02 2.107696682924414605e-05 6.300227616395203528e-05
4.500000000000000000e+01 -3.342625461336295317e-02 -6.569507941596544609e-02 2.041713140243037736e-05 6.012809767396564027e-05
4.600000000000000000e+01 -3.163241212542760444e-02 -6.193385837896139140e-02 1.964973858967875397e-05 5.710361921760344030e-05
4.700000000000000000e+01 -2.963320512847788385e-02 -5.798167603303639589e-02 1.884244511873500583e-05 5.408327771327646493e-05
