# freqs 	 pli 	 dpli 	 meanpower(thalamus)	 meanpower(scalp)	pli
8.000000000000000000e+00 2.885642606609776020e-02 1.663131652421821483e-01 3.540146750331995804e+02 1.328528150560225640e+02
9.000000000000000000e+00 5.915746997204977820e-02 2.129712129895725559e-01 2.917435136023977975e+02 1.318111745530176222e+02
1.000000000000000000e+01 5.890353302637384159e-02 2.189024850511970821e-01 2.261380326262811877e+02 1.169824284937090653e+02
1.100000000000000000e+01 5.567641472581057877e-02 1.957336044265148567e-01 1.840218265740782897e+02 1.043080355457656054e+02
1.200000000000000000e+01 4.931691642542637699e-02 1.505054347882699428e-01 1.668427245195524051e+02 9.497081165941895620e+01
1.300000000000000000e+01 3.192684314972352860e-02 8.722958529956463536e-02 1.656891857777484631e+02 8.693063109299338009e+01
1.400000000000000000e+01 8.680122519430504002e-03 4.970564520668935282e-03 1.707947972294002454e+02 8.080021486198199909e+01
1.500000000000000000e+01 -1.142452617478149045e-02 -7.575636345897199253e-02 1.757471790448864226e+02 7.684918110184912621e+01
1.600000000000000000e+01 -2.899281336568530765e-02 -1.301006484401849850e-01 1.783206226217137953e+02 7.385344685687103095e+01
1.700000000000000000e+01 -3.761292449719749742e-02 -1.487243072567530910e-01 1.784068010860812876e+02 7.112216168953494844e+01
1.800000000000000000e+01 -3.880630895523247414e-02 -1.407994072139048813e-01 1.773539751270271836e+02 6.877071870346705396e+01
1.900000000000000000e+01 -3.813037726620688989e-02 -1.253582255645634969e-01 1.760547068502821730e+02 6.683998559587415400e+01
2.000000000000000000e+01 -3.337664061130434651e-02 -1.108896256926757279e-01 1.737797420803468640e+02 6.539881479526650310e+01
2.100000000000000000e+01 -2.809902487887646488e-02 -8.323543303772318325e-02 1.702949438473173416e+02 6.499805816305649842e+01
2.200000000000000000e+01 -1.239193295372235763e-02 9.559057538644313325e-04 1.677385676967478787e+02 6.695996047628024428e+01
2.300000000000000000e+01 2.864333164254713807e-02 1.628427476094817250e-01 1.715134245454953259e+02 7.245743736625824738e+01
2.400000000000000000e+01 7.453896175286151005e-02 3.193811241131060963e-01 1.844401403688469543e+02 7.965245952025068732e+01
2.500000000000000000e+01 1.018434783740175958e-01 3.927317186464743815e-01 2.035272055925352959e+02 8.421821725889719801e+01
2.600000000000000000e+01 1.041790741605898712e-01 3.817806188458467975e-01 2.251444564331430342e+02 8.332872515828393034e+01
2.700000000000000000e+01 8.993471773493420807e-02 3.176969628771762477e-01 2.455407534136527090e+02 7.748192365294890749e+01
2.800000000000000000e+01 7.261165083958513733e-02 2.371112180694085192e-01 2.582247294360135470e+02 6.921366118449591909e+01
2.900000000000000000e+01 5.482147831889654099e-02 1.635028838162085607e-01 2.574266575310387566e+02 6.110587957700219164e+01
3.000000000000000000e+01 4.155040792753063317e-02 1.049177467179164130e-01 2.423636903535953877e+02 5.465758815773948243e+01
3.100000000000000000e+01 2.717136828893728512e-02 6.150930064266205838e-02 2.173285477995914903e+02 5.017065165001942262e+01
3.200000000000000000e+01 1.538933863331555865e-02 3.058526700758812042e-02 1.886016979231067694e+02 4.724927676691038414e+01
3.300000000000000000e+01 5.130284018918982412e-03 8.712516321447731291e-03 1.616541574852375902e+02 4.535025056450094638e+01
3.400000000000000000e+01 -1.158507364912071290e-03 -6.848350288942628948e-03 1.396745438598107398e+02 4.407206737107187422e+01
3.500000000000000000e+01 -5.168829618925819235e-03 -1.746070772616666392e-02 1.234073358748094336e+02 4.315125728003723538e+01
3.600000000000000000e+01 -8.562714793250414055e-03 -2.407132156226808942e-02 1.120182570619774367e+02 4.243131210424745348e+01
3.700000000000000000e+01 -1.057571934708950202e-02 -2.756121217804795298e-02 1.041421657149803082e+02 4.182583730924565657e+01
3.800000000000000000e+01 -1.122204749250334428e-02 -2.869390160620349794e-02 9.857965800684733892e+01 4.129258238233158096e+01
3.900000000000000000e+01 -1.095992889117695587e-02 -2.790859320011175593e-02 9.443444214490760658e+01 4.081082451098360764e+01
4.000000000000000000e+01 -1.177380529322756900e-02 -2.566936830351511031e-02 9.112879392421817215e+01 4.036960181429722638e+01
4.100000000000000000e+01 -9.624772881236072150e-03 -2.252189460046498393e-02 8.830013003648129200e+01 3.994449010863230853e+01
4.200000000000000000e+01 -8.573425113051300062e-03 -1.906273567827273738e-02 8.569688879536246873e+01 3.948451519563568013e+01
4.300000000000000000e+01 -6.816009509963775678e-03 -1.584962313430658340e-02 8.310977951227862093e+01 3.891327490373208775e+01
4.400000000000000000e+01 -6.619156456948990103e-03 -1.305704189231892028e-02 8.039186657373882383e+01 3.814564423450908492e+01
4.500000000000000000e+01 -5.517378619275197828e-03 -1.085615890791352331e-02 7.747297517473950279e+01 3.712815680211852509e+01
4.600000000000000000e+01 -4.813676551732987662e-03 -9.198073174118687537e-03 7.450843883440030879e+01 3.588282181454390241e+01
4.700000000000000000e+01 -4.444943225770249529e-03 -7.914726147494742514e-03 7.189821239814021681e+01 3.453146287146070392e+01
