# freqs 	 pli 	 dpli 	 meanpower(thalamus)	 meanpower(scalp)	pli
8.000000000000000000e+00 -1.982059178225541521e-02 -1.755999258495493862e-02 1.141602491029277295e-04 4.846000102803368187e-04
9.000000000000000000e+00 -1.003921094822453775e-03 2.969117592068942074e-02 1.049169108329113959e-04 4.359348918845632912e-04
1.000000000000000000e+01 4.898838574807608953e-02 1.247048948710460375e-01 9.915026981344645805e-05 3.281730235980770145e-04
1.100000000000000000e+01 7.210018668007459053e-02 1.621091541438191841e-01 9.544349107586383907e-05 2.810880911285827373e-04
1.200000000000000000e+01 6.752697511358772553e-02 1.352339198029181844e-01 9.268681514693179267e-05 2.586477273784396850e-04
1.300000000000000000e+01 5.485672915314813991e-02 9.861404611976287704e-02 9.052650040008529398e-05 2.396127187947959508e-04
1.400000000000000000e+01 3.347711187687740786e-02 6.864621795836696461e-02 8.885541956970203603e-05 2.184821570249860176e-04
1.500000000000000000e+01 2.054570792890149378e-02 4.478477600388384994e-02 8.766141273123991820e-05 1.971168693962854063e-04
1.600000000000000000e+01 1.080597402496734707e-02 2.884986825206516808e-02 8.667401206397517546e-05 1.780577274600270512e-04
1.700000000000000000e+01 7.621362302294336713e-03 1.935686805303616503e-02 8.561173711911813510e-05 1.614777204897697191e-04
1.800000000000000000e+01 4.652591991396211844e-03 1.370630984895488194e-02 8.459019703206827479e-05 1.474689012524589657e-04
1.900000000000000000e+01 3.614671002408596182e-03 1.003985187479878097e-02 8.378993782438559363e-05 1.366734389271386104e-04
2.000000000000000000e+01 2.831685872651838829e-03 8.532589390843484459e-03 8.316277959066604411e-05 1.287158877717268764e-04
2.100000000000000000e+01 3.004030573471425710e-03 8.811202375051244151e-03 8.249732445751634840e-05 1.225348022247972418e-04
2.200000000000000000e+01 2.482333034272970074e-03 8.507951382329841106e-03 8.166874483836881657e-05 1.172825452743908993e-04
2.300000000000000000e+01 6.856800464323883513e-04 5.548003064996123203e-03 8.069138547048967870e-05 1.127342054993119794e-04
2.400000000000000000e+01 -3.558594027654568190e-04 6.628320989050446622e-04 7.961127060448617329e-05 1.089855314549086871e-04
2.500000000000000000e+01 -3.664337835597172768e-03 -4.445382730428335330e-03 7.847873670110443373e-05 1.059804519119333829e-04
2.600000000000000000e+01 -6.724239789178819426e-03 -9.445789082115789437e-03 7.736675101954270208e-05 1.036259238206699849e-04
2.700000000000000000e+01 -9.175540485543667163e-03 -1.504450185603727758e-02 7.634884416648928288e-05 1.019503936043878367e-04
2.800000000000000000e+01 -1.176604630567117463e-02 -2.127185009126683971e-02 7.548111131416582946e-05 1.007993004311694932e-04
2.900000000000000000e+01 -1.233548148954009306e-02 -2.705203121060048913e-02 7.480744559244265426e-05 1.000992343331082206e-04
3.000000000000000000e+01 -1.443061455985203238e-02 -3.112422522294297500e-02 7.431788061271795949e-05 9.971758610547683591e-05
3.100000000000000000e+01 -1.557709917137823849e-02 -3.321891439763677983e-02 7.392779408949444930e-05 9.966222701052529563e-05
3.200000000000000000e+01 -1.621550852921580313e-02 -3.375235208132307263e-02 7.350527193569445720e-05 9.988916065709342834e-05
3.300000000000000000e+01 -1.613893975438807776e-02 -3.327636150857036373e-02 7.292998083042629711e-05 1.003069682892268057e-04
3.400000000000000000e+01 -1.585086179334528611e-02 -3.218422093184258870e-02 7.214574910491520522e-05 1.009379254205101196e-04
3.500000000000000000e+01 -1.480573838640818554e-02 -3.046801288039831246e-02 7.115878277570371108e-05 1.016637268122780113e-04
3.600000000000000000e+01 -1.417315698647767137e-02 -2.802502509336964043e-02 7.002327839963954053e-05 1.024644667085549137e-04
3.700000000000000000e+01 -1.246036437065648622e-02 -2.500161226648413282e-02 6.881376713332540310e-05 1.032675348810396869e-04
3.800000000000000000e+01 -1.211407358555949623e-02 -2.185709956270837431e-02 6.760078355170765125e-05 1.040914918398130754e-04
3.900000000000000000e+01 -1.077446154144590107e-02 -1.921641248434073981e-02 6.643673008532888864e-05 1.048304651533986387e-04
4.000000000000000000e+01 -9.618727036719247961e-03 -1.745780745753363131e-02 6.534421830197544446e-05 1.055098707742394394e-04
4.100000000000000000e+01 -9.167116250381789413e-03 -1.659928814604723704e-02 6.430361112149559602e-05 1.060899268487790616e-04
4.200000000000000000e+01 -9.953302599113913671e-03 -1.633128953649062506e-02 6.324453308602645942e-05 1.064551990765822689e-04
4.300000000000000000e+01 -9.483457803488729368e-03 -1.628851075656629829e-02 6.204880207764553845e-05 1.063344755470755699e-04
4.400000000000000000e+01 -8.944039118880375144e-03 -1.614594658220454282e-02 6.058537188648917005e-05 1.056019161046021381e-04
4.500000000000000000e+01 -8.405958556913088395e-03 -1.581738358874217737e-02 5.877131027901746218e-05 1.040601124903762565e-04
4.600000000000000000e+01 -7.932180780096161760e-03 -1.533189525064817225e-02 5.663822049327676272e-05 1.017941428351821262e-04
4.700000000000000000e+01 -7.940589918355049626e-03 -1.477988083771791285e-02 5.437127756546395856e-05 9.917768098732451668e-05
