# freqs 	 pli 	 dpli 	 meanpower(thalamus)	 meanpower(scalp)	pli
8.000000000000000000e+00 -9.958558384044875061e-03 -8.983630275484147257e-04 1.126492231934551712e-04 1.038103466243680401e-04
9.000000000000000000e+00 7.683078143187894136e-03 5.682435643205281141e-03 1.022665011914247740e-04 1.061669631290673168e-04
1.000000000000000000e+01 8.443615508120720647e-03 -9.605241352321493634e-03 9.599255668779786764e-05 1.061259185317679033e-04
1.100000000000000000e+01 -4.347201819610496849e-03 -2.890279577632754934e-02 9.164770809651952830e-05 1.067949706415858592e-04
1.200000000000000000e+01 -1.645760532673175985e-02 -4.731506310648415925e-02 8.942540260099741294e-05 1.049212027741593415e-04
1.300000000000000000e+01 -2.150439494044408678e-02 -4.300589482998409124e-02 8.846576528542662366e-05 1.004513673194609306e-04
1.400000000000000000e+01 -1.627262213867817012e-02 -2.551666423117780053e-02 8.763354607243179948e-05 9.350710235503143061e-05
1.500000000000000000e+01 -1.278810888714413188e-02 -1.594782350732285026e-02 8.691198335221474191e-05 8.486533286620714022e-05
1.600000000000000000e+01 -9.984393302745470447e-03 -1.406109643859273194e-02 8.644826118817367877e-05 7.604217645271626363e-05
1.700000000000000000e+01 -8.124585950458505443e-03 -1.122740734326590877e-02 8.612291699735672346e-05 6.812879451838864376e-05
1.800000000000000000e+01 -7.573318269079433972e-03 -9.937937656557134167e-03 8.568895701811454638e-05 6.179084605748703907e-05
1.900000000000000000e+01 -5.455745511402604851e-03 -1.228005874763207945e-02 8.501225192852531474e-05 5.722199093656088877e-05
2.000000000000000000e+01 -5.702276374112760782e-03 -1.504342132289483713e-02 8.389300705335240010e-05 5.393405581637687274e-05
2.100000000000000000e+01 -5.062834251406817671e-03 -1.692950806472997075e-02 8.232454708876497647e-05 5.140830014817530247e-05
2.200000000000000000e+01 -5.777124663722377207e-03 -1.843099995222315102e-02 8.031985888409593941e-05 4.929211447553482033e-05
2.300000000000000000e+01 -6.354036884987707655e-03 -1.905202455919827176e-02 7.802063124604493910e-05 4.743077354891681420e-05
2.400000000000000000e+01 -6.985026444971506772e-03 -1.827371315543474192e-02 7.563238429084064192e-05 4.581850345411149684e-05
2.500000000000000000e+01 -5.047349722262628631e-03 -1.686969673372437292e-02 7.329639726530508162e-05 4.444286910234132218e-05
2.600000000000000000e+01 -5.681251230354670244e-03 -1.535454580533379167e-02 7.109325015587126964e-05 4.329906318670205252e-05
2.700000000000000000e+01 -5.634249304948451935e-03 -1.277251668012365469e-02 6.916748806631807045e-05 4.241175273401968514e-05
2.800000000000000000e+01 -4.824603905823810282e-03 -8.389509626405418710e-03 6.770769565962541205e-05 4.173339193496605786e-05
2.900000000000000000e+01 -2.862129419372376384e-03 -2.582024874979683363e-03 6.685785283813892280e-05 4.117649904722400973e-05
3.000000000000000000e+01 -4.176832339492932253e-05 3.666776133614062586e-03 6.654832063907762665e-05 4.066850769488133152e-05
3.100000000000000000e+01 2.484949983046557103e-03 9.434131825826254716e-03 6.641951317420660879e-05 4.019800114596222155e-05
3.200000000000000000e+01 4.679349719562880816e-03 1.392466767630357385e-02 6.600355238786343533e-05 3.976691944719685753e-05
3.300000000000000000e+01 5.726218240851405593e-03 1.667918946067489805e-02 6.501120327410556067e-05 3.938361740471139352e-05
3.400000000000000000e+01 7.115306892492469747e-03 1.788704123712890615e-02 6.343854131454623182e-05 3.906040276241265675e-05
3.500000000000000000e+01 7.349974065977036772e-03 1.794280411281897608e-02 6.146917519722484131e-05 3.878924781264918276e-05
3.600000000000000000e+01 8.407646432114035048e-03 1.739397251109998238e-02 5.935897121120698036e-05 3.857190003428551095e-05
3.700000000000000000e+01 8.308698915922410611e-03 1.660401807141275582e-02 5.733432058080797011e-05 3.840221717360505686e-05
3.800000000000000000e+01 8.019983901313584157e-03 1.580038279916010438e-02 5.554117840105402307e-05 3.826739174450702997e-05
3.900000000000000000e+01 7.127868243028414978e-03 1.503377356622398117e-02 5.402797481327128526e-05 3.814115025880172492e-05
4.000000000000000000e+01 5.872825134253990657e-03 1.435368350166013954e-02 5.278041523906024465e-05 3.801561945618148712e-05
4.100000000000000000e+01 6.220464281454745996e-03 1.369556749116252262e-02 5.172917024338783342e-05 3.786854626807761761e-05
4.200000000000000000e+01 6.084847785966590421e-03 1.295436996240991248e-02 5.076416833129247845e-05 3.765745040229846068e-05
4.300000000000000000e+01 5.455498717603548230e-03 1.206280383837366951e-02 4.975194230452567351e-05 3.730992321199855997e-05
4.400000000000000000e+01 5.135075993067916324e-03 1.087143681562214789e-02 4.855897753967568958e-05 3.675891605988802302e-05
4.500000000000000000e+01 4.605408034171424442e-03 9.425916578696654294e-03 4.709855853361240166e-05 3.595075205356316870e-05
4.600000000000000000e+01 3.756168049655316584e-03 7.766247487465687167e-03 4.539191575184859821e-05 3.491134133991118885e-05
4.700000000000000000e+01 3.250545742331551781e-03 5.982746973479808640e-03 4.358960773640216987e-05 3.376301998973878183e-05
