# freqs 	 pli 	 dpli 	 meanpower(thalamus)	 meanpower(scalp)	pli
8.000000000000000000e+00 -3.183212425142412094e-02 -7.355770491021204616e-02 9.046801825609692631e-05 2.555723579455883971e-04
9.000000000000000000e+00 2.253866217118262461e-02 8.555220595495209579e-02 1.032118151106833481e-04 2.155509148736397987e-04
1.000000000000000000e+01 7.336807120150296013e-02 2.630704263687592692e-01 1.322242249669058217e-04 2.014560751921530449e-04
1.100000000000000000e+01 1.246464467631736156e-01 4.686227608729263694e-01 1.445761394056571767e-04 2.136646228846758784e-04
1.200000000000000000e+01 1.538515290072166308e-01 6.353362138946668791e-01 1.433528933522712468e-04 2.574529856183372994e-04
1.300000000000000000e+01 1.676127794051171516e-01 7.042541257153080991e-01 1.316963430807597320e-04 2.944867049227199132e-04
1.400000000000000000e+01 1.657583335069536257e-01 6.902341900899725546e-01 1.086111469658452086e-04 2.691663438384477220e-04
1.500000000000000000e+01 1.402387629668239155e-01 5.708583329544686391e-01 8.451817306411526392e-05 2.062889703033275409e-04
1.600000000000000000e+01 9.200802344944424005e-02 3.465793664729345247e-01 6.873186528619708053e-05 1.537164293791330825e-04
1.700000000000000000e+01 4.811952299850207754e-02 1.527585124123717053e-01 6.171611254664340854e-05 1.254490669565755357e-04
1.800000000000000000e+01 2.501428269624871026e-02 6.772285277256383240e-02 5.960634557731561565e-05 1.124918757891685126e-04
1.900000000000000000e+01 1.601679877427665197e-02 3.817628123201433771e-02 5.943281267778513657e-05 1.055246761313590728e-04
2.000000000000000000e+01 1.123589576022935264e-02 2.443131376787376074e-02 5.969204700877429128e-05 1.008788457135303398e-04
2.100000000000000000e+01 7.014520980500340425e-03 1.552544868282209126e-02 5.958296459992062937e-05 9.743846220408285282e-05
2.200000000000000000e+01 3.702921485290836239e-03 9.745265298109470620e-03 5.888872410776522679e-05 9.474242121767932937e-05
2.300000000000000000e+01 1.422699650761079715e-03 5.081086144432454127e-03 5.780994805262307538e-05 9.252787572569778538e-05
2.400000000000000000e+01 -1.094121988449316303e-03 -1.135780382044902521e-03 5.660830224075006403e-05 9.068368084878803250e-05
2.500000000000000000e+01 -3.438605988052818342e-03 -8.718912729422035462e-03 5.537028140836889749e-05 8.910739887136346845e-05
2.600000000000000000e+01 -5.112887394656726557e-03 -1.450452608911550513e-02 5.409389627731228802e-05 8.762363598361831935e-05
2.700000000000000000e+01 -5.866842369477911524e-03 -1.581025303454246939e-02 5.279080527321132737e-05 8.608347299219790789e-05
2.800000000000000000e+01 -5.040962289094562919e-03 -1.235061314862941247e-02 5.153666027772706821e-05 8.446522165200980102e-05
2.900000000000000000e+01 -2.728163244615851909e-03 -5.431297890095960340e-03 5.042353057704055633e-05 8.287118267550161064e-05
3.000000000000000000e+01 1.929038847454807282e-04 3.219681690211125512e-03 4.948672374208371309e-05 8.140232652655720767e-05
3.100000000000000000e+01 4.147675409962751220e-03 1.212911579433084870e-02 4.870908529687578811e-05 8.011472087979101331e-05
3.200000000000000000e+01 8.397809445984913065e-03 2.033805414742774834e-02 4.805965538939751917e-05 7.898725544917711860e-05
3.300000000000000000e+01 1.187980889052170363e-02 2.743819976019863660e-02 4.750432077629638546e-05 7.795281369587458390e-05
3.400000000000000000e+01 1.526977003415801171e-02 3.340148332781981561e-02 4.701877613736063494e-05 7.695975595271899454e-05
3.500000000000000000e+01 1.777558871820564268e-02 3.837502066405254486e-02 4.658943680688723457e-05 7.599091126421252194e-05
3.600000000000000000e+01 2.005075200038522812e-02 4.252391910281418108e-02 4.620552881381474768e-05 7.505133521352310105e-05
3.700000000000000000e+01 2.180821376385576327e-02 4.608690928150821486e-02 4.585612048179838244e-05 7.416401547346000050e-05
3.800000000000000000e+01 2.289794091428270367e-02 4.934981997995553649e-02 4.553384817836461234e-05 7.335414081610167471e-05
3.900000000000000000e+01 2.405313112201056674e-02 5.257133195322687136e-02 4.523005912130211828e-05 7.262777149226160337e-05
4.000000000000000000e+01 2.537766948617092497e-02 5.592648723848100273e-02 4.493722187720681355e-05 7.197849623132666756e-05
4.100000000000000000e+01 2.731553857067518451e-02 5.944940339562211629e-02 4.463306544484763863e-05 7.136187106528063876e-05
4.200000000000000000e+01 2.956221775076799466e-02 6.305340437292990263e-02 4.426597564081786784e-05 7.068518917671318580e-05
4.300000000000000000e+01 3.188742965998946771e-02 6.661442375050129205e-02 4.375255160596674481e-05 6.981441114234708892e-05
4.400000000000000000e+01 3.447368653592904758e-02 7.007109446521171681e-02 4.300438952871131243e-05 6.860534648439195677e-05
4.500000000000000000e+01 3.651242871429965370e-02 7.340495385090348157e-02 4.196987858169196111e-05 6.696771030938372378e-05
4.600000000000000000e+01 3.812406244511119119e-02 7.668227376313464794e-02 4.068634355211232589e-05 6.495828861634777782e-05
4.700000000000000000e+01 3.928691868432301892e-02 8.003975347980045452e-02 3.930567154136504115e-05 6.282146294079403036e-05
