# freqs 	 pli 	 dpli 	 meanpower(thalamus)	 meanpower(scalp)	pli
8.000000000000000000e+00 -5.095685609138176503e-03 4.626580198749497691e-03 4.362485474293038612e-05 1.440993382671699075e-04
9.000000000000000000e+00 -1.289699197274028243e-02 4.946957400833474142e-03 4.209951962357040003e-05 1.212961089696998259e-04
1.000000000000000000e+01 -2.437641527106082853e-02 -2.843793917077490352e-02 4.362717918319896639e-05 1.108860424521445915e-04
1.100000000000000000e+01 -3.393376241159890699e-02 -1.114678014250175542e-01 4.638219043878955900e-05 1.089247436545958184e-04
1.200000000000000000e+01 -4.208547391794743159e-02 -1.634264171015179234e-01 4.554573143008406027e-05 1.113608826127583288e-04
1.300000000000000000e+01 -5.028153061351711695e-02 -2.004726756081079420e-01 4.203304080372081026e-05 1.194235671724749588e-04
1.400000000000000000e+01 -6.124913478957679652e-02 -2.492846921521468528e-01 3.866369205835878649e-05 1.249557713699760305e-04
1.500000000000000000e+01 -6.892658614410339390e-02 -2.740309141033969720e-01 3.605535018909184213e-05 1.185855038822425888e-04
1.600000000000000000e+01 -6.346910682236267531e-02 -2.504847145264923469e-01 3.417502921483517200e-05 1.037161807745834479e-04
1.700000000000000000e+01 -5.592925685978746009e-02 -1.944666090819371917e-01 3.292104315951530769e-05 8.887631317905233337e-05
1.800000000000000000e+01 -4.556134778646622752e-02 -1.364013408820388129e-01 3.206701481804605144e-05 7.860871630086985911e-05
1.900000000000000000e+01 -3.448187490700397456e-02 -9.543709094483281141e-02 3.159148047759369562e-05 7.272372408767092749e-05
2.000000000000000000e+01 -2.708343410793873085e-02 -6.996318977910066794e-02 3.153248962882712950e-05 6.909751651788424232e-05
2.100000000000000000e+01 -2.023114979323125881e-02 -5.269422146035374760e-02 3.179784807395868215e-05 6.612880259546953716e-05
2.200000000000000000e+01 -1.390039404482300463e-02 -4.013230026482984825e-02 3.204667339882517739e-05 6.322100605020506553e-05
2.300000000000000000e+01 -1.058554741984804072e-02 -3.027868266384874454e-02 3.197243912248017716e-05 6.041007856223091165e-05
2.400000000000000000e+01 -9.178801260817423535e-03 -2.196455110542695766e-02 3.153593107060382369e-05 5.796081184492939771e-05
2.500000000000000000e+01 -8.804246019356852873e-03 -1.553375943339934881e-02 3.091576955744033273e-05 5.603382309759929173e-05
2.600000000000000000e+01 -5.862257846557190726e-03 -1.158504690111582421e-02 3.032454435974645416e-05 5.459878992796950647e-05
2.700000000000000000e+01 -3.996748239982026926e-03 -9.757369874748124741e-03 2.988623975285530977e-05 5.352815777265628106e-05
2.800000000000000000e+01 -5.096131440228235214e-03 -8.987248419774045149e-03 2.963157532877768599e-05 5.265177083700174024e-05
2.900000000000000000e+01 -5.953773439095084823e-03 -8.566597504159346663e-03 2.954432879139304798e-05 5.185496456351451849e-05
3.000000000000000000e+01 -6.216394483567604448e-03 -8.317563549050600163e-03 2.959609828934367377e-05 5.108538284539814784e-05
3.100000000000000000e+01 -6.090603812393301925e-03 -8.368243865490789316e-03 2.974975743530073824e-05 5.036764930353792539e-05
3.200000000000000000e+01 -6.625934624137139531e-03 -8.669272473957361641e-03 2.996217175569377606e-05 4.972775779146611973e-05
3.300000000000000000e+01 -6.481389653883417624e-03 -8.996062283229602080e-03 3.018631927164432469e-05 4.917506278714466067e-05
3.400000000000000000e+01 -6.357312663883526657e-03 -9.160831844685928330e-03 3.037975134836894318e-05 4.870799043028178118e-05
3.500000000000000000e+01 -6.047890045434966763e-03 -9.031571495878200004e-03 3.052425906722773411e-05 4.829691578692730234e-05
3.600000000000000000e+01 -5.060359399528930290e-03 -8.658888247650920605e-03 3.062567667519526640e-05 4.793373866634191598e-05
3.700000000000000000e+01 -3.428064220823612198e-03 -8.119501848139271810e-03 3.070339133323532146e-05 4.761459166910411386e-05
3.800000000000000000e+01 -2.670581460930618756e-03 -7.452227341260380701e-03 3.078241568734303826e-05 4.733237320826735027e-05
3.900000000000000000e+01 -2.881335774915034977e-03 -6.573317717020648113e-03 3.087784296214800376e-05 4.707413386169888981e-05
4.000000000000000000e+01 -3.136075887852889620e-03 -5.514844206749112271e-03 3.099009503361945558e-05 4.682980815898384768e-05
4.100000000000000000e+01 -2.385964484363176704e-03 -4.404803682064323093e-03 3.110265786686699477e-05 4.656381797117451897e-05
4.200000000000000000e+01 -2.591352808111849031e-03 -3.440550815984413403e-03 3.117124238348559375e-05 4.622742991212432226e-05
4.300000000000000000e+01 -1.948468662922924095e-03 -2.748776756974688311e-03 3.112121412418698450e-05 4.573545453578179722e-05
4.400000000000000000e+01 -1.876092537640452118e-03 -2.417200008569017448e-03 3.087480606942660929e-05 4.500201756807316311e-05
4.500000000000000000e+01 -1.994045867055607713e-03 -2.354964733312786551e-03 3.038884877445660371e-05 4.397087077203231401e-05
4.600000000000000000e+01 -1.649655153496030644e-03 -2.464236475247912062e-03 2.968960409699217281e-05 4.267937312712545198e-05
4.700000000000000000e+01 -1.005896906328921899e-03 -2.650682419205364123e-03 2.889551447109541850e-05 4.127830061110566290e-05
