# freqs 	 pli 	 dpli 	 meanpower(thalamus)	 meanpower(scalp)	pli
8.000000000000000000e+00 -1.644963687983279702e-02 -3.053285053767048826e-02 7.448122874305160713e-05 2.833708720533111469e-04
9.000000000000000000e+00 1.897484603836166808e-02 5.557512235297464714e-02 6.930846160068303231e-05 2.900235220126757998e-04
1.000000000000000000e+01 4.422731584090951185e-02 1.097399893743632726e-01 6.406803190332168352e-05 2.723659260639961022e-04
1.100000000000000000e+01 4.753843102911226026e-02 1.098211163016098446e-01 6.091905030225879523e-05 2.343742876238467260e-04
1.200000000000000000e+01 4.369016856822183908e-02 1.063886072023253609e-01 5.968752334572548641e-05 2.077625420620623988e-04
1.300000000000000000e+01 3.231564960970156886e-02 8.408855463389336427e-02 5.869085081197450497e-05 1.956417848706037369e-04
1.400000000000000000e+01 1.973564997789535591e-02 4.631100037692605781e-02 5.744504620925903787e-05 1.883866076175509956e-04
1.500000000000000000e+01 7.219513894535311595e-03 1.480217013231439199e-02 5.674282601966008807e-05 1.829227485005660743e-04
1.600000000000000000e+01 8.074761047707640642e-05 -9.884665682701394059e-04 5.775949279294035900e-05 1.788954222624789306e-04
1.700000000000000000e+01 -4.435635546011233894e-04 -1.577150045819277879e-03 6.106912725202285090e-05 1.759100721532092307e-04
1.800000000000000000e+01 1.201585815534141977e-03 2.862614149046059653e-03 6.500175102431479657e-05 1.734020338310989916e-04
1.900000000000000000e+01 1.390208595060295508e-03 3.415549014462288934e-03 6.642440376966552915e-05 1.707893355548079192e-04
2.000000000000000000e+01 3.767462285730267856e-04 -5.723306335846485224e-04 6.407335375302342377e-05 1.675940592778592817e-04
2.100000000000000000e+01 -1.737533200718782180e-03 -6.491746833192985587e-03 5.953611932093478610e-05 1.636594634101615892e-04
2.200000000000000000e+01 -3.885607407193309142e-03 -1.201055069782567923e-02 5.508605232843076033e-05 1.588750230582930672e-04
2.300000000000000000e+01 -5.939686207188805619e-03 -1.569255811956587338e-02 5.188215055836001847e-05 1.532687044777885472e-04
2.400000000000000000e+01 -6.324430089339046386e-03 -1.737536026823559288e-02 4.991866318476249626e-05 1.469533852869811530e-04
2.500000000000000000e+01 -6.196108034571162423e-03 -1.759402448958811982e-02 4.876138622262469249e-05 1.401856096415453085e-04
2.600000000000000000e+01 -5.860934216135753327e-03 -1.694048335047890555e-02 4.802288822675867305e-05 1.333685462902987515e-04
2.700000000000000000e+01 -5.358468488266819249e-03 -1.591455289695526201e-02 4.747938200105325724e-05 1.269923303010527102e-04
2.800000000000000000e+01 -4.700079920500280402e-03 -1.464773608661060905e-02 4.703292049959138555e-05 1.214080506510851874e-04
2.900000000000000000e+01 -4.087143509905076175e-03 -1.314048798224503461e-02 4.665157448041667206e-05 1.168328094594384787e-04
3.000000000000000000e+01 -3.539871282558830490e-03 -1.139639227614824835e-02 4.633159814882193030e-05 1.132126828361740782e-04
3.100000000000000000e+01 -3.066859055778648098e-03 -9.605045583467393747e-03 4.607863791370948772e-05 1.104648118687640213e-04
3.200000000000000000e+01 -3.195581264755986087e-03 -7.953534476605936959e-03 4.589628643649899982e-05 1.083705630154113453e-04
3.300000000000000000e+01 -2.463925111843285991e-03 -6.536950923787950354e-03 4.577931962339601787e-05 1.067266323361874478e-04
3.400000000000000000e+01 -1.735397455237474088e-03 -5.331632381201029287e-03 4.571545533078217140e-05 1.054919755520990877e-04
3.500000000000000000e+01 -1.461415093165143548e-03 -4.180882239064263525e-03 4.568313746355235082e-05 1.045316085370754999e-04
3.600000000000000000e+01 -6.596669404693294167e-04 -2.949909581763695502e-03 4.565628419770522990e-05 1.038395902156918920e-04
3.700000000000000000e+01 6.400961357707859361e-05 -1.585492022397744878e-03 4.560794259804982391e-05 1.033795644212620753e-04
3.800000000000000000e+01 1.068713244084854323e-03 -1.732017376694512634e-04 4.551623130676777561e-05 1.031562554025586666e-04
3.900000000000000000e+01 2.250563456660106560e-03 1.155797580079722612e-03 4.536554625677091315e-05 1.030352065229902836e-04
4.000000000000000000e+01 2.728622213820020709e-03 2.227773209739560521e-03 4.514745435415444498e-05 1.030087214108855651e-04
4.100000000000000000e+01 2.877687391681578964e-03 2.943479051468240841e-03 4.484624662645949304e-05 1.029972849610062924e-04
4.200000000000000000e+01 3.082840754053174388e-03 3.294526515649870337e-03 4.442764733791872215e-05 1.028637398490178596e-04
4.300000000000000000e+01 3.035011219380440682e-03 3.374999085046991205e-03 4.383140053116929444e-05 1.023481478570532780e-04
4.400000000000000000e+01 3.001458573514562481e-03 3.222537545735526358e-03 4.298605804269727416e-05 1.013191717173462446e-04
4.500000000000000000e+01 3.008301350317328648e-03 2.972703073428899830e-03 4.185119633969658592e-05 9.955524068409177512e-05
4.600000000000000000e+01 2.926099518168802285e-03 2.725728187341458063e-03 4.047050255077311494e-05 9.711203366349937106e-05
4.700000000000000000e+01 3.075634036243044857e-03 2.583016147008230720e-03 3.899705235291181369e-05 9.433964753510194702e-05
