# freqs 	 pli 	 dpli 	 meanpower(thalamus)	 meanpower(scalp)	pli
8.000000000000000000e+00 -1.078139230808187327e-03 2.951604026560402522e-02 1.141602491029277295e-04 4.023157807013153756e-04
9.000000000000000000e+00 2.901779740930596901e-02 9.821353223935361254e-02 1.049169108329113959e-04 3.941723404706981636e-04
1.000000000000000000e+01 8.435740580337808270e-02 1.926509275243004082e-01 9.915026981344645805e-05 3.348744341895882335e-04
1.100000000000000000e+01 1.023197277727316001e-01 2.167991629691144173e-01 9.544349107586383907e-05 2.968776056129316808e-04
1.200000000000000000e+01 8.803702473996963263e-02 1.760088355365389545e-01 9.268681514693179267e-05 2.678928700121329092e-04
1.300000000000000000e+01 5.722476397613304039e-02 1.083311570101205268e-01 9.052650040008529398e-05 2.403794576981776543e-04
1.400000000000000000e+01 2.596451028455717958e-02 4.965218814483612214e-02 8.885541956970203603e-05 2.136803854025278175e-04
1.500000000000000000e+01 9.990953766411578632e-03 1.576299703141076022e-02 8.766141273123991820e-05 1.916037630978875749e-04
1.600000000000000000e+01 8.904452032230434451e-04 2.312020718301519744e-04 8.667401206397517546e-05 1.746605204066468508e-04
1.700000000000000000e+01 -3.225180239140003173e-03 -8.607495893701057332e-03 8.561173711911813510e-05 1.612675124802037674e-04
1.800000000000000000e+01 -6.933798258534483450e-03 -1.472697835886921380e-02 8.459019703206827479e-05 1.507339917674735473e-04
1.900000000000000000e+01 -7.141468147147735611e-03 -1.763397283750639186e-02 8.378993782438559363e-05 1.431722172163378570e-04
2.000000000000000000e+01 -4.750243704879277690e-03 -1.649533589718306728e-02 8.316277959066604411e-05 1.383232521897491017e-04
2.100000000000000000e+01 -3.802140760891570964e-03 -1.230927981870558185e-02 8.249732445751634840e-05 1.353744565352847911e-04
2.200000000000000000e+01 -2.159897659384768173e-03 -7.621123182164824504e-03 8.166874483836881657e-05 1.335050343655002085e-04
2.300000000000000000e+01 -3.364632219727411392e-04 -4.393452887074068662e-03 8.069138547048967870e-05 1.323842152487445130e-04
2.400000000000000000e+01 1.326972481129297474e-03 -2.559986959218952304e-03 7.961127060448617329e-05 1.318827549246157625e-04
2.500000000000000000e+01 7.886272328553955253e-04 -1.906342141049471688e-03 7.847873670110443373e-05 1.320174335206199083e-04
2.600000000000000000e+01 1.108994852386948433e-03 -3.048996316032541280e-03 7.736675101954270208e-05 1.326816966651403159e-04
2.700000000000000000e+01 -4.488815879522094752e-04 -5.840980364314329529e-03 7.634884416648928288e-05 1.339148985917259366e-04
2.800000000000000000e+01 -1.232642068750605625e-03 -9.143858879492703859e-03 7.548111131416582946e-05 1.354838003707181779e-04
2.900000000000000000e+01 -2.831965450971442571e-03 -1.143358654831003358e-02 7.480744559244265426e-05 1.373294426551110786e-04
3.000000000000000000e+01 -4.262759378070631738e-03 -1.222182574800394737e-02 7.431788061271795949e-05 1.392483774545795743e-04
3.100000000000000000e+01 -5.563442548816238155e-03 -1.203638548068576911e-02 7.392779408949444930e-05 1.413220470074979238e-04
3.200000000000000000e+01 -6.222386422840704180e-03 -1.179272753070669498e-02 7.350527193569445720e-05 1.434684336636460388e-04
3.300000000000000000e+01 -7.664099882808575112e-03 -1.209075531568831047e-02 7.292998083042629711e-05 1.455766780741669009e-04
3.400000000000000000e+01 -7.677726344215240681e-03 -1.273672297925738071e-02 7.214574910491520522e-05 1.478003388325449627e-04
3.500000000000000000e+01 -6.362483999209529728e-03 -1.341956723563069581e-02 7.115878277570371108e-05 1.499332064151226408e-04
3.600000000000000000e+01 -5.465396079619526219e-03 -1.365207770252600990e-02 7.002327839963954053e-05 1.520422965521858218e-04
3.700000000000000000e+01 -4.885087159585869455e-03 -1.333314949266525655e-02 6.881376713332540310e-05 1.541150865072751363e-04
3.800000000000000000e+01 -5.353480093354056127e-03 -1.267003144104470423e-02 6.760078355170765125e-05 1.562634213701771585e-04
3.900000000000000000e+01 -5.162165808289620808e-03 -1.192599531992130993e-02 6.643673008532888864e-05 1.582474262762861926e-04
4.000000000000000000e+01 -5.099333377334829345e-03 -1.126109974843621415e-02 6.534421830197544446e-05 1.601337139046487147e-04
4.100000000000000000e+01 -5.185747790013335232e-03 -1.069118502576265305e-02 6.430361112149559602e-05 1.618311295888445408e-04
4.200000000000000000e+01 -4.331819997725284976e-03 -1.017779498157358672e-02 6.324453308602645942e-05 1.631316400008325839e-04
4.300000000000000000e+01 -3.722161312357159108e-03 -9.763350926014045458e-03 6.204880207764553845e-05 1.635787419509784641e-04
4.400000000000000000e+01 -3.958822645576566025e-03 -9.401675376072560208e-03 6.058537188648917005e-05 1.630363238163137448e-04
4.500000000000000000e+01 -4.105631503311570583e-03 -9.149368159265043599e-03 5.877131027901746218e-05 1.611514857819311224e-04
4.600000000000000000e+01 -4.620770311360150942e-03 -9.032353802014518943e-03 5.663822049327676272e-05 1.580841425251257207e-04
4.700000000000000000e+01 -4.958955793295975051e-03 -9.050736892274998877e-03 5.437127756546395856e-05 1.544755709925454555e-04
