# freqs 	 pli 	 dpli 	 meanpower(thalamus)	 meanpower(scalp)	pli
8.000000000000000000e+00 -1.152462189616943779e-02 -3.953072049725202958e-02 9.688250603156552565e-05 1.379132302112951011e-04
9.000000000000000000e+00 6.430131430131429994e-03 -1.547120991820405411e-02 9.108644314687295857e-05 1.247590067453346809e-04
1.000000000000000000e+01 -2.980195182139231368e-03 -2.862180227488521356e-02 8.847750765490709811e-05 1.183212811322335894e-04
1.100000000000000000e+01 4.730902672693684981e-03 4.774438015776328312e-05 8.993874935931417554e-05 1.140731962704516771e-04
1.200000000000000000e+01 3.850198425873719958e-03 -1.108828035944125177e-02 9.428257600259149244e-05 1.139302328909521305e-04
1.300000000000000000e+01 1.996099354429907175e-03 -2.358068474806448989e-02 9.993259529118505733e-05 1.203326808573348662e-04
1.400000000000000000e+01 1.512881857199533525e-02 1.497563930269663751e-02 1.045429383095345386e-04 1.285815911260602994e-04
1.500000000000000000e+01 2.668852899799781936e-02 3.780800621409826506e-02 1.051684668375567236e-04 1.305709684068814510e-04
1.600000000000000000e+01 8.415587652983447242e-03 2.492907194389813383e-02 1.020857389003621023e-04 1.262716842657116221e-04
1.700000000000000000e+01 -2.420015032338677496e-03 -7.342297589473942981e-03 9.815564227923333619e-05 1.215552496999126403e-04
1.800000000000000000e+01 -1.929293508927973702e-02 -4.327994384296421360e-02 9.522233827044617697e-05 1.203667526153552700e-04
1.900000000000000000e+01 -3.512002426517827486e-02 -7.220130430249280251e-02 9.309252182799181022e-05 1.225113888185952200e-04
2.000000000000000000e+01 -4.848873861513242067e-02 -9.147614715404885077e-02 9.121312979965226389e-05 1.260389388385318478e-04
2.100000000000000000e+01 -5.235290681943068763e-02 -9.952570435241682445e-02 8.915765787132507044e-05 1.285590658533541963e-04
2.200000000000000000e+01 -5.411325798048163133e-02 -9.413197795322202077e-02 8.693368833990227826e-05 1.284620470642625122e-04
2.300000000000000000e+01 -3.889688403545797646e-02 -7.513160593547271726e-02 8.539285037243622982e-05 1.256230931592391931e-04
2.400000000000000000e+01 -2.620175122432253506e-02 -4.666982984956004332e-02 8.593169133782245321e-05 1.208138852937846883e-04
2.500000000000000000e+01 -9.403919191198758382e-03 -1.671127815884183507e-02 8.868605737697533376e-05 1.156647935248040484e-04
2.600000000000000000e+01 2.996566187041811713e-03 6.581049295952586496e-03 9.162692418157552642e-05 1.123506328376041040e-04
2.700000000000000000e+01 6.875932810346076229e-03 1.983798616148647539e-02 9.211902766212073934e-05 1.121130288695236358e-04
2.800000000000000000e+01 1.184303439927368064e-02 2.515733602748938466e-02 8.900741665356934958e-05 1.132276799355650234e-04
2.900000000000000000e+01 1.308308333244365129e-02 2.634811992070293374e-02 8.306331736887808607e-05 1.123389869470456761e-04
3.000000000000000000e+01 1.477834849198226240e-02 2.574415060950059966e-02 7.611407327220817600e-05 1.075661451661914791e-04
3.100000000000000000e+01 1.503220170011699934e-02 2.448711411993953826e-02 6.975980214105548997e-05 9.942950768181675158e-05
3.200000000000000000e+01 1.258551682136907490e-02 2.363907683404575799e-02 6.481133020974808132e-05 8.983680656487196437e-05
3.300000000000000000e+01 1.178884324344814209e-02 2.417264167486182433e-02 6.129640530884137054e-05 8.071396084207788308e-05
3.400000000000000000e+01 1.113673821205978659e-02 2.599649131675264499e-02 5.886524506274577810e-05 7.326146668655015160e-05
3.500000000000000000e+01 8.914567641693803973e-03 2.772628783542385039e-02 5.708525804215533786e-05 6.776681478661803230e-05
3.600000000000000000e+01 5.428383094497889715e-03 2.762959480158688405e-02 5.565877067184657874e-05 6.389460780698621436e-05
3.700000000000000000e+01 5.029525241685784201e-03 2.487117276280053843e-02 5.442203841701998739e-05 6.112687089615110420e-05
3.800000000000000000e+01 4.338812922543497375e-03 1.973203896293321963e-02 5.330031908051261673e-05 5.904382919000434167e-05
3.900000000000000000e+01 3.304442613240706362e-03 1.320132447800099508e-02 5.223994519286258260e-05 5.738080060003542042e-05
4.000000000000000000e+01 2.261125078158335387e-03 6.389361434326753901e-03 5.122471876713462674e-05 5.600486665999097267e-05
4.100000000000000000e+01 2.279476323106610809e-03 2.295380487915916134e-04 5.024032913591048189e-05 5.481184580309322055e-05
4.200000000000000000e+01 7.194695064250163216e-04 -4.758873824353364486e-03 4.925079732912572198e-05 5.368389918225263696e-05
4.300000000000000000e+01 -1.529906421708368026e-03 -8.446988601381766326e-03 4.817771625625580655e-05 5.249631532540922321e-05
4.400000000000000000e+01 -4.286218784953233982e-03 -1.102579007816513294e-02 4.692265423710661055e-05 5.112369176763431004e-05
4.500000000000000000e+01 -4.719693650907983394e-03 -1.277770491748569243e-02 4.542871219524785071e-05 4.946383190806502242e-05
4.600000000000000000e+01 -6.367697334869576800e-03 -1.396570098238731662e-02 4.372476127347899863e-05 4.752392028381183529e-05
4.700000000000000000e+01 -7.090758881151894462e-03 -1.473719104217261801e-02 4.194152071282712218e-05 4.544492381604857569e-05
