# freqs 	 pli 	 dpli 	 meanpower(thalamus)	 meanpower(scalp)	pli
8.000000000000000000e+00 -3.334987045918086368e-02 -5.898122776529214628e-02 3.732405823842480157e-05 3.192112613869893816e-04
9.000000000000000000e+00 -4.980571090484152766e-03 -1.048320661686950872e-02 3.542001033758217276e-05 2.806215004579443954e-04
1.000000000000000000e+01 -7.223638027242487887e-04 -3.065500433271821281e-03 3.467435734175640524e-05 2.625961495184941886e-04
1.100000000000000000e+01 2.395046958328368118e-03 3.951385996187707812e-03 3.480821579605322333e-05 2.422036964246188453e-04
1.200000000000000000e+01 -4.083972111151190632e-03 -6.720557557149132652e-03 3.539561976555477692e-05 2.262005314516432142e-04
1.300000000000000000e+01 -7.217352291128580240e-03 -1.501358636081995789e-02 3.620786101244895440e-05 2.193897690334795667e-04
1.400000000000000000e+01 -6.444986329377663803e-03 -1.564125687439187409e-02 3.692542029038805993e-05 2.177798343033518307e-04
1.500000000000000000e+01 -9.574747270615250466e-03 -1.792256756434169179e-02 3.722730788862548467e-05 2.179091810977911586e-04
1.600000000000000000e+01 -9.630667556660527442e-03 -1.771257903740821801e-02 3.718050295633924194e-05 2.197406864123634790e-04
1.700000000000000000e+01 -8.709948268358721005e-03 -1.520560553466327076e-02 3.721645393493847032e-05 2.227512566088745121e-04
1.800000000000000000e+01 -7.622247621265646964e-03 -1.231605112275401329e-02 3.771590729949176988e-05 2.253476352579867129e-04
1.900000000000000000e+01 -5.653827463274739042e-03 -8.482994271623202007e-03 3.861113857525589818e-05 2.268760383380490043e-04
2.000000000000000000e+01 -2.432763090511098295e-03 -4.018113043004995638e-03 3.946397388781147121e-05 2.276507175774464145e-04
2.100000000000000000e+01 1.653348419489428017e-04 5.145509981586209817e-04 3.989424569885762970e-05 2.282930749882868655e-04
2.200000000000000000e+01 3.685680508588330944e-03 4.913430664337765236e-03 3.988550589860751953e-05 2.286529661010959654e-04
2.300000000000000000e+01 4.884066428001318690e-03 8.836491214240585479e-03 3.965572805036559251e-05 2.283982209726945602e-04
2.400000000000000000e+01 5.685482354849576321e-03 1.159807699355198257e-02 3.941122829397363615e-05 2.274257319668276022e-04
2.500000000000000000e+01 6.283799412533773270e-03 1.275168583402565281e-02 3.925366073031029993e-05 2.257274504095805386e-04
2.600000000000000000e+01 7.659425837570794059e-03 1.193965166009279023e-02 3.922590767435683005e-05 2.235057114742219670e-04
2.700000000000000000e+01 5.634795930056610454e-03 8.353244672047918304e-03 3.938182352868070218e-05 2.213044728324511652e-04
2.800000000000000000e+01 1.159962199576022217e-03 2.825144636288177231e-04 3.979572691546817492e-05 2.193938854923597396e-04
2.900000000000000000e+01 -6.530943781468809793e-03 -1.484366299525193521e-02 4.062120154442890832e-05 2.181135904466459526e-04
3.000000000000000000e+01 -1.919942497967868852e-02 -3.908641505059516630e-02 4.212743440777139717e-05 2.174666809379266041e-04
3.100000000000000000e+01 -3.617539731164422234e-02 -7.064315391331515981e-02 4.450497095168414526e-05 2.175649557144673698e-04
3.200000000000000000e+01 -5.335751807195444896e-02 -1.022990723714086725e-01 4.750062149045643846e-05 2.182131453062434434e-04
3.300000000000000000e+01 -6.723889568200860922e-02 -1.252496067976994476e-01 5.032839122434917101e-05 2.191164533072965058e-04
3.400000000000000000e+01 -7.377297689344801401e-02 -1.341415885767497651e-01 5.206772620781604453e-05 2.201656032570861070e-04
3.500000000000000000e+01 -7.311965177235020541e-02 -1.284517858568426374e-01 5.218900371492043864e-05 2.210401538804829659e-04
3.600000000000000000e+01 -6.436321746137531330e-02 -1.111299127928489644e-01 5.076291289044699174e-05 2.217938281416617684e-04
3.700000000000000000e+01 -5.142387194240745363e-02 -8.702437403344494282e-02 4.831106638594934199e-05 2.224844627960009368e-04
3.800000000000000000e+01 -3.719784594092961222e-02 -6.127293554439260104e-02 4.550431409116494552e-05 2.232656005165048203e-04
3.900000000000000000e+01 -2.379148110655610743e-02 -3.802551193043829381e-02 4.289396618985691242e-05 2.239841464317841131e-04
4.000000000000000000e+01 -1.317535936824410989e-02 -1.960347687590731011e-02 4.077485550272292951e-05 2.247176371132836900e-04
4.100000000000000000e+01 -5.830993866328589188e-03 -6.481425558851863084e-03 3.919342807072014257e-05 2.253847776684342829e-04
4.200000000000000000e+01 -1.209823774271412021e-03 2.130124399550023008e-03 3.802496190566210399e-05 2.257345254455678111e-04
4.300000000000000000e+01 1.993081161112139101e-03 7.484854547327174021e-03 3.707119321161461993e-05 2.252192983094605209e-04
4.400000000000000000e+01 4.099661242255925493e-03 1.073309016307022641e-02 3.613568103132553657e-05 2.234642268040936406e-04
4.500000000000000000e+01 5.256516538200687282e-03 1.270042444857707661e-02 3.508438712100020505e-05 2.200065033108265225e-04
4.600000000000000000e+01 6.081306128631038845e-03 1.392911061302354314e-02 3.388792736638320528e-05 2.149744827343747910e-04
4.700000000000000000e+01 6.599199956638338027e-03 1.474454704511433435e-02 3.263539493909193662e-05 2.091353752656344264e-04
