# freqs 	 pli 	 dpli 	 meanpower(thalamus)	 meanpower(scalp)	pli
8.000000000000000000e+00 -4.727452957026926500e-02 -8.784385628836600957e-02 1.280624469479905482e-04 4.984299873599998525e-04
9.000000000000000000e+00 -2.687731154430096289e-02 -3.774548683712056901e-02 9.699053288481703384e-05 3.430022923869041509e-04
1.000000000000000000e+01 -5.154917122305261584e-03 -1.871195824198612981e-02 8.316541928548920257e-05 2.603986300986513790e-04
1.100000000000000000e+01 1.683543807232696851e-02 2.092148811342300907e-02 7.758988696525615696e-05 2.374892012806561667e-04
1.200000000000000000e+01 1.106513698200739700e-02 2.749715428900408390e-02 7.433580944894733545e-05 2.354398938407653130e-04
1.300000000000000000e+01 -1.993219751445909470e-03 7.905005145851145068e-03 7.184526020006208602e-05 2.391888579499605475e-04
1.400000000000000000e+01 -8.134788760535468372e-03 6.328065658532480188e-04 7.012925843841956908e-05 2.411845234795016897e-04
1.500000000000000000e+01 2.592389197570745419e-03 1.476586461538328780e-02 6.922863830321652492e-05 2.376287929097103653e-04
1.600000000000000000e+01 1.025851128676066523e-02 2.287047435210576643e-02 6.898047364132580620e-05 2.325377563718758304e-04
1.700000000000000000e+01 1.120346659853881620e-02 2.523814348166595820e-02 6.876622442752064706e-05 2.278744156386957231e-04
1.800000000000000000e+01 1.490698364476339584e-02 3.897413001451408010e-02 6.813085625774890864e-05 2.235192000999780765e-04
1.900000000000000000e+01 2.431649753540449793e-02 6.202994394303593118e-02 6.723143722821278961e-05 2.196289725111097609e-04
2.000000000000000000e+01 3.146918495033704244e-02 7.877932274254206835e-02 6.643972544130508225e-05 2.152785981595281019e-04
2.100000000000000000e+01 3.489895443571270489e-02 7.921811628144080630e-02 6.592694702401593449e-05 2.090864072900569157e-04
2.200000000000000000e+01 3.005249569872100318e-02 6.627501831784843311e-02 6.559817590812047194e-05 2.006012639547463650e-04
2.300000000000000000e+01 2.161075511998994739e-02 4.804575973257092791e-02 6.525603404390067377e-05 1.899280120770795860e-04
2.400000000000000000e+01 1.068651991320516102e-02 2.972782959335545927e-02 6.474326626619893589e-05 1.777583741249451907e-04
2.500000000000000000e+01 2.724764854864373913e-03 1.324399676508341075e-02 6.401315885279547238e-05 1.649871783263498731e-04
2.600000000000000000e+01 -1.355426631084763510e-03 -3.816520037346268768e-04 6.314751614248024743e-05 1.524776038728126322e-04
2.700000000000000000e+01 -9.042535827375705257e-03 -9.622667286894256294e-03 6.223990450589067622e-05 1.410890214454977524e-04
2.800000000000000000e+01 -9.844655864426937047e-03 -1.433687828863821311e-02 6.136025203395411329e-05 1.311969033223916688e-04
2.900000000000000000e+01 -9.804928653990128626e-03 -1.573353340950586765e-02 6.056058723117484281e-05 1.231079833248690256e-04
3.000000000000000000e+01 -2.536162949854905025e-03 -1.550513904233614786e-02 5.987033032785559183e-05 1.167147647867893662e-04
3.100000000000000000e+01 -5.546837198948400931e-03 -1.427072752302539944e-02 5.929114551308017417e-05 1.118823212796630541e-04
3.200000000000000000e+01 -5.434603361905006487e-03 -1.193024337211281462e-02 5.880370638789401229e-05 1.083524295880978913e-04
3.300000000000000000e+01 -1.561591433555564474e-03 -8.597289617458881913e-03 5.837839258059148454e-05 1.058750012767151958e-04
3.400000000000000000e+01 -2.695992067719387309e-03 -4.810257233772838835e-03 5.798298230930957234e-05 1.043901381500942239e-04
3.500000000000000000e+01 1.887137030498569484e-03 -1.475449406842523851e-03 5.759143793144979586e-05 1.036177135887120400e-04
3.600000000000000000e+01 4.255859286459041241e-03 8.711390480491744978e-04 5.718959242521612000e-05 1.034109505999986203e-04
3.700000000000000000e+01 2.807334353250057115e-03 2.246969965546860917e-03 5.677453694860771708e-05 1.035644487216551832e-04
3.800000000000000000e+01 -1.079150947815214843e-03 3.128209059824956471e-03 5.634949263880566342e-05 1.039592839815650822e-04
3.900000000000000000e+01 -7.909657332072581731e-05 3.859257753713016530e-03 5.590915483153115754e-05 1.043040695474126248e-04
4.000000000000000000e+01 1.565874342619763375e-03 4.753089823327004936e-03 5.544590280727679449e-05 1.045259573371547874e-04
4.100000000000000000e+01 2.927848925858847744e-03 5.730761929360070686e-03 5.493821232632205325e-05 1.045099854770477696e-04
4.200000000000000000e+01 4.306789085182288410e-03 6.530325386252459723e-03 5.432940580465477314e-05 1.041121840437514255e-04
4.300000000000000000e+01 9.152819589819408130e-03 6.750339504299851176e-03 5.352928396046945228e-05 1.030922487359094819e-04
4.400000000000000000e+01 7.206842893318950692e-03 6.689053506829784231e-03 5.244334951968431240e-05 1.014331749930542025e-04
4.500000000000000000e+01 4.874225433592788669e-03 6.239840954844894094e-03 5.101742708825268566e-05 9.899871221994785702e-05
4.600000000000000000e+01 3.259829800890624331e-03 5.624198468512804465e-03 4.929842994401808571e-05 9.593930975170589703e-05
4.700000000000000000e+01 2.188090912789453137e-03 5.057512794504155293e-03 4.746574441040408065e-05 9.267586940664571864e-05
