# freqs 	 pli 	 dpli 	 meanpower(thalamus)	 meanpower(scalp)	pli
8.000000000000000000e+00 -3.620442466341953309e-04 -9.268121569241025148e-02 8.164982618030892070e+01 3.154745608672316735e+02
9.000000000000000000e+00 -8.330932916967851353e-04 -6.148601263644861564e-02 8.255406222542633543e+01 2.642637034853533464e+02
1.000000000000000000e+01 -7.802686025318369446e-03 -3.703891447058958730e-02 8.328452251244137017e+01 2.179095191211024201e+02
1.100000000000000000e+01 -2.032627796428623443e-02 -4.772052204342162179e-02 8.265893077801912625e+01 1.855187273634801670e+02
1.200000000000000000e+01 -3.457382979120747490e-02 -7.304694881370496495e-02 8.012857370852529471e+01 1.672084455845844673e+02
1.300000000000000000e+01 -5.185689754613589247e-02 -1.127613606300580523e-01 7.627831637331284753e+01 1.607598965153784718e+02
1.400000000000000000e+01 -6.684340363952891162e-02 -1.542079596496752636e-01 7.250428030675230673e+01 1.560779150018529720e+02
1.500000000000000000e+01 -7.419840775342023687e-02 -1.698747848862877663e-01 6.913539693322110224e+01 1.455621515367661516e+02
1.600000000000000000e+01 -6.783296215415880737e-02 -1.565795095172177742e-01 6.536092394401137540e+01 1.302053142389933669e+02
1.700000000000000000e+01 -5.705553354537257205e-02 -1.284505867538987545e-01 6.073456827283651194e+01 1.145535859049037981e+02
1.800000000000000000e+01 -4.750346365930269155e-02 -1.004669703992897151e-01 5.578327699742823853e+01 1.013477304556070209e+02
1.900000000000000000e+01 -3.926509845603899651e-02 -7.986395888944296251e-02 5.128741150479153532e+01 9.106111575801458002e+01
2.000000000000000000e+01 -3.247324901458237267e-02 -6.571372780998392671e-02 4.769644327327424094e+01 8.315174467845639583e+01
2.100000000000000000e+01 -2.653307495950800801e-02 -5.367266610605406912e-02 4.505060253033204987e+01 7.698313097940044258e+01
2.200000000000000000e+01 -2.061589183891034127e-02 -4.135077523324252186e-02 4.315747157460714334e+01 7.209376611325541262e+01
2.300000000000000000e+01 -1.536825604898774816e-02 -2.946249939105837629e-02 4.179053337943524582e+01 6.812453131961471797e+01
2.400000000000000000e+01 -1.202724924372552961e-02 -1.947967648975731936e-02 4.072983463248344549e+01 6.481714689060392232e+01
2.500000000000000000e+01 -8.605408586362441395e-03 -1.213558717419934395e-02 3.980616046476212944e+01 6.197710945240569913e+01
2.600000000000000000e+01 -6.639325023949427251e-03 -7.233205674956262252e-03 3.892137987662712817e+01 5.949899665093819578e+01
2.700000000000000000e+01 -4.491284328624120005e-03 -3.969287233817025799e-03 3.804733796097787035e+01 5.731278405147815391e+01
2.800000000000000000e+01 -2.629155020927086226e-03 -1.510153453762858207e-03 3.719381447429061893e+01 5.533663862952387547e+01
2.900000000000000000e+01 -1.204259707834665722e-03 6.411150968752866997e-04 3.637567363502601836e+01 5.353346514043187909e+01
3.000000000000000000e+01 -2.528532432160312854e-04 2.545783444959053357e-03 3.559190467721528961e+01 5.190073715198025184e+01
3.100000000000000000e+01 4.224483688384603349e-04 3.984201982027343707e-03 3.484034565985241727e+01 5.045491473899767243e+01
3.200000000000000000e+01 4.338467427439493995e-04 4.705352734377645819e-03 3.412479859477451072e+01 4.917879062514673905e+01
3.300000000000000000e+01 -4.428134571466135771e-05 4.643890410796863016e-03 3.344985636248241434e+01 4.804935540190624721e+01
3.400000000000000000e+01 -3.704581702834442423e-04 3.938258645251328967e-03 3.282122884058431822e+01 4.705748563497987647e+01
3.500000000000000000e+01 -4.311365443653190845e-04 2.933420398551627849e-03 3.224695410206444990e+01 4.618562155238947753e+01
3.600000000000000000e+01 -8.999538391644585104e-04 1.897163423155993423e-03 3.173461334507735288e+01 4.542424523371729350e+01
3.700000000000000000e+01 -1.375947602869431871e-03 9.508182073027706283e-04 3.128180051687986563e+01 4.475784999650023366e+01
3.800000000000000000e+01 -1.121460449810409311e-03 2.475761880274245249e-05 3.088079947521492130e+01 4.417288612071410370e+01
3.900000000000000000e+01 -1.410699286644342011e-03 -9.766221313586161655e-04 3.052365646634867602e+01 4.364396734240422404e+01
4.000000000000000000e+01 -1.819725238348161639e-03 -2.108874350718107932e-03 3.020027138542805645e+01 4.315399548811038244e+01
4.100000000000000000e+01 -2.047185876778740733e-03 -3.295489976378317143e-03 2.989081515627022867e+01 4.266642505814361641e+01
4.200000000000000000e+01 -2.510090804908928983e-03 -4.395603161437972028e-03 2.955695387734522583e+01 4.212504271647715370e+01
4.300000000000000000e+01 -3.032042732043346931e-03 -5.276797370355247943e-03 2.914050159374875193e+01 4.145164004744444952e+01
4.400000000000000000e+01 -3.127455835282822848e-03 -5.942559161714694622e-03 2.858016354395525482e+01 4.057316936957762721e+01
4.500000000000000000e+01 -3.508720813551585369e-03 -6.425065596286484368e-03 2.783656751558845244e+01 3.943118393912133257e+01
4.600000000000000000e+01 -4.036973846717885166e-03 -6.810947666854607480e-03 2.692848998518885040e+01 3.805208242869084501e+01
4.700000000000000000e+01 -4.324790032596709417e-03 -7.185062943025723355e-03 2.595110478543971055e+01 3.656477579096981856e+01
