# freqs 	 pli 	 dpli 	 meanpower(thalamus)	 meanpower(scalp)	pli
8.000000000000000000e+00 1.323057278992812238e-02 4.429653179507415418e-03 4.647938516108263940e+01 1.458052282118730147e+02
9.000000000000000000e+00 3.111969700589673621e-02 7.316376755729989134e-02 4.424591983429879605e+01 1.371290568708881494e+02
1.000000000000000000e+01 2.750155815392411537e-02 8.255074411777715837e-02 4.276103592436344059e+01 1.296991403181567932e+02
1.100000000000000000e+01 4.002772795098994557e-02 9.185822762042915313e-02 4.226366847176136332e+01 1.237554271731450370e+02
1.200000000000000000e+01 4.629515486631447657e-02 7.841684487576459917e-02 4.263604834206165606e+01 1.173674697349998297e+02
1.300000000000000000e+01 3.333761440226040706e-02 6.631044148265081983e-02 4.201194402711684006e+01 1.096298041343554388e+02
1.400000000000000000e+01 2.951798644448204792e-02 5.773562568543560980e-02 4.013225589504190793e+01 1.021186028724963819e+02
1.500000000000000000e+01 1.961167571601662649e-02 4.207496295747168574e-02 3.815927154385340714e+01 9.594785444475097336e+01
1.600000000000000000e+01 1.697228598523455381e-02 3.262222389214020773e-02 3.666871315076988935e+01 9.061394892136473800e+01
1.700000000000000000e+01 1.629351542627457960e-02 2.890637172934185442e-02 3.556148528381340412e+01 8.600458361069749458e+01
1.800000000000000000e+01 1.481196212428011888e-02 2.112958871774170758e-02 3.466568597111306360e+01 8.214921981051557509e+01
1.900000000000000000e+01 1.140365273768073964e-02 1.270119742611468608e-02 3.393853747552171995e+01 7.865200372356842706e+01
2.000000000000000000e+01 9.380929073840856697e-03 9.220060850124171120e-03 3.329619943071887178e+01 7.521995949767448053e+01
2.100000000000000000e+01 6.092129873182218318e-03 1.085118644863108245e-02 3.274640313132783831e+01 7.205034801112331877e+01
2.200000000000000000e+01 8.961884837201750456e-03 1.521183265449762949e-02 3.228064107030171925e+01 6.932734378530425090e+01
2.300000000000000000e+01 1.000942424441668248e-02 2.040989970400798256e-02 3.194055850230542504e+01 6.694698570996040132e+01
2.400000000000000000e+01 1.083456113350219664e-02 2.422605019958412945e-02 3.170125098210815295e+01 6.481556381638756648e+01
2.500000000000000000e+01 1.009089348525618601e-02 2.459777741578015112e-02 3.151391465477669129e+01 6.290607968900315683e+01
2.600000000000000000e+01 9.716205512004588360e-03 2.163074593274514137e-02 3.137335814004485002e+01 6.115029264994217328e+01
2.700000000000000000e+01 8.032233703078003537e-03 1.685833956855052954e-02 3.125386373822152208e+01 5.951661624492272296e+01
2.800000000000000000e+01 4.731718434945141744e-03 1.190666673593269477e-02 3.113915882036530647e+01 5.799430624911047971e+01
2.900000000000000000e+01 3.869452032851658681e-03 7.863843731835814740e-03 3.101772304505594846e+01 5.656902457719697708e+01
3.000000000000000000e+01 4.962692663798268407e-03 5.150631752980056044e-03 3.090171371456951377e+01 5.524334827443809814e+01
3.100000000000000000e+01 4.839194207769704006e-03 3.896044978632922946e-03 3.081295291596920904e+01 5.403200172663540712e+01
3.200000000000000000e+01 4.267787341507820603e-03 4.106845050285538347e-03 3.073766822188530057e+01 5.293877060837088067e+01
3.300000000000000000e+01 3.114824498937263011e-03 5.623889652660041434e-03 3.064690032674566567e+01 5.195653095496847840e+01
3.400000000000000000e+01 2.879978446332562975e-03 7.861197967500965084e-03 3.052636291518264500e+01 5.110291883585286143e+01
3.500000000000000000e+01 2.045953594644901122e-03 9.992728190307170397e-03 3.038912357519065210e+01 5.037325922774705589e+01
3.600000000000000000e+01 2.782267738178076117e-03 1.153672397074582620e-02 3.024196982396381017e+01 4.975379338054646894e+01
3.700000000000000000e+01 1.929374895555492804e-03 1.250027970237952736e-02 3.007838436918724767e+01 4.921131253119877158e+01
3.800000000000000000e+01 3.615095354374764369e-03 1.320120746111387924e-02 2.989457046316933742e+01 4.870510073389362304e+01
3.900000000000000000e+01 5.539796899404615498e-03 1.397059553905128162e-02 2.969606781016130626e+01 4.820507309218493219e+01
4.000000000000000000e+01 7.116296405446870775e-03 1.498091344192207207e-02 2.948730796386584885e+01 4.771411154769592144e+01
4.100000000000000000e+01 7.688650278509144564e-03 1.612376030809651792e-02 2.926981707540896949e+01 4.721839154278854522e+01
4.200000000000000000e+01 6.616006383239017574e-03 1.719148919305958645e-02 2.901840063785708779e+01 4.666676759845493905e+01
4.300000000000000000e+01 5.998902204144558430e-03 1.801777387828524743e-02 2.868380633850695460e+01 4.596462244630573935e+01
4.400000000000000000e+01 6.064738157852017988e-03 1.851197228190732541e-02 2.820455437687868638e+01 4.501711179649090155e+01
4.500000000000000000e+01 7.073846456748280644e-03 1.866457546097924705e-02 2.754222181723742935e+01 4.377003467489197419e+01
4.600000000000000000e+01 8.131892373539341759e-03 1.844979862828131228e-02 2.671538548069909069e+01 4.225576372097935973e+01
4.700000000000000000e+01 9.616049809754410871e-03 1.780061138605205234e-02 2.582015132598631268e+01 4.061889390863326099e+01
