# freqs 	 pli 	 dpli 	 meanpower(thalamus)	 meanpower(scalp)	pli
8.000000000000000000e+00 3.718640937803357333e-02 1.086725002128590689e-01 2.174559935087410397e-04 8.002514245675061309e-04
9.000000000000000000e+00 8.001674822261602149e-02 2.318037341593700285e-01 2.004458964172906531e-04 6.265836436591919190e-04
1.000000000000000000e+01 7.399452276558343700e-02 2.829108711138683119e-01 1.983794286455178629e-04 5.125859732774861377e-04
1.100000000000000000e+01 2.215913909182267230e-02 1.487871408320740607e-01 2.420295116054546386e-04 4.770307444607337056e-04
1.200000000000000000e+01 -2.092448759044074694e-02 -5.019095312258532032e-02 2.677015917254435638e-04 4.621671950385861745e-04
1.300000000000000000e+01 -5.125683210899049241e-02 -1.567438759414158389e-01 2.287816392389726585e-04 4.355577236393920514e-04
1.400000000000000000e+01 -6.931479631320267010e-02 -1.845468576877057065e-01 1.672145695757580066e-04 3.741349058924540202e-04
1.500000000000000000e+01 -6.800357005443742608e-02 -1.620104512037220945e-01 1.237179927164342786e-04 2.962224540477072666e-04
1.600000000000000000e+01 -4.719334093328579616e-02 -1.042606197040892579e-01 1.052222606585466572e-04 2.349456271041475489e-04
1.700000000000000000e+01 -2.599573504614270322e-02 -4.675093042465786053e-02 9.960814453275937635e-05 1.979974660495468228e-04
1.800000000000000000e+01 -1.426259296905396830e-02 -9.003788640104539234e-03 9.627525206059689119e-05 1.766858460628325253e-04
1.900000000000000000e+01 -6.641625900175049044e-03 1.022164080272286099e-02 9.211402799717100746e-05 1.626561237567086663e-04
2.000000000000000000e+01 -2.849203980785170657e-04 2.521906655447290688e-02 8.903455849662304171e-05 1.522260720229492255e-04
2.100000000000000000e+01 9.052085984551804312e-03 5.093811753653922775e-02 9.012572173403262722e-05 1.439994775359989046e-04
2.200000000000000000e+01 2.067498172825535732e-02 8.450128262426664927e-02 9.545191702448245041e-05 1.372146905569689797e-04
2.300000000000000000e+01 2.596783980753148910e-02 1.091928946577141180e-01 1.008802165791668827e-04 1.312568759678186040e-04
2.400000000000000000e+01 2.875884620467242594e-02 1.154421472628707340e-01 1.023487329187893017e-04 1.257498685593811066e-04
2.500000000000000000e+01 2.855465633256843577e-02 1.052956703733863159e-01 9.887597954736775671e-05 1.205388649506955841e-04
2.600000000000000000e+01 2.467072803893069835e-02 8.634263902981964556e-02 9.206755890445637803e-05 1.153738280317934898e-04
2.700000000000000000e+01 1.942610540684740206e-02 6.677090740669767988e-02 8.435984274701267425e-05 1.101255886785856890e-04
2.800000000000000000e+01 1.543188187442552130e-02 5.261016848085243308e-02 7.762629369161347381e-05 1.048441730218646725e-04
2.900000000000000000e+01 1.184283827867069205e-02 4.577564864332639427e-02 7.264276419993594385e-05 9.978800989166795692e-05
3.000000000000000000e+01 1.301906933891122144e-02 4.426973933703589464e-02 6.930907207987173097e-05 9.523099264493893785e-05
3.100000000000000000e+01 1.469850058318460974e-02 4.488691603374191791e-02 6.719649624305428328e-05 9.132351176839413479e-05
3.200000000000000000e+01 1.558578646421463106e-02 4.565465092839583044e-02 6.594457127090506976e-05 8.809939168584286968e-05
3.300000000000000000e+01 1.700175756209781203e-02 4.610814802753190889e-02 6.526619823839028406e-05 8.548470179202722502e-05
3.400000000000000000e+01 1.720541909159118907e-02 4.623832853193713538e-02 6.482677942100799231e-05 8.333237352734195868e-05
3.500000000000000000e+01 1.784284159110847978e-02 4.582583980163078968e-02 6.432885854959823427e-05 8.147841621954404116e-05
3.600000000000000000e+01 1.715672086777219468e-02 4.465386848743593817e-02 6.357284789198335690e-05 7.980808740532048160e-05
3.700000000000000000e+01 1.613400853879012539e-02 4.280202963628131768e-02 6.251803341937042053e-05 7.828247010277892290e-05
3.800000000000000000e+01 1.477320940373868033e-02 4.054569484730027179e-02 6.123770693026734584e-05 7.692060640507880913e-05
3.900000000000000000e+01 1.394957048202554242e-02 3.825347940948919251e-02 5.985758596487349896e-05 7.574992191145553768e-05
4.000000000000000000e+01 1.356764802896829117e-02 3.620292898390577857e-02 5.849142875931178628e-05 7.476969948248955082e-05
4.100000000000000000e+01 1.267159984918374283e-02 3.448735439033579625e-02 5.720310650142988886e-05 7.393714719415533617e-05
4.200000000000000000e+01 1.192000660786639472e-02 3.307160824988242959e-02 5.597365886196160569e-05 7.315831198992921874e-05
4.300000000000000000e+01 1.128787653179164768e-02 3.190076930478732281e-02 5.471003302242102303e-05 7.226042079993218767e-05
4.400000000000000000e+01 1.076109217893574631e-02 3.094219567226944370e-02 5.328697735103217497e-05 7.105187463531047426e-05
4.500000000000000000e+01 1.062932599465218723e-02 3.015722522269123976e-02 5.161324159199142975e-05 6.941187067990092915e-05
4.600000000000000000e+01 1.101952365407921249e-02 2.950968334436613119e-02 4.970060709360808667e-05 6.737636926916767976e-05
4.700000000000000000e+01 1.175916026224107201e-02 2.892555319821764337e-02 4.769653242025241591e-05 6.516919402071924886e-05
