# freqs 	 pli 	 dpli 	 meanpower(thalamus)	 meanpower(scalp)	pli
8.000000000000000000e+00 -1.599479040407641300e-02 -8.472499646829989572e-02 1.034290899446710301e-04 2.403579912532938733e-04
9.000000000000000000e+00 -5.823013462565385101e-02 -1.539117737831957322e-01 9.866140037782011375e-05 1.674770518788950288e-04
1.000000000000000000e+01 -3.020680368758382750e-02 -8.699417412950305462e-02 9.589972897848755731e-05 1.473962315861330249e-04
1.100000000000000000e+01 -2.715234220266998094e-02 -7.928790976531693846e-02 9.525678025975541747e-05 1.450588328606297660e-04
1.200000000000000000e+01 -4.797511351921929235e-02 -1.055621161514747053e-01 1.017819966356663358e-04 1.475364591824096842e-04
1.300000000000000000e+01 -6.886514065796872641e-02 -1.255789975716402329e-01 1.132345894725802251e-04 1.510099533365589640e-04
1.400000000000000000e+01 -6.166341322922333501e-02 -1.123525571525250261e-01 1.165540678353606561e-04 1.514179359593047604e-04
1.500000000000000000e+01 -4.104690502405263647e-02 -8.454541904747699121e-02 1.124578668380141129e-04 1.492760816274734152e-04
1.600000000000000000e+01 -3.051377483853883257e-02 -5.916238838881002909e-02 1.092024294859048506e-04 1.476447775638200783e-04
1.700000000000000000e+01 -2.119736321190450815e-02 -2.959634534685531490e-02 1.091127428748341250e-04 1.477442947035655606e-04
1.800000000000000000e+01 -1.204975228285589707e-03 1.260271440828994102e-02 1.099355719507444802e-04 1.498584010555215030e-04
1.900000000000000000e+01 1.920252325896064718e-02 5.366624543533973085e-02 1.095612859931855039e-04 1.544856051640529251e-04
2.000000000000000000e+01 3.119744339915420106e-02 7.734193157875610125e-02 1.078608990033175230e-04 1.617449069804301198e-04
2.100000000000000000e+01 3.317364855864345097e-02 7.635498504959424559e-02 1.058998649169700187e-04 1.707123055027813584e-04
2.200000000000000000e+01 1.678567170343346626e-02 4.568011265433304102e-02 1.050301587602565305e-04 1.788968631791839215e-04
2.300000000000000000e+01 -1.563352618785586109e-02 -2.153299920146811361e-02 1.074199987257980628e-04 1.845597698103658359e-04
2.400000000000000000e+01 -6.758678933612892459e-02 -1.196670547031617460e-01 1.153326120990922640e-04 1.879277711135158191e-04
2.500000000000000000e+01 -1.221818818499938036e-01 -2.121901985811740221e-01 1.272567459920009901e-04 1.890078043877778098e-04
2.600000000000000000e+01 -1.569166434718171910e-01 -2.648005416992624816e-01 1.370232021699916911e-04 1.862838320294825075e-04
2.700000000000000000e+01 -1.647551143186425371e-01 -2.699586840827129519e-01 1.388711903788680715e-04 1.788420544481326274e-04
2.800000000000000000e+01 -1.437462989480126907e-01 -2.357519206255074551e-01 1.319011834406217114e-04 1.676865192337643356e-04
2.900000000000000000e+01 -1.058470987989561102e-01 -1.770790994314009326e-01 1.195691628304677303e-04 1.548329772891701467e-04
3.000000000000000000e+01 -6.642829717796122635e-02 -1.121526391855226651e-01 1.064918117417607306e-04 1.422009549538907176e-04
3.100000000000000000e+01 -3.474758883415749594e-02 -5.719620219178617182e-02 9.570179916890223524e-05 1.311365155172652009e-04
3.200000000000000000e+01 -1.465644155676821062e-02 -2.036850663720410348e-02 8.796386248515271247e-05 1.221430531278207862e-04
3.300000000000000000e+01 -4.051626368808790811e-03 -5.868695894097645475e-04 8.264823774204023237e-05 1.152289453080706605e-04
3.400000000000000000e+01 1.544715688574389454e-03 7.790576824174155583e-03 7.885591925188370911e-05 1.101387149704126893e-04
3.500000000000000000e+01 2.518470463565791306e-03 1.011980006700620785e-02 7.597945927273533340e-05 1.064008263262659551e-04
3.600000000000000000e+01 5.177315966667179505e-03 1.016228378588276797e-02 7.372264369837435750e-05 1.036638128504188780e-04
3.700000000000000000e+01 6.235877935704480825e-03 9.756957944391480078e-03 7.195282091881245181e-05 1.016561141542407515e-04
3.800000000000000000e+01 7.189970815790589984e-03 9.430662935603377137e-03 7.055335517475897508e-05 1.002343233437660852e-04
3.900000000000000000e+01 8.118791607483079667e-03 8.917886781558087214e-03 6.937651734393394921e-05 9.918418015556602040e-05
4.000000000000000000e+01 6.798644853197324811e-03 8.071370884293481776e-03 6.828406828009414261e-05 9.842051591700074018e-05
4.100000000000000000e+01 6.022820913599000181e-03 6.873794206289002284e-03 6.716466907868883841e-05 9.782844970287094227e-05
4.200000000000000000e+01 4.551467062028889850e-03 5.498642769418380337e-03 6.592473829398634523e-05 9.725634556901110170e-05
4.300000000000000000e+01 3.864033338778932649e-03 4.158664465918656371e-03 6.447200664837804429e-05 9.645352010615263762e-05
4.400000000000000000e+01 4.094455415215426594e-03 3.127368002931491149e-03 6.272990642296174190e-05 9.523707031726374040e-05
4.500000000000000000e+01 2.817680654299530713e-03 2.448029334976758575e-03 6.066308422891482973e-05 9.336253435739075171e-05
4.600000000000000000e+01 2.718518553044321339e-03 2.072506369015564634e-03 5.833662683817891618e-05 9.084674484741530383e-05
4.700000000000000000e+01 2.272967851580084964e-03 1.888439277256190015e-03 5.595393281542832578e-05 8.798861712169716697e-05
