# freqs 	 pli 	 dpli 	 meanpower(thalamus)	 meanpower(scalp)	pli
8.000000000000000000e+00 4.929225909406848016e-02 1.153226110808354132e-01 8.971494174522448898e-05 1.865008845851076982e-04
9.000000000000000000e+00 2.409873012848988416e-02 5.645803554991983553e-02 9.285619182643033024e-05 1.547665614578996244e-04
1.000000000000000000e+01 3.002460258450910524e-02 9.034311760774874078e-02 1.155644846613538494e-04 1.404763064335736128e-04
1.100000000000000000e+01 1.228640316980323700e-02 3.129343532117751653e-02 1.532220256124784783e-04 1.420681402905047948e-04
1.200000000000000000e+01 -2.805389849655743478e-02 -5.946901329923904439e-02 1.826169290599715886e-04 1.765031851011578448e-04
1.300000000000000000e+01 -5.263950873605539871e-02 -7.484478287397883234e-02 1.705128911874045764e-04 2.167800006627455692e-04
1.400000000000000000e+01 -5.530650866664154480e-02 -8.671377466611621121e-02 1.297631897457103252e-04 2.070533697033345808e-04
1.500000000000000000e+01 -4.546290182106964978e-02 -9.592694228320292060e-02 9.211895283467111005e-05 1.626130426992852525e-04
1.600000000000000000e+01 -3.167555036954892295e-02 -8.497297851828657100e-02 7.025178131565406334e-05 1.232928101342295826e-04
1.700000000000000000e+01 -2.328386908603982675e-02 -6.472934199049011628e-02 6.022360640454088945e-05 1.023935489016237457e-04
1.800000000000000000e+01 -1.832023549184575231e-02 -5.048004432392398655e-02 5.578810179029220721e-05 9.340035759564181196e-05
1.900000000000000000e+01 -1.541661193188584647e-02 -3.989476316017889768e-02 5.399685792992311073e-05 8.884305317871584199e-05
2.000000000000000000e+01 -1.268623392529164180e-02 -3.187810791854728959e-02 5.382364343789924395e-05 8.569964977535043536e-05
2.100000000000000000e+01 -1.225080444216059342e-02 -2.888394923297022202e-02 5.485254226219500199e-05 8.329516280336232497e-05
2.200000000000000000e+01 -1.215671824305025565e-02 -3.328655523299441782e-02 5.673160736701660784e-05 8.153155033294793013e-05
2.300000000000000000e+01 -1.394665658994807302e-02 -4.400126233496545747e-02 5.874980615406248690e-05 8.036070170073589735e-05
2.400000000000000000e+01 -1.643968457748047271e-02 -5.534019683593859040e-02 5.994442478879330016e-05 7.969908499255410228e-05
2.500000000000000000e+01 -1.829319595550801120e-02 -6.109521128528927481e-02 5.970119640490226660e-05 7.940364887468581961e-05
2.600000000000000000e+01 -1.810400917022269782e-02 -5.902919596984261552e-02 5.808122691642412242e-05 7.927902781215180345e-05
2.700000000000000000e+01 -1.601521281987523110e-02 -5.092009728110544892e-02 5.565801121891920733e-05 7.915827145611244750e-05
2.800000000000000000e+01 -1.332020777437979524e-02 -4.044016318694408640e-02 5.311966343670568237e-05 7.899956774908299716e-05
2.900000000000000000e+01 -1.126150320702289792e-02 -3.087597876640555197e-02 5.098432393900669370e-05 7.889467324710425916e-05
3.000000000000000000e+01 -1.004959646675976370e-02 -2.396691136393099344e-02 4.947481774449568134e-05 7.894584199925572959e-05
3.100000000000000000e+01 -9.378236751447060690e-03 -1.983202222353740510e-02 4.857284375140786181e-05 7.919308570192217455e-05
3.200000000000000000e+01 -8.967181306673925253e-03 -1.781292525788288200e-02 4.813440469753369415e-05 7.959402656762349173e-05
3.300000000000000000e+01 -9.173031896326686377e-03 -1.712393915642417691e-02 4.799074477885625618e-05 8.007058620891478154e-05
3.400000000000000000e+01 -9.695306095253191508e-03 -1.713990413308704927e-02 4.799735591719786926e-05 8.057045812307178211e-05
3.500000000000000000e+01 -1.010259473143540823e-02 -1.759543295163082735e-02 4.804499714177375575e-05 8.103173071719374770e-05
3.600000000000000000e+01 -1.059471526702719830e-02 -1.839270171299272824e-02 4.805255215628584245e-05 8.143140128212431007e-05
3.700000000000000000e+01 -1.069969083588053621e-02 -1.950472158264259306e-02 4.797582808456614883e-05 8.176039384529076132e-05
3.800000000000000000e+01 -1.091860289274738591e-02 -2.081513133449221578e-02 4.780902771043267198e-05 8.203607221948383684e-05
3.900000000000000000e+01 -1.158372860453815018e-02 -2.217923055742309149e-02 4.756880905152048995e-05 8.225755321244262053e-05
4.000000000000000000e+01 -1.253208187466868344e-02 -2.339243772555317860e-02 4.727782432955604617e-05 8.243548218242265795e-05
4.100000000000000000e+01 -1.291864542943366861e-02 -2.434520506810234491e-02 4.694359702499068465e-05 8.253920212585952407e-05
4.200000000000000000e+01 -1.330223158734424038e-02 -2.505436808669491561e-02 4.653540555316459221e-05 8.247678044227126179e-05
4.300000000000000000e+01 -1.337707870211604297e-02 -2.564697163053118040e-02 4.597974598060450616e-05 8.208062562300987312e-05
4.400000000000000000e+01 -1.409816676227209492e-02 -2.620397053717702165e-02 4.518375107918447384e-05 8.119498077172890912e-05
4.500000000000000000e+01 -1.436102422336241885e-02 -2.687858170447292999e-02 4.408723789818064709e-05 7.972129508347731096e-05
4.600000000000000000e+01 -1.467520170390906875e-02 -2.780182246933751711e-02 4.272208294798577580e-05 7.775482562101110730e-05
4.700000000000000000e+01 -1.529360793924882528e-02 -2.910641357716046637e-02 4.124094686557862452e-05 7.562611503173917687e-05
