# freqs 	 pli 	 dpli 	 meanpower(thalamus)	 meanpower(scalp)	pli
8.000000000000000000e+00 2.848895582329317305e-02 5.232788368217644592e-02 3.720958107137695947e+01 2.503054417051597511e+02
9.000000000000000000e+00 -1.533338496089212480e-02 -1.312551293309041078e-01 4.153343416224782914e+01 2.186659848491206333e+02
1.000000000000000000e+01 -3.298019011682751939e-02 -1.303117020267218762e-01 4.471555270688842398e+01 1.987367801570825634e+02
1.100000000000000000e+01 -2.214273547947538667e-02 -1.176205190697295205e-01 4.719338948762280239e+01 1.813928499259716887e+02
1.200000000000000000e+01 -3.382109109640862171e-02 -9.260286890008952165e-02 4.984345998614664097e+01 1.726000455287098703e+02
1.300000000000000000e+01 1.835704451583295023e-04 -1.907761841546496903e-02 5.115035574995010847e+01 1.661048013617905781e+02
1.400000000000000000e+01 -1.224061552809512605e-03 9.314152797904021522e-03 5.029569741465506638e+01 1.598047093717964913e+02
1.500000000000000000e+01 -2.943072567760742289e-02 4.746162108462611239e-03 4.777674877866611070e+01 1.539790119840340594e+02
1.600000000000000000e+01 -1.513174707789150843e-02 -1.426887656622612306e-02 4.447476410920754120e+01 1.445863011302253085e+02
1.700000000000000000e+01 -5.358139052141309977e-03 -2.932855455255489741e-02 4.121711317946860476e+01 1.320880568390467431e+02
1.800000000000000000e+01 7.548878991469766390e-05 -3.152307230409919642e-02 3.859359229447198913e+01 1.192183927476431791e+02
1.900000000000000000e+01 9.413945321074068326e-03 -2.574529534204162209e-02 3.684222385990435100e+01 1.092424492122770516e+02
2.000000000000000000e+01 -4.268473931395279537e-03 -2.104240967939568011e-02 3.588535447844206772e+01 1.017192699330850303e+02
2.100000000000000000e+01 1.163410507775382990e-02 -2.093489449122320004e-02 3.548976717219522925e+01 9.665211610363998318e+01
2.200000000000000000e+01 8.033086773244253395e-03 -2.098989612818899855e-02 3.540144902804708238e+01 9.327941012789827369e+01
2.300000000000000000e+01 -1.365256124721603639e-02 -1.513114641320994005e-02 3.543263343555675249e+01 9.059542798222339854e+01
2.400000000000000000e+01 -3.818626167408571258e-03 -3.669149106482983043e-03 3.546135076066900638e+01 8.794228350266590155e+01
2.500000000000000000e+01 2.809799040608540379e-03 5.222260789970860698e-03 3.539714710617656834e+01 8.554322962291720955e+01
2.600000000000000000e+01 1.895574885738958220e-03 6.786158941171490169e-03 3.522442966023071165e+01 8.360377155594416365e+01
2.700000000000000000e+01 3.895461478214270936e-03 5.341482363350575149e-03 3.496630753013806725e+01 8.206411971604526912e+01
2.800000000000000000e+01 2.934695411111223808e-03 3.093862937038770644e-04 3.465964022315181126e+01 8.073295465173710284e+01
2.900000000000000000e+01 -1.102440976390556271e-02 -1.004563530998727264e-02 3.434815763164677094e+01 7.970958353732559942e+01
3.000000000000000000e+01 -1.789224933971443957e-02 -2.621819114341604473e-02 3.406601916001423547e+01 7.868421001564024664e+01
3.100000000000000000e+01 -2.061492724143326391e-02 -4.264910767073647191e-02 3.382581185447395455e+01 7.770703873131485295e+01
3.200000000000000000e+01 -2.809372923308067760e-02 -5.538569576965669122e-02 3.362544294660865773e+01 7.655660762453796053e+01
3.300000000000000000e+01 -2.654715033828982176e-02 -6.258162706852521406e-02 3.346433333792062115e+01 7.521864369023600716e+01
3.400000000000000000e+01 -2.432508700968864790e-02 -6.432421330797627457e-02 3.335280259639360878e+01 7.408863081506778769e+01
3.500000000000000000e+01 -2.413303968046586270e-02 -6.311974697146022217e-02 3.330366472127980870e+01 7.308968049298856329e+01
3.600000000000000000e+01 -2.916234631906384350e-02 -6.101718081363584345e-02 3.331575369097942740e+01 7.221786314885318347e+01
3.700000000000000000e+01 -2.935018183153950688e-02 -5.907125766117449911e-02 3.337890538825321585e+01 7.141444763414580166e+01
3.800000000000000000e+01 -2.649718585973566062e-02 -5.701491465765672756e-02 3.346971073117926210e+01 7.078010088534138333e+01
3.900000000000000000e+01 -2.096360932432674712e-02 -5.280427754967727261e-02 3.354918480446632856e+01 7.018105005046889744e+01
4.000000000000000000e+01 -2.071305490913612560e-02 -4.584152386590948508e-02 3.357395397975065521e+01 6.975247355763130486e+01
4.100000000000000000e+01 -2.579094279147992053e-02 -3.609995487347213844e-02 3.350585877347339192e+01 6.941222145836491109e+01
4.200000000000000000e+01 -2.488587065632010334e-02 -2.436595350145158087e-02 3.330080831714349898e+01 6.904884027366681210e+01
4.300000000000000000e+01 -1.544128558085943945e-02 -1.198060391188524032e-02 3.290561096760025350e+01 6.833906532481736917e+01
4.400000000000000000e+01 -1.052121547726171495e-02 6.882253809775015448e-05 3.227177653775456179e+01 6.734080868787528118e+01
4.500000000000000000e+01 -4.184961580680570531e-03 1.102731560325402593e-02 3.137709606811424123e+01 6.584378312371798359e+01
4.600000000000000000e+01 1.359873531761546196e-03 2.020433509936496105e-02 3.025948550068159548e+01 6.387493846444074563e+01
4.700000000000000000e+01 3.301719926553577187e-03 2.694159732282404990e-02 2.903402560344980898e+01 6.165805709745698948e+01
