# freqs 	 pli 	 dpli 	 meanpower(thalamus)	 meanpower(scalp)	pli
8.000000000000000000e+00 -4.337797875650476614e-02 -1.008316639679813081e-01 3.687755109088598478e-05 1.642042186711511619e-04
9.000000000000000000e+00 -1.536282321843410355e-02 -4.090214692486365822e-02 3.453665042890234356e-05 1.479777577167293225e-04
1.000000000000000000e+01 -7.488202090801164557e-03 -1.388127016788800322e-02 3.420037877330384379e-05 1.315410759080623266e-04
1.100000000000000000e+01 6.870659874876124552e-04 3.331589594713215124e-03 3.439364459662558218e-05 1.200113639952613952e-04
1.200000000000000000e+01 7.697862827223951425e-03 1.316390979431989773e-02 3.490662278167100852e-05 1.155001127604056427e-04
1.300000000000000000e+01 1.057136604955830582e-02 2.962034257757821878e-02 3.573743148748511928e-05 1.148218763338552581e-04
1.400000000000000000e+01 7.123533956036238492e-03 5.666286629680456627e-02 3.638073262189628890e-05 1.138942932939287394e-04
1.500000000000000000e+01 2.940234930664526684e-03 5.686353745931518877e-02 3.638795383984700028e-05 1.120486509388735313e-04
1.600000000000000000e+01 -2.257912646572284368e-03 2.783099612837638612e-02 3.596035658520460251e-05 1.103470864548391567e-04
1.700000000000000000e+01 -5.704597418917543503e-03 -2.202352132662249110e-03 3.558134333804684646e-05 1.095223273211117155e-04
1.800000000000000000e+01 -1.013643362024122321e-02 -2.015542156863680406e-02 3.548713377497642166e-05 1.095139688458998353e-04
1.900000000000000000e+01 -1.434618507363626810e-02 -3.050994923290159533e-02 3.562074003074855509e-05 1.096917288350518987e-04
2.000000000000000000e+01 -1.783397646494176703e-02 -3.606824140875255352e-02 3.581473303488967819e-05 1.092197256311106852e-04
2.100000000000000000e+01 -1.720587955996027291e-02 -3.588792106012558825e-02 3.589738778190084751e-05 1.075320844812076331e-04
2.200000000000000000e+01 -1.415912964130291822e-02 -3.025769751083545733e-02 3.585654436529680074e-05 1.047212818264680760e-04
2.300000000000000000e+01 -8.289921803439339806e-03 -2.106824526786086477e-02 3.576404339813093965e-05 1.011250756812348165e-04
2.400000000000000000e+01 -3.774285142138585677e-03 -1.063898743770039235e-02 3.567957074178998547e-05 9.708301574062518514e-05
2.500000000000000000e+01 -3.683469880664496494e-04 -1.580659485239817611e-03 3.562864210161655851e-05 9.296958193778093313e-05
2.600000000000000000e+01 1.711471728203723883e-03 3.651958655917950450e-03 3.562142158750100353e-05 8.906958824174932108e-05
2.700000000000000000e+01 3.019087959859389179e-03 4.239958214064878939e-03 3.568236151876964069e-05 8.552953338349018094e-05
2.800000000000000000e+01 2.221732959133702282e-03 1.299042189334498852e-03 3.590143601930725545e-05 8.243909494050421724e-05
2.900000000000000000e+01 6.612221158847896582e-04 -2.988967744695298408e-03 3.642576064486396031e-05 7.978744446801260665e-05
3.000000000000000000e+01 -8.602115422724576719e-04 -6.869231466357728424e-03 3.736563147984303803e-05 7.751687673247165046e-05
3.100000000000000000e+01 -2.508948074457476637e-03 -9.803995531100818950e-03 3.862820892457513317e-05 7.557573120959934661e-05
3.200000000000000000e+01 -1.394627208414714369e-03 -1.202601764143238633e-02 3.988042821962843511e-05 7.391113610481405544e-05
3.300000000000000000e+01 -4.067702589758288834e-04 -1.360080690846926510e-02 4.070816389246619172e-05 7.249766628352090347e-05
3.400000000000000000e+01 -1.365596097153043594e-03 -1.418772007696565175e-02 4.085123903346731477e-05 7.133102751627061911e-05
3.500000000000000000e+01 -2.770223754543609928e-03 -1.338737757425918079e-02 4.030678431845147717e-05 7.036192991271066294e-05
3.600000000000000000e+01 -2.977108062278402932e-03 -1.114999109604035595e-02 3.927502356135169429e-05 6.955750595409052538e-05
3.700000000000000000e+01 -2.195605232698586307e-03 -7.917860690979551877e-03 3.804258552085846852e-05 6.888453441898813442e-05
3.800000000000000000e+01 -1.130781365108302072e-03 -4.510506128202183308e-03 3.685345637042309502e-05 6.832768048982450822e-05
3.900000000000000000e+01 8.778522560395624194e-04 -1.767473049831966335e-03 3.585356250829569076e-05 6.785598841895808383e-05
4.000000000000000000e+01 2.207882321316302111e-03 -2.488086812269083730e-04 3.508257444641374342e-05 6.745305991985302112e-05
4.100000000000000000e+01 2.114232997287147572e-03 -3.414320781160020497e-05 3.450122854119634414e-05 6.706285204534412662e-05
4.200000000000000000e+01 6.864312220530049318e-04 -8.162885304650302747e-04 3.402216631987427567e-05 6.658382282032855094e-05
4.300000000000000000e+01 -8.522555345252325661e-04 -2.149348061578836358e-03 3.353651244179677889e-05 6.587587758962171593e-05
4.400000000000000000e+01 -2.378710293070801160e-03 -3.599969288705640730e-03 3.293210953343099316e-05 6.480411655255163871e-05
4.500000000000000000e+01 -3.176277087993310041e-03 -4.927808539501482218e-03 3.213910731420150952e-05 6.327681127873042868e-05
4.600000000000000000e+01 -3.206651336647335475e-03 -6.001322444216321619e-03 3.116898922356888728e-05 6.134483091788252816e-05
4.700000000000000000e+01 -3.313955380895873808e-03 -6.752769713624608670e-03 3.012963081172263300e-05 5.923280506631404017e-05
