# freqs 	 pli 	 dpli 	 meanpower(thalamus)	 meanpower(scalp)	pli
8.000000000000000000e+00 -1.130566572388724648e-02 -3.813291870124448091e-02 2.235735958400563534e-04 1.435879522683490605e-04
9.000000000000000000e+00 1.719683114572146190e-02 2.250658762858576481e-02 2.161042974512768287e-04 1.437615137251805134e-04
1.000000000000000000e+01 5.749876166811308809e-02 1.170932633383575394e-01 2.153644079095756985e-04 1.508790007647805220e-04
1.100000000000000000e+01 7.146387238457861668e-02 1.320102128052462742e-01 2.403331112364741242e-04 1.643128713243371529e-04
1.200000000000000000e+01 6.626898661619237685e-02 1.015059741555772027e-01 2.460166402761804335e-04 1.865590438324341157e-04
1.300000000000000000e+01 4.453105415369941478e-02 4.724353818718648318e-02 2.302100312724256008e-04 2.210020094529552737e-04
1.400000000000000000e+01 2.071931315309388788e-02 -2.599063140680608636e-03 2.192559954779241195e-04 2.328094472945609007e-04
1.500000000000000000e+01 5.299906376228634246e-03 -7.644347625915915573e-03 2.117004398787295470e-04 2.113644543590283110e-04
1.600000000000000000e+01 -6.557692842625022223e-03 1.431918560522553409e-03 1.992539827323957429e-04 1.806029362205369170e-04
1.700000000000000000e+01 -2.046384617330115549e-02 -1.204559435688562670e-02 1.822109097319845738e-04 1.576378143335237583e-04
1.800000000000000000e+01 -3.872570779729162666e-02 -4.247230474103508985e-02 1.659875780538981323e-04 1.435030439139448662e-04
1.900000000000000000e+01 -5.218007869267254906e-02 -7.208323613280015474e-02 1.535884506822154450e-04 1.340020484398551904e-04
2.000000000000000000e+01 -5.937125503612049326e-02 -9.261162573152836863e-02 1.445450397380687851e-04 1.264980491992104142e-04
2.100000000000000000e+01 -6.228856854349382882e-02 -1.026521498443813407e-01 1.374044481396239487e-04 1.199991532203228370e-04
2.200000000000000000e+01 -6.123401679103116640e-02 -1.050947007030322705e-01 1.311411781507351682e-04 1.142778132843303741e-04
2.300000000000000000e+01 -5.737376363656060407e-02 -1.030960478252639784e-01 1.249708184300836510e-04 1.092388476564827386e-04
2.400000000000000000e+01 -5.212374406319607995e-02 -9.768350624767824231e-02 1.186116062637624524e-04 1.048038198848427901e-04
2.500000000000000000e+01 -4.548393737209837501e-02 -8.896686859715803586e-02 1.123560247955058514e-04 1.008715475911083932e-04
2.600000000000000000e+01 -3.792336854393681816e-02 -7.657158580591602592e-02 1.066538753038361227e-04 9.738096421691955727e-05
2.700000000000000000e+01 -3.028311266864458506e-02 -6.066127739859461521e-02 1.016607986996921712e-04 9.420302536343743045e-05
2.800000000000000000e+01 -2.119737683459909858e-02 -4.265171512830543549e-02 9.724120709425016829e-05 9.117430598149065153e-05
2.900000000000000000e+01 -1.283293544306099258e-02 -2.527192832551270613e-02 9.314212643950957543e-05 8.819009848266656890e-05
3.000000000000000000e+01 -6.841140319883819848e-03 -1.103918703043509433e-02 8.916450391867297264e-05 8.521159622918396599e-05
3.100000000000000000e+01 -2.500171409617098738e-03 -1.050008557932972453e-03 8.522476079732624332e-05 8.223331509481750365e-05
3.200000000000000000e+01 6.898431245635251730e-04 5.141811819964763226e-03 8.133252391766260378e-05 7.923255872485040574e-05
3.300000000000000000e+01 3.156581195126018091e-03 8.550262185912088989e-03 7.756354664085043980e-05 7.619080382272730694e-05
3.400000000000000000e+01 4.175319795993231650e-03 9.990154326307515084e-03 7.400634405204807760e-05 7.311008796824146566e-05
3.500000000000000000e+01 4.987005767288095991e-03 1.000232707143586079e-02 7.072680401664772052e-05 7.001407786031702744e-05
3.600000000000000000e+01 4.451644843791564658e-03 8.799587670343032159e-03 6.776352232252588336e-05 6.696498387413002613e-05
3.700000000000000000e+01 3.278793864739089695e-03 6.515898841750352583e-03 6.512674543866703769e-05 6.404481728956477275e-05
3.800000000000000000e+01 9.502671392605330919e-04 3.318317867441108408e-03 6.279938210396291093e-05 6.132217614786507267e-05
3.900000000000000000e+01 -1.782953898591247083e-03 -6.191903032204786050e-04 6.074973903587513059e-05 5.883360466225164210e-05
4.000000000000000000e+01 -4.916992460193778287e-03 -5.119369333532127614e-03 5.892657213791401558e-05 5.658522408554348424e-05
4.100000000000000000e+01 -8.114333172559832358e-03 -1.003025025577718513e-02 5.726794288224642697e-05 5.454546347442092461e-05
4.200000000000000000e+01 -1.027330663908850722e-02 -1.517396647313908227e-02 5.568823738814755015e-05 5.264080447588650498e-05
4.300000000000000000e+01 -1.339094988494368005e-02 -2.032662402707195726e-02 5.407380581278970665e-05 5.075943897811341463e-05
4.400000000000000000e+01 -1.675143497480511071e-02 -2.521819387576892946e-02 5.231036308863097828e-05 4.878574315683286013e-05
4.500000000000000000e+01 -1.891941169208714163e-02 -2.968116249788293332e-02 5.031595986805095707e-05 4.663195934536006385e-05
4.600000000000000000e+01 -2.075309624809044615e-02 -3.365794072681214250e-02 4.810106883741568614e-05 4.429214942582501420e-05
4.700000000000000000e+01 -2.156435503064735304e-02 -3.716249050322523867e-02 4.579648948593298738e-05 4.187059765855435088e-05
