# freqs 	 pli 	 dpli 	 meanpower(thalamus)	 meanpower(scalp)	pli
8.000000000000000000e+00 1.853101483926091961e-02 3.836797627630749580e-02 5.960971615171015007e-05 1.773354489162477440e-04
9.000000000000000000e+00 -1.730976101805198125e-03 -1.357654168687207237e-02 5.405909752401945084e-05 1.481215876282667386e-04
1.000000000000000000e+01 -2.435339625936339819e-02 -7.243352766421444489e-02 5.333644374948646880e-05 1.354991282503792004e-04
1.100000000000000000e+01 -3.632098656119942676e-02 -9.922107078051943529e-02 5.706774818560238839e-05 1.389894849772200928e-04
1.200000000000000000e+01 -2.498917252350955909e-02 -7.881149608466149481e-02 6.270413218888965076e-05 1.491378081083745476e-04
1.300000000000000000e+01 -1.444438406630672508e-02 -5.070602321451776751e-02 6.769598096928416454e-05 1.606370585592570939e-04
1.400000000000000000e+01 -6.201992094451408422e-03 -2.611993360088444779e-02 7.022684774020571282e-05 1.712162655216026925e-04
1.500000000000000000e+01 3.747318743452899854e-03 8.931453377139037669e-03 6.950760191015019124e-05 1.798244887512749982e-04
1.600000000000000000e+01 2.491043558812396433e-02 5.806479822804783142e-02 6.595702202987838831e-05 1.861446142210775219e-04
1.700000000000000000e+01 4.536699696495376244e-02 1.061809836739900925e-01 6.118560636738321621e-05 1.907599795311823833e-04
1.800000000000000000e+01 5.939573426335244960e-02 1.398522370012159621e-01 5.696725481902553863e-05 1.944532961573319514e-04
1.900000000000000000e+01 6.535456834751911248e-02 1.558682775845833535e-01 5.426778125439876010e-05 1.973350180714768579e-04
2.000000000000000000e+01 6.586396077505086988e-02 1.566974370338167499e-01 5.285682822511285144e-05 1.988304248655390911e-04
2.100000000000000000e+01 6.440205196416801114e-02 1.488934475792424161e-01 5.175305260011212944e-05 1.983750520590208690e-04
2.200000000000000000e+01 5.984920884434288130e-02 1.375596472618701716e-01 5.008036742770879089e-05 1.954715824935769316e-04
2.300000000000000000e+01 5.172499592417359460e-02 1.206170267292844683e-01 4.755718521283114797e-05 1.900162517674764328e-04
2.400000000000000000e+01 4.101387369234828911e-02 9.502294262115974777e-02 4.457161391526199412e-05 1.828044879599717521e-04
2.500000000000000000e+01 2.765207343338121557e-02 6.433575595994821261e-02 4.180900696043687132e-05 1.754876343355577634e-04
2.600000000000000000e+01 1.684284300697550321e-02 3.656747825447467792e-02 3.975136408457776626e-05 1.695805506564226537e-04
2.700000000000000000e+01 8.056544180624852433e-03 1.683743107371597075e-02 3.846337207024194032e-05 1.659515201884351708e-04
2.800000000000000000e+01 3.343428796189946289e-03 5.338717745207686126e-03 3.774091000791343289e-05 1.644739219453186948e-04
2.900000000000000000e+01 -2.213084988863351591e-04 -3.530318699687915200e-04 3.731215200157663359e-05 1.647402855791163696e-04
3.000000000000000000e+01 -2.016056029913926382e-03 -2.791110290989136725e-03 3.697118274435765316e-05 1.661552185533127874e-04
3.100000000000000000e+01 -2.796148243458807837e-03 -3.693852173571827557e-03 3.661074870554243901e-05 1.683285164726434121e-04
3.200000000000000000e+01 -2.578843562574620069e-03 -4.149053748937760536e-03 3.619899203276297857e-05 1.708325985069394232e-04
3.300000000000000000e+01 -2.671328851122909288e-03 -4.765654497077598077e-03 3.573934165210974505e-05 1.733225242017031003e-04
3.400000000000000000e+01 -3.088653739945646653e-03 -5.675685926620458073e-03 3.525770967820155165e-05 1.757393093016954542e-04
3.500000000000000000e+01 -3.086571187910084387e-03 -6.937072557790508950e-03 3.477946272398380425e-05 1.778751602372558645e-04
3.600000000000000000e+01 -3.859158215023666526e-03 -8.390793079130079782e-03 3.432721853130176327e-05 1.797527973795411214e-04
3.700000000000000000e+01 -5.444567585330021414e-03 -9.819554654544013911e-03 3.391390306528540546e-05 1.813663935738565273e-04
3.800000000000000000e+01 -6.730811658386200332e-03 -1.096237647579598011e-02 3.353994016087040480e-05 1.827814477494442620e-04
3.900000000000000000e+01 -7.149365468237398914e-03 -1.145794494987775053e-02 3.319820003141045169e-05 1.838318914548752185e-04
4.000000000000000000e+01 -7.634799061392577059e-03 -1.114198391856051178e-02 3.287494981170974888e-05 1.845740112853389676e-04
4.100000000000000000e+01 -7.410872139926878016e-03 -1.002395607584806968e-02 3.254411355779421598e-05 1.849228045990465846e-04
4.200000000000000000e+01 -6.255732975462252599e-03 -8.278521597809477758e-03 3.216966642890790439e-05 1.846822862855409056e-04
4.300000000000000000e+01 -4.622115746681510449e-03 -6.129802874799962671e-03 3.170359740624591665e-05 1.834725277945955255e-04
4.400000000000000000e+01 -3.365890991821116410e-03 -3.845558081705943449e-03 3.109528237216658961e-05 1.811136072147166308e-04
4.500000000000000000e+01 -2.195096560695913423e-03 -1.534693194052553925e-03 3.031455249332758552e-05 1.773681345708835299e-04
4.600000000000000000e+01 -1.009818706415206713e-03 7.221525953023871314e-04 2.938548136224877110e-05 1.724087295777974882e-04
4.700000000000000000e+01 6.076424065164353489e-04 2.811639233783754400e-03 2.840333267807834862e-05 1.668767225999346607e-04
