# freqs 	 pli 	 dpli 	 meanpower(thalamus)	 meanpower(scalp)	pli
8.000000000000000000e+00 3.584097995882507687e-02 8.104593812825314214e-02 6.199195008797751274e-05 2.257570012221288031e-04
9.000000000000000000e+00 1.080303365471944887e-02 2.776159123253404276e-02 6.139121502941195568e-05 1.957234605742688780e-04
1.000000000000000000e+01 -2.073396325242373751e-03 -1.229099634969332139e-02 6.234287757366322737e-05 1.673673873239053963e-04
1.100000000000000000e+01 -3.568570011731251896e-03 -2.133861161996873299e-02 6.147270452483281130e-05 1.491396212531362114e-04
1.200000000000000000e+01 -3.311641486504841338e-03 -3.462112795707592960e-03 5.858634894335636487e-05 1.381056689573970651e-04
1.300000000000000000e+01 2.257003597290017406e-03 1.480248520672359895e-02 5.646668872293047722e-05 1.314504630184192295e-04
1.400000000000000000e+01 3.121250565047800976e-03 2.017903742465141509e-02 5.587850256026659807e-05 1.272057422877633458e-04
1.500000000000000000e+01 5.700621770365833091e-03 1.896238581240688309e-02 5.601739125250785223e-05 1.239641434911202252e-04
1.600000000000000000e+01 4.645293338355271744e-03 1.625092740453430371e-02 5.637820389891541264e-05 1.214884885036114225e-04
1.700000000000000000e+01 5.727984731580723285e-03 1.385370528077944224e-02 5.684354746050401791e-05 1.196253349681287493e-04
1.800000000000000000e+01 9.378263177734160252e-03 1.475334857011277069e-02 5.738491815054539780e-05 1.179992524389874583e-04
1.900000000000000000e+01 1.215844848262749057e-02 1.815231597000002695e-02 5.804964523955020479e-05 1.165234114048308792e-04
2.000000000000000000e+01 1.252386934358723676e-02 2.040139877589190395e-02 5.874702810774736991e-05 1.149538376307934707e-04
2.100000000000000000e+01 1.073226779141000023e-02 2.025027174568556562e-02 5.935784101101088784e-05 1.129784068393478703e-04
2.200000000000000000e+01 9.963979175410489497e-03 1.970085756476108382e-02 5.990028775842427925e-05 1.106796155472641223e-04
2.300000000000000000e+01 1.052599960522137591e-02 2.151950839168119758e-02 6.054325177886881734e-05 1.083676425797758892e-04
2.400000000000000000e+01 1.215897026391063104e-02 2.692115876108988615e-02 6.151686106574246946e-05 1.062116491167133868e-04
2.500000000000000000e+01 1.663804263452624971e-02 3.466059298048786846e-02 6.276694974825077682e-05 1.040440920446259447e-04
2.600000000000000000e+01 1.981392201852487725e-02 4.173533564713199223e-02 6.397652009580825699e-05 1.015211967371061044e-04
2.700000000000000000e+01 2.135416545685756701e-02 4.549740946076267362e-02 6.494761355623538638e-05 9.851612696512500821e-05
2.800000000000000000e+01 2.057981366309820717e-02 4.529028526403444666e-02 6.577553859838651160e-05 9.524587146100299713e-05
2.900000000000000000e+01 2.015541763599489750e-02 4.202449133674033416e-02 6.676943446404896300e-05 9.205075888056759973e-05
3.000000000000000000e+01 1.821308100839471450e-02 3.740030840074627660e-02 6.822140051828034840e-05 8.920267211600733091e-05
3.100000000000000000e+01 1.534606975083578108e-02 3.302680799472327428e-02 7.018400083222318356e-05 8.685652143137038170e-05
3.200000000000000000e+01 1.395680254159422859e-02 3.001945606896944119e-02 7.240506767471423016e-05 8.498794862560203926e-05
3.300000000000000000e+01 1.337720496559448302e-02 2.870086932841432736e-02 7.442935780951219135e-05 8.352017006143142193e-05
3.400000000000000000e+01 1.328433432006280619e-02 2.865386184737379535e-02 7.579486931234228481e-05 8.237515607248167653e-05
3.500000000000000000e+01 1.336939832172826317e-02 2.918109538473203854e-02 7.619813035122737529e-05 8.145324385566937546e-05
3.600000000000000000e+01 1.290350799674006878e-02 2.959623024458173102e-02 7.559274431135506686e-05 8.070687069699948124e-05
3.700000000000000000e+01 1.280238413721856462e-02 2.954227682044681044e-02 7.414767938789916253e-05 8.010642190025275247e-05
3.800000000000000000e+01 1.244809130397143276e-02 2.907881108618622437e-02 7.214578318781608127e-05 7.963770314411618438e-05
3.900000000000000000e+01 1.294260980442762422e-02 2.842441664804981963e-02 6.989650556209405657e-05 7.928219892616088053e-05
4.000000000000000000e+01 1.346133905208971547e-02 2.782331868546115278e-02 6.766267425775267545e-05 7.902767038726767176e-05
4.100000000000000000e+01 1.390879484059147353e-02 2.744628601747046287e-02 6.559118633500176591e-05 7.881605969878809396e-05
4.200000000000000000e+01 1.453035760651059938e-02 2.740152018567860656e-02 6.370489073978509800e-05 7.853640294400232385e-05
4.300000000000000000e+01 1.503430270790189101e-02 2.774951379292999593e-02 6.191551529191524964e-05 7.800367309158983461e-05
4.400000000000000000e+01 1.610309521175416758e-02 2.846554923753212216e-02 6.007454806562396586e-05 7.703211544310658893e-05
4.500000000000000000e+01 1.685807552687619559e-02 2.951086727428908763e-02 5.806127494081006696e-05 7.548602449781180793e-05
4.600000000000000000e+01 1.732214064604761794e-02 3.078681892055396344e-02 5.587246675002660514e-05 7.340715856283981644e-05
4.700000000000000000e+01 1.819897106386971983e-02 3.217101159811560501e-02 5.366224180309663147e-05 7.105542917087214285e-05
