# freqs 	 pli 	 dpli 	 meanpower(thalamus)	 meanpower(scalp)	pli
8.000000000000000000e+00 -1.567107692921428791e-02 -2.852724171275109258e-02 1.885588781526814780e-04 2.079996412101890290e-04
9.000000000000000000e+00 -8.049930703094303544e-03 -1.698747642808182481e-02 1.677642481329684790e-04 1.943982606337591541e-04
1.000000000000000000e+01 -2.599812918876173023e-02 -6.273907196435510314e-02 1.560602886416334828e-04 1.969691907522155003e-04
1.100000000000000000e+01 -5.037798366063152289e-02 -1.204520920359838931e-01 1.503731918529327969e-04 2.117261331741678184e-04
1.200000000000000000e+01 -8.357850818773016055e-02 -1.820000981828885922e-01 1.480170526368789212e-04 2.322772730481402763e-04
1.300000000000000000e+01 -1.121439150321587586e-01 -2.548576769259994212e-01 1.462437320318750065e-04 2.726838325532639240e-04
1.400000000000000000e+01 -1.194349783533161236e-01 -2.787843416201037372e-01 1.401327083446839128e-04 2.895837309527810456e-04
1.500000000000000000e+01 -9.900326179676811889e-02 -2.346904984123209248e-01 1.295367656795736464e-04 2.539747443707693060e-04
1.600000000000000000e+01 -6.690143842230353299e-02 -1.517837421064298364e-01 1.193155987034681144e-04 1.999320165616711928e-04
1.700000000000000000e+01 -3.472215043618241681e-02 -7.567021996009999640e-02 1.118156642602653359e-04 1.595044319694265470e-04
1.800000000000000000e+01 -1.648301828943407946e-02 -2.848852009898904594e-02 1.060153014537637328e-04 1.373974543225771577e-04
1.900000000000000000e+01 -5.105217977675393336e-03 -8.722003502053578272e-03 1.006637568320211887e-04 1.261458149673220944e-04
2.000000000000000000e+01 -1.992599445386596373e-03 -8.150997482862574681e-03 9.545843785442281021e-05 1.199032041238063794e-04
2.100000000000000000e+01 -5.467072652468226053e-03 -1.596435735408100950e-02 9.045983409023970246e-05 1.158174346359869700e-04
2.200000000000000000e+01 -1.190517759444841527e-02 -2.501926643699553532e-02 8.577346640027558528e-05 1.124697677275510031e-04
2.300000000000000000e+01 -1.784323607785414864e-02 -3.294098283057079329e-02 8.146557468499102160e-05 1.092103778218007887e-04
2.400000000000000000e+01 -2.212034179903044073e-02 -3.847205739715207212e-02 7.761814723891101973e-05 1.060786067330682565e-04
2.500000000000000000e+01 -2.489723225555746586e-02 -4.101223819837614831e-02 7.416384653456332867e-05 1.036237648185546191e-04
2.600000000000000000e+01 -2.459872943758668190e-02 -4.117989227922394524e-02 7.102313314491996265e-05 1.025083956775799901e-04
2.700000000000000000e+01 -2.391745961200459833e-02 -4.003192526907656951e-02 6.810101005083608980e-05 1.027494723362455437e-04
2.800000000000000000e+01 -2.247590609150638616e-02 -3.801035404383866501e-02 6.533254821911897649e-05 1.029730311138868761e-04
2.900000000000000000e+01 -1.971189561133463927e-02 -3.532747609332020922e-02 6.273122536466800082e-05 1.013110907085380179e-04
3.000000000000000000e+01 -1.782022671694817942e-02 -3.245663752701868909e-02 6.032819327985247280e-05 9.694558995791486471e-05
3.100000000000000000e+01 -1.405067333722918692e-02 -2.985715082970573017e-02 5.815299565448813840e-05 9.050681445173823297e-05
3.200000000000000000e+01 -1.206931790067015953e-02 -2.761230309162537172e-02 5.621832042792668092e-05 8.333446024472787996e-05
3.300000000000000000e+01 -9.198472547629909374e-03 -2.539824342365062243e-02 5.451643513905674954e-05 7.664560665912531501e-05
3.400000000000000000e+01 -7.319214333740626383e-03 -2.284932557962519525e-02 5.301748083812379760e-05 7.111947395484261145e-05
3.500000000000000000e+01 -4.655083774549531248e-03 -1.966741938902950501e-02 5.167661457033036079e-05 6.684133638791156398e-05
3.600000000000000000e+01 -3.319141556896050820e-03 -1.589910717562605796e-02 5.046233611960579364e-05 6.355123389215892491e-05
3.700000000000000000e+01 -1.389143395713048719e-03 -1.173220611166803790e-02 4.935891723323397031e-05 6.092831494097999625e-05
3.800000000000000000e+01 3.339272038695564123e-04 -7.454387052271703278e-03 4.835100720312545747e-05 5.872781076137678559e-05
3.900000000000000000e+01 1.464318608031781000e-03 -3.338568132449653766e-03 4.742617470428409630e-05 5.680379313535280280e-05
4.000000000000000000e+01 1.624129518897631441e-03 3.410691743952651528e-04 4.657352047870750596e-05 5.507361709183043378e-05
4.100000000000000000e+01 2.439098928559248376e-03 3.421335226566027399e-03 4.576392861494184104e-05 5.348015652955633481e-05
4.200000000000000000e+01 2.627594744279595010e-03 5.832571783591526671e-03 4.494703234829698261e-05 5.195068858885282346e-05
4.300000000000000000e+01 2.352845403279825876e-03 7.549165027686269985e-03 4.404245327236417805e-05 5.038203940438239892e-05
4.400000000000000000e+01 2.863852960596388521e-03 8.683481029807541690e-03 4.295950074015654675e-05 4.867493249512314617e-05
4.500000000000000000e+01 2.835376224294262979e-03 9.296940855723658664e-03 4.164185398661331448e-05 4.675744697204449327e-05
4.600000000000000000e+01 2.297162613887933271e-03 9.499356026069173328e-03 4.010918508528514987e-05 4.463785118464968691e-05
4.700000000000000000e+01 1.905038804510508083e-03 9.401936501441023747e-03 3.848933769330688801e-05 4.243764484198512090e-05
