# freqs 	 pli 	 dpli 	 meanpower(thalamus)	 meanpower(scalp)	pli
8.000000000000000000e+00 3.564222959433839544e-02 1.545034579008355002e-01 2.927737960369898929e+01 2.686192509444591678e+02
9.000000000000000000e+00 4.876658759517987773e-02 1.361484043458738025e-01 2.818120240983748204e+01 2.400152154266608591e+02
1.000000000000000000e+01 4.012555227648794548e-02 1.163050305864282569e-01 2.767674969535777763e+01 2.143309309295671312e+02
1.100000000000000000e+01 2.881290644189155384e-02 8.115416986532920929e-02 2.712656128900427177e+01 1.970213203396787947e+02
1.200000000000000000e+01 1.487867660762107191e-02 2.390507725002257583e-02 2.648919349921731481e+01 1.837592718419326445e+02
1.300000000000000000e+01 9.585909872845028989e-03 -7.333646749774515132e-03 2.586062876586948889e+01 1.704201430133627184e+02
1.400000000000000000e+01 1.739806733097013424e-03 -5.859233510491562366e-03 2.544096704546219456e+01 1.559441581141404072e+02
1.500000000000000000e+01 1.421704182769703735e-02 8.259150270207689598e-04 2.525979377922942604e+01 1.433426843873398013e+02
1.600000000000000000e+01 1.333628948818209835e-02 8.984212161603393962e-03 2.517054824098911325e+01 1.336256128418157232e+02
1.700000000000000000e+01 1.214724255581739638e-02 2.271089262350238849e-02 2.510126001167591880e+01 1.261195381401528977e+02
1.800000000000000000e+01 1.046041453160340140e-02 3.467104655481983988e-02 2.513925429273233192e+01 1.206942989877474730e+02
1.900000000000000000e+01 1.676583021461466524e-02 3.749386772987037264e-02 2.525515352690913318e+01 1.161353599063060500e+02
2.000000000000000000e+01 2.187181585848631260e-02 3.793047515599742153e-02 2.534839463876769017e+01 1.118544972667984609e+02
2.100000000000000000e+01 2.679241799153080777e-02 4.298575078742646050e-02 2.543939829847441203e+01 1.079107805206335087e+02
2.200000000000000000e+01 2.683713455686720720e-02 4.841913897005283018e-02 2.554382715100728873e+01 1.042776194333387423e+02
2.300000000000000000e+01 2.448644207066557124e-02 4.958887918115473248e-02 2.564817518995571177e+01 1.011064177280139518e+02
2.400000000000000000e+01 2.731295909435335276e-02 4.883055453303897925e-02 2.572627275468686392e+01 9.833393743783369700e+01
2.500000000000000000e+01 2.921084280591687912e-02 5.022291425156558131e-02 2.578261253322867219e+01 9.580076180038381040e+01
2.600000000000000000e+01 2.952368397439235001e-02 5.477464659860840912e-02 2.585246995814806326e+01 9.328637651663575525e+01
2.700000000000000000e+01 3.193909027217457092e-02 6.021399897622983777e-02 2.594385428991224174e+01 9.070688057439872409e+01
2.800000000000000000e+01 2.914023905968970637e-02 6.378366452575454093e-02 2.603932574119755117e+01 8.808340025179735733e+01
2.900000000000000000e+01 2.731630311257721849e-02 6.470438377818076015e-02 2.611227059723111310e+01 8.551366059865915759e+01
3.000000000000000000e+01 2.930391595624526335e-02 6.397299417600309235e-02 2.616894721377766686e+01 8.309993722262827021e+01
3.100000000000000000e+01 3.297511624567875388e-02 6.329890196789261791e-02 2.621693251410003356e+01 8.090986067295877149e+01
3.200000000000000000e+01 3.286245057717907675e-02 6.386865973594912926e-02 2.625132151165892225e+01 7.900830255750425124e+01
3.300000000000000000e+01 3.093909727310445792e-02 6.603522554266968991e-02 2.628322718899357469e+01 7.741355957606596405e+01
3.400000000000000000e+01 2.948448469422639689e-02 6.992473573648723406e-02 2.630940967290126409e+01 7.610390750881789756e+01
3.500000000000000000e+01 2.963426815043801107e-02 7.477357846786865381e-02 2.632337173606519087e+01 7.501796836305051386e+01
3.600000000000000000e+01 3.049152792687147284e-02 7.933524435874324265e-02 2.631402457040143261e+01 7.411545159183962994e+01
3.700000000000000000e+01 3.239056422912925393e-02 8.242933442720598580e-02 2.627367774677595946e+01 7.335949722111094218e+01
3.800000000000000000e+01 3.416350827275310004e-02 8.357147150712371242e-02 2.620546940508245726e+01 7.272191160336599580e+01
3.900000000000000000e+01 3.226736794134126701e-02 8.307271490317287566e-02 2.611968226353129197e+01 7.216655974180496003e+01
4.000000000000000000e+01 3.073213729596367683e-02 8.154786701853267150e-02 2.601396493955515510e+01 7.167029442081438617e+01
4.100000000000000000e+01 3.087988418118252365e-02 7.958301915465522403e-02 2.588168365410975014e+01 7.120800019752839205e+01
4.200000000000000000e+01 2.950653806816307123e-02 7.758100955838356794e-02 2.569567797129923292e+01 7.073108852598487317e+01
4.300000000000000000e+01 2.878509606396199155e-02 7.582810454230100305e-02 2.541221429877790783e+01 7.010444707023474109e+01
4.400000000000000000e+01 2.812305540835599929e-02 7.436565515908021007e-02 2.498368528855112558e+01 6.916684929570386942e+01
4.500000000000000000e+01 2.743285215934794172e-02 7.318921565012326269e-02 2.438636168789314951e+01 6.776677883651652223e+01
4.600000000000000000e+01 2.709461359960621540e-02 7.231187955153005331e-02 2.364564393445136048e+01 6.589824139251494728e+01
4.700000000000000000e+01 2.773954810513239166e-02 7.174603593074981023e-02 2.285660724329020610e+01 6.375105457938794729e+01
