# freqs 	 pli 	 dpli 	 meanpower(thalamus)	 meanpower(scalp)	pli
8.000000000000000000e+00 2.615213160305224216e-02 9.853569569409065254e-02 6.750693092474420638e-05 2.253884176484970082e-04
9.000000000000000000e+00 7.497491566248977619e-03 3.725020519242112915e-02 6.458930248376923455e-05 1.711353815947056704e-04
1.000000000000000000e+01 2.665008554268482634e-03 1.254186761936508174e-02 6.529225431633025375e-05 1.385279094321114832e-04
1.100000000000000000e+01 1.854002863312045326e-03 1.479299179180836900e-02 7.104956341308310498e-05 1.206279902288154852e-04
1.200000000000000000e+01 2.251213450046929063e-02 7.425656670976582552e-02 7.636758524126762066e-05 1.150180317868371350e-04
1.300000000000000000e+01 4.973935800148358843e-02 1.888923334494010953e-01 7.880754390792291174e-05 1.189500083573464222e-04
1.400000000000000000e+01 6.132090929744375002e-02 2.507805832087209308e-01 7.705740791808137055e-05 1.212121890472525067e-04
1.500000000000000000e+01 6.080044208603091471e-02 2.287475576047530990e-01 6.970339690477554565e-05 1.122396391470809849e-04
1.600000000000000000e+01 4.919433326746959489e-02 1.623391900618938177e-01 5.987050804798686000e-05 9.628261311117724945e-05
1.700000000000000000e+01 3.438026802576297364e-02 9.773793541792778761e-02 5.148349519581118372e-05 8.149051714982323005e-05
1.800000000000000000e+01 2.311744859260673329e-02 5.807388373007459081e-02 4.584629722693581388e-05 7.105002982102193263e-05
1.900000000000000000e+01 1.827848869452496430e-02 4.039817689460736827e-02 4.232106706211447115e-05 6.431037705685164238e-05
2.000000000000000000e+01 1.568175725456845068e-02 3.563555539217914958e-02 3.993109479199854497e-05 5.989068770237934746e-05
2.100000000000000000e+01 1.592459473740061304e-02 3.633325922145480558e-02 3.815076783071211019e-05 5.679832711661787851e-05
2.200000000000000000e+01 1.583644419430533037e-02 3.809156693859476472e-02 3.675713200730217111e-05 5.448342008774287131e-05
2.300000000000000000e+01 1.769927711408235751e-02 3.990272215286726903e-02 3.559519505275345654e-05 5.270796981644245338e-05
2.400000000000000000e+01 1.959308983163947707e-02 4.272176759846379318e-02 3.458981667428793924e-05 5.133331569952531009e-05
2.500000000000000000e+01 2.271482865240917123e-02 4.779097135877437980e-02 3.372610937987683490e-05 5.024816213843163863e-05
2.600000000000000000e+01 2.640493172589366416e-02 5.483125241629695917e-02 3.297509127287874938e-05 4.928193870687433485e-05
2.700000000000000000e+01 2.935076734677753707e-02 6.153969359031261771e-02 3.226108573778980104e-05 4.828778995756745899e-05
2.800000000000000000e+01 3.264125663517472575e-02 6.514422799453467583e-02 3.152153391269335223e-05 4.719289456765414953e-05
2.900000000000000000e+01 3.213051226979847519e-02 6.442385349701042208e-02 3.074252020424502802e-05 4.598210843906820519e-05
3.000000000000000000e+01 2.915036007763194270e-02 5.988599715519302841e-02 2.996148365950847674e-05 4.472241851036271411e-05
3.100000000000000000e+01 2.665762815921416187e-02 5.326398795265546021e-02 2.922299467383022192e-05 4.350361312094313545e-05
3.200000000000000000e+01 2.394423108398802819e-02 4.635081927222815118e-02 2.855502899145703866e-05 4.239706296828779777e-05
3.300000000000000000e+01 2.088815431988613053e-02 4.004797096854108285e-02 2.796636577453602887e-05 4.144214962139966183e-05
3.400000000000000000e+01 1.673365350430543533e-02 3.447828520667387681e-02 2.745661157172153780e-05 4.065086478354911084e-05
3.500000000000000000e+01 1.368700028920055017e-02 2.945950793816095453e-02 2.700989476619683290e-05 3.999281606411848129e-05
3.600000000000000000e+01 1.281953920927189454e-02 2.479631501641993072e-02 2.661298296586501707e-05 3.943523675016648636e-05
3.700000000000000000e+01 1.147280267673783660e-02 2.050379843686255324e-02 2.625312349932447636e-05 3.895264369442726446e-05
3.800000000000000000e+01 1.033310231388061967e-02 1.666043788090998401e-02 2.592638763528239211e-05 3.853452594369382320e-05
3.900000000000000000e+01 8.933390210820126368e-03 1.331922607406935827e-02 2.562614670596654980e-05 3.817049635856772764e-05
4.000000000000000000e+01 7.781423971032831385e-03 1.041442952406985457e-02 2.534496294704645887e-05 3.785173700997634391e-05
4.100000000000000000e+01 7.240271472330810261e-03 7.849324266669763933e-03 2.506385821453460157e-05 3.755539306298092181e-05
4.200000000000000000e+01 5.656948917114764525e-03 5.583261958271991225e-03 2.475411896133265731e-05 3.723533081756691512e-05
4.300000000000000000e+01 4.588553948018517410e-03 3.637499276482188040e-03 2.437123049903798890e-05 3.681757664326660082e-05
4.400000000000000000e+01 4.063472820430899697e-03 2.064404133764016075e-03 2.386551549904416687e-05 3.622249094594372232e-05
4.500000000000000000e+01 3.566796013619537471e-03 9.171365156107466263e-04 2.320430517841148591e-05 3.539226485723816093e-05
4.600000000000000000e+01 2.729336953975368494e-03 2.480210467354391026e-04 2.240060641147267821e-05 3.434607075502674211e-05
4.700000000000000000e+01 2.563271537988442636e-03 1.225430084235236742e-04 2.153037590610028297e-05 3.319951126646684427e-05
