# freqs 	 pli 	 dpli 	 meanpower(thalamus)	 meanpower(scalp)	pli
8.000000000000000000e+00 1.777543118620204116e-02 3.779155336404785293e-03 8.721281118221878574e-05 3.726014545424681372e-04
9.000000000000000000e+00 2.324359992997293133e-03 -5.964810855827313435e-02 8.623280933017298552e-05 4.651687304231934077e-04
1.000000000000000000e+01 1.164352532566105894e-02 2.752565932629416970e-02 8.783967953242084931e-05 4.102274631410340834e-04
1.100000000000000000e+01 2.214871203543793826e-02 1.371329627375819094e-01 9.496696770423680961e-05 3.812486805059272089e-04
1.200000000000000000e+01 2.196185721314980813e-02 1.025497439383198511e-01 1.036000232072850630e-04 3.981553651142436066e-04
1.300000000000000000e+01 1.496820562486460282e-02 5.310099200668268182e-02 1.080863581706132667e-04 4.067941646588812922e-04
1.400000000000000000e+01 1.828009629603460223e-02 2.709742776421606575e-02 1.090928137593581482e-04 4.024734257724917877e-04
1.500000000000000000e+01 8.909014901760525448e-03 5.823802641143125238e-04 1.093327244900669273e-04 3.909554681130055116e-04
1.600000000000000000e+01 -2.926829268292682924e-03 -1.484494644089168550e-02 1.098664165920597529e-04 3.782991694778169980e-04
1.700000000000000000e+01 1.366128972630593040e-02 -1.517587537163656150e-03 1.106445134863814596e-04 3.618304395638575859e-04
1.800000000000000000e+01 1.641223617942738286e-02 2.698040192721268965e-02 1.120101821825748460e-04 3.377864371971452074e-04
1.900000000000000000e+01 1.881822519548557310e-02 5.384267253340800641e-02 1.146918185056803918e-04 3.088879741914053192e-04
2.000000000000000000e+01 3.097742758248173134e-02 8.179547884510497691e-02 1.199016710236619043e-04 2.811678502309373313e-04
2.100000000000000000e+01 4.566945072316389714e-02 1.196497837496811600e-01 1.298197668411268512e-04 2.574598134702578184e-04
2.200000000000000000e+01 7.085748574857485271e-02 1.573136088766507734e-01 1.435673989586658164e-04 2.379250304464406124e-04
2.300000000000000000e+01 8.272215263102535021e-02 1.771675706129207106e-01 1.538019714549033502e-04 2.209727438457875890e-04
2.400000000000000000e+01 7.745600335212554644e-02 1.721226284009449159e-01 1.537083203362628184e-04 2.058538860721823244e-04
2.500000000000000000e+01 6.451926473691323161e-02 1.495172761188661159e-01 1.439875770935720284e-04 1.925841709539085115e-04
2.600000000000000000e+01 5.750930906081919841e-02 1.222234198642599967e-01 1.306498689784029224e-04 1.813341635689248255e-04
2.700000000000000000e+01 4.661936619884086974e-02 9.851914573853592927e-02 1.189968968985782307e-04 1.721660965806708879e-04
2.800000000000000000e+01 3.814249566935972585e-02 7.939011787060096248e-02 1.107561523917630487e-04 1.647735444898437587e-04
2.900000000000000000e+01 2.840773454285032071e-02 6.307944765676821997e-02 1.051411677050263137e-04 1.584825418288444510e-04
3.000000000000000000e+01 1.918892833188830249e-02 5.032856982777361016e-02 1.009371148967689241e-04 1.527317162184366076e-04
3.100000000000000000e+01 1.617540834634294267e-02 4.301371918132829153e-02 9.736156138397797821e-05 1.472925299248262004e-04
3.200000000000000000e+01 1.585074328672352040e-02 4.183803716598050865e-02 9.402194897707653984e-05 1.420780459427144671e-04
3.300000000000000000e+01 2.017591879529027563e-02 4.514327386059584918e-02 9.074931864899009619e-05 1.370862372585827027e-04
3.400000000000000000e+01 2.139880773446424522e-02 4.953103158053537985e-02 8.747169283281083329e-05 1.323354768274881649e-04
3.500000000000000000e+01 2.295814709467695891e-02 5.295279832674884557e-02 8.414509464317860394e-05 1.276957195513217546e-04
3.600000000000000000e+01 2.688411225724658682e-02 5.447257280159282372e-02 8.079047437358741245e-05 1.232072841439313263e-04
3.700000000000000000e+01 2.520884633972337793e-02 5.454915602710163486e-02 7.746512708143648369e-05 1.189797820951620845e-04
3.800000000000000000e+01 2.182105951302313468e-02 5.402731699112594405e-02 7.424906344732531526e-05 1.151030567892260712e-04
3.900000000000000000e+01 2.333314249728058593e-02 5.376680370668659309e-02 7.120199788461712602e-05 1.115630073494583110e-04
4.000000000000000000e+01 2.215790364101086901e-02 5.363622980326424733e-02 6.838755054804476947e-05 1.083325177860600325e-04
4.100000000000000000e+01 2.340347834025654009e-02 5.348367440271158818e-02 6.582873850792098872e-05 1.053021902960709228e-04
4.200000000000000000e+01 2.784815895005468556e-02 5.330405162734216246e-02 6.349160148392702925e-05 1.023349264107818680e-04
4.300000000000000000e+01 2.922894640904119545e-02 5.275753284063692400e-02 6.126559786008866943e-05 9.919353328797021784e-05
4.400000000000000000e+01 2.963648729491136918e-02 5.202985099168451477e-02 5.900977406328417025e-05 9.579204404962364278e-05
4.500000000000000000e+01 3.105939843136186138e-02 5.075154983812195375e-02 5.658746754671940425e-05 9.192826403524572559e-05
4.600000000000000000e+01 3.060870590208750186e-02 4.872638330039012755e-02 5.395513164522413490e-05 8.758762241962968502e-05
4.700000000000000000e+01 3.018604924806415554e-02 4.586897239838744894e-02 5.120668522584020477e-05 8.297065243741545454e-05
