# freqs 	 pli 	 dpli 	 meanpower(thalamus)	 meanpower(scalp)	pli
8.000000000000000000e+00 -5.690773033184765017e-02 -1.000489677778857583e-01 1.212258042272443487e-04 2.741670577986074454e-04
9.000000000000000000e+00 -3.953587723645311802e-02 -8.618034271716765171e-02 9.125295197837667591e-05 2.512683856078752414e-04
1.000000000000000000e+01 3.725758250685672762e-03 1.503348203422569772e-02 7.522529468116698583e-05 2.239324233775165406e-04
1.100000000000000000e+01 9.211035512693090468e-03 6.327706647277449303e-02 7.492768263721060254e-05 1.921780901217379418e-04
1.200000000000000000e+01 1.687588356526034325e-02 3.712313111265319598e-02 7.391067127568193393e-05 1.695793069547222979e-04
1.300000000000000000e+01 2.635690579525146876e-02 3.497918022069834709e-02 6.621855032688646011e-05 1.599676455489451457e-04
1.400000000000000000e+01 3.165256673231895551e-02 4.395507677587791318e-02 5.899527295671772796e-05 1.600001718680583182e-04
1.500000000000000000e+01 2.486680923546631325e-02 3.158880022517274178e-02 5.580070089552943501e-05 1.640973517322625219e-04
1.600000000000000000e+01 1.571966929567318247e-02 -2.307983454933849811e-04 5.529498325794322849e-05 1.707513771036314894e-04
1.700000000000000000e+01 -3.709075346537007468e-03 -3.326674408697254809e-02 5.541496406829598062e-05 1.774541317618795228e-04
1.800000000000000000e+01 -1.347942265969041473e-02 -4.766247339989110321e-02 5.560049765920639561e-05 1.821084462189237073e-04
1.900000000000000000e+01 -1.859941011359895341e-02 -4.250397068276688672e-02 5.579395954767664602e-05 1.830079504743543917e-04
2.000000000000000000e+01 -1.424397989963389032e-02 -3.099919976125378382e-02 5.602222288761105729e-05 1.794721269514233783e-04
2.100000000000000000e+01 -1.120043417794511741e-02 -2.230457023368038333e-02 5.630763964335498743e-05 1.722848629469930304e-04
2.200000000000000000e+01 -1.305281149217136540e-02 -1.648274538938833064e-02 5.652989465567427845e-05 1.629766882226657391e-04
2.300000000000000000e+01 -1.140528426755630514e-02 -1.181214459978138613e-02 5.627619685368161792e-05 1.527316254558690883e-04
2.400000000000000000e+01 -6.141894021822027865e-03 -7.957322611144642885e-03 5.530679350564423724e-05 1.420515793303439502e-04
2.500000000000000000e+01 1.067452854165607586e-03 -3.641304715418258644e-03 5.376130608897957054e-05 1.314331749899278216e-04
2.600000000000000000e+01 5.502417472208386874e-03 2.977820011485576325e-03 5.197628877885907992e-05 1.214335321684659251e-04
2.700000000000000000e+01 7.987399014277729234e-03 1.212558540177708158e-02 5.029758565502273133e-05 1.124389852154596939e-04
2.800000000000000000e+01 1.140339290734023597e-02 2.158118656345011516e-02 4.885684023682421070e-05 1.046131861973753852e-04
2.900000000000000000e+01 1.725293926423579136e-02 2.868299164071600252e-02 4.769940807948026048e-05 9.798380348780705035e-05
3.000000000000000000e+01 1.527069077020488420e-02 3.220763032275265197e-02 4.683991574398282362e-05 9.242457196427381668e-05
3.100000000000000000e+01 1.446915402505865103e-02 3.330186630698236949e-02 4.622442194668719502e-05 8.774971127234796166e-05
3.200000000000000000e+01 1.683607672701794428e-02 3.375797030747906824e-02 4.581050182592294885e-05 8.371398132983407382e-05
3.300000000000000000e+01 1.498331426714772166e-02 3.490432136678572883e-02 4.557445695389152215e-05 8.014533437490829488e-05
3.400000000000000000e+01 1.410433417255475309e-02 3.762704691736278723e-02 4.541647209639944891e-05 7.698617065115353857e-05
3.500000000000000000e+01 1.690143704510771797e-02 4.199138517131905529e-02 4.526690453762565841e-05 7.422401349366061546e-05
3.600000000000000000e+01 1.970483350363037151e-02 4.754281682897523731e-02 4.506581517631801147e-05 7.181732626796934096e-05
3.700000000000000000e+01 2.283253323048713146e-02 5.348980430564338057e-02 4.478789624468585757e-05 6.964380409430869900e-05
3.800000000000000000e+01 2.634311672760851833e-02 5.883181723296306703e-02 4.444193368385932337e-05 6.765578969566285396e-05
3.900000000000000000e+01 2.748070431776826125e-02 6.271889721670760587e-02 4.405156578892812128e-05 6.579938860038132310e-05
4.000000000000000000e+01 2.723826208118720199e-02 6.473486618581095198e-02 4.362756502756647697e-05 6.401689775310516429e-05
4.100000000000000000e+01 2.829442159939400334e-02 6.483050237004353566e-02 4.315965809148823658e-05 6.227441240306966826e-05
4.200000000000000000e+01 2.886686481569773061e-02 6.344746146574219148e-02 4.260901357698981806e-05 6.053908653253317097e-05
4.300000000000000000e+01 2.840361537447123538e-02 6.115155277645901999e-02 4.192026287705555082e-05 5.870212482058948726e-05
4.400000000000000000e+01 2.750860489177108653e-02 5.828386629134170438e-02 4.102435823779625141e-05 5.665472250027284260e-05
4.500000000000000000e+01 2.574487722584156701e-02 5.494387657052278440e-02 3.988700368536607154e-05 5.432959710728131792e-05
4.600000000000000000e+01 2.598271875380309126e-02 5.112295150403148303e-02 3.855870711885646255e-05 5.174381573600091936e-05
4.700000000000000000e+01 2.346224441161855884e-02 4.666772642270081844e-02 3.719368398624918470e-05 4.902512459763598649e-05
