# freqs 	 pli 	 dpli 	 meanpower(thalamus)	 meanpower(scalp)	pli
8.000000000000000000e+00 1.192576795881523759e-02 4.499436146558397076e-02 8.462657382444350009e-05 2.256902147750582956e-04
9.000000000000000000e+00 6.382054626006472206e-03 3.813064633985729923e-02 8.488351040338950920e-05 2.168366716753894973e-04
1.000000000000000000e+01 -3.897831352042031156e-02 -7.625256054705456532e-02 1.017932287634133699e-04 2.347512163644920264e-04
1.100000000000000000e+01 -9.675252150699997777e-02 -1.885966958180149977e-01 1.234414487665925304e-04 2.644695727555296141e-04
1.200000000000000000e+01 -1.284616142988603549e-01 -2.781734397428980432e-01 1.224204808992875786e-04 2.803503293406950803e-04
1.300000000000000000e+01 -1.360495312601622264e-01 -3.096192771311692127e-01 1.070450347140601609e-04 2.817682403439432642e-04
1.400000000000000000e+01 -1.228060910131150429e-01 -2.766862529501671331e-01 9.251919654718205319e-05 2.716013390156203763e-04
1.500000000000000000e+01 -9.064135594164203502e-02 -1.897065027901203849e-01 8.211105155240957197e-05 2.487137985666045686e-04
1.600000000000000000e+01 -4.645268997048015297e-02 -8.535097827845476715e-02 7.491303499017252208e-05 2.219378598803166760e-04
1.700000000000000000e+01 -1.403231360609237879e-02 -1.151883303257594804e-02 7.016477743465293745e-05 1.997234573409793356e-04
1.800000000000000000e+01 4.480659912186674837e-03 2.308945765534532041e-02 6.718162190226218365e-05 1.834648033451731974e-04
1.900000000000000000e+01 1.300834620249089781e-02 3.639376518047762743e-02 6.593572398771886786e-05 1.715041062845460004e-04
2.000000000000000000e+01 1.761084153832273222e-02 4.384280198106983717e-02 6.662920369968006391e-05 1.619872293451399313e-04
2.100000000000000000e+01 1.825025732644814172e-02 5.047825992955365382e-02 6.859636804515430847e-05 1.535780119526186627e-04
2.200000000000000000e+01 1.732939232019384615e-02 5.428642645549253132e-02 6.991233437466295845e-05 1.452934989562120740e-04
2.300000000000000000e+01 1.589479528474848150e-02 5.236926472336977251e-02 6.910551753334108927e-05 1.367282527083546722e-04
2.400000000000000000e+01 1.355620223509647337e-02 4.435763874784538763e-02 6.628949404493228545e-05 1.282095307219622052e-04
2.500000000000000000e+01 1.000948557204206155e-02 3.238973869800452349e-02 6.261521669480036439e-05 1.202847551448668736e-04
2.600000000000000000e+01 6.491225060935337278e-03 1.957324449508313080e-02 5.923994076836544450e-05 1.133640853986297986e-04
2.700000000000000000e+01 3.061885698463893361e-03 8.573015524093787268e-03 5.673976133538651906e-05 1.075613108903175408e-04
2.800000000000000000e+01 1.057837980294275932e-03 7.720567724058224847e-04 5.512848888618583192e-05 1.028032430457203342e-04
2.900000000000000000e+01 -9.481612461602839876e-04 -3.585511277612582655e-03 5.414881301570636379e-05 9.898914581537662945e-05
3.000000000000000000e+01 -2.970498975646839162e-03 -5.046842543753878897e-03 5.354598190413856006e-05 9.598841076477121286e-05
3.100000000000000000e+01 -2.384496354219172061e-03 -4.604562229912642288e-03 5.314605475338178293e-05 9.371596532161202632e-05
3.200000000000000000e+01 -1.891293465285532813e-03 -3.375856176088209547e-03 5.283458107183873991e-05 9.204562504156176559e-05
3.300000000000000000e+01 -1.841172120185693940e-03 -2.364992359379672511e-03 5.253317742027959907e-05 9.084084107514227638e-05
3.400000000000000000e+01 -2.141037861510672411e-03 -2.203428489713857904e-03 5.220085047697653810e-05 9.000356087436889318e-05
3.500000000000000000e+01 -2.052315076075968744e-03 -3.054822010958968548e-03 5.181710256649367112e-05 8.937500516677170472e-05
3.600000000000000000e+01 -2.315508227737927451e-03 -4.569663387373403170e-03 5.139010721497255097e-05 8.882804116971443115e-05
3.700000000000000000e+01 -3.215716860657497067e-03 -6.122787014224024930e-03 5.094056800548141847e-05 8.824157400151260550e-05
3.800000000000000000e+01 -4.437571826267447221e-03 -7.101642299196814050e-03 5.047983030703984765e-05 8.756774797633864603e-05
3.900000000000000000e+01 -5.302999331942709511e-03 -7.133258097822487917e-03 5.001869532291243486e-05 8.674977032445986547e-05
4.000000000000000000e+01 -5.028969112790201978e-03 -6.211394113170533998e-03 4.956130319292474808e-05 8.583495125268742441e-05
4.100000000000000000e+01 -4.077050013108650915e-03 -4.629508415034490343e-03 4.909182899030245783e-05 8.484588345399102542e-05
4.200000000000000000e+01 -3.543338435268824933e-03 -2.797389899474290141e-03 4.855675595531895984e-05 8.374373480507255681e-05
4.300000000000000000e+01 -3.366392695679869783e-03 -1.024692724401795717e-03 4.786945588522172236e-05 8.239161962884305817e-05
4.400000000000000000e+01 -2.740579588206305643e-03 4.653899843068486195e-04 4.693341047822421170e-05 8.067706014557748354e-05
4.500000000000000000e+01 -2.356213390283970737e-03 1.678178622690688947e-03 4.569042629651794049e-05 7.847976840820322869e-05
4.600000000000000000e+01 -1.842609287035379450e-03 2.678588709957952646e-03 4.417797523324650839e-05 7.584522141846249327e-05
4.700000000000000000e+01 -1.804849570714967552e-03 3.548688530176596131e-03 4.255395279636492190e-05 7.302545298304834198e-05
