# freqs 	 pli 	 dpli 	 meanpower(thalamus)	 meanpower(scalp)	pli
8.000000000000000000e+00 -2.795509387586677108e-01 -5.181862878666140260e-01 1.734108846319782748e-04 4.596675758379215916e-04
9.000000000000000000e+00 -1.618473631054318795e-01 -3.172656468104748662e-01 1.322266723427989389e-04 3.209858685447761163e-04
1.000000000000000000e+01 -5.589905362776025066e-02 -1.078666438495249347e-01 1.131389368871331272e-04 2.422852919931257388e-04
1.100000000000000000e+01 8.652316827483829895e-03 2.201364826966655669e-02 1.029544520472324413e-04 2.216543906791319785e-04
1.200000000000000000e+01 2.116889237692060749e-02 5.436509180448137468e-02 9.734999950707033645e-05 2.188695105493731856e-04
1.300000000000000000e+01 2.004810554740955528e-02 2.914984559915756793e-02 9.425859592378795458e-05 2.215315103764645512e-04
1.400000000000000000e+01 -1.483502534189380488e-03 -9.221837021969327489e-03 9.196912541417253653e-05 2.235881029057889126e-04
1.500000000000000000e+01 -1.298777354040264904e-02 -3.607754640547292113e-02 8.974162574663814681e-05 2.223595084258615144e-04
1.600000000000000000e+01 -1.903915675595716991e-02 -5.948554973976187543e-02 8.794531964202384022e-05 2.186311308770563452e-04
1.700000000000000000e+01 -3.027709849342489004e-02 -9.672515454660479683e-02 8.716196562354020828e-05 2.137135769463646305e-04
1.800000000000000000e+01 -4.533371071296250082e-02 -1.338073609518588281e-01 8.730121949942934402e-05 2.081174228665701154e-04
1.900000000000000000e+01 -5.757328767924623641e-02 -1.486256390328535570e-01 8.756679212200578683e-05 2.025599019887289567e-04
2.000000000000000000e+01 -6.078217138960566313e-02 -1.375783876717130150e-01 8.716874487442646520e-05 1.970411164058441240e-04
2.100000000000000000e+01 -4.876708849311457011e-02 -1.139042962358934041e-01 8.612945831759172494e-05 1.903784863167037303e-04
2.200000000000000000e+01 -3.700428132097847295e-02 -9.351985849111639493e-02 8.469486088657814246e-05 1.819779637123008478e-04
2.300000000000000000e+01 -3.394124619756930250e-02 -8.297317931939543478e-02 8.312741910033840992e-05 1.723390989599448439e-04
2.400000000000000000e+01 -3.082466465594386335e-02 -7.847057757847890336e-02 8.156143433834419482e-05 1.621533727994698467e-04
2.500000000000000000e+01 -3.245911767254206631e-02 -7.351814361513268892e-02 7.994458560733061839e-05 1.520843295014695149e-04
2.600000000000000000e+01 -3.244595858709348885e-02 -6.564031012754194261e-02 7.820590177527064106e-05 1.426676768961160032e-04
2.700000000000000000e+01 -3.311119880806774607e-02 -5.640738458875434874e-02 7.636486097269510481e-05 1.344148808452456381e-04
2.800000000000000000e+01 -3.149145290407959902e-02 -4.827688691299458768e-02 7.450606784722994455e-05 1.274155898543792879e-04
2.900000000000000000e+01 -2.697498928535393622e-02 -4.151119325855595621e-02 7.273059680872847102e-05 1.217902611956950346e-04
3.000000000000000000e+01 -2.237319576962019593e-02 -3.549028135071032042e-02 7.111229406302077972e-05 1.174413510767475101e-04
3.100000000000000000e+01 -1.684909424156993268e-02 -3.016297865205305045e-02 6.970274264082908580e-05 1.142836245456388958e-04
3.200000000000000000e+01 -1.187452118866174668e-02 -2.604479506842104913e-02 6.850214783893932165e-05 1.121157464312848572e-04
3.300000000000000000e+01 -1.373232931983999622e-02 -2.341366869813469448e-02 6.749122922102273204e-05 1.107290395339413229e-04
3.400000000000000000e+01 -1.421919212985520327e-02 -2.176796277426703771e-02 6.663487055248810140e-05 1.100308055211749787e-04
3.500000000000000000e+01 -1.474002964546316206e-02 -2.046473943988951980e-02 6.589123674080275275e-05 1.098206506812513677e-04
3.600000000000000000e+01 -1.382087278267493669e-02 -1.882711303778497602e-02 6.522147215622690821e-05 1.099441009517889101e-04
3.700000000000000000e+01 -9.490059734799570490e-03 -1.657383016558214642e-02 6.458879293098049085e-05 1.102074279622914293e-04
3.800000000000000000e+01 -6.280026093193064561e-03 -1.381788473643865908e-02 6.398341983742341266e-05 1.105122701447470415e-04
3.900000000000000000e+01 -4.822431318113246101e-03 -1.095962796878773363e-02 6.340263083184211317e-05 1.107287003112898758e-04
4.000000000000000000e+01 -4.146139300233590667e-03 -8.475443083426374355e-03 6.283362637674733131e-05 1.108011449567496457e-04
4.100000000000000000e+01 -1.455312247714551184e-03 -6.483988625742188525e-03 6.223578227564369322e-05 1.106359680966192814e-04
4.200000000000000000e+01 -8.465525309063112996e-04 -4.793862112447575853e-03 6.153297337605271276e-05 1.101088536615487952e-04
4.300000000000000000e+01 -1.605592247436231747e-03 -3.311575868938239266e-03 6.061996884438975531e-05 1.089835644854567195e-04
4.400000000000000000e+01 -1.331932799312918669e-03 -1.358587936658654360e-03 5.937854392976154905e-05 1.071246573821184805e-04
4.500000000000000000e+01 -5.537507055210634348e-04 7.764121296150196510e-04 5.773651353399586266e-05 1.044120213086591447e-04
4.600000000000000000e+01 6.819050422843198284e-04 2.779223201588403025e-03 5.574542742918758668e-05 1.009818389605050181e-04
4.700000000000000000e+01 2.374338741352771415e-03 4.200777528881507322e-03 5.361203671928011725e-05 9.722326270251421603e-05
