# freqs 	 pli 	 dpli 	 meanpower(thalamus)	 meanpower(scalp)	pli
8.000000000000000000e+00 1.374194849156912951e-02 7.948084847952167908e-02 8.906986389021685996e-05 4.835802374526995402e-04
9.000000000000000000e+00 3.854196399828158700e-03 5.210188691708723258e-02 8.334146849358959914e-05 4.933893011742222822e-04
1.000000000000000000e+01 2.673218828789295301e-02 8.667655525238655845e-02 7.499953387715025679e-05 4.117845122301155825e-04
1.100000000000000000e+01 2.628434600679416949e-02 9.700426264640280016e-02 6.903175446443269778e-05 3.371823414347752536e-04
1.200000000000000000e+01 2.379138164609417155e-02 8.426524893503330171e-02 6.431774476363314428e-05 2.834774191455864808e-04
1.300000000000000000e+01 1.819401890933857943e-02 4.938603625896799409e-02 6.099817664329038909e-05 2.436305346500910963e-04
1.400000000000000000e+01 1.392994088194390162e-02 2.439127559292971620e-02 5.907989428913777995e-05 2.178981526979765300e-04
1.500000000000000000e+01 9.921724731991772572e-03 1.978528348987223379e-02 5.793861944195277577e-05 2.024933316200342359e-04
1.600000000000000000e+01 9.933738674336672556e-03 2.184777877487322634e-02 5.689600615715636713e-05 1.906320372169048919e-04
1.700000000000000000e+01 1.137663285809940340e-02 2.361864189962998781e-02 5.577290590295011486e-05 1.793535785173483812e-04
1.800000000000000000e+01 1.176624060779239526e-02 2.340023640919825301e-02 5.469196770902497526e-05 1.682070357656144258e-04
1.900000000000000000e+01 9.102179945167340400e-03 1.859084551501172938e-02 5.385558692392375374e-05 1.573010148201983900e-04
2.000000000000000000e+01 4.732080637543883625e-03 9.764782956029329983e-03 5.340333707912466661e-05 1.476805380872400709e-04
2.100000000000000000e+01 -8.082965366447301871e-04 -2.442191043423977762e-03 5.336051032191164523e-05 1.403858684116460382e-04
2.200000000000000000e+01 -7.228356670308090301e-03 -1.579855487550702736e-02 5.362935157834782614e-05 1.353873898162453603e-04
2.300000000000000000e+01 -1.223712607332580124e-02 -2.444074175091530757e-02 5.403547901415384311e-05 1.317267159260534994e-04
2.400000000000000000e+01 -1.307369051218911470e-02 -2.479525883448457230e-02 5.441044856210520720e-05 1.280672677303429602e-04
2.500000000000000000e+01 -1.039580197697595985e-02 -1.905272407335859702e-02 5.465132287404289997e-05 1.234530305897997484e-04
2.600000000000000000e+01 -6.243744988378111850e-03 -1.198158074270628225e-02 5.476815970505152591e-05 1.177761848088405182e-04
2.700000000000000000e+01 -3.139100816680338076e-03 -6.299788276381280451e-03 5.484379696806193503e-05 1.115452437868388641e-04
2.800000000000000000e+01 -1.560462650055266217e-03 -2.103966343299407647e-03 5.495206330365989269e-05 1.053813040012070875e-04
2.900000000000000000e+01 8.750082914092129852e-05 2.192881727315019232e-03 5.516419965990290497e-05 9.983190331199368679e-05
3.000000000000000000e+01 2.539222293433148706e-03 7.973157967681950009e-03 5.559511671736307501e-05 9.511607121371153844e-05
3.100000000000000000e+01 6.285243752822289136e-03 1.627573060723421297e-02 5.648424286680426692e-05 9.128468759264635581e-05
3.200000000000000000e+01 1.126626160615516563e-02 2.834990869002146363e-02 5.813062336988608620e-05 8.825235580223697877e-05
3.300000000000000000e+01 1.900595957731669380e-02 4.527576353234879364e-02 6.069660618162733075e-05 8.588749474111154918e-05
3.400000000000000000e+01 2.746683947911086887e-02 6.652739353308613490e-02 6.394600572171395617e-05 8.407919145384619083e-05
3.500000000000000000e+01 3.654124457308249169e-02 8.912467030567450266e-02 6.718954278260459831e-05 8.261533110221134352e-05
3.600000000000000000e+01 4.483957300092270004e-02 1.088317656958951024e-01 6.957283606257175788e-05 8.134587993058330047e-05
3.700000000000000000e+01 5.078365281342001047e-02 1.219817982772432169e-01 7.044891313529522885e-05 8.013801494179043745e-05
3.800000000000000000e+01 5.324468999366586963e-02 1.267503397054128289e-01 6.961739739672871826e-05 7.893695731865755117e-05
3.900000000000000000e+01 5.225613721487468166e-02 1.231392101876244011e-01 6.730630910406438855e-05 7.768277880059899494e-05
4.000000000000000000e+01 4.848078262451609166e-02 1.128852893493596243e-01 6.402697172022723214e-05 7.642142698972784209e-05
4.100000000000000000e+01 4.309473775009555613e-02 9.848585540235488267e-02 6.033971884658313571e-05 7.517180899780398452e-05
4.200000000000000000e+01 3.641635855034190683e-02 8.265191111315610406e-02 5.668191934081451668e-05 7.389968288058791082e-05
4.300000000000000000e+01 2.971544749266007840e-02 6.757676026777016676e-02 5.328378793817482818e-05 7.246763133720630521e-05
4.400000000000000000e+01 2.455336252117411300e-02 5.476263601067014875e-02 5.018874441588908064e-05 7.078434932717401779e-05
4.500000000000000000e+01 2.028018406182988120e-02 4.468212052227253650e-02 4.733102110683510226e-05 6.871315193319420657e-05
4.600000000000000000e+01 1.634097513977951152e-02 3.722151278767762278e-02 4.466183262424816504e-05 6.627357668842208025e-05
4.700000000000000000e+01 1.357235481563950907e-02 3.198128012550978394e-02 4.222385261786723749e-05 6.365891624956473765e-05
