# freqs 	 pli 	 dpli 	 meanpower(thalamus)	 meanpower(scalp)	pli
8.000000000000000000e+00 1.503778760037516038e-01 3.326243584286363575e-01 2.638184557580606593e-04 6.704522823220803026e-04
9.000000000000000000e+00 9.844472106354036633e-02 1.924570211124470853e-01 2.342873600403075059e-04 5.153666807096335834e-04
1.000000000000000000e+01 9.166569645396076271e-03 1.266854212513339982e-02 2.061424970169431514e-04 3.876749811850804654e-04
1.100000000000000000e+01 -5.645399425506769653e-02 -1.292076252990179697e-01 1.953013648255972419e-04 3.266549604308805572e-04
1.200000000000000000e+01 -6.830690219391070961e-02 -2.041325792352018387e-01 1.849634942578670942e-04 3.255168863002019363e-04
1.300000000000000000e+01 -5.557920286605403520e-02 -1.798089683727143728e-01 1.577552668471534606e-04 3.382692472593365777e-04
1.400000000000000000e+01 -3.790363953866947994e-02 -1.139829707799481784e-01 1.284643678792873715e-04 3.071485727371438788e-04
1.500000000000000000e+01 -1.573595663676528866e-02 -4.278651089276902519e-02 1.087589913363140544e-04 2.522663363107830012e-04
1.600000000000000000e+01 7.387802914695108239e-04 -1.099711845435417598e-03 9.823223241862403708e-05 2.109702247857679830e-04
1.700000000000000000e+01 3.525141658470349725e-03 5.545406057918982230e-03 9.272518391221467161e-05 1.883429422902576018e-04
1.800000000000000000e+01 1.482813929422628196e-03 -2.253870150386476541e-03 8.872096006878323971e-05 1.737936217498388370e-04
1.900000000000000000e+01 -3.129970579514362427e-03 -1.025261149377454384e-02 8.443331400310346278e-05 1.611547148518587198e-04
2.000000000000000000e+01 -7.954246135961261233e-03 -1.807211606407623308e-02 7.999951827265861274e-05 1.491764107297072401e-04
2.100000000000000000e+01 -1.032509732943613125e-02 -3.006925717923512528e-02 7.661120464580692163e-05 1.381068223861023955e-04
2.200000000000000000e+01 -1.702454304573837451e-02 -4.402246633519156516e-02 7.471335776477510879e-05 1.285300841100077678e-04
2.300000000000000000e+01 -1.852413296190649067e-02 -5.210155932119003158e-02 7.349517111992542645e-05 1.209733012474392883e-04
2.400000000000000000e+01 -1.500950795974919337e-02 -4.868853836601180762e-02 7.169035761322088251e-05 1.155172893827330393e-04
2.500000000000000000e+01 -1.219022541931966304e-02 -3.480421293343516354e-02 6.876102331800636755e-05 1.118858032993289958e-04
2.600000000000000000e+01 -4.401526282387438309e-03 -1.647518059333231283e-02 6.501660683757140623e-05 1.096221931848692264e-04
2.700000000000000000e+01 2.523477595428419342e-03 -6.190103054424430642e-04 6.123937606540851052e-05 1.086046197683389098e-04
2.800000000000000000e+01 8.490614766376381253e-03 9.094267232035081749e-03 5.793970553726377317e-05 1.090054032548396401e-04
2.900000000000000000e+01 1.027135572145048033e-02 1.365226498071603345e-02 5.534578738833150326e-05 1.110305509418383469e-04
3.000000000000000000e+01 1.066304650287266953e-02 1.687016962848019927e-02 5.336421204646166054e-05 1.144880658745257835e-04
3.100000000000000000e+01 1.248114615137556858e-02 2.071688857845317353e-02 5.185700345879199071e-05 1.187374260407650026e-04
3.200000000000000000e+01 1.317030416001066344e-02 2.541436929096670128e-02 5.065966524082931194e-05 1.229530956748358110e-04
3.300000000000000000e+01 1.347760710324545468e-02 2.969033250945539090e-02 4.966093585646742375e-05 1.263647921826753452e-04
3.400000000000000000e+01 1.470748512903170997e-02 3.200540403198059297e-02 4.881906561388741223e-05 1.284686260404622451e-04
3.500000000000000000e+01 1.502350272001690308e-02 3.227267998376739250e-02 4.803020202388998675e-05 1.291355883703682711e-04
3.600000000000000000e+01 1.387303678053364471e-02 3.082794648627671871e-02 4.726419227278155864e-05 1.285050650856912619e-04
3.700000000000000000e+01 1.277787623499173839e-02 2.862851779901961699e-02 4.649929567279694538e-05 1.268858782635298298e-04
3.800000000000000000e+01 1.278811871449998805e-02 2.649658018355888559e-02 4.575464959910966774e-05 1.247023899767046829e-04
3.900000000000000000e+01 1.201841778412137546e-02 2.535560011296947303e-02 4.502811181277093227e-05 1.224127483156530068e-04
4.000000000000000000e+01 1.126922945397876817e-02 2.508555738992442052e-02 4.435391300304571826e-05 1.203813161666408263e-04
4.100000000000000000e+01 1.142600895987628921e-02 2.540164486929025883e-02 4.373022135374889151e-05 1.188144086029205732e-04
4.200000000000000000e+01 1.090262178282396660e-02 2.583884699185740041e-02 4.312208523962834890e-05 1.176920018518499831e-04
4.300000000000000000e+01 1.150338938718307481e-02 2.616220358332886631e-02 4.244742813898315766e-05 1.167845527066855530e-04
4.400000000000000000e+01 1.148962760760764701e-02 2.612402382964165021e-02 4.163781549243864743e-05 1.157445810838702796e-04
4.500000000000000000e+01 1.145891478697466659e-02 2.597042823333168063e-02 4.061464495321714940e-05 1.143332532714128258e-04
4.600000000000000000e+01 1.206194556342646274e-02 2.576957260848095413e-02 3.938534707220898182e-05 1.125820070251307489e-04
4.700000000000000000e+01 1.311278546858600687e-02 2.550076426611300184e-02 3.806285034723132536e-05 1.108512041769682197e-04
