# freqs 	 pli 	 dpli 	 meanpower(thalamus)	 meanpower(scalp)	pli
8.000000000000000000e+00 -1.080466863229760828e-02 -2.589998220768822967e-02 9.457550733552205801e-05 1.507228548831301041e-04
9.000000000000000000e+00 -2.773823856766495163e-02 -6.765714515824634845e-02 8.820220848410173422e-05 1.490392406126150719e-04
1.000000000000000000e+01 -2.049617926720442851e-02 -5.075465024012486281e-02 8.185801287788560814e-05 1.361178635633887102e-04
1.100000000000000000e+01 6.264833434020885237e-03 2.206334409945815908e-02 7.756239737173039684e-05 1.151746930573731748e-04
1.200000000000000000e+01 2.590878232093295902e-02 7.321145385668935412e-02 7.068667174636287414e-05 9.538695965499332694e-05
1.300000000000000000e+01 2.087389743257301450e-02 6.031121212834087558e-02 6.148082770422441526e-05 8.193024986923276370e-05
1.400000000000000000e+01 4.836449479624229698e-03 1.973039663209089425e-02 5.456853894732235466e-05 7.537178603400526656e-05
1.500000000000000000e+01 -3.740582531805594461e-03 -1.140564360597919220e-02 5.076396847993512541e-05 7.245146343985020424e-05
1.600000000000000000e+01 -8.125223590464162801e-03 -2.436603246781988627e-02 4.858406976058911140e-05 6.892184066966825027e-05
1.700000000000000000e+01 -7.507383351132383004e-03 -2.218574345963220812e-02 4.708211085113798240e-05 6.387645353262784485e-05
1.800000000000000000e+01 -6.291393180766970128e-03 -1.590358647882834930e-02 4.588591716604416721e-05 5.866626687434586145e-05
1.900000000000000000e+01 -6.475934028946482394e-03 -1.189175297577697854e-02 4.488002599604349729e-05 5.444524641140036959e-05
2.000000000000000000e+01 -4.189381586967900334e-03 -9.338812041452298346e-03 4.405619072122240440e-05 5.134876550388675740e-05
2.100000000000000000e+01 -3.231881943296557435e-03 -6.517225400382955711e-03 4.336434120001831917e-05 4.909542684745906110e-05
2.200000000000000000e+01 -1.237732704112163608e-03 -3.319781465269312608e-03 4.276256289488499505e-05 4.735977126360059101e-05
2.300000000000000000e+01 6.256793950949373143e-04 5.519919307310229675e-05 4.222034181561599222e-05 4.591104693490274984e-05
2.400000000000000000e+01 6.516004583003966654e-04 3.530284546364470012e-03 4.171911529788152411e-05 4.462756785666439202e-05
2.500000000000000000e+01 1.515027351632882921e-03 7.063530802488515031e-03 4.125273808283255424e-05 4.346080132582622421e-05
2.600000000000000000e+01 3.683685553163035687e-03 1.046680451666534735e-02 4.085088254655460548e-05 4.239476450019972592e-05
2.700000000000000000e+01 5.535632743111605636e-03 1.328984420662086482e-02 4.052877876905003611e-05 4.144452037073329779e-05
2.800000000000000000e+01 5.720986349493016945e-03 1.495718713212271754e-02 4.027516662302817651e-05 4.063502698632689628e-05
2.900000000000000000e+01 5.811611761733603658e-03 1.517968036677352570e-02 4.006690937956931993e-05 3.995415514622553519e-05
3.000000000000000000e+01 4.505757640981489232e-03 1.413775221982246227e-02 3.989094986855873300e-05 3.936904631522795424e-05
3.100000000000000000e+01 2.924933958962143421e-03 1.247082292796563609e-02 3.972832704385989891e-05 3.883660647304424161e-05
3.200000000000000000e+01 2.932572620247314056e-03 1.093743697028463045e-02 3.956922429658108468e-05 3.832844713874001814e-05
3.300000000000000000e+01 3.963610323356786015e-03 1.012307555403728354e-02 3.941571014373404074e-05 3.782391266962137637e-05
3.400000000000000000e+01 4.622158763070181170e-03 1.025706970880676909e-02 3.926798678918313719e-05 3.732681444038193783e-05
3.500000000000000000e+01 5.034522652393062792e-03 1.117689730283848507e-02 3.912411735085939707e-05 3.684769599140140127e-05
3.600000000000000000e+01 5.416737498305419958e-03 1.245602092383377504e-02 3.898076508695542876e-05 3.639914651580121571e-05
3.700000000000000000e+01 6.096146405420028482e-03 1.361813913675697513e-02 3.883311232241901079e-05 3.598921526615564675e-05
3.800000000000000000e+01 6.543081258062863684e-03 1.433067517113494407e-02 3.868383004448339136e-05 3.562150245607529172e-05
3.900000000000000000e+01 6.909340788643829855e-03 1.447654606813336166e-02 3.853815862896774533e-05 3.528557495158659663e-05
4.000000000000000000e+01 6.636571052512324313e-03 1.412826257247895567e-02 3.839220078373218437e-05 3.497038191256712862e-05
4.100000000000000000e+01 6.274932823324435964e-03 1.345833348639661163e-02 3.822650411076790962e-05 3.465620859978959042e-05
4.200000000000000000e+01 4.917878925031861533e-03 1.264863558445665677e-02 3.799706498871177493e-05 3.430149171552250906e-05
4.300000000000000000e+01 4.291008701690183190e-03 1.183185590279255822e-02 3.763372778984618771e-05 3.384187699929709387e-05
4.400000000000000000e+01 4.235353849500864479e-03 1.110439310103460663e-02 3.705404940032963314e-05 3.320592863963581535e-05
4.500000000000000000e+01 4.001144490285009521e-03 1.049518368814640785e-02 3.620613024513836284e-05 3.234785605502208327e-05
4.600000000000000000e+01 4.446470191601171670e-03 9.995122517647428775e-03 3.511886713245370974e-05 3.128702904881912317e-05
4.700000000000000000e+01 4.551884845487871520e-03 9.564556219806050197e-03 3.392145561879180229e-05 3.013098538238910971e-05
