# freqs 	 pli 	 dpli 	 meanpower(thalamus)	 meanpower(scalp)	pli
8.000000000000000000e+00 -2.527201346045989880e-02 -1.998831287224513489e-02 1.767335267534350500e-04 1.957940449993629355e-04
9.000000000000000000e+00 1.788879316494454939e-03 1.487855175694310396e-02 1.645121536476107339e-04 2.128553750130936521e-04
1.000000000000000000e+01 3.724614704328037956e-02 8.654535113550958225e-02 1.566756551189437666e-04 1.871640663389317969e-04
1.100000000000000000e+01 5.014614686831928708e-02 1.030450228334731655e-01 1.591389308609905500e-04 1.780038528007532291e-04
1.200000000000000000e+01 5.822257462637744907e-02 1.357396370596285207e-01 1.689014585055319370e-04 1.933262547264609651e-04
1.300000000000000000e+01 4.955541125429131083e-02 1.152216489141063838e-01 1.743277414186793803e-04 2.078717603518410214e-04
1.400000000000000000e+01 1.996713103045755569e-02 7.101336563687109249e-02 1.749775277220559568e-04 2.128966208575268370e-04
1.500000000000000000e+01 3.545676280009441624e-03 5.839122065559287228e-02 1.756508230329025867e-04 2.102777385926218564e-04
1.600000000000000000e+01 -4.452863795198454331e-04 5.748001316409332567e-02 1.775207312574932734e-04 2.040689461448613089e-04
1.700000000000000000e+01 -1.339910972190668306e-02 3.782227117200597649e-02 1.798662898997942358e-04 1.951728120457101826e-04
1.800000000000000000e+01 -2.310825358554965264e-02 8.743420801132623793e-03 1.825397485608216811e-04 1.833872552192231131e-04
1.900000000000000000e+01 -2.286863350057664543e-02 -6.269955748146425686e-03 1.871244221123003469e-04 1.703262522174325084e-04
2.000000000000000000e+01 -1.550174774606940913e-02 -4.810697259478967890e-03 1.975757816743240283e-04 1.577706671952652654e-04
2.100000000000000000e+01 -1.871649279694177770e-02 -3.921827013913600649e-04 2.218364191499485228e-04 1.465826132415707511e-04
2.200000000000000000e+01 -2.742493104921726182e-02 1.410942366258898743e-03 2.586350788278220974e-04 1.365515274508687354e-04
2.300000000000000000e+01 -3.170455177281990278e-02 3.345949626072294673e-03 2.873103690918530945e-04 1.278001529791627741e-04
2.400000000000000000e+01 -2.488548920120443875e-02 5.397873601262578001e-03 2.882796880436340665e-04 1.200685472566439079e-04
2.500000000000000000e+01 -1.762777500862696897e-02 6.017318036589744054e-03 2.615201495228867512e-04 1.133717334096931613e-04
2.600000000000000000e+01 -1.135836921150841332e-02 4.837564438608964179e-03 2.216831723444085181e-04 1.076923297067283345e-04
2.700000000000000000e+01 -6.481043245801592322e-03 2.433853160514180217e-03 1.842676999902322034e-04 1.028649079819388997e-04
2.800000000000000000e+01 -3.770050623006793449e-04 -2.801700946914763898e-04 1.569331316113917847e-04 9.877405503294560776e-05
2.900000000000000000e+01 1.709038045597986071e-03 -1.903232996590024624e-03 1.394676900202326006e-04 9.550683866767236785e-05
3.000000000000000000e+01 6.122285212580658685e-03 -2.087504355148617555e-03 1.284924340720129145e-04 9.303961864391496013e-05
3.100000000000000000e+01 4.717391764680970052e-03 -1.812037564879032505e-03 1.212317884979329538e-04 9.122233277843142690e-05
3.200000000000000000e+01 1.437742017951839117e-03 -2.525361542800550873e-03 1.160345577913529766e-04 8.965190993612883212e-05
3.300000000000000000e+01 4.074502512609882630e-04 -4.292646602948675151e-03 1.120032345775561150e-04 8.799698350695503782e-05
3.400000000000000000e+01 9.289472087237012543e-04 -6.148088629490408921e-03 1.086256182466463938e-04 8.606656332633101582e-05
3.500000000000000000e+01 8.808150102062691682e-04 -7.446889385065047495e-03 1.055592468378315976e-04 8.375425176076701703e-05
3.600000000000000000e+01 1.765687047673550380e-03 -7.873041102890922238e-03 1.026223799617974797e-04 8.114780665573777176e-05
3.700000000000000000e+01 9.754058385006618512e-05 -7.749433493586820737e-03 9.974312048344414127e-05 7.839133878290193477e-05
3.800000000000000000e+01 1.735857965157858900e-04 -7.580003685214254348e-03 9.691114231690792712e-05 7.566337864125745100e-05
3.900000000000000000e+01 -1.062826934807119955e-03 -7.284714826826085322e-03 9.414697953428749282e-05 7.302841957722450573e-05
4.000000000000000000e+01 -3.999409545072930144e-03 -7.046003720913596516e-03 9.148520379380292798e-05 7.056941022408849847e-05
4.100000000000000000e+01 -5.514329197394566076e-03 -6.938867868829613761e-03 8.894624454865083217e-05 6.829501149721571866e-05
4.200000000000000000e+01 -9.386606847350421196e-03 -7.082612448680147138e-03 8.650700671051495992e-05 6.613950614623076072e-05
4.300000000000000000e+01 -9.961203250836611969e-03 -7.482561108829228168e-03 8.406012528118592944e-05 6.395526554273257131e-05
4.400000000000000000e+01 -9.805900977378058034e-03 -8.541583782449105669e-03 8.144200880928652222e-05 6.165656306162173566e-05
4.500000000000000000e+01 -8.075302308537925591e-03 -1.028248576552238946e-02 7.846986667728158757e-05 5.910326474824021011e-05
4.600000000000000000e+01 -7.258254406960608883e-03 -1.286622215388325344e-02 7.506441889939542125e-05 5.628680199615930529e-05
4.700000000000000000e+01 -8.326544769154590672e-03 -1.638204826023814328e-02 7.132106615825781735e-05 5.333766504316111290e-05
