# freqs 	 pli 	 dpli 	 meanpower(thalamus)	 meanpower(scalp)	pli
8.000000000000000000e+00 -5.827245283865827019e-02 -1.022741193498624551e-01 1.108551399524319761e-04 2.403579912532938733e-04
9.000000000000000000e+00 3.008417932317386870e-02 6.963717749300869786e-02 9.899841025959856759e-05 1.674770518788950288e-04
1.000000000000000000e+01 2.267431899329349146e-02 5.547577073111038121e-02 9.199104589459612788e-05 1.473962315861330249e-04
1.100000000000000000e+01 1.785354109486039006e-03 6.002173182868231378e-03 8.605353949057283167e-05 1.450588328606297660e-04
1.200000000000000000e+01 -8.879206180659807157e-03 -2.311482735626380763e-02 8.232423719233171390e-05 1.475364591824096842e-04
1.300000000000000000e+01 -1.752290867742798547e-02 -5.840629058559537040e-02 8.116994402439257417e-05 1.510099533365589640e-04
1.400000000000000000e+01 -3.154352600964669545e-02 -9.844697324337690902e-02 8.216794752360591012e-05 1.514179359593047604e-04
1.500000000000000000e+01 -4.751184169288649728e-02 -1.289621887155525115e-01 8.523988787425063117e-05 1.492760816274734152e-04
1.600000000000000000e+01 -6.732017582853121185e-02 -1.535261745285164681e-01 8.955724963196922642e-05 1.476447775638200783e-04
1.700000000000000000e+01 -7.011474350639070041e-02 -1.621286275705783875e-01 9.352747409007084508e-05 1.477442947035655606e-04
1.800000000000000000e+01 -7.002068194858905581e-02 -1.532497835190759217e-01 9.588928935938961513e-05 1.498584010555215030e-04
1.900000000000000000e+01 -6.576062371943269813e-02 -1.383152986482954205e-01 9.638123190810087470e-05 1.544856051640529251e-04
2.000000000000000000e+01 -6.304957879824332756e-02 -1.247534144933100803e-01 9.572465861759615056e-05 1.617449069804301198e-04
2.100000000000000000e+01 -5.970222916838035382e-02 -1.168344812785373221e-01 9.495839127789965572e-05 1.707123055027813584e-04
2.200000000000000000e+01 -5.854160386878628358e-02 -1.139938673904473398e-01 9.486032813084908086e-05 1.788968631791839215e-04
2.300000000000000000e+01 -5.734435648512742345e-02 -1.097942996831000606e-01 9.623444703447954333e-05 1.845597698103658359e-04
2.400000000000000000e+01 -4.856051551213428491e-02 -9.861694875190167575e-02 1.005982836261331604e-04 1.879277711135158191e-04
2.500000000000000000e+01 -3.529531967286791277e-02 -8.129186757923254070e-02 1.083377600049540064e-04 1.890078043877778098e-04
2.600000000000000000e+01 -2.476419123605632169e-02 -6.362924930015577407e-02 1.164008494746275997e-04 1.862838320294825075e-04
2.700000000000000000e+01 -1.887359044809217359e-02 -4.941535587128733503e-02 1.201516855237530067e-04 1.788420544481326274e-04
2.800000000000000000e+01 -1.696654085829833042e-02 -4.031283984593714981e-02 1.171589124055649522e-04 1.676865192337643356e-04
2.900000000000000000e+01 -1.631251067823017917e-02 -3.662476270102738019e-02 1.084745100879481089e-04 1.548329772891701467e-04
3.000000000000000000e+01 -1.866378144441439152e-02 -3.833668031219899380e-02 9.716524525315329848e-05 1.422009549538907176e-04
3.100000000000000000e+01 -2.159194272933827319e-02 -4.423713440769557609e-02 8.620375277562597417e-05 1.311365155172652009e-04
3.200000000000000000e+01 -2.444433206058613944e-02 -5.231666626785030916e-02 7.728258640913310815e-05 1.221430531278207862e-04
3.300000000000000000e+01 -2.589549413101098138e-02 -5.986165198957439648e-02 7.076251820736488844e-05 1.152289453080706605e-04
3.400000000000000000e+01 -2.660462589072513928e-02 -6.400717514977488642e-02 6.623529417875120211e-05 1.101387149704126893e-04
3.500000000000000000e+01 -2.736238922303419960e-02 -6.430699608684962987e-02 6.307002932458608511e-05 1.064008263262659551e-04
3.600000000000000000e+01 -2.686369256239985390e-02 -6.098906581057536580e-02 6.076440854843794204e-05 1.036638128504188780e-04
3.700000000000000000e+01 -2.529849775313510254e-02 -5.537970339560536331e-02 5.899931439834615204e-05 1.016561141542407515e-04
3.800000000000000000e+01 -2.236659071532206070e-02 -4.889533978253820384e-02 5.759062348472649648e-05 1.002343233437660852e-04
3.900000000000000000e+01 -1.994500846023688698e-02 -4.266756077652758550e-02 5.641899216046890905e-05 9.918418015556602040e-05
4.000000000000000000e+01 -1.615177565219011110e-02 -3.710092933045991415e-02 5.541000800288202108e-05 9.842051591700074018e-05
4.100000000000000000e+01 -1.389397593049479518e-02 -3.224704308695414134e-02 5.448741199843595259e-05 9.782844970287094227e-05
4.200000000000000000e+01 -1.209977972846166920e-02 -2.795179903232446889e-02 5.356474450338516788e-05 9.725634556901110170e-05
4.300000000000000000e+01 -1.166925742944784940e-02 -2.382753031751239092e-02 5.252886215765486166e-05 9.645352010615263762e-05
4.400000000000000000e+01 -9.965284187481439696e-03 -1.998669867987329374e-02 5.126249233734797182e-05 9.523707031726374040e-05
4.500000000000000000e+01 -8.934221723240622776e-03 -1.624600718278826350e-02 4.969452283426123218e-05 9.336253435739075171e-05
4.600000000000000000e+01 -7.100032040854857736e-03 -1.255328328670613294e-02 4.785644251690027005e-05 9.084674484741530383e-05
4.700000000000000000e+01 -6.478285927174368825e-03 -8.914206921916315030e-03 4.590938061325753559e-05 8.798861712169716697e-05
