# freqs 	 pli 	 dpli 	 meanpower(thalamus)	 meanpower(scalp)	pli
8.000000000000000000e+00 1.769524199860254832e-01 3.697075197419485426e-01 1.977061243233406787e-04 7.555217788154207836e-04
9.000000000000000000e+00 8.082457320722750971e-02 1.330215273214896410e-01 1.903109570043023415e-04 6.067293724903854036e-04
1.000000000000000000e+01 -2.865451637549684683e-02 -1.121211730656666294e-01 1.896894020029641129e-04 5.123714959891751504e-04
1.100000000000000000e+01 -9.148547046950859796e-02 -2.273222945095973724e-01 1.883627754433710784e-04 4.912537157379016526e-04
1.200000000000000000e+01 -1.031497983867403767e-01 -2.625227749051898263e-01 1.837794486012441137e-04 4.732412347904820372e-04
1.300000000000000000e+01 -1.003499407498531781e-01 -2.634153137797842770e-01 1.724890847317894912e-04 4.293305691849128632e-04
1.400000000000000000e+01 -7.979913267669007382e-02 -2.092892792241328737e-01 1.572897452147282689e-04 3.585610704084864664e-04
1.500000000000000000e+01 -4.976231047565783661e-02 -1.251237485815847872e-01 1.446951119442726140e-04 2.806372620730333356e-04
1.600000000000000000e+01 -2.767268096725040635e-02 -7.449846053749235864e-02 1.368407827478334800e-04 2.216186633859036691e-04
1.700000000000000000e+01 -2.113284255929085559e-02 -6.997400921904567417e-02 1.312693687045318237e-04 1.858706456332418367e-04
1.800000000000000000e+01 -2.654607263302702011e-02 -8.568929129355457031e-02 1.259029625666404370e-04 1.646585354918070733e-04
1.900000000000000000e+01 -2.712315467120996956e-02 -9.808973075364789407e-02 1.203101800762802407e-04 1.506594518386579690e-04
2.000000000000000000e+01 -2.621914071764302676e-02 -1.002719891438458855e-01 1.145553974729859788e-04 1.403577238996099044e-04
2.100000000000000000e+01 -2.405862884085149811e-02 -9.714630123360841474e-02 1.087855350546446429e-04 1.322839510490432231e-04
2.200000000000000000e+01 -2.358537267131373405e-02 -9.273268609343954250e-02 1.030785880278988799e-04 1.256878738670316113e-04
2.300000000000000000e+01 -2.437438652745074763e-02 -8.815516848146445761e-02 9.773297168799183361e-05 1.199646945127484643e-04
2.400000000000000000e+01 -2.404902473656677503e-02 -8.176070090845376226e-02 9.289703754614172105e-05 1.146963804553283211e-04
2.500000000000000000e+01 -1.978228842050741912e-02 -7.095186311352510988e-02 8.856527191077628760e-05 1.096828019564790457e-04
2.600000000000000000e+01 -1.281339175426102900e-02 -5.534947486020254381e-02 8.466417718627605564e-05 1.048060823289087177e-04
2.700000000000000000e+01 -5.515283814016272088e-03 -3.758686014439810430e-02 8.111214490536162742e-05 1.000386389994988289e-04
2.800000000000000000e+01 1.011979989061346152e-03 -2.051977398002447980e-02 7.784609030237473555e-05 9.538135974312224102e-05
2.900000000000000000e+01 5.356644621515477787e-03 -6.546033231538326419e-03 7.483281195115383153e-05 9.094526572780788532e-05
3.000000000000000000e+01 7.151154571883393783e-03 3.333166545439706242e-03 7.203724240536906744e-05 8.691137531447262429e-05
3.100000000000000000e+01 8.221881334239646705e-03 9.014911238320107156e-03 6.949839261850910611e-05 8.341862300793096341e-05
3.200000000000000000e+01 1.034430556026920238e-02 1.125878490344000941e-02 6.719041331231757007e-05 8.049237178425195890e-05
3.300000000000000000e+01 1.093157413144989556e-02 1.113948980749248502e-02 6.506688022665461631e-05 7.807050532405075433e-05
3.400000000000000000e+01 1.100991396620461076e-02 1.003046251215644787e-02 6.312732622686799573e-05 7.606678077133195953e-05
3.500000000000000000e+01 1.163904684651061346e-02 8.968005842443118117e-03 6.135206167790298348e-05 7.437535095399713792e-05
3.600000000000000000e+01 1.179614900430558250e-02 8.584143338059619169e-03 5.972304171950450300e-05 7.292395110208262294e-05
3.700000000000000000e+01 1.191792946386853284e-02 8.727732625106532707e-03 5.821944558676768488e-05 7.167935630703727642e-05
3.800000000000000000e+01 1.198154188805655544e-02 8.846184184618499299e-03 5.683284398335312876e-05 7.062802604724444154e-05
3.900000000000000000e+01 1.259753224573738166e-02 8.375306093875238209e-03 5.554422851271238282e-05 6.973718055481248834e-05
4.000000000000000000e+01 1.328975284593259670e-02 7.179956144191220954e-03 5.435517810535064176e-05 6.897763840774214417e-05
4.100000000000000000e+01 1.277741723484869703e-02 5.420807504607987916e-03 5.324873462128633768e-05 6.828969196125990720e-05
4.200000000000000000e+01 1.130775731095996946e-02 3.395261299598168435e-03 5.218389491932963909e-05 6.756469964721435577e-05
4.300000000000000000e+01 1.040752229517415833e-02 1.423335500795924226e-03 5.106946514707354305e-05 6.664818002000781464e-05
4.400000000000000000e+01 9.000753009525588877e-03 -5.301455859874132023e-04 4.980893193016448924e-05 6.539158226016480427e-05
4.500000000000000000e+01 7.506701416817909353e-03 -2.357295111287498884e-03 4.830825107060588032e-05 6.369537978754652397e-05
4.600000000000000000e+01 6.328229093388938395e-03 -4.043226081433412555e-03 4.656439690769536660e-05 6.159950073291208851e-05
4.700000000000000000e+01 5.379167855724447701e-03 -5.554821782340076119e-03 4.469683520419630388e-05 5.932344905768087282e-05
