# freqs 	 pli 	 dpli 	 meanpower(thalamus)	 meanpower(scalp)	pli
8.000000000000000000e+00 -5.422615622116869205e-02 -1.266366807172850384e-01 4.854437837682789772e-05 2.018751148004630956e-04
9.000000000000000000e+00 -1.793395846872775784e-02 -3.843930839749800515e-02 4.808478062670426447e-05 1.551686739799574991e-04
1.000000000000000000e+01 -4.705698705501764885e-04 -4.481302590963708900e-03 5.087060591105067501e-05 1.350448380700959496e-04
1.100000000000000000e+01 3.885732491801765359e-03 2.160264355179680219e-03 5.675057070513151288e-05 1.308215707113112580e-04
1.200000000000000000e+01 -1.526728587755735991e-03 1.080322063754337973e-02 6.330593594042005989e-05 1.346349008600910180e-04
1.300000000000000000e+01 1.710833143290839062e-02 3.912254464731570319e-02 6.709759042656570965e-05 1.403619911789882305e-04
1.400000000000000000e+01 3.885942062238778583e-02 8.099685617478032118e-02 6.674338711922345819e-05 1.429812025475997645e-04
1.500000000000000000e+01 5.853716174173383829e-02 1.184039759995585833e-01 6.335350584471736535e-05 1.421937681744793610e-04
1.600000000000000000e+01 7.209116093359203836e-02 1.466335649856285450e-01 5.879263231056766354e-05 1.387896393331809622e-04
1.700000000000000000e+01 7.174737396770035358e-02 1.546520199680417318e-01 5.459023495957089411e-05 1.336196370206352117e-04
1.800000000000000000e+01 6.097290232483192768e-02 1.320252120272718821e-01 5.126826870637720139e-05 1.274858442379234560e-04
1.900000000000000000e+01 3.618189988397074730e-02 7.838588233053220278e-02 4.883641358363652698e-05 1.212568969545052772e-04
2.000000000000000000e+01 5.052698167626277007e-03 7.336707071933364251e-03 4.705447642124174551e-05 1.155774807337960682e-04
2.100000000000000000e+01 -2.683965216025053363e-02 -5.727708041364813069e-02 4.549524773845732957e-05 1.106507727825038068e-04
2.200000000000000000e+01 -4.640998625213110101e-02 -9.779957704358606396e-02 4.394837034046672833e-05 1.062749473835106499e-04
2.300000000000000000e+01 -5.033370957014498409e-02 -1.074984677001628447e-01 4.239697580657874763e-05 1.019735409251512230e-04
2.400000000000000000e+01 -4.264892330802683151e-02 -9.021353513496672971e-02 4.097973279011706053e-05 9.754946302012171202e-05
2.500000000000000000e+01 -2.716905466576916353e-02 -5.932634919383638489e-02 3.984960503052963472e-05 9.329675014959254485e-05
2.600000000000000000e+01 -1.378052090796224628e-02 -3.060185604375192242e-02 3.902854430210017683e-05 8.965658612910191560e-05
2.700000000000000000e+01 -7.313915828822262384e-03 -1.308371749877219707e-02 3.845008619510149119e-05 8.684920428177366120e-05
2.800000000000000000e+01 -3.521314576695493657e-03 -7.377290842111555724e-03 3.804139088531190166e-05 8.476791987960293341e-05
2.900000000000000000e+01 -4.364794449460088037e-03 -9.321640567927327523e-03 3.773199883410874756e-05 8.321267675065052987e-05
3.000000000000000000e+01 -6.578132030825582094e-03 -1.388495209744117047e-02 3.747531933627689337e-05 8.200114881275236643e-05
3.100000000000000000e+01 -8.326651233457917078e-03 -1.733474815638089486e-02 3.723582498847625419e-05 8.107066366172086967e-05
3.200000000000000000e+01 -9.872007831926016275e-03 -1.819940692340684882e-02 3.702206643030227088e-05 8.040934126354427425e-05
3.300000000000000000e+01 -8.748037270889227890e-03 -1.722827764957149052e-02 3.683149444553112241e-05 7.996979465264214342e-05
3.400000000000000000e+01 -9.231214062523558986e-03 -1.620719300705752985e-02 3.665358735106506526e-05 7.972148476872404168e-05
3.500000000000000000e+01 -9.634210358305726057e-03 -1.677126561830723575e-02 3.648291643438999115e-05 7.959042100105751753e-05
3.600000000000000000e+01 -9.244906923729185808e-03 -1.943301835803649263e-02 3.631910664632003941e-05 7.953532348826855124e-05
3.700000000000000000e+01 -1.000574757722115862e-02 -2.357369974562372600e-02 3.617347030739791929e-05 7.948637568006868253e-05
3.800000000000000000e+01 -1.095581575095063397e-02 -2.802111966586639386e-02 3.603674718048357334e-05 7.938843307440009167e-05
3.900000000000000000e+01 -1.208054523418261583e-02 -3.145954309132575205e-02 3.589417621383419972e-05 7.918759315438899488e-05
4.000000000000000000e+01 -1.359296197653992247e-02 -3.319687460271155549e-02 3.572559231381634257e-05 7.886549689401082576e-05
4.100000000000000000e+01 -1.245876621522873894e-02 -3.302490174433148074e-02 3.550922539394770253e-05 7.839897283402025394e-05
4.200000000000000000e+01 -1.146804924575130918e-02 -3.125469598761827783e-02 3.520771145676525625e-05 7.772442299617427777e-05
4.300000000000000000e+01 -9.855610635899946306e-03 -2.841704541409846227e-02 3.476350907500791649e-05 7.672385369850792615e-05
4.400000000000000000e+01 -8.309256705733399778e-03 -2.518805972137004232e-02 3.411540282291228900e-05 7.528757042365815028e-05
4.500000000000000000e+01 -6.707491285037862558e-03 -2.188956660671063925e-02 3.323273081149710284e-05 7.333177904393516262e-05
4.600000000000000000e+01 -5.614124761177511497e-03 -1.862531939995743305e-02 3.215121045333195758e-05 7.092041785195266979e-05
4.700000000000000000e+01 -4.300269120460581407e-03 -1.530297418445256824e-02 3.099441416556038991e-05 6.831499930060684601e-05
