# freqs 	 pli 	 dpli 	 meanpower(thalamus)	 meanpower(scalp)	pli
8.000000000000000000e+00 -1.418234939294055717e-02 1.517134044035673562e-02 8.636805705033255413e-05 4.132313665250545711e-04
9.000000000000000000e+00 -4.023879550732031851e-02 -9.996550200540388342e-02 7.681132578715459851e-05 2.876798274454541631e-04
1.000000000000000000e+01 -1.799900573453111843e-02 -5.089561662176002310e-02 6.973417327507368539e-05 2.299701530614739996e-04
1.100000000000000000e+01 -7.937103040704730425e-03 -3.280336968703884831e-02 6.348191405726737353e-05 1.892040696527605014e-04
1.200000000000000000e+01 -1.215959275912038319e-02 -1.103521989707444695e-01 5.866830247564178429e-05 1.634143250368350032e-04
1.300000000000000000e+01 -2.175655951703863930e-02 -1.855393893150942830e-01 5.588823151402160807e-05 1.504984039421525894e-04
1.400000000000000000e+01 -3.425513445450296263e-02 -1.697058520722393715e-01 5.412137990723478649e-05 1.424934520211489650e-04
1.500000000000000000e+01 -2.894787537409207120e-02 -9.440380809531039030e-02 5.259114095479288682e-05 1.331231189671263173e-04
1.600000000000000000e+01 -1.399035799651591506e-02 -2.969193581379072147e-02 5.127363852273123890e-05 1.217246675767577510e-04
1.700000000000000000e+01 -2.321383899871153934e-03 -2.687859157203955057e-03 5.021003975971913974e-05 1.106368523014597711e-04
1.800000000000000000e+01 3.618788751196210657e-03 7.332377248829136281e-03 4.944319628777017755e-05 1.016236265782321152e-04
1.900000000000000000e+01 6.099621361362832402e-03 1.391692258815591804e-02 4.905617559577561047e-05 9.497678807003782280e-05
2.000000000000000000e+01 6.233944031674455537e-03 1.612390470261860012e-02 4.908707328285951646e-05 9.025868941956451629e-05
2.100000000000000000e+01 7.328288468203141698e-03 1.558868917867188217e-02 4.942923863091640909e-05 8.724019363870715851e-05
2.200000000000000000e+01 1.129150851533157127e-02 1.914358306218047825e-02 4.996968123101756207e-05 8.567838669572703635e-05
2.300000000000000000e+01 1.340936157163797812e-02 2.757870258851353312e-02 5.060604090353339136e-05 8.498889511619657099e-05
2.400000000000000000e+01 1.890415005169103491e-02 3.438767590146421527e-02 5.121201950666530255e-05 8.463176466654957232e-05
2.500000000000000000e+01 1.661970422872417405e-02 3.586277123383214277e-02 5.162701187568423204e-05 8.412163189252923074e-05
2.600000000000000000e+01 1.594401994184503971e-02 3.455168156521974676e-02 5.175434446248197517e-05 8.305216386555903799e-05
2.700000000000000000e+01 1.224449155096019558e-02 3.342485080475629533e-02 5.157001566749450571e-05 8.134924166049242202e-05
2.800000000000000000e+01 1.425951746274239929e-02 3.322297680357743505e-02 5.112310914337590812e-05 7.918924445374937433e-05
2.900000000000000000e+01 1.448783322342863528e-02 3.308014020346218553e-02 5.052558499007871851e-05 7.679888670964095322e-05
3.000000000000000000e+01 1.461535852118979115e-02 3.270661785670447852e-02 4.986744436044328668e-05 7.434840723798610417e-05
3.100000000000000000e+01 1.731059293665286949e-02 3.221788309713051468e-02 4.921375939720849173e-05 7.199157758962311158e-05
3.200000000000000000e+01 1.877420244098440549e-02 3.162472502482804176e-02 4.858265100963948314e-05 6.981689714166642723e-05
3.300000000000000000e+01 1.756660720619359142e-02 3.041914326685224434e-02 4.797268826292058823e-05 6.792129065199169408e-05
3.400000000000000000e+01 1.800675447834364923e-02 2.823716512464568770e-02 4.737032283372577128e-05 6.633991188033579753e-05
3.500000000000000000e+01 1.755554461321564078e-02 2.508851464200844567e-02 4.675424482038693810e-05 6.499383871247412501e-05
3.600000000000000000e+01 1.683043979233826704e-02 2.127580179376310429e-02 4.611342798017543910e-05 6.387063970091467287e-05
3.700000000000000000e+01 1.578432019288353999e-02 1.736478641999024755e-02 4.545867841646829770e-05 6.295437434494929266e-05
3.800000000000000000e+01 1.366527311179339954e-02 1.391338740950505762e-02 4.479766138297486760e-05 6.225545575486058790e-05
3.900000000000000000e+01 1.256273952599812511e-02 1.176790440051395624e-02 4.411969859543791572e-05 6.173348858288848899e-05
4.000000000000000000e+01 1.051231591848412333e-02 1.115376756552556754e-02 4.341072887257142857e-05 6.135180207985044287e-05
4.100000000000000000e+01 9.845893166844563865e-03 1.194907297891756141e-02 4.265278490463261292e-05 6.106976866404403045e-05
4.200000000000000000e+01 8.687978842185964043e-03 1.366875340989533866e-02 4.181019721019279802e-05 6.081197576780468186e-05
4.300000000000000000e+01 8.052524067528004162e-03 1.571339696398478883e-02 4.082641552454117879e-05 6.040650448169859353e-05
4.400000000000000000e+01 9.860807498994384954e-03 1.757204143623414261e-02 3.964180016923940937e-05 5.973021401899062549e-05
4.500000000000000000e+01 9.898905342841076219e-03 1.899488347290349127e-02 3.822597904149006458e-05 5.866163325739231761e-05
4.600000000000000000e+01 9.793169793169792872e-03 1.985277437637605544e-02 3.661585740481999526e-05 5.725751981528158236e-05
4.700000000000000000e+01 1.006044467908706434e-02 2.008233487007508519e-02 3.493462264459531471e-05 5.573084317599544469e-05
