# freqs 	 pli 	 dpli 	 meanpower(thalamus)	 meanpower(scalp)	pli
8.000000000000000000e+00 1.837459998932063077e-02 1.298939788846713121e-02 2.329318771795437599e-04 2.806015833236554977e-04
9.000000000000000000e+00 -8.229773485071345193e-03 -5.985045681940723977e-02 2.153398701265022016e-04 2.542204773350572114e-04
1.000000000000000000e+01 -7.069458043207458263e-03 -4.503625300937642850e-02 2.000074839941016981e-04 2.146145822553182216e-04
1.100000000000000000e+01 2.106698488827283503e-03 -1.270121552874099204e-02 1.944922949416349924e-04 1.855372550206650900e-04
1.200000000000000000e+01 3.350847344693169954e-04 -1.684064176198146745e-02 2.001749099586196427e-04 1.679360973546745466e-04
1.300000000000000000e+01 -8.489236462153024881e-03 -4.792055904031493341e-02 1.950669795269085647e-04 1.527570197015287669e-04
1.400000000000000000e+01 -1.664260244849409542e-02 -6.884373830851540921e-02 1.762188931674847549e-04 1.384059295858963235e-04
1.500000000000000000e+01 -1.792628189408282391e-02 -6.830628134822276654e-02 1.550145991039953125e-04 1.248963795584972537e-04
1.600000000000000000e+01 -1.470134228407197520e-02 -5.330245106394773669e-02 1.387101205050447772e-04 1.122490510752991436e-04
1.700000000000000000e+01 -8.125454679017348261e-03 -3.479171610246909602e-02 1.274870581621558312e-04 1.011518459289414051e-04
1.800000000000000000e+01 -1.843450401999146811e-03 -1.910988201768890754e-02 1.191869099694526881e-04 9.203255277844521237e-05
1.900000000000000000e+01 2.340394340642485554e-03 -7.663886775354849731e-03 1.120131128047789453e-04 8.499574237267977701e-05
2.000000000000000000e+01 5.480142422605194241e-03 3.931116188719742540e-04 1.052373633351501021e-04 7.982503183738506620e-05
2.100000000000000000e+01 9.050840600544198672e-03 5.230084818785141546e-03 9.900537796460924121e-05 7.611532060234188740e-05
2.200000000000000000e+01 1.070664640738177090e-02 6.210001885664067842e-03 9.373064703185375341e-05 7.344956943632379896e-05
2.300000000000000000e+01 1.090846284110770503e-02 4.117160873242077523e-03 8.937930350782366334e-05 7.159554628542016063e-05
2.400000000000000000e+01 1.003848534596442181e-02 1.328588416377793693e-03 8.550276985324591278e-05 7.043035872821503556e-05
2.500000000000000000e+01 9.689698522848542300e-03 -3.207042333000306592e-04 8.168892998050890982e-05 6.983226331402133530e-05
2.600000000000000000e+01 8.798280781754470523e-03 -4.035520264093163043e-04 7.782946940016193145e-05 6.968384131004936709e-05
2.700000000000000000e+01 8.625156098136731522e-03 6.509436153840071713e-04 7.404347649487260719e-05 6.991071697742687807e-05
2.800000000000000000e+01 7.895882314405713170e-03 2.334783610521732992e-03 7.053334782415083973e-05 7.039455727309170373e-05
2.900000000000000000e+01 7.771147024186319564e-03 4.113040181433326795e-03 6.745953463660624605e-05 7.100964026411788475e-05
3.000000000000000000e+01 7.718226019839490200e-03 5.643201924444515329e-03 6.487942972018687017e-05 7.162492458282186138e-05
3.100000000000000000e+01 7.781692926902976891e-03 6.810673053586388526e-03 6.275605633892818570e-05 7.222115834161228136e-05
3.200000000000000000e+01 7.412619735822910914e-03 7.582471077696545728e-03 6.100935715096652098e-05 7.280302299643024095e-05
3.300000000000000000e+01 6.905911166188439566e-03 7.973072006833751765e-03 5.955215731214001434e-05 7.338634408298873681e-05
3.400000000000000000e+01 6.549066300197144141e-03 8.006289930108070191e-03 5.830261446476467228e-05 7.403678599659885512e-05
3.500000000000000000e+01 5.601537800170206319e-03 7.852825253577727302e-03 5.719216424365917734e-05 7.474592766664899977e-05
3.600000000000000000e+01 5.307340170384715686e-03 7.715730355833024141e-03 5.616630906672584971e-05 7.553277178406988840e-05
3.700000000000000000e+01 5.124708968038136150e-03 7.754352699865215207e-03 5.519045765083890214e-05 7.638950004047658513e-05
3.800000000000000000e+01 5.068648048493892312e-03 8.020714299729203231e-03 5.425699232968951991e-05 7.731902508784244414e-05
3.900000000000000000e+01 5.448336733643619617e-03 8.402119236498670901e-03 5.337092523338950260e-05 7.826846521553614141e-05
4.000000000000000000e+01 5.718832162543413707e-03 8.817350852743025338e-03 5.253515120549925020e-05 7.921965397772146543e-05
4.100000000000000000e+01 5.870589530603986805e-03 9.213444006092882596e-03 5.173834157139525091e-05 8.010482578207910075e-05
4.200000000000000000e+01 6.089249320363047425e-03 9.580328610532800465e-03 5.093199001523680700e-05 8.080424964236647889e-05
4.300000000000000000e+01 6.454423077688812779e-03 9.945637864014748863e-03 5.002871151964003002e-05 8.111339935578508887e-05
4.400000000000000000e+01 6.478597383666436296e-03 1.028226524282075359e-02 4.892276497852170712e-05 8.087689842340261138e-05
4.500000000000000000e+01 7.030892827802103298e-03 1.061087638721956543e-02 4.754052213777382906e-05 7.997720527580992394e-05
4.600000000000000000e+01 7.413526670988097693e-03 1.096199778397779698e-02 4.589985689563863568e-05 7.851019693432863202e-05
4.700000000000000000e+01 7.381321793168861903e-03 1.137374898634564008e-02 4.414506406136227195e-05 7.681648652460003085e-05
