# freqs 	 pli 	 dpli 	 meanpower(thalamus)	 meanpower(scalp)	pli
8.000000000000000000e+00 -6.823905444238650975e-02 -1.364463223382854917e-01 8.248931766245432584e+01 1.328528150560225640e+02
9.000000000000000000e+00 -4.880575910491285335e-02 -9.587403724792106785e-02 7.861170234119781242e+01 1.318111745530176222e+02
1.000000000000000000e+01 -2.284063367171309047e-02 -4.391424761341002764e-02 7.800675201727825936e+01 1.169824284937090653e+02
1.100000000000000000e+01 -1.002787191501117343e-02 -1.714505177226905222e-02 8.212357125236255229e+01 1.043080355457656054e+02
1.200000000000000000e+01 -9.712382114202599073e-03 -4.008352977481783458e-02 8.606231663296678391e+01 9.497081165941895620e+01
1.300000000000000000e+01 -1.056296435809238494e-02 -5.537134125982608873e-02 8.568559386460900384e+01 8.693063109299338009e+01
1.400000000000000000e+01 -2.856217841746627566e-03 -6.753710300069160066e-02 8.472923590840426300e+01 8.080021486198199909e+01
1.500000000000000000e+01 -7.637123295991947100e-03 -9.230602203173055020e-02 8.459970420943274405e+01 7.684918110184912621e+01
1.600000000000000000e+01 -1.367418354214144580e-02 -1.017403398100810569e-01 8.327029208202269217e+01 7.385344685687103095e+01
1.700000000000000000e+01 -1.789467139215320662e-02 -9.063601080202904337e-02 8.012750394881553007e+01 7.112216168953494844e+01
1.800000000000000000e+01 -1.964196030781693164e-02 -7.389134649283905787e-02 7.678538133248711972e+01 6.877071870346705396e+01
1.900000000000000000e+01 -1.933155120595653545e-02 -5.938313262515634156e-02 7.441539038951903251e+01 6.683998559587415400e+01
2.000000000000000000e+01 -2.079067281121883826e-02 -5.046029088057993328e-02 7.343163536052585982e+01 6.539881479526650310e+01
2.100000000000000000e+01 -2.344954563073345030e-02 -4.982553520227465255e-02 7.357818643856118968e+01 6.499805816305649842e+01
2.200000000000000000e+01 -2.877662235659298254e-02 -5.968250882463406459e-02 7.491352582560988083e+01 6.695996047628024428e+01
2.300000000000000000e+01 -3.676383233211036328e-02 -7.539849195309873686e-02 7.854351668240749973e+01 7.245743736625824738e+01
2.400000000000000000e+01 -3.762745132797555569e-02 -7.938383635846030240e-02 8.497035207574906224e+01 7.965245952025068732e+01
2.500000000000000000e+01 -3.688526790075610795e-02 -6.447043180892354786e-02 9.200706447491575091e+01 8.421821725889719801e+01
2.600000000000000000e+01 -2.989879220210656455e-02 -4.011781001226542853e-02 9.607625122148778019e+01 8.332872515828393034e+01
2.700000000000000000e+01 -2.353005510182418214e-02 -1.686571003902359242e-02 9.540984802165093015e+01 7.748192365294890749e+01
2.800000000000000000e+01 -1.582409220851942883e-02 -7.046433933220991970e-04 9.101475725758736246e+01 6.921366118449591909e+01
2.900000000000000000e+01 -1.201461269972358900e-02 6.440921567350158666e-03 8.538996704800534587e+01 6.110587957700219164e+01
3.000000000000000000e+01 -7.362342927760156044e-03 6.373943042747216327e-03 8.091808415100932450e+01 5.465758815773948243e+01
3.100000000000000000e+01 -3.687347207891458062e-03 2.827569096913896442e-03 7.898826990160625883e+01 5.017065165001942262e+01
3.200000000000000000e+01 -1.917624007689752415e-03 -1.316962973033217882e-03 7.974669786404993488e+01 4.724927676691038414e+01
3.300000000000000000e+01 -1.225684179903913269e-03 -4.661191333605263498e-03 8.247708437119283076e+01 4.535025056450094638e+01
3.400000000000000000e+01 4.740960239538753100e-04 -6.491950803426013890e-03 8.608906266455952050e+01 4.407206737107187422e+01
3.500000000000000000e+01 1.343374981163894966e-03 -6.380160524310474549e-03 8.940698775830692568e+01 4.315125728003723538e+01
3.600000000000000000e+01 2.216482315954238554e-03 -4.500284943309795956e-03 9.151261671022449207e+01 4.243131210424745348e+01
3.700000000000000000e+01 2.267721447325413142e-03 -1.493273058374382841e-03 9.190953112382899803e+01 4.182583730924565657e+01
3.800000000000000000e+01 8.220672749964502007e-04 1.759974448931778991e-03 9.059000612902255511e+01 4.129258238233158096e+01
3.900000000000000000e+01 2.171514995941417701e-03 4.455775890317003642e-03 8.785380910707051783e+01 4.081082451098360764e+01
4.000000000000000000e+01 3.517068881623315081e-03 5.951732726487775696e-03 8.423026581032756610e+01 4.036960181429722638e+01
4.100000000000000000e+01 4.362661506219686278e-03 5.912524225050531761e-03 8.024788516906097868e+01 3.994449010863230853e+01
4.200000000000000000e+01 3.657628092972757539e-03 4.322021211326585247e-03 7.632551025748969664e+01 3.948451519563568013e+01
4.300000000000000000e+01 3.052911624474272806e-03 1.463617205246878260e-03 7.265863409579216636e+01 3.891327490373208775e+01
4.400000000000000000e+01 8.268705747630143666e-04 -2.172343172261113550e-03 6.924589356921296712e+01 3.814564423450908492e+01
4.500000000000000000e+01 -9.801533601565260139e-04 -6.056215828854328263e-03 6.595425277257591290e+01 3.712815680211852509e+01
4.600000000000000000e+01 -2.964199945756686334e-03 -9.784069097800955975e-03 6.270847740364096978e+01 3.588282181454390241e+01
4.700000000000000000e+01 -5.351519051535671458e-03 -1.309566389337586852e-02 5.958309378754080399e+01 3.453146287146070392e+01
