# freqs 	 pli 	 dpli 	 meanpower(thalamus)	 meanpower(scalp)	pli
8.000000000000000000e+00 -4.505522088353413473e-02 -1.184545272166294882e-03 3.720958107137695947e+01 3.687864901108080744e+02
9.000000000000000000e+00 -9.347169519089289225e-02 -1.319013731511043674e-01 4.153343416224782914e+01 3.647421185899074771e+02
1.000000000000000000e+01 -6.693998984108555372e-02 -2.172769125709630711e-01 4.471555270688842398e+01 3.074919024992775007e+02
1.100000000000000000e+01 -7.858967807869186861e-02 -2.192649861290581481e-01 4.719338948762280239e+01 2.640773664536617957e+02
1.200000000000000000e+01 -4.570113166240079988e-02 -1.374721748015000911e-01 4.984345998614664097e+01 2.464703662627651681e+02
1.300000000000000000e+01 -7.771148845035949493e-03 -1.569464458733017820e-02 5.115035574995010847e+01 2.381409772533022817e+02
1.400000000000000000e+01 3.409885754255071247e-03 2.883310468605270946e-02 5.029569741465506638e+01 2.257659195533841796e+02
1.500000000000000000e+01 5.409647672169745278e-03 2.059723343754653671e-02 4.777674877866611070e+01 2.127171849488906901e+02
1.600000000000000000e+01 -1.494344089203330367e-02 -1.465873817502941386e-02 4.447476410920754120e+01 2.000420284835373650e+02
1.700000000000000000e+01 -4.243698024105138633e-02 -4.995864801338767425e-02 4.121711317946860476e+01 1.854938113609633490e+02
1.800000000000000000e+01 -3.082458921516821257e-02 -5.503539460978830455e-02 3.859359229447198913e+01 1.705807926356862652e+02
1.900000000000000000e+01 -2.716874375045728526e-02 -3.847155204162604203e-02 3.684222385990435100e+01 1.584614172502652991e+02
2.000000000000000000e+01 -1.798941798941798911e-02 -3.108488690398805016e-02 3.588535447844206772e+01 1.494661686031938359e+02
2.100000000000000000e+01 -5.121787295186447375e-03 -3.447382542724804905e-02 3.548976717219522925e+01 1.428028869426035783e+02
2.200000000000000000e+01 -1.255524877572121618e-02 -2.958445321657285701e-02 3.540144902804708238e+01 1.384061355399566651e+02
2.300000000000000000e+01 -1.189309576837416400e-02 -1.271095788608556966e-02 3.543263343555675249e+01 1.362350797630191153e+02
2.400000000000000000e+01 -6.109801867853714014e-03 2.317037444533347722e-03 3.546135076066900638e+01 1.351459354366865853e+02
2.500000000000000000e+01 -6.207198641040159899e-03 9.411633283095301519e-03 3.539714710617656834e+01 1.346724597551689442e+02
2.600000000000000000e+01 -3.706901998778407495e-03 1.309796773892489552e-02 3.522442966023071165e+01 1.346679865002859060e+02
2.700000000000000000e+01 7.832144771012820514e-03 1.787348458342677762e-02 3.496630753013806725e+01 1.348201306648198283e+02
2.800000000000000000e+01 1.926338129715568157e-02 2.406665798031744699e-02 3.465964022315181126e+01 1.339870504839886394e+02
2.900000000000000000e+01 2.204881952781112542e-02 2.762650014655271616e-02 3.434815763164677094e+01 1.319774221541161978e+02
3.000000000000000000e+01 2.259864566991679272e-02 2.789593980654225119e-02 3.406601916001423547e+01 1.290220687282612744e+02
3.100000000000000000e+01 1.439524331090596097e-02 2.617117411313397632e-02 3.382581185447395455e+01 1.258579970692218524e+02
3.200000000000000000e+01 1.588157679305795059e-02 2.323500485943057539e-02 3.362544294660865773e+01 1.226520254604582334e+02
3.300000000000000000e+01 9.785558656014678100e-03 1.995238937958094400e-02 3.346433333792062115e+01 1.194535081692789760e+02
3.400000000000000000e+01 7.130091242592418235e-03 1.619087995979458586e-02 3.335280259639360878e+01 1.166334961633353657e+02
3.500000000000000000e+01 7.055134570159393888e-03 1.440635855904814910e-02 3.330366472127980870e+01 1.141959777583639664e+02
3.600000000000000000e+01 1.083172863279514148e-02 1.630044670102948415e-02 3.331575369097942740e+01 1.124041010762377510e+02
3.700000000000000000e+01 1.471182456011460929e-02 2.241419770465357536e-02 3.337890538825321585e+01 1.110289285875808929e+02
3.800000000000000000e+01 1.975770387836409472e-02 3.146976928818373542e-02 3.346971073117926210e+01 1.099616255855449225e+02
3.900000000000000000e+01 2.280912364945978515e-02 4.108743588023516802e-02 3.354918480446632856e+01 1.090134495411194564e+02
4.000000000000000000e+01 2.092622528555948200e-02 5.001642431332947031e-02 3.357395397975065521e+01 1.083264865998819886e+02
4.100000000000000000e+01 2.145869838949695033e-02 5.773691519792268495e-02 3.350585877347339192e+01 1.078644807854432486e+02
4.200000000000000000e+01 1.729179578048759339e-02 6.468893181520628255e-02 3.330080831714349898e+01 1.074779627708045524e+02
4.300000000000000000e+01 1.540637029407400209e-02 7.101951062671044146e-02 3.290561096760025350e+01 1.067861208146453862e+02
4.400000000000000000e+01 1.529729355575551973e-02 7.710695931494356004e-02 3.227177653775456179e+01 1.058659353808523491e+02
4.500000000000000000e+01 1.689420965971459923e-02 8.252125610193923599e-02 3.137709606811424123e+01 1.042827523601429931e+02
4.600000000000000000e+01 1.999014091689473027e-02 8.705335681870633724e-02 3.025948550068159548e+01 1.019196876350795264e+02
4.700000000000000000e+01 2.366794131024375566e-02 9.038565889324509661e-02 2.903402560344980898e+01 9.910698971488123732e+01
