# freqs 	 pli 	 dpli 	 meanpower(thalamus)	 meanpower(scalp)	pli
8.000000000000000000e+00 -1.037336056675538902e-02 2.531107109719237663e-02 1.859993119790165808e-05 3.737177057665967759e-04
9.000000000000000000e+00 -1.025171330553479969e-02 -8.095641887942144066e-03 1.809110665571182658e-05 2.745472469421718288e-04
1.000000000000000000e+01 -1.132057293339328204e-03 -3.721371241688378739e-02 1.808433509586440533e-05 1.977761644830245704e-04
1.100000000000000000e+01 -1.851123753279786815e-02 -6.109535982595241943e-02 1.837701129269873386e-05 1.613297705933515664e-04
1.200000000000000000e+01 -2.177452340661015229e-02 -5.131828432154562220e-02 1.868846685707408175e-05 1.450547977849425837e-04
1.300000000000000000e+01 -1.405356870856281672e-02 -2.301598134756057540e-02 1.900025418666680260e-05 1.372625577974239742e-04
1.400000000000000000e+01 -9.023737398022150386e-03 7.457421336903684306e-03 1.942444777566906464e-05 1.337890488033120480e-04
1.500000000000000000e+01 -2.059014397077321180e-03 1.738255427508582363e-02 1.970535219356327262e-05 1.286527621046012831e-04
1.600000000000000000e+01 9.859673853842950558e-03 1.879616932402252555e-02 1.990063996826251565e-05 1.200879420940486372e-04
1.700000000000000000e+01 6.237888566807066153e-03 1.758217358076446038e-02 2.012381906510334940e-05 1.092986091791019746e-04
1.800000000000000000e+01 2.858126446075880556e-03 1.507254166085051153e-02 2.038471763193780857e-05 9.841317385357203592e-05
1.900000000000000000e+01 -6.003265776582460914e-04 1.290769721882088598e-02 2.062817837723828978e-05 8.951159295149399369e-05
2.000000000000000000e+01 -1.736666880081951534e-03 5.751026185775500246e-03 2.084847955046341351e-05 8.249311913524685859e-05
2.100000000000000000e+01 -9.066030790897161226e-03 -8.104057282043960683e-03 2.109234914920912136e-05 7.664199104405506225e-05
2.200000000000000000e+01 -1.462552105418963612e-02 -1.910668739675303041e-02 2.132947393907622544e-05 7.169133116646535968e-05
2.300000000000000000e+01 -1.017583718660501450e-02 -1.703211285135535977e-02 2.155716207936355186e-05 6.748037594044317504e-05
2.400000000000000000e+01 -8.158890390906836871e-04 -4.309067302428002538e-03 2.174690275356929109e-05 6.361062211260690863e-05
2.500000000000000000e+01 4.446861603429522365e-03 8.875111464342078441e-03 2.193284419546899177e-05 5.994898736891512650e-05
2.600000000000000000e+01 6.621775083571920101e-03 1.620294168325829218e-02 2.217414343137499050e-05 5.656751977997205664e-05
2.700000000000000000e+01 4.997721039206121964e-03 1.812932344758016318e-02 2.247479057962626839e-05 5.354521281511040633e-05
2.800000000000000000e+01 7.739851439628359607e-03 1.707784746871391854e-02 2.275843914731487803e-05 5.097690670866675380e-05
2.900000000000000000e+01 4.557192769254139394e-03 1.321475276782363775e-02 2.297774208431601446e-05 4.879112867816097558e-05
3.000000000000000000e+01 7.595017668409523824e-04 5.582893923148704411e-03 2.314328653618942394e-05 4.683998547929775155e-05
3.100000000000000000e+01 -3.245611230134620804e-03 -4.899859377262672823e-03 2.329219315646149119e-05 4.508621697101388397e-05
3.200000000000000000e+01 -9.720068424165881349e-03 -1.535823904702478086e-02 2.342628014210891809e-05 4.349026666565757862e-05
3.300000000000000000e+01 -1.432373887951913193e-02 -2.310367861881826301e-02 2.355213510498053515e-05 4.205641167437674247e-05
3.400000000000000000e+01 -1.736774379181086486e-02 -2.697009677586572479e-02 2.366183322940809404e-05 4.077219552233899650e-05
3.500000000000000000e+01 -1.476159268553891429e-02 -2.715164793045190747e-02 2.372730999097105535e-05 3.967212023451801607e-05
3.600000000000000000e+01 -1.030952552206957674e-02 -2.475832330985540744e-02 2.374988140332826911e-05 3.872093537259542066e-05
3.700000000000000000e+01 -7.488092574241600463e-03 -2.130286042358872992e-02 2.375144800144364122e-05 3.788849911139168214e-05
3.800000000000000000e+01 -3.292259992648351608e-03 -1.838887634869579984e-02 2.373650545393770175e-05 3.715388860425310180e-05
3.900000000000000000e+01 -6.072858318617305705e-03 -1.728641000517231949e-02 2.369734468232346852e-05 3.647616587445619366e-05
4.000000000000000000e+01 -9.891971362822807659e-03 -1.835583314409827693e-02 2.363770010979048518e-05 3.584369921570262630e-05
4.100000000000000000e+01 -1.047484359644286836e-02 -2.089957094598438730e-02 2.356769553121843846e-05 3.522680980849875290e-05
4.200000000000000000e+01 -1.271152586248222235e-02 -2.360677490360209990e-02 2.347143655902474228e-05 3.458139440609732666e-05
4.300000000000000000e+01 -1.061823876256371736e-02 -2.517281020428525917e-02 2.330612979049175281e-05 3.384881383159501534e-05
4.400000000000000000e+01 -1.253525290212276384e-02 -2.489036273018788159e-02 2.301128185000699759e-05 3.296807138908440917e-05
4.500000000000000000e+01 -1.040168727830505235e-02 -2.280040974300023490e-02 2.255306443067288640e-05 3.190875378903152587e-05
4.600000000000000000e+01 -9.706255941586713551e-03 -1.957067474995885514e-02 2.196520329709898404e-05 3.069110565179253254e-05
4.700000000000000000e+01 -9.482193925644262500e-03 -1.632181593299996542e-02 2.134355403324922218e-05 2.940851333295770143e-05
