# freqs 	 pli 	 dpli 	 meanpower(thalamus)	 meanpower(scalp)	pli
8.000000000000000000e+00 -2.972111915031292600e-02 -9.697646733092225857e-02 1.126492231934551712e-04 2.272573850205600809e-04
9.000000000000000000e+00 -9.223428885733656046e-02 -2.243168890867809628e-01 1.022665011914247740e-04 2.439224038720604287e-04
1.000000000000000000e+01 -1.562262249781810608e-01 -3.395509049152574677e-01 9.599255668779786764e-05 2.400463029525000533e-04
1.100000000000000000e+01 -1.635540039863488671e-01 -3.393455123961840458e-01 9.164770809651952830e-05 2.283779939128354017e-04
1.200000000000000000e+01 -1.285901924346424252e-01 -2.584772065943440333e-01 8.942540260099741294e-05 2.117461827391348204e-04
1.300000000000000000e+01 -8.326261752339027267e-02 -1.745118848592466521e-01 8.846576528542662366e-05 1.931578394733595404e-04
1.400000000000000000e+01 -4.763757546980368351e-02 -1.099732470671449386e-01 8.763354607243179948e-05 1.743615636789232735e-04
1.500000000000000000e+01 -2.310223758764045482e-02 -6.000100188929781420e-02 8.691198335221474191e-05 1.554488488474035609e-04
1.600000000000000000e+01 -6.257651748553996925e-03 -2.642227060507431127e-02 8.644826118817367877e-05 1.368809026212750089e-04
1.700000000000000000e+01 -8.517590567889181060e-05 -7.572070804550981582e-03 8.612291699735672346e-05 1.199506415774170088e-04
1.800000000000000000e+01 5.956662588145900626e-03 2.611045087367092499e-03 8.568895701811454638e-05 1.058898714231733962e-04
1.900000000000000000e+01 1.037358663574440391e-02 1.110560675754962250e-02 8.501225192852531474e-05 9.514201705651187456e-05
2.000000000000000000e+01 1.493280991610566530e-02 2.159271103941196729e-02 8.389300705335240010e-05 8.717351689955844818e-05
2.100000000000000000e+01 1.924253305596794819e-02 3.345333616982042180e-02 8.232454708876497647e-05 8.122665438653380921e-05
2.200000000000000000e+01 2.573491406279754257e-02 4.415619680286349963e-02 8.031985888409593941e-05 7.659223003318909922e-05
2.300000000000000000e+01 2.959016103860425198e-02 5.130735931615116457e-02 7.802063124604493910e-05 7.288421244310530525e-05
2.400000000000000000e+01 3.029510268250485555e-02 5.355761773311353002e-02 7.563238429084064192e-05 6.984520462117032875e-05
2.500000000000000000e+01 2.956023067118015643e-02 5.045332446076819521e-02 7.329639726530508162e-05 6.740664949830053149e-05
2.600000000000000000e+01 2.469381877205245254e-02 4.194081410068280225e-02 7.109325015587126964e-05 6.555599951581674359e-05
2.700000000000000000e+01 1.693671289842402575e-02 2.803053872650244915e-02 6.916748806631807045e-05 6.425847804484973857e-05
2.800000000000000000e+01 5.433090348676996792e-03 8.148744886511823451e-03 6.770769565962541205e-05 6.340823736860575529e-05
2.900000000000000000e+01 -7.739424069267218653e-03 -1.883793520718250389e-02 6.685785283813892280e-05 6.285524432143644832e-05
3.000000000000000000e+01 -1.969401017672914658e-02 -5.165180900849471179e-02 6.654832063907762665e-05 6.239810048701999884e-05
3.100000000000000000e+01 -3.251795579533989927e-02 -8.423950663713669629e-02 6.641951317420660879e-05 6.194529476893134083e-05
3.200000000000000000e+01 -4.069208838553602103e-02 -1.079011182187592094e-01 6.600355238786343533e-05 6.144297339990867661e-05
3.300000000000000000e+01 -4.322145702049758759e-02 -1.167504882106662062e-01 6.501120327410556067e-05 6.088648718097359515e-05
3.400000000000000000e+01 -4.161171468087489222e-02 -1.101712710066534845e-01 6.343854131454623182e-05 6.035799527410315511e-05
3.500000000000000000e+01 -3.607904033579720920e-02 -9.226014410287269873e-02 6.146917519722484131e-05 5.987485265742490694e-05
3.600000000000000000e+01 -2.871943080370810419e-02 -6.914425847513738788e-02 5.935897121120698036e-05 5.949026619721971141e-05
3.700000000000000000e+01 -1.996575256941421350e-02 -4.657447914982225379e-02 5.733432058080797011e-05 5.922172871206647936e-05
3.800000000000000000e+01 -1.195657758563742692e-02 -2.820518007175733255e-02 5.554117840105402307e-05 5.909109033917966643e-05
3.900000000000000000e+01 -5.254430460239585196e-03 -1.528690375086172969e-02 5.402797481327128526e-05 5.905116648226245896e-05
4.000000000000000000e+01 -1.707253566150269183e-03 -7.283063331181800944e-03 5.278041523906024465e-05 5.908341014165017851e-05
4.100000000000000000e+01 -2.297358331198908192e-04 -2.948126109797544886e-03 5.172917024338783342e-05 5.913232627398302618e-05
4.200000000000000000e+01 2.228130242030647464e-04 -9.595948327894809589e-04 5.076416833129247845e-05 5.910362971419237752e-05
4.300000000000000000e+01 1.273356888318391946e-03 -3.008163742069455693e-04 4.975194230452567351e-05 5.885605388276018567e-05
4.400000000000000000e+01 2.885763242370897614e-03 -3.221839550940809463e-04 4.855897753967568958e-05 5.829605786597586483e-05
4.500000000000000000e+01 3.135700847693902431e-03 -7.300408284688721149e-04 4.709855853361240166e-05 5.731570091699661929e-05
4.600000000000000000e+01 3.428653429251350866e-03 -1.436274978680108713e-03 4.539191575184859821e-05 5.595061268754689452e-05
4.700000000000000000e+01 3.109047954088358864e-03 -2.429269994554077074e-03 4.358960773640216987e-05 5.439852124983283040e-05
