# freqs 	 pli 	 dpli 	 meanpower(thalamus)	 meanpower(scalp)	pli
8.000000000000000000e+00 -1.666886546172697409e-02 -3.703265582713221454e-02 6.393216754256578270e-05 2.640342801280118378e-04
9.000000000000000000e+00 -6.968886875544521957e-03 -1.480075887134619031e-02 6.202921681545546691e-05 2.126830533042935656e-04
1.000000000000000000e+01 -7.137567492478315116e-03 -1.842709741371182861e-02 6.222871570403665914e-05 1.777416938056442615e-04
1.100000000000000000e+01 -1.127383173429554603e-02 -4.159264806742898196e-02 6.173993912118484273e-05 1.499516268885144890e-04
1.200000000000000000e+01 -9.166876796116218973e-03 -4.091376815022276098e-02 5.936520402378753426e-05 1.304364474596665646e-04
1.300000000000000000e+01 -1.341673873655293246e-02 -5.239965966429598748e-02 6.109356551309550506e-05 1.197621022070473464e-04
1.400000000000000000e+01 -1.717406979886989399e-02 -8.297670847015142792e-02 6.530550237786956883e-05 1.138557979328286843e-04
1.500000000000000000e+01 -2.130415011738266348e-02 -9.084364773594154341e-02 6.375728589525517589e-05 1.069490572057264386e-04
1.600000000000000000e+01 -2.132778558914497427e-02 -7.816353251254223866e-02 5.714860150304743931e-05 9.890374234472290875e-05
1.700000000000000000e+01 -2.274711247851575469e-02 -6.192102059038567807e-02 5.090205435689964565e-05 9.201677157084255771e-05
1.800000000000000000e+01 -2.539031667924060431e-02 -4.769552032931683588e-02 4.760700948052899891e-05 8.726331835272962978e-05
1.900000000000000000e+01 -1.774906468086011671e-02 -3.581512545474849207e-02 4.647781597882579707e-05 8.424681869137888341e-05
2.000000000000000000e+01 -8.463273180319003108e-03 -2.351545550543044164e-02 4.613390510941351168e-05 8.219736522735004427e-05
2.100000000000000000e+01 -2.609193040737171985e-03 -8.440830396578355085e-03 4.587722911101178684e-05 8.077649451162004842e-05
2.200000000000000000e+01 -4.240146477787414236e-05 4.339578877881593126e-03 4.553848979790358048e-05 7.971455663464117425e-05
2.300000000000000000e+01 -1.786873029962856869e-03 6.934634231558744685e-03 4.516490247820890720e-05 7.863185389197282224e-05
2.400000000000000000e+01 -3.084623723035992936e-03 -2.549603710867652615e-03 4.484501565091309633e-05 7.713502871998804337e-05
2.500000000000000000e+01 -1.091038379489939029e-02 -1.820963191413827939e-02 4.471161180476370339e-05 7.518369787354617112e-05
2.600000000000000000e+01 -1.392274021960630652e-02 -3.223123624957659195e-02 4.476824646997907875e-05 7.299059017779255926e-05
2.700000000000000000e+01 -1.932728202481221944e-02 -4.052233359108994848e-02 4.492762962716144866e-05 7.074760879732864931e-05
2.800000000000000000e+01 -2.348003923407266519e-02 -4.236682614335695457e-02 4.507076866841669866e-05 6.860294279872031057e-05
2.900000000000000000e+01 -2.668073286018031107e-02 -3.895287755699173432e-02 4.516353319587952588e-05 6.661066127310813088e-05
3.000000000000000000e+01 -2.417502418651876900e-02 -3.269630790962021333e-02 4.514845549078196210e-05 6.472891491967696059e-05
3.100000000000000000e+01 -1.803781019088891019e-02 -2.640909223185392007e-02 4.495986722217012777e-05 6.303131181391435629e-05
3.200000000000000000e+01 -1.488459393346847764e-02 -2.201395155536931686e-02 4.450730955950239342e-05 6.154952189384503786e-05
3.300000000000000000e+01 -1.370062143402260395e-02 -1.979432869314933646e-02 4.376134548623283985e-05 6.026478099728040837e-05
3.400000000000000000e+01 -1.229928482750513447e-02 -1.877935938098465943e-02 4.274488600833893740e-05 5.915324758934620216e-05
3.500000000000000000e+01 -1.032233901679816337e-02 -1.839955805182615090e-02 4.153339453610167527e-05 5.818750881322107255e-05
3.600000000000000000e+01 -1.138677598175365062e-02 -1.801418567309329144e-02 4.024221318330906447e-05 5.736054804663187975e-05
3.700000000000000000e+01 -1.387789552479641413e-02 -1.727636381406095004e-02 3.896439397468933358e-05 5.664699329973474037e-05
3.800000000000000000e+01 -1.384010740037842045e-02 -1.604980981083788116e-02 3.776774785342241781e-05 5.603597894763045947e-05
3.900000000000000000e+01 -1.431149536240399617e-02 -1.422702886982163580e-02 3.669336188783923726e-05 5.548713983427832453e-05
4.000000000000000000e+01 -1.245977296457160231e-02 -1.215330229928341874e-02 3.575468692442836707e-05 5.498493896508180811e-05
4.100000000000000000e+01 -1.004878550961697987e-02 -1.036980219345162886e-02 3.492769274418801518e-05 5.450453201233054377e-05
4.200000000000000000e+01 -8.697093949006652266e-03 -9.331050861478845312e-03 3.415488489229067331e-05 5.399673565771913195e-05
4.300000000000000000e+01 -8.230174256335100538e-03 -9.117462190127106555e-03 3.336522884990047929e-05 5.335482848888555972e-05
4.400000000000000000e+01 -7.348206290841890857e-03 -9.467058279533696954e-03 3.247382547695820383e-05 5.249601977488297776e-05
4.500000000000000000e+01 -7.365761730225524329e-03 -9.869253524579504541e-03 3.141983946603509520e-05 5.133206570032984974e-05
4.600000000000000000e+01 -6.829272007600349984e-03 -9.864860636043255859e-03 3.020546204337888160e-05 4.986146990015773438e-05
4.700000000000000000e+01 -7.692036843362418282e-03 -9.211983649047357503e-03 2.892246196630145051e-05 4.822123955134868540e-05
