# freqs 	 pli 	 dpli 	 meanpower(thalamus)	 meanpower(scalp)	pli
8.000000000000000000e+00 9.603114239135108685e-03 2.066258162225106942e-02 2.600541527149509424e-05 2.534517692025664115e-04
9.000000000000000000e+00 2.787962970478211414e-02 5.872676270389311920e-02 2.430429299092537137e-05 2.130224165841702573e-04
1.000000000000000000e+01 4.727013421849628541e-03 -3.434135489723209086e-03 2.355405301409687130e-05 1.991995962876186212e-04
1.100000000000000000e+01 -3.326419386065317813e-02 -1.107438181186396753e-01 2.397290125742046997e-05 2.063350695010746365e-04
1.200000000000000000e+01 -6.189634820105106849e-02 -1.775699011045284992e-01 2.521497337567255397e-05 2.199588338387351710e-04
1.300000000000000000e+01 -6.997369572959734330e-02 -1.872222275008032788e-01 2.644476487380442931e-05 2.327302679146209924e-04
1.400000000000000000e+01 -6.021202427343632507e-02 -1.558824006534624274e-01 2.706847292981784807e-05 2.398846600426915595e-04
1.500000000000000000e+01 -3.664582029724831186e-02 -1.000022754926689073e-01 2.693161784970923386e-05 2.392374923929018425e-04
1.600000000000000000e+01 -1.187736045439676501e-02 -4.128048618227041222e-02 2.631330793921793503e-05 2.331472036781322848e-04
1.700000000000000000e+01 5.137779255621911095e-03 9.248457137983385644e-04 2.562219761819749814e-05 2.253791710790284104e-04
1.800000000000000000e+01 1.481557772091193076e-02 2.421288303785057092e-02 2.513651278297408345e-05 2.182814877956341731e-04
1.900000000000000000e+01 1.839166955452886318e-02 3.203361982245594292e-02 2.493351411818404669e-05 2.121657360153537519e-04
2.000000000000000000e+01 1.409936649320960370e-02 2.407021127350165643e-02 2.490638416949505915e-05 2.064896181990354411e-04
2.100000000000000000e+01 5.131393664359828154e-03 3.111509160462298546e-03 2.489404802401610521e-05 2.006569370926518598e-04
2.200000000000000000e+01 -4.730046885653539125e-03 -2.054906705127814218e-02 2.480096896420653954e-05 1.938647171408621557e-04
2.300000000000000000e+01 -1.249591619637563204e-02 -3.611693739327417885e-02 2.463137299143605186e-05 1.852875622862301805e-04
2.400000000000000000e+01 -1.524525585060601367e-02 -4.048855158518974845e-02 2.445734980455562508e-05 1.751240650022726608e-04
2.500000000000000000e+01 -1.529489404508842069e-02 -3.766234385869027951e-02 2.434426302181853411e-05 1.646989371610879508e-04
2.600000000000000000e+01 -1.466740786545159964e-02 -3.252585262599688026e-02 2.431593608221245260e-05 1.555915503713858710e-04
2.700000000000000000e+01 -1.368885072199748330e-02 -2.771137571574517136e-02 2.435128756631627374e-05 1.486712606894644950e-04
2.800000000000000000e+01 -1.199818617225156987e-02 -2.375671641088776542e-02 2.442184121878126414e-05 1.437833845306270687e-04
2.900000000000000000e+01 -1.081540725684355768e-02 -2.075625305724797254e-02 2.449652192912643770e-05 1.405112019437989874e-04
3.000000000000000000e+01 -1.121304241885783502e-02 -1.893926237851874250e-02 2.455491304552369754e-05 1.383182373733293118e-04
3.100000000000000000e+01 -1.220626751396228053e-02 -1.832270863972771530e-02 2.458935874214923200e-05 1.368858626091705910e-04
3.200000000000000000e+01 -1.217459452549875601e-02 -1.833508174888536998e-02 2.459982972780137817e-05 1.358662578779725870e-04
3.300000000000000000e+01 -1.119074833146690116e-02 -1.813319676752598794e-02 2.458768955079050755e-05 1.349822356133795176e-04
3.400000000000000000e+01 -9.519825544122633224e-03 -1.717687902360059277e-02 2.455674125563007490e-05 1.342341893139014177e-04
3.500000000000000000e+01 -7.435194435503328717e-03 -1.543405897143622189e-02 2.451476574976241315e-05 1.335260995777299274e-04
3.600000000000000000e+01 -5.678243056076988891e-03 -1.331257454984985378e-02 2.446980828172140587e-05 1.329344488891612459e-04
3.700000000000000000e+01 -5.116144877530062925e-03 -1.126197985268235016e-02 2.442518008650504204e-05 1.324801221138359757e-04
3.800000000000000000e+01 -4.322854697911554175e-03 -9.542389808053107145e-03 2.438136804111553068e-05 1.322013781913636732e-04
3.900000000000000000e+01 -3.887747555263374333e-03 -8.088389746342667871e-03 2.433931898069073999e-05 1.319486565436341335e-04
4.000000000000000000e+01 -3.291853860124387913e-03 -6.796329045670761702e-03 2.429681078147712526e-05 1.317112698094891900e-04
4.100000000000000000e+01 -3.112718571159085301e-03 -5.590551529096064731e-03 2.424215277882632233e-05 1.313815363968666699e-04
4.200000000000000000e+01 -2.966615048255031618e-03 -4.528558320866268687e-03 2.415213754022119480e-05 1.307801553466289980e-04
4.300000000000000000e+01 -2.964769947157329475e-03 -3.756919981014426001e-03 2.399058904306624864e-05 1.296075226181669850e-04
4.400000000000000000e+01 -2.978961049177748701e-03 -3.417253524286748868e-03 2.371868075011518914e-05 1.277101205019969259e-04
4.500000000000000000e+01 -3.110116805440002029e-03 -3.554860809925349408e-03 2.331528927705120584e-05 1.248774502000566137e-04
4.600000000000000000e+01 -3.310005771029839346e-03 -4.092918941554625142e-03 2.280250556411149925e-05 1.212301184735652441e-04
4.700000000000000000e+01 -3.087954524245364527e-03 -4.833949075335101583e-03 2.226018124737044157e-05 1.172327015528467861e-04
