# freqs 	 pli 	 dpli 	 meanpower(thalamus)	 meanpower(scalp)	pli
8.000000000000000000e+00 7.883062465762322515e-03 1.697919298142494537e-02 1.839578634758381475e-05 2.313790788480051734e-04
9.000000000000000000e+00 -2.615487935131973959e-02 -5.958636552748879794e-02 1.833733267248179711e-05 2.130395146450437215e-04
1.000000000000000000e+01 -5.170703069361766435e-02 -1.164246675188180397e-01 1.804596440090504552e-05 1.903142518779156272e-04
1.100000000000000000e+01 -5.455011060416232321e-02 -1.177020394444981966e-01 1.812468305779603916e-05 1.784772378366698657e-04
1.200000000000000000e+01 -5.351148111275623453e-02 -1.087688100025310245e-01 1.865473170044904487e-05 1.842498191167825307e-04
1.300000000000000000e+01 -4.953277545642865293e-02 -9.711917142629022948e-02 1.959497735596338872e-05 2.009558448177706745e-04
1.400000000000000000e+01 -4.912974323545764299e-02 -8.652482238551960358e-02 2.091376507698647610e-05 2.195789164728222781e-04
1.500000000000000000e+01 -4.414891312873983620e-02 -7.484207474944078176e-02 2.241840384562935291e-05 2.335989578371696143e-04
1.600000000000000000e+01 -2.713661573052601750e-02 -4.470518135542455446e-02 2.383494179035423557e-05 2.412370928104784268e-04
1.700000000000000000e+01 -2.829099397882511076e-03 -1.305901174679753238e-03 2.505247679375337762e-05 2.434438955824101052e-04
1.800000000000000000e+01 1.548887217064232741e-02 3.327234333475323491e-02 2.617245744739416936e-05 2.410767404602716911e-04
1.900000000000000000e+01 2.539504974918443611e-02 5.410748984503933184e-02 2.732324138938821688e-05 2.344719616655783990e-04
2.000000000000000000e+01 3.507546792642646238e-02 7.507357854908149053e-02 2.854830688914688887e-05 2.242351116131118839e-04
2.100000000000000000e+01 4.569261830407353453e-02 1.023086301091361006e-01 2.967209047892987661e-05 2.118214011998369195e-04
2.200000000000000000e+01 5.131806243542247348e-02 1.204649615345543545e-01 3.026970402162975897e-05 1.979515256151670617e-04
2.300000000000000000e+01 4.335312507692017092e-02 1.101188746798710677e-01 3.003923946486439914e-05 1.824983515454957166e-04
2.400000000000000000e+01 2.271828486386687912e-02 6.875351193621088985e-02 2.915856663217042546e-05 1.660807187524983102e-04
2.500000000000000000e+01 -2.133389028200627022e-03 1.242472860771161314e-02 2.819445783785177236e-05 1.506213519053111859e-04
2.600000000000000000e+01 -2.569508988677707273e-02 -3.846077054180520316e-02 2.768508435946344558e-05 1.378146294789951796e-04
2.700000000000000000e+01 -4.310714461130824016e-02 -7.392384902088304510e-02 2.782244747937614337e-05 1.283861019126003480e-04
2.800000000000000000e+01 -5.358092471187992506e-02 -9.651102634535993485e-02 2.842865860739450190e-05 1.216080315335381693e-04
2.900000000000000000e+01 -6.106731943503629356e-02 -1.116136076194382543e-01 2.915277848785396866e-05 1.167033715361967978e-04
3.000000000000000000e+01 -6.575436720184717199e-02 -1.221459133217492193e-01 2.967780387365440730e-05 1.127765965579119619e-04
3.100000000000000000e+01 -6.838066156962892272e-02 -1.283998425222777073e-01 2.983000941798828799e-05 1.095943547191540959e-04
3.200000000000000000e+01 -6.936180501211038074e-02 -1.304220502674076076e-01 2.957278458547212631e-05 1.068614670461977425e-04
3.300000000000000000e+01 -6.828741354153218535e-02 -1.286375654406528568e-01 2.895980951646426671e-05 1.043684354143536481e-04
3.400000000000000000e+01 -6.523160080936846184e-02 -1.235327539136531899e-01 2.809358629568908480e-05 1.022836917566626768e-04
3.500000000000000000e+01 -6.171097982876028176e-02 -1.164101830692560458e-01 2.709435621853355065e-05 1.003565082273166623e-04
3.600000000000000000e+01 -5.814945673202130683e-02 -1.081400547564088932e-01 2.607541842359050124e-05 9.867026378137109719e-05
3.700000000000000000e+01 -5.375016735292050679e-02 -9.948200209543141270e-02 2.512328647606409599e-05 9.717844219778050527e-05
3.800000000000000000e+01 -4.987038704950230716e-02 -9.092152209680341712e-02 2.428858679130706119e-05 9.589395647903217854e-05
3.900000000000000000e+01 -4.634771179650555573e-02 -8.300757356544991028e-02 2.358776988718845494e-05 9.445437885544968458e-05
4.000000000000000000e+01 -4.381722205569301559e-02 -7.603139321830479358e-02 2.301049302166165825e-05 9.287971991515074372e-05
4.100000000000000000e+01 -4.100510698102741158e-02 -7.010714502836457029e-02 2.252516657114532703e-05 9.113032779818368756e-05
4.200000000000000000e+01 -3.742889142606951880e-02 -6.520643749462999572e-02 2.208207474479900338e-05 8.917131748229716970e-05
4.300000000000000000e+01 -3.465754191688252134e-02 -6.121977743026516677e-02 2.161980597559025772e-05 8.681676566585359888e-05
4.400000000000000000e+01 -3.272496101769690330e-02 -5.776579202004041014e-02 2.107696682924414605e-05 8.421580156909954013e-05
4.500000000000000000e+01 -3.099983699786286115e-02 -5.472605288699217141e-02 2.041713140243037736e-05 8.118051006921469463e-05
4.600000000000000000e+01 -2.960145393922833032e-02 -5.194595175157744327e-02 1.964973858967875397e-05 7.776876209638527082e-05
4.700000000000000000e+01 -2.806335997172676802e-02 -4.930666520082018639e-02 1.884244511873500583e-05 7.422012755213589061e-05
