# freqs 	 pli 	 dpli 	 meanpower(thalamus)	 meanpower(scalp)	pli
8.000000000000000000e+00 9.704150739551317684e-02 1.939582532185308850e-01 9.190998974530298501e-05 2.614256037799546611e-04
9.000000000000000000e+00 9.727413027793836708e-02 1.831801631932785668e-01 8.175694532117751886e-05 2.450678085005486453e-04
1.000000000000000000e+01 6.479547158580349631e-02 1.315521512072528043e-01 7.509305425825345607e-05 2.238849688475060874e-04
1.100000000000000000e+01 5.173160935906215285e-02 1.109552853883906259e-01 7.050628096705764951e-05 2.025562025872752465e-04
1.200000000000000000e+01 4.561300048984871791e-02 8.867920030878927162e-02 6.662364618485417604e-05 1.796505012253885622e-04
1.300000000000000000e+01 2.672057083948939718e-02 5.194044551792204728e-02 6.243113549423906440e-05 1.578644302102667893e-04
1.400000000000000000e+01 1.084943583882845173e-03 1.158899218305814265e-02 5.915717672451486716e-05 1.402440064544434870e-04
1.500000000000000000e+01 -2.713625701762955797e-03 -4.409863167776275489e-03 5.714058068254256924e-05 1.279271417753480365e-04
1.600000000000000000e+01 -6.102698588863498912e-03 -7.286567215010079923e-03 5.571336808422573081e-05 1.198437922868184248e-04
1.700000000000000000e+01 -4.518886787252401026e-03 -6.987144035378254833e-03 5.447021029010256352e-05 1.141601202310450953e-04
1.800000000000000000e+01 -4.155748754222013744e-03 -2.611858019419174490e-03 5.341822880945564466e-05 1.099997593437840337e-04
1.900000000000000000e+01 -6.815850921710434572e-03 -1.416556120781700201e-03 5.247307010487552875e-05 1.073623012725167196e-04
2.000000000000000000e+01 -8.256897218604923247e-03 -2.370948329525264173e-03 5.162464310622306594e-05 1.059944339294876403e-04
2.100000000000000000e+01 -4.210243729062214044e-03 -2.227490599130538956e-03 5.095202123207409183e-05 1.055151187186404636e-04
2.200000000000000000e+01 -1.523260912293433744e-03 -1.636751714232003059e-03 5.040002044087820956e-05 1.053342000743882006e-04
2.300000000000000000e+01 2.097077693894670164e-03 -3.260827361164499128e-04 4.986799253730165768e-05 1.043225129444549319e-04
2.400000000000000000e+01 5.535536216118212491e-03 1.422115386564636475e-03 4.933231317459624938e-05 1.017959746356868509e-04
2.500000000000000000e+01 2.514782845102970371e-03 1.839169023543179866e-03 4.879196440508975087e-05 9.783931823006469179e-05
2.600000000000000000e+01 2.051764101867162033e-03 4.416194180964430746e-04 4.833142904137649774e-05 9.315506162089961118e-05
2.700000000000000000e+01 6.981553603236421524e-05 -1.372313820839907769e-03 4.795909687406195362e-05 8.854039577465832873e-05
2.800000000000000000e+01 1.456361962542068386e-03 -1.903994590376621721e-03 4.767321975590196827e-05 8.454718426823301213e-05
2.900000000000000000e+01 4.166289456213410902e-03 2.254722666014693610e-04 4.745781475592671008e-05 8.139876613045343918e-05
3.000000000000000000e+01 6.549518356755452270e-03 6.204511557806377704e-03 4.730514750625851170e-05 7.907030618810479154e-05
3.100000000000000000e+01 9.134822054797620342e-03 1.632110912007665032e-02 4.723263902479848101e-05 7.752323309942055348e-05
3.200000000000000000e+01 1.319866995408174731e-02 2.925982321039977477e-02 4.720328380442042325e-05 7.672810731142995283e-05
3.300000000000000000e+01 1.776209647019797583e-02 4.276372276186322929e-02 4.717117813869827706e-05 7.655836834926875152e-05
3.400000000000000000e+01 2.217875663289917837e-02 5.456405145476740659e-02 4.712365981518239964e-05 7.677476002045574349e-05
3.500000000000000000e+01 2.389361439551878144e-02 6.257884332482881173e-02 4.704830102046752546e-05 7.704263901011221131e-05
3.600000000000000000e+01 2.435807949933073771e-02 6.543940431770690902e-02 4.692682329728567659e-05 7.701442208331315707e-05
3.700000000000000000e+01 2.308847158725942789e-02 6.291083394251213712e-02 4.675059631183442905e-05 7.645794284185962930e-05
3.800000000000000000e+01 2.042203787229635026e-02 5.584460204892788271e-02 4.653262404372320509e-05 7.531925138772969919e-05
3.900000000000000000e+01 1.792178813028720910e-02 4.587674285538287378e-02 4.628305386791324675e-05 7.371639176112112612e-05
4.000000000000000000e+01 1.493917105440290861e-02 3.484414703469455865e-02 4.600535420192286210e-05 7.187112462258449946e-05
4.100000000000000000e+01 9.423297222146395646e-03 2.421741876448149644e-02 4.568462763766200182e-05 6.998421032586079889e-05
4.200000000000000000e+01 5.290387795496064548e-03 1.508033797949073426e-02 4.528223575800656642e-05 6.815728161740808202e-05
4.300000000000000000e+01 1.602834089259882284e-03 8.100393510390092172e-03 4.471611187886668880e-05 6.635434373739128842e-05
4.400000000000000000e+01 1.105758507988281736e-03 3.370111776721186354e-03 4.390309001316754982e-05 6.445964992956483845e-05
4.500000000000000000e+01 4.827122216524189625e-04 7.067112265406828636e-04 4.279787216995438503e-05 6.234659023539001186e-05
4.600000000000000000e+01 1.985189171592789833e-04 -3.407123993965968634e-04 4.143838106313675260e-05 5.999395038879890902e-05
4.700000000000000000e+01 -2.718728274868132170e-04 -2.958179286396496921e-04 3.997186983141226834e-05 5.753987253820536270e-05
