# freqs 	 pli 	 dpli 	 meanpower(thalamus)	 meanpower(scalp)	pli
8.000000000000000000e+00 2.261770228063462659e-02 3.666410143054880250e-02 1.666949462360663219e-05 1.995965171747514475e-04
9.000000000000000000e+00 -9.741844184619253416e-03 -3.239247778996092592e-02 1.634260302260765824e-05 1.717253894731989039e-04
1.000000000000000000e+01 -4.068580595683139040e-02 -9.268195550033275776e-02 1.659894293110079056e-05 1.563919772659377167e-04
1.100000000000000000e+01 -5.061079365079364928e-02 -1.106032884327392413e-01 1.726912905732291714e-05 1.567570753214127255e-04
1.200000000000000000e+01 -4.832844427519887576e-02 -1.068743221559061429e-01 1.820431718072495304e-05 1.674758746919880208e-04
1.300000000000000000e+01 -5.844704946029746079e-02 -1.123698397590256748e-01 1.938460710588136459e-05 1.822070676548553632e-04
1.400000000000000000e+01 -5.907372089964487566e-02 -1.071203169385419596e-01 2.069003048704504802e-05 1.968216458988860979e-04
1.500000000000000000e+01 -4.097806379955245409e-02 -6.674995607325460989e-02 2.210908109198711347e-05 2.083471640813965573e-04
1.600000000000000000e+01 -1.035889804757449822e-02 1.933102560910244594e-03 2.357706248325790155e-05 2.168558689451677833e-04
1.700000000000000000e+01 1.768614832481837928e-02 5.924047750450852495e-02 2.498531825256425780e-05 2.215521377457888919e-04
1.800000000000000000e+01 3.487427992743258320e-02 8.071057564151805364e-02 2.610373870222708068e-05 2.202875243933783301e-04
1.900000000000000000e+01 3.759058441480610246e-02 8.013283817755377514e-02 2.692842775131188001e-05 2.127382467140664349e-04
2.000000000000000000e+01 3.999089669177503109e-02 8.120922252725995549e-02 2.760423234892678951e-05 2.004565273159362570e-04
2.100000000000000000e+01 3.932003752916117534e-02 8.230271777454256643e-02 2.786988123476115151e-05 1.848857525054004426e-04
2.200000000000000000e+01 2.935920992553949643e-02 6.548570493226918421e-02 2.739108445322263290e-05 1.665807992201080571e-04
2.300000000000000000e+01 1.382661217289958729e-02 2.623232286231643243e-02 2.634858738084284351e-05 1.470802516420789544e-04
2.400000000000000000e+01 -1.237204044463982924e-02 -2.333619984312702497e-02 2.525989468065140597e-05 1.290692411438166328e-04
2.500000000000000000e+01 -3.928409322126746872e-02 -6.905859261912429548e-02 2.453160138668567533e-05 1.145569984591717519e-04
2.600000000000000000e+01 -5.586976113607574485e-02 -1.056021120231713240e-01 2.427281074099742908e-05 1.040188138601063077e-04
2.700000000000000000e+01 -6.634279641718536513e-02 -1.340214781605371108e-01 2.437320469282263028e-05 9.673683061720479454e-05
2.800000000000000000e+01 -7.415685991160129997e-02 -1.558548625930308296e-01 2.463711838002796326e-05 9.156339913089768881e-05
2.900000000000000000e+01 -8.058784991296999434e-02 -1.716490164113472494e-01 2.485335867814953282e-05 8.758822021176066689e-05
3.000000000000000000e+01 -8.678131140506800678e-02 -1.817967460552777914e-01 2.487016527343799570e-05 8.419098293656343351e-05
3.100000000000000000e+01 -8.799052703420269517e-02 -1.863442734901229469e-01 2.464120334913602232e-05 8.109939773425673423e-05
3.200000000000000000e+01 -8.716756514099580078e-02 -1.856055300457419011e-01 2.419287298804751084e-05 7.828770455236685132e-05
3.300000000000000000e+01 -8.667001593470777254e-02 -1.800739978898500959e-01 2.359456090906150537e-05 7.576225722197739833e-05
3.400000000000000000e+01 -8.360733388492284923e-02 -1.709857954821280557e-01 2.294300836659558744e-05 7.353152223219802186e-05
3.500000000000000000e+01 -7.781885667187216082e-02 -1.599384928938476225e-01 2.231848814358036213e-05 7.155961884153712066e-05
3.600000000000000000e+01 -7.152279157352904593e-02 -1.484297250519013844e-01 2.176982551190982798e-05 6.980973221982543042e-05
3.700000000000000000e+01 -6.703195870993854111e-02 -1.374972907466666117e-01 2.131228604702651802e-05 6.820089226485442696e-05
3.800000000000000000e+01 -6.372037909253709664e-02 -1.276301795023898067e-01 2.093894234031603755e-05 6.663469620611398524e-05
3.900000000000000000e+01 -5.946886099784193941e-02 -1.189112706455228013e-01 2.063727063102624833e-05 6.497604820627556933e-05
4.000000000000000000e+01 -5.638417578793564894e-02 -1.111706019065564904e-01 2.038476531783948707e-05 6.315548862417421749e-05
4.100000000000000000e+01 -5.305727141005109337e-02 -1.041288315562379080e-01 2.015417589707112981e-05 6.115801371803723091e-05
4.200000000000000000e+01 -4.979202535309980998e-02 -9.747793380924857365e-02 1.990872331304554987e-05 5.900826335632366836e-05
4.300000000000000000e+01 -4.685600231590815457e-02 -9.112538011752380207e-02 1.960288716436155219e-05 5.670863501628872500e-05
4.400000000000000000e+01 -4.346204776183010959e-02 -8.498150243406285553e-02 1.919556310519227475e-05 5.425952728109521378e-05
4.500000000000000000e+01 -4.072356222265639814e-02 -7.908330745034147791e-02 1.866785649040253965e-05 5.163102587706835191e-05
4.600000000000000000e+01 -3.799219893920154772e-02 -7.347971043921755485e-02 1.804011912143566683e-05 4.885863587142743090e-05
4.700000000000000000e+01 -3.722608466074100314e-02 -6.817139028722983551e-02 1.738207836435714875e-05 4.608082078075403102e-05
