# freqs 	 pli 	 dpli 	 meanpower(thalamus)	 meanpower(scalp)	pli
8.000000000000000000e+00 -2.577254920634339252e-02 -5.453281559968369691e-02 3.245230123049950861e-05 1.996537283881717393e-04
9.000000000000000000e+00 -1.910649662981294197e-02 -3.910943845021661036e-02 3.163255405758151677e-05 1.896430745114212303e-04
1.000000000000000000e+01 -8.166392913876831597e-03 -1.084009036194200082e-02 3.081322482185638097e-05 1.734672706624918338e-04
1.100000000000000000e+01 -2.833530699934881658e-03 1.807983208528615715e-02 3.086505877640646810e-05 1.583393305825941662e-04
1.200000000000000000e+01 5.504155763266922697e-04 3.315072917626082916e-02 3.086622021918643190e-05 1.475865069195577415e-04
1.300000000000000000e+01 1.532423350851855152e-03 2.215502830620871486e-02 3.033404522782933617e-05 1.403778741578679326e-04
1.400000000000000000e+01 -8.172652828493718160e-04 3.592441111939938259e-03 2.979319262809269377e-05 1.353399661596021921e-04
1.500000000000000000e+01 -2.971331615447819676e-03 -5.885450217294080702e-03 2.965078258184405664e-05 1.311045597985707224e-04
1.600000000000000000e+01 -2.106071406479998690e-03 -4.441698421935359048e-03 2.977281075871663144e-05 1.272260438575033271e-04
1.700000000000000000e+01 2.437261066260638931e-03 4.488711399788744907e-03 2.996951257437125373e-05 1.238064675472159905e-04
1.800000000000000000e+01 5.105121138815759893e-03 1.327303055041479003e-02 3.015587728944828252e-05 1.209505694999835746e-04
1.900000000000000000e+01 7.241952954682128775e-03 1.923204570897761242e-02 3.034466185622424847e-05 1.185733533389714760e-04
2.000000000000000000e+01 8.609685439905107734e-03 2.369253341882630870e-02 3.055743881100383551e-05 1.164452162551946876e-04
2.100000000000000000e+01 1.056734114092251417e-02 2.783324141735812884e-02 3.076229581907060230e-05 1.141965661048090962e-04
2.200000000000000000e+01 1.253721322384766107e-02 3.080911432961398744e-02 3.094288693292043455e-05 1.115162397768337311e-04
2.300000000000000000e+01 1.432291666666666609e-02 3.080926016494642261e-02 3.107604926345810501e-05 1.081675425975795612e-04
2.400000000000000000e+01 1.277882132223543202e-02 2.798983289005497685e-02 3.115243017245588654e-05 1.040782326952898238e-04
2.500000000000000000e+01 1.053964015477958961e-02 2.474695834412390938e-02 3.121347077060643819e-05 9.938543876327699737e-05
2.600000000000000000e+01 1.003924872970537834e-02 2.320576916600125550e-02 3.130763962829094912e-05 9.431601896417388250e-05
2.700000000000000000e+01 1.055393934254551976e-02 2.366523038294105277e-02 3.146700980094123613e-05 8.914771196844287931e-05
2.800000000000000000e+01 1.066770243674941381e-02 2.503538304853962157e-02 3.172898874860570739e-05 8.409511975231972808e-05
2.900000000000000000e+01 1.196622106738691980e-02 2.585544080221444455e-02 3.209779221536211908e-05 7.933128278887714366e-05
3.000000000000000000e+01 1.208345185217600537e-02 2.527002119951115774e-02 3.252941652266114924e-05 7.496276746119874990e-05
3.100000000000000000e+01 9.615145751880513000e-03 2.333625519050078895e-02 3.293809613333740377e-05 7.104698302005113954e-05
3.200000000000000000e+01 7.232605864342776629e-03 2.070264319688073368e-02 3.324644699313270674e-05 6.758354177753106125e-05
3.300000000000000000e+01 5.116238262516279930e-03 1.806596687906732862e-02 3.340515433038627590e-05 6.454055101995076601e-05
3.400000000000000000e+01 3.420102473188233339e-03 1.584120268695135558e-02 3.341998914803966678e-05 6.189387786340832100e-05
3.500000000000000000e+01 2.460235086092277691e-03 1.420288670368149118e-02 3.332411125614401524e-05 5.958119005288597660e-05
3.600000000000000000e+01 2.358304627335462093e-03 1.304788911422648592e-02 3.315510558554171042e-05 5.753954029658673962e-05
3.700000000000000000e+01 2.755595494804150784e-03 1.206822935192777141e-02 3.294735540506749897e-05 5.570768335684214180e-05
3.800000000000000000e+01 2.719875183747640871e-03 1.089546293250438433e-02 3.272754106189176924e-05 5.404712859133571949e-05
3.900000000000000000e+01 2.049978652700627096e-03 9.259713540425621933e-03 3.251378309916700619e-05 5.251751613791550062e-05
4.000000000000000000e+01 9.053513692812959575e-04 7.290181627768241648e-03 3.231418839384457429e-05 5.110508482597862458e-05
4.100000000000000000e+01 -4.428651553057933680e-04 5.341758644529770970e-03 3.211625237658392114e-05 4.978475387126375066e-05
4.200000000000000000e+01 -1.073867700592745760e-03 3.770187986352746372e-03 3.188058706814911195e-05 4.850008294102616473e-05
4.300000000000000000e+01 -6.419514595397449955e-04 2.715167289210296004e-03 3.154680320914286584e-05 4.716630373548393691e-05
4.400000000000000000e+01 5.512676650534114632e-05 2.157908100743626163e-03 3.104620522567211636e-05 4.569554426736985650e-05
4.500000000000000000e+01 4.697013045942345405e-04 1.904563834188703749e-03 3.033587738733258386e-05 4.401649873308952868e-05
4.600000000000000000e+01 9.065712291648064661e-05 1.790233860218550053e-03 2.944209316599912980e-05 4.213917748839357487e-05
4.700000000000000000e+01 -9.429853732490993238e-05 1.743205441257737872e-03 2.847869694490202879e-05 4.018330824349127640e-05
