# freqs 	 pli 	 dpli 	 meanpower(thalamus)	 meanpower(scalp)	pli
8.000000000000000000e+00 6.594876719458422909e-02 1.407535141607186291e-01 8.888239228853473913e-05 2.689882563492321048e-04
9.000000000000000000e+00 4.828918372675139459e-02 1.197984401677440330e-01 8.252266543289463890e-05 2.237598144059455376e-04
1.000000000000000000e+01 5.257012482156808719e-02 1.186449079249693450e-01 7.902670591245180946e-05 2.128171501288635701e-04
1.100000000000000000e+01 3.026230171730803081e-02 6.740462276784019158e-02 7.889439623968363621e-05 2.245455455930239243e-04
1.200000000000000000e+01 -4.708114468039065192e-02 -1.119908886760321021e-01 8.091020410268709938e-05 2.447787733432160370e-04
1.300000000000000000e+01 -1.256425710250504424e-01 -2.763909562897376437e-01 8.319152813386876096e-05 2.616754537421298109e-04
1.400000000000000000e+01 -1.545955199272682767e-01 -3.288851018588534458e-01 8.353406913806353680e-05 2.692000520984985678e-04
1.500000000000000000e+01 -1.392396399171256516e-01 -3.005114781314767725e-01 8.159840268925478530e-05 2.673958913825228313e-04
1.600000000000000000e+01 -1.071240205196826861e-01 -2.386899447913119476e-01 7.893331082384501306e-05 2.587861964914787939e-04
1.700000000000000000e+01 -7.284935939607065092e-02 -1.645027869904843731e-01 7.666739598560876751e-05 2.473017481923661448e-04
1.800000000000000000e+01 -2.906159418014528026e-02 -7.561755850891269115e-02 7.496640937597102928e-05 2.365764949954876661e-04
1.900000000000000000e+01 1.482298624789632133e-02 1.828316419496661682e-02 7.366820795453149745e-05 2.277523947294219568e-04
2.000000000000000000e+01 4.441096877734975606e-02 8.760508916795281542e-02 7.241471904551467342e-05 2.198758553931229158e-04
2.100000000000000000e+01 5.066380656377512254e-02 1.099924920671850048e-01 7.102058757240730855e-05 2.119567477906829063e-04
2.200000000000000000e+01 4.278154936458111041e-02 9.189891533562037640e-02 6.922561428108047203e-05 2.029968291180486240e-04
2.300000000000000000e+01 3.027993970185919106e-02 5.985554161061532735e-02 6.679118208564502855e-05 1.915766926140087588e-04
2.400000000000000000e+01 2.020738085152821994e-02 3.565640406077117547e-02 6.385278242223069492e-05 1.776663935349390817e-04
2.500000000000000000e+01 1.680976248131666254e-02 2.554443496018167503e-02 6.089566719263584136e-05 1.631535767210869309e-04
2.600000000000000000e+01 1.687239440877070368e-02 2.526198260736159731e-02 5.831674656528061993e-05 1.503499037007202470e-04
2.700000000000000000e+01 1.722636998781955711e-02 2.805437597191488483e-02 5.625177279771117328e-05 1.404403920359065087e-04
2.800000000000000000e+01 1.672358459604449815e-02 2.944418526683395890e-02 5.464730962895972646e-05 1.333137693368233352e-04
2.900000000000000000e+01 1.506885471808044538e-02 2.837503717268979528e-02 5.336738153904434901e-05 1.283284652140046704e-04
3.000000000000000000e+01 1.152534106554670666e-02 2.568684066345518907e-02 5.231696842889493616e-05 1.248667440874055758e-04
3.100000000000000000e+01 1.061642327633790552e-02 2.277652095373126906e-02 5.143689899109672763e-05 1.224348424145805712e-04
3.200000000000000000e+01 1.083572062387859643e-02 2.072824520885028013e-02 5.069607375234663418e-05 1.206309147257735763e-04
3.300000000000000000e+01 1.029435032969299238e-02 1.986560377791287899e-02 5.006281466535653275e-05 1.191767610507988228e-04
3.400000000000000000e+01 1.041756900290124674e-02 1.982533907432117853e-02 4.950070521387880642e-05 1.179854708100714603e-04
3.500000000000000000e+01 9.870447325563991639e-03 1.971167959473920858e-02 4.900043958820116542e-05 1.169604356481203529e-04
3.600000000000000000e+01 8.768144126480080167e-03 1.885039216357001571e-02 4.855474234327156668e-05 1.161001447057933851e-04
3.700000000000000000e+01 9.722933676843846171e-03 1.717175025017295478e-02 4.814328336156980712e-05 1.153905939977888404e-04
3.800000000000000000e+01 9.586648967509742159e-03 1.521931777200132528e-02 4.774651783774641769e-05 1.148352598351992220e-04
3.900000000000000000e+01 8.657175324876937444e-03 1.373213780631807671e-02 4.734942121875374146e-05 1.143082110657739391e-04
4.000000000000000000e+01 9.110351656469901915e-03 1.328081431635117285e-02 4.693753323736442844e-05 1.137769351101305943e-04
4.100000000000000000e+01 9.337201446286486767e-03 1.395088420649035627e-02 4.648594431361319175e-05 1.131565511357019891e-04
4.200000000000000000e+01 8.838402864879957993e-03 1.537699564509181251e-02 4.595200099907140715e-05 1.123023915266471864e-04
4.300000000000000000e+01 9.221332364190773512e-03 1.691876567552589444e-02 4.526525149307906228e-05 1.109897137003235080e-04
4.400000000000000000e+01 1.034528290015304317e-02 1.826323391269992977e-02 4.434566505070960154e-05 1.090727047706408967e-04
4.500000000000000000e+01 9.643134477184766781e-03 1.912024464240163341e-02 4.314301397255809262e-05 1.064036795395788000e-04
4.600000000000000000e+01 8.894407913383594461e-03 1.951725462387590010e-02 4.169507325931999682e-05 1.030874699458829327e-04
4.700000000000000000e+01 8.954507559641005851e-03 1.964888125117392886e-02 4.015444958323428383e-05 9.951204343171713112e-05
