# freqs 	 pli 	 dpli 	 meanpower(thalamus)	 meanpower(scalp)	pli
8.000000000000000000e+00 4.023385683426994319e-02 7.729362882571527704e-02 3.855440604248821054e-05 2.162115043978604548e-04
9.000000000000000000e+00 4.447470112130840619e-02 8.582880483344151878e-02 4.015740891979060882e-05 1.909826739780943312e-04
1.000000000000000000e+01 2.196776132078116089e-02 3.298217524590475735e-02 4.096386120197262364e-05 1.659214320446295097e-04
1.100000000000000000e+01 -6.959472596247319280e-03 -6.939039979365174693e-02 4.187520884519561459e-05 1.531361877619664079e-04
1.200000000000000000e+01 -2.995041968562058704e-02 -1.289038391993918564e-01 4.330997364023991917e-05 1.575818457249803168e-04
1.300000000000000000e+01 -5.549995998950388310e-02 -1.684767786380556298e-01 4.528636648499006692e-05 1.732583934435535618e-04
1.400000000000000000e+01 -8.230268951919397780e-02 -1.976865946172823851e-01 4.692135259490895190e-05 1.915932628981677200e-04
1.500000000000000000e+01 -9.786966347379924547e-02 -2.089374145613470402e-01 4.757486534997569934e-05 2.051162292624680655e-04
1.600000000000000000e+01 -1.066557541222287186e-01 -2.183725071369155557e-01 4.765751558933804360e-05 2.119417051159412711e-04
1.700000000000000000e+01 -1.132611246486919243e-01 -2.367060573836234916e-01 4.816054200372961718e-05 2.137158938285120828e-04
1.800000000000000000e+01 -1.268421993461366637e-01 -2.673305107273939440e-01 4.976475864444279186e-05 2.119959393610402391e-04
1.900000000000000000e+01 -1.392552768221043125e-01 -3.008522742200350764e-01 5.223247840527091458e-05 2.061591396365693185e-04
2.000000000000000000e+01 -1.432057496515525552e-01 -3.224155358791443993e-01 5.463024731943454170e-05 1.947264657973781182e-04
2.100000000000000000e+01 -1.365709832428802506e-01 -3.171373138080379461e-01 5.644299866177764226e-05 1.783463174304427063e-04
2.200000000000000000e+01 -1.202312365167474417e-01 -2.810812030125206529e-01 5.755810283868647350e-05 1.599141125860397620e-04
2.300000000000000000e+01 -9.715651064463377840e-02 -2.269979045339192147e-01 5.742490729419639486e-05 1.422627345480835873e-04
2.400000000000000000e+01 -7.397992651543040810e-02 -1.706153539115224660e-01 5.548807131435246206e-05 1.269555365951997178e-04
2.500000000000000000e+01 -5.315201228070037115e-02 -1.191437914598773434e-01 5.212394823525504133e-05 1.146471093903437226e-04
2.600000000000000000e+01 -3.476440007118882652e-02 -7.472632268806286837e-02 4.839322785623966340e-05 1.053198369358683323e-04
2.700000000000000000e+01 -1.992130842520279180e-02 -3.934378954160965697e-02 4.514678785353531823e-05 9.865256327885720889e-05
2.800000000000000000e+01 -1.015543184274034574e-02 -1.547916605878351184e-02 4.264012764551460601e-05 9.383484650754512764e-05
2.900000000000000000e+01 -5.858132597713900346e-03 -3.608307557581334236e-03 4.067485230403137132e-05 9.026690726696921362e-05
3.000000000000000000e+01 -5.381104475210798932e-03 -1.749780138874138576e-03 3.900760429680372605e-05 8.742443425948432420e-05
3.100000000000000000e+01 -7.200346178381269655e-03 -6.776602848200405371e-03 3.749329550589755160e-05 8.513177027912883349e-05
3.200000000000000000e+01 -1.124357936496307199e-02 -1.569845548429989190e-02 3.611321121253410733e-05 8.315720029652252194e-05
3.300000000000000000e+01 -1.684849426747602255e-02 -2.622432662267465756e-02 3.489194967108192154e-05 8.137388626733173507e-05
3.400000000000000000e+01 -2.135265670116562667e-02 -3.637071953830661730e-02 3.384206617226843538e-05 7.995057786659995412e-05
3.500000000000000000e+01 -2.536009545153502728e-02 -4.514423736082747579e-02 3.298556094421812153e-05 7.885699171847099405e-05
3.600000000000000000e+01 -2.837331437465744760e-02 -5.167076857768890946e-02 3.230334441898770006e-05 7.820965275995255927e-05
3.700000000000000000e+01 -3.018542066007477709e-02 -5.572171619550894683e-02 3.177067826739612153e-05 7.788894856823272038e-05
3.800000000000000000e+01 -3.038129074625757486e-02 -5.748559484127301056e-02 3.134728722427796821e-05 7.768182747321340711e-05
3.900000000000000000e+01 -3.030191759784290478e-02 -5.757688698226781643e-02 3.100490456683303495e-05 7.712484819687748260e-05
4.000000000000000000e+01 -2.949795453849993199e-02 -5.643067104519917249e-02 3.069642233214389887e-05 7.610100739348078813e-05
4.100000000000000000e+01 -2.748537738575270936e-02 -5.444122675652057070e-02 3.038274166892524419e-05 7.459842557163459307e-05
4.200000000000000000e+01 -2.555492124346120386e-02 -5.189697547920309878e-02 3.001699139137195560e-05 7.270499844128494517e-05
4.300000000000000000e+01 -2.468114178504734330e-02 -4.915688624380677024e-02 2.954589850105200513e-05 7.042143607988258103e-05
4.400000000000000000e+01 -2.428351661865554151e-02 -4.624669362339837997e-02 2.890076691673718905e-05 6.795049867427938560e-05
4.500000000000000000e+01 -2.343111476030709101e-02 -4.336300911991449597e-02 2.805722029774381849e-05 6.523114939772353465e-05
4.600000000000000000e+01 -2.149764047124582203e-02 -4.047283236125205630e-02 2.704304258025433348e-05 6.233363113950490385e-05
4.700000000000000000e+01 -1.934489998221944340e-02 -3.744862001531391871e-02 2.596134210767456042e-05 5.944664045186608744e-05
