# freqs 	 pli 	 dpli 	 meanpower(thalamus)	 meanpower(scalp)	pli
8.000000000000000000e+00 8.119121979400624814e-03 1.716051531766249472e-02 1.069629000791058502e+02 3.012688264002445067e+02
9.000000000000000000e+00 2.586950568455059427e-02 4.400364815159214099e-02 1.047975058913607995e+02 3.010599997384045423e+02
1.000000000000000000e+01 2.280758489908319558e-02 2.931082621186136342e-02 1.065890640646992011e+02 2.739413867552701731e+02
1.100000000000000000e+01 1.203414902175737114e-02 1.043341255109915544e-03 1.176793193686446131e+02 2.551089540874690726e+02
1.200000000000000000e+01 -1.379456815133296189e-02 -7.880987844571364642e-02 1.447062977582803853e+02 2.700138707281573147e+02
1.300000000000000000e+01 -6.164660005318773478e-02 -2.663732336090516850e-01 1.896759045676821529e+02 3.157946153913438252e+02
1.400000000000000000e+01 -1.028212530639075195e-01 -3.797165801898756410e-01 2.177451392053390862e+02 3.294514201240602347e+02
1.500000000000000000e+01 -1.186937699198977042e-01 -3.880605363856146628e-01 2.033680233162558864e+02 2.818333816125612543e+02
1.600000000000000000e+01 -1.074281908165478916e-01 -3.162826988835321096e-01 1.639873169481628565e+02 2.139860046847079502e+02
1.700000000000000000e+01 -7.851256872316565716e-02 -2.031474163018550383e-01 1.261025750365890445e+02 1.637718734579884767e+02
1.800000000000000000e+01 -4.665314016990291385e-02 -1.088660499420183864e-01 1.009487497626963517e+02 1.374554017356832958e+02
1.900000000000000000e+01 -2.558758220273713024e-02 -5.658312623765589938e-02 8.719952481682774703e+01 1.252560755328230471e+02
2.000000000000000000e+01 -1.446491674102689563e-02 -3.226024346746664967e-02 7.980735501861647663e+01 1.184626558420933122e+02
2.100000000000000000e+01 -9.372345208950564124e-03 -2.193326123266656213e-02 7.507220720146192150e+01 1.135404640159910770e+02
2.200000000000000000e+01 -5.817042758495228130e-03 -1.714304663447469013e-02 7.152350193351904295e+01 1.096303890139916177e+02
2.300000000000000000e+01 -3.725558277157851265e-03 -1.214901915310196215e-02 6.902240794839791249e+01 1.065174570754367238e+02
2.400000000000000000e+01 -6.521884308308464190e-04 -2.505593869058709514e-03 6.801930510528993068e+01 1.038778258192152606e+02
2.500000000000000000e+01 4.034924960208144396e-03 1.389592470609508912e-02 6.880010816980238531e+01 1.012195410539339804e+02
2.600000000000000000e+01 9.408805183929938240e-03 3.431355938715179021e-02 7.073961219705040548e+01 9.817108092067944369e+01
2.700000000000000000e+01 1.407561374020501431e-02 5.215280615023310667e-02 7.250537103221319057e+01 9.456374004136266365e+01
2.800000000000000000e+01 1.652380939756033576e-02 6.179356592644660862e-02 7.289731064248725545e+01 9.040309301776740369e+01
2.900000000000000000e+01 1.671445118622442300e-02 6.151463740995545548e-02 7.147581009148208864e+01 8.593824891830841750e+01
3.000000000000000000e+01 1.450697684766817479e-02 5.308912207231937519e-02 6.853975317391275723e+01 8.155525345526224612e+01
3.100000000000000000e+01 1.045647722697499483e-02 3.992571502830758595e-02 6.478040507967529038e+01 7.758747389029407771e+01
3.200000000000000000e+01 6.300061254145256952e-03 2.548921616279062677e-02 6.091387449747587368e+01 7.420103635116045382e+01
3.300000000000000000e+01 2.675533999329838836e-03 1.248816736683896512e-02 5.746434358850561352e+01 7.139459654948093714e+01
3.400000000000000000e+01 -5.281343210265417032e-04 2.482582061769322834e-03 5.468771922883762215e+01 6.907239425326112325e+01
3.500000000000000000e+01 -3.318968927681912023e-03 -4.181642856440930499e-03 5.260148987951045285e+01 6.712209994993699524e+01
3.600000000000000000e+01 -4.409934120238632321e-03 -7.911218261742562763e-03 5.109847976579585094e+01 6.545646051292688128e+01
3.700000000000000000e+01 -4.580568780928208523e-03 -9.403100511454320909e-03 5.004004909542663171e+01 6.400904326491112784e+01
3.800000000000000000e+01 -4.019422223668979964e-03 -9.295003697894573327e-03 4.931160024880906434e+01 6.273089520104549166e+01
3.900000000000000000e+01 -3.222993062062936773e-03 -8.058481942860677705e-03 4.881228167520459493e+01 6.158927388935821767e+01
4.000000000000000000e+01 -1.783212594783435993e-03 -6.060666860750581197e-03 4.844159671129995104e+01 6.054677019531977322e+01
4.100000000000000000e+01 -6.487837504507282509e-04 -3.639859735166707522e-03 4.809060222862017753e+01 5.954363991749510632e+01
4.200000000000000000e+01 -1.678422562843395315e-04 -1.119538594525996142e-03 4.764346042117855973e+01 5.849931213047376843e+01
4.300000000000000000e+01 1.070633016974964057e-03 1.225912424340177805e-03 4.698559967326670517e+01 5.730333987834720233e+01
4.400000000000000000e+01 1.918373977248010939e-03 3.222760052844973050e-03 4.601803020365688468e+01 5.583741704579740173e+01
4.500000000000000000e+01 2.681278635577129602e-03 4.824331874467577622e-03 4.469412345336000669e+01 5.402663105873189409e+01
4.600000000000000000e+01 3.577317113387471718e-03 6.106922904058762619e-03 4.306190124103164152e+01 5.190064192235579554e+01
4.700000000000000000e+01 3.915350482045010412e-03 7.233769662763833534e-03 4.128579897503433926e+01 4.962392567673664701e+01
