# freqs 	 pli 	 dpli 	 meanpower(thalamus)	 meanpower(scalp)	pli
8.000000000000000000e+00 2.285028701584663341e-02 7.334341724931690842e-02 8.239336314246841592e-05 3.491380506984851544e-04
9.000000000000000000e+00 -2.841224804091760717e-02 -4.579379012729923454e-02 7.479091379498901157e-05 3.703817927879218754e-04
1.000000000000000000e+01 -3.045458129212489512e-02 -6.084253192217208006e-02 6.841809198309944929e-05 3.355657186787069490e-04
1.100000000000000000e+01 -2.554680133082666560e-02 -4.954597115027017940e-02 6.435154457619226751e-05 2.748029511784583602e-04
1.200000000000000000e+01 -2.739052247043059080e-02 -6.045005392897841862e-02 6.200499404386932410e-05 2.335927644027576669e-04
1.300000000000000000e+01 -3.333316625130678529e-02 -7.853233698058505186e-02 6.059179607021209299e-05 2.123510288742902746e-04
1.400000000000000000e+01 -3.333987926464235252e-02 -8.326672709509917725e-02 5.987003162954657138e-05 2.007621160194694493e-04
1.500000000000000000e+01 -3.416388989842503859e-02 -8.060219886321055849e-02 6.018922527247935696e-05 1.938116738843978872e-04
1.600000000000000000e+01 -3.473819460854878083e-02 -7.385466564703545289e-02 6.250035956563857668e-05 1.894492411595418346e-04
1.700000000000000000e+01 -3.054683999516303455e-02 -6.327572662992117514e-02 6.701002035176707586e-05 1.862909078967078802e-04
1.800000000000000000e+01 -2.648483605351018705e-02 -5.272107493757038910e-02 7.150995513042940105e-05 1.829553459049247383e-04
1.900000000000000000e+01 -2.304333195008227003e-02 -4.620982556184258933e-02 7.277071694202279456e-05 1.787880028998522434e-04
2.000000000000000000e+01 -2.359822749856630569e-02 -4.552838639907447194e-02 6.998160241750511442e-05 1.737853903797725928e-04
2.100000000000000000e+01 -2.518399786617510697e-02 -4.891069861525619566e-02 6.517576691955223611e-05 1.683589499042422225e-04
2.200000000000000000e+01 -2.643841127194622095e-02 -5.274566147398092320e-02 6.072419011492603651e-05 1.628333723962375221e-04
2.300000000000000000e+01 -2.768837904857327989e-02 -5.450802903214938683e-02 5.766677900732694758e-05 1.571097098264040654e-04
2.400000000000000000e+01 -2.763156151115820150e-02 -5.352194432342021607e-02 5.588817790513676647e-05 1.508700409181511074e-04
2.500000000000000000e+01 -2.668415757743661243e-02 -5.007041679878125595e-02 5.491330394534108504e-05 1.441097992899074390e-04
2.600000000000000000e+01 -2.376750933168506746e-02 -4.463078553661455061e-02 5.436132940866639034e-05 1.371675486351028124e-04
2.700000000000000000e+01 -2.013404787032158083e-02 -3.805915299811396535e-02 5.402864815029803202e-05 1.306718747137061265e-04
2.800000000000000000e+01 -1.740188062199075555e-02 -3.161275906148264953e-02 5.381548153158966625e-05 1.249531605740781984e-04
2.900000000000000000e+01 -1.524045024205596989e-02 -2.646927986563806651e-02 5.368370436141516885e-05 1.202174329764160233e-04
3.000000000000000000e+01 -1.388005707194794186e-02 -2.305748876584209212e-02 5.362016602472489073e-05 1.163873804814830938e-04
3.100000000000000000e+01 -1.270077992760533341e-02 -2.094269119595498427e-02 5.362480900903851907e-05 1.134556006942232079e-04
3.200000000000000000e+01 -1.214734279144435297e-02 -1.934430997226170568e-02 5.369552335214769067e-05 1.112279954552616347e-04
3.300000000000000000e+01 -1.117603920959614645e-02 -1.774988691985909112e-02 5.382342995161196804e-05 1.094992315742787176e-04
3.400000000000000000e+01 -1.000657247847008477e-02 -1.607721292450524364e-02 5.399359089221252950e-05 1.082520323297797425e-04
3.500000000000000000e+01 -9.045836257994925578e-03 -1.451679409110110709e-02 5.418356274147075822e-05 1.072582488485272425e-04
3.600000000000000000e+01 -8.773304909326479564e-03 -1.332052002393249376e-02 5.436845482052719971e-05 1.064953301957022991e-04
3.700000000000000000e+01 -8.905517997027082369e-03 -1.263481263976106231e-02 5.452131276872235460e-05 1.059153747536622977e-04
3.800000000000000000e+01 -9.497837024120339700e-03 -1.240002791219737936e-02 5.461365796651636105e-05 1.055576976611451422e-04
3.900000000000000000e+01 -1.028556789474514149e-02 -1.242609897495234456e-02 5.461988455718949236e-05 1.052495106270316872e-04
4.000000000000000000e+01 -1.086646896664685696e-02 -1.244760782036505482e-02 5.452286278424297976e-05 1.050128065562537142e-04
4.100000000000000000e+01 -1.043287950087898319e-02 -1.230902696918900405e-02 5.430180480678200260e-05 1.047672877322193389e-04
4.200000000000000000e+01 -9.733049375231977995e-03 -1.195490379901714174e-02 5.391329015593916907e-05 1.043761256663109803e-04
4.300000000000000000e+01 -9.572938839662236896e-03 -1.148682105078986659e-02 5.328314340173888634e-05 1.035435122508676268e-04
4.400000000000000000e+01 -8.739742377285916047e-03 -1.090185520941998852e-02 5.232734958032847966e-05 1.021944861434862569e-04
4.500000000000000000e+01 -8.277653826668894196e-03 -1.031323935078613287e-02 5.099962749289671120e-05 1.000978193833344581e-04
4.600000000000000000e+01 -7.544480061875044261e-03 -9.786956619202124771e-03 4.935567286917506190e-05 9.732475107631953840e-05
4.700000000000000000e+01 -7.186023422136476532e-03 -9.369429482359083530e-03 4.758575646872179596e-05 9.424071052920107380e-05
