# freqs 	 pli 	 dpli 	 meanpower(thalamus)	 meanpower(scalp)	pli
8.000000000000000000e+00 -4.808518250230684604e-03 -6.017719460792870373e-03 6.579293245747823838e-05 2.741670577986074454e-04
9.000000000000000000e+00 1.360125446922299391e-02 5.278808399585480093e-02 6.138177024001110918e-05 2.512683856078752414e-04
1.000000000000000000e+01 2.885437070745079310e-02 8.482715251608410889e-02 6.004097366953482426e-05 2.239324233775165406e-04
1.100000000000000000e+01 2.581187019895882923e-02 4.446030705009113709e-02 6.216776794441591968e-05 1.921780901217379418e-04
1.200000000000000000e+01 1.026209811447505171e-02 -2.061011609476068665e-02 6.252869057983583738e-05 1.695793069547222979e-04
1.300000000000000000e+01 4.281488672913123621e-03 -2.361362599053145467e-02 5.968857160335501623e-05 1.599676455489451457e-04
1.400000000000000000e+01 1.802429968448759695e-03 5.822021437504560498e-03 5.695944420537981702e-05 1.600001718680583182e-04
1.500000000000000000e+01 -1.208162583169981961e-03 -8.616519243856883906e-03 5.634670977823137309e-05 1.640973517322625219e-04
1.600000000000000000e+01 -2.635623335350037108e-02 -7.366342252701561788e-02 5.722261658107025362e-05 1.707513771036314894e-04
1.700000000000000000e+01 -5.800755744491678523e-02 -1.511703882532632048e-01 5.848467187923894913e-05 1.774541317618795228e-04
1.800000000000000000e+01 -7.312900976048132551e-02 -2.024855830131930823e-01 5.936476587012323020e-05 1.821084462189237073e-04
1.900000000000000000e+01 -8.289713600343873168e-02 -2.101030812346637855e-01 5.941285659557212943e-05 1.830079504743543917e-04
2.000000000000000000e+01 -7.151071361769045787e-02 -1.838893665245917020e-01 5.891932832088662790e-05 1.794721269514233783e-04
2.100000000000000000e+01 -5.625798234107137058e-02 -1.451931802939786520e-01 5.836465000950304930e-05 1.722848629469930304e-04
2.200000000000000000e+01 -4.308391591458626824e-02 -1.112720769071345178e-01 5.782979558262766847e-05 1.629766882226657391e-04
2.300000000000000000e+01 -3.472678370174722695e-02 -8.492207603863971555e-02 5.714134477345463232e-05 1.527316254558690883e-04
2.400000000000000000e+01 -2.994862297834702258e-02 -6.306580338653015871e-02 5.617499161925865783e-05 1.420515793303439502e-04
2.500000000000000000e+01 -1.783839779005524928e-02 -4.364233758848834466e-02 5.506607243397938501e-05 1.314331749899278216e-04
2.600000000000000000e+01 -8.653361591086381269e-03 -2.652825640530399529e-02 5.407422947417124353e-05 1.214335321684659251e-04
2.700000000000000000e+01 -1.755868706556048100e-03 -1.240471985585596924e-02 5.329841060998828856e-05 1.124389852154596939e-04
2.800000000000000000e+01 -6.689678240269793762e-04 -1.121441891468678972e-03 5.272899335532349463e-05 1.046131861973753852e-04
2.900000000000000000e+01 4.322438765450823013e-03 8.939701013764159501e-03 5.226647254283705131e-05 9.798380348780705035e-05
3.000000000000000000e+01 1.302675654439435990e-02 1.928026497964264313e-02 5.188564388945087429e-05 9.242457196427381668e-05
3.100000000000000000e+01 1.902937772143526579e-02 3.054847639548772739e-02 5.162692746325335655e-05 8.774971127234796166e-05
3.200000000000000000e+01 2.284748143964959038e-02 4.209623596145625063e-02 5.152012196922379150e-05 8.371398132983407382e-05
3.300000000000000000e+01 2.892977394633377067e-02 5.256076389730524046e-02 5.156012461095938983e-05 8.014533437490829488e-05
3.400000000000000000e+01 3.381536110786088206e-02 6.060314346754935161e-02 5.172780292695756173e-05 7.698617065115353857e-05
3.500000000000000000e+01 3.493029081049835866e-02 6.509648976887938421e-02 5.194310238211066348e-05 7.422401349366061546e-05
3.600000000000000000e+01 3.364706529890537645e-02 6.561411858316688883e-02 5.211999923664579917e-05 7.181732626796934096e-05
3.700000000000000000e+01 3.246409311027954880e-02 6.279340020407687961e-02 5.217823459993842808e-05 6.964380409430869900e-05
3.800000000000000000e+01 2.852152866592406327e-02 5.802702306518569414e-02 5.208044543580977456e-05 6.765578969566285396e-05
3.900000000000000000e+01 2.581756185421722402e-02 5.289494531844832204e-02 5.182908291035559788e-05 6.579938860038132310e-05
4.000000000000000000e+01 2.251326533417644798e-02 4.833740436137875379e-02 5.142981457006501680e-05 6.401689775310516429e-05
4.100000000000000000e+01 2.050906741982256795e-02 4.471101925310928815e-02 5.090436553495360298e-05 6.227441240306966826e-05
4.200000000000000000e+01 1.927516317416695310e-02 4.202878997380803811e-02 5.024063768144926409e-05 6.053908653253317097e-05
4.300000000000000000e+01 1.922706973548608811e-02 4.008795430721676795e-02 4.938719755303940429e-05 5.870212482058948726e-05
4.400000000000000000e+01 1.822034771498636310e-02 3.868521351821944260e-02 4.828792489953533031e-05 5.665472250027284260e-05
4.500000000000000000e+01 1.633152024614032208e-02 3.764812993655649448e-02 4.692467618488149772e-05 5.432959710728131792e-05
4.600000000000000000e+01 1.434388239252387849e-02 3.677187421789335220e-02 4.537246631612168126e-05 5.174381573600091936e-05
4.700000000000000000e+01 1.357900951491768787e-02 3.583648766814306191e-02 4.382694356758839207e-05 4.902512459763598649e-05
