# freqs 	 pli 	 dpli 	 meanpower(thalamus)	 meanpower(scalp)	pli
8.000000000000000000e+00 4.212659550010076220e-02 1.776283028788551432e-01 2.329236337393533187e-05 2.783809284319849393e-04
9.000000000000000000e+00 -2.338008039052441936e-02 -3.356626970393370574e-02 2.159582517686842374e-05 2.167978110914613470e-04
1.000000000000000000e+01 -3.576150461075127546e-02 -8.584199660463390225e-02 2.058439710640312426e-05 1.725775193214913934e-04
1.100000000000000000e+01 -4.734897642491481956e-02 -6.447280844638796082e-02 1.973208220976323818e-05 1.457046961834982735e-04
1.200000000000000000e+01 -3.871731328095320834e-02 -3.862613097716927762e-02 1.899439073046223841e-05 1.334968816068346649e-04
1.300000000000000000e+01 -2.068211291094568943e-02 4.613118280004984556e-02 1.864675661151568909e-05 1.266250721692527802e-04
1.400000000000000000e+01 1.863392788117904098e-02 1.635969621303976496e-01 1.852014816706348666e-05 1.195875546860170670e-04
1.500000000000000000e+01 4.113688571856865400e-02 1.848326661167181695e-01 1.816761814459310950e-05 1.109283517738757951e-04
1.600000000000000000e+01 3.385063019504180176e-02 1.172385064650218189e-01 1.761903306221350828e-05 1.011904622995297921e-04
1.700000000000000000e+01 1.218803322645365707e-02 4.187530094715002926e-02 1.709959631148790326e-05 9.224406725653978086e-05
1.800000000000000000e+01 -4.463928149979442747e-03 2.563900395943370571e-03 1.675132906965541495e-05 8.490707141463053518e-05
1.900000000000000000e+01 -1.126205532177015911e-02 -1.295561758276562656e-02 1.656717903360165346e-05 7.909243599464493607e-05
2.000000000000000000e+01 -1.039142998919991880e-02 -1.934791087922841518e-02 1.646531679760156151e-05 7.438885937490709907e-05
2.100000000000000000e+01 -1.125667819501520277e-02 -1.725912258380414566e-02 1.638735398017588421e-05 7.066872135030874478e-05
2.200000000000000000e+01 -5.026080963866873946e-03 -8.864308318470232387e-03 1.633371415220377122e-05 6.792072141930150810e-05
2.300000000000000000e+01 -1.135525345136473730e-03 -1.865512167245264889e-03 1.631105637586751614e-05 6.594180492867269020e-05
2.400000000000000000e+01 2.917843004274245713e-03 5.724398294707374289e-04 1.631160219878854316e-05 6.439900589890338646e-05
2.500000000000000000e+01 9.038992374620533413e-03 2.096286098999465466e-03 1.631706788924785952e-05 6.296678510024092889e-05
2.600000000000000000e+01 7.747167642318363544e-03 5.991889681171621955e-03 1.631022726283791731e-05 6.149993757352318800e-05
2.700000000000000000e+01 8.117040036575011094e-03 1.185543392429813138e-02 1.627761494629353632e-05 5.996872974112517200e-05
2.800000000000000000e+01 1.164119150712087172e-02 1.741627405839773352e-02 1.621618082163666771e-05 5.836924482555483834e-05
2.900000000000000000e+01 1.017474413396182199e-02 2.166138297510183594e-02 1.613243179705284294e-05 5.676273838427951053e-05
3.000000000000000000e+01 9.656593728288276682e-03 2.471266137971227933e-02 1.604101334314992657e-05 5.522340632584833703e-05
3.100000000000000000e+01 1.352897851341012050e-02 2.654269100984116628e-02 1.595898355796061029e-05 5.380656248438068015e-05
3.200000000000000000e+01 1.429814584497827133e-02 2.671447978350458344e-02 1.589311934229464761e-05 5.252386275070765890e-05
3.300000000000000000e+01 1.341287848846927852e-02 2.483648972165478780e-02 1.583819036243057460e-05 5.138238241477399108e-05
3.400000000000000000e+01 1.068277664226022564e-02 2.128803374846082591e-02 1.578806052030639259e-05 5.041365661623210310e-05
3.500000000000000000e+01 7.074029792871684014e-03 1.645554177583936906e-02 1.574016931879131296e-05 4.958800849803883428e-05
3.600000000000000000e+01 5.496293617790634807e-03 1.122219189091745381e-02 1.569388650695009035e-05 4.890232689286313410e-05
3.700000000000000000e+01 2.585753068323750833e-03 6.465058441950228239e-03 1.565065775944491391e-05 4.835819966126305466e-05
3.800000000000000000e+01 1.827715587361327483e-03 3.061126489979888645e-03 1.561161011699146097e-05 4.795180170598884264e-05
3.900000000000000000e+01 2.667723632582518802e-03 1.486808338406439209e-03 1.557704819875658066e-05 4.762098590504917732e-05
4.000000000000000000e+01 4.415232423286300813e-03 1.692445595569417238e-03 1.554414214676907559e-05 4.736290007133327283e-05
4.100000000000000000e+01 6.827573892590636795e-03 3.018694063588810584e-03 1.550365027798078903e-05 4.713762707484760015e-05
4.200000000000000000e+01 7.337341898057536151e-03 4.560954399082598441e-03 1.543768961629687916e-05 4.686859182880921893e-05
4.300000000000000000e+01 6.854774020906996730e-03 5.533206635364683323e-03 1.531766862246408575e-05 4.645706589002282754e-05
4.400000000000000000e+01 5.884261236066713058e-03 5.570296630475494483e-03 1.511108619961443564e-05 4.582929686518465412e-05
4.500000000000000000e+01 3.695889172005529123e-03 4.693017652223518098e-03 1.479775046827067140e-05 4.489325912160927964e-05
4.600000000000000000e+01 1.729114005055514729e-03 3.244782853170745298e-03 1.438914033108527916e-05 4.367261359292534819e-05
4.700000000000000000e+01 2.787509909725596259e-04 1.769971711388947273e-03 1.393901192775477035e-05 4.231643344545274709e-05
