# freqs 	 pli 	 dpli 	 meanpower(thalamus)	 meanpower(scalp)	pli
8.000000000000000000e+00 -4.784085800138637712e-02 -1.342845396270553326e-01 8.529517456103018387e-05 2.573546708724193063e-04
9.000000000000000000e+00 -4.226672099713207897e-02 -1.321536577654510158e-01 8.287669197748037241e-05 2.611275147764391359e-04
1.000000000000000000e+01 -4.411601431638893095e-02 -1.610489129835613320e-01 8.594366872389590619e-05 3.001723902724425354e-04
1.100000000000000000e+01 -1.008970911774135920e-01 -3.074194098717387691e-01 9.294107050509456392e-05 3.488680751291284039e-04
1.200000000000000000e+01 -1.655638702965112896e-01 -4.209197749943726641e-01 9.619465467172730517e-05 3.624105109520245815e-04
1.300000000000000000e+01 -2.074289178690650881e-01 -4.618362312660572733e-01 9.474372220601140872e-05 3.482356954942377922e-04
1.400000000000000000e+01 -2.110473336550692247e-01 -4.430158943913165559e-01 8.957164106255983440e-05 3.222289981232346495e-04
1.500000000000000000e+01 -1.746771668556001966e-01 -3.570398456775530915e-01 8.152499197788039970e-05 2.865409853450698102e-04
1.600000000000000000e+01 -1.158755219870002545e-01 -2.284628127036587575e-01 7.265948814185497768e-05 2.504957282300607734e-04
1.700000000000000000e+01 -6.009327107518424443e-02 -1.091958237252880215e-01 6.462144237421472363e-05 2.227839739113368015e-04
1.800000000000000000e+01 -1.973348370285197759e-02 -2.373727090986367527e-02 5.810056976616844571e-05 2.037437046673235604e-04
1.900000000000000000e+01 8.905226087358532328e-03 3.582603704346955242e-02 5.308983558990371273e-05 1.902479403576601443e-04
2.000000000000000000e+01 2.605966179543858785e-02 7.618184824423808454e-02 4.937945583410011010e-05 1.798326896218698857e-04
2.100000000000000000e+01 3.438921331198471765e-02 9.364242494599096800e-02 4.663001403376926973e-05 1.707982694721328946e-04
2.200000000000000000e+01 3.328669701409661674e-02 8.879883706055106962e-02 4.439097579165045081e-05 1.616448828050839036e-04
2.300000000000000000e+01 2.519782640934862400e-02 7.005316425162021188e-02 4.237143699236031182e-05 1.516625904736078605e-04
2.400000000000000000e+01 1.433678254511455002e-02 4.469788400790655758e-02 4.052929708330399309e-05 1.411301557069435941e-04
2.500000000000000000e+01 3.376241200533160701e-03 1.648841620584892004e-02 3.894542942253377397e-05 1.308679985173874863e-04
2.600000000000000000e+01 -7.523106186743232747e-03 -1.134852801891329463e-02 3.767273856583168320e-05 1.215653618335461769e-04
2.700000000000000000e+01 -1.788257583764878839e-02 -3.510308301498157868e-02 3.666039888986929405e-05 1.135245950738343173e-04
2.800000000000000000e+01 -2.483816439457438643e-02 -5.180198141881050405e-02 3.582500462999843480e-05 1.067617027603418663e-04
2.900000000000000000e+01 -2.849462500475231919e-02 -6.040855957028417461e-02 3.510647514604857004e-05 1.011799597054211728e-04
3.000000000000000000e+01 -2.971031084072002504e-02 -6.200129582506631182e-02 3.446808877195968197e-05 9.664182655284657810e-05
3.100000000000000000e+01 -2.814673384247051366e-02 -5.880387023512088224e-02 3.388608591951617862e-05 9.302126714563246814e-05
3.200000000000000000e+01 -2.592176027187113874e-02 -5.303390793361115879e-02 3.335253843941533646e-05 9.019014774043795479e-05
3.300000000000000000e+01 -2.337827017929024198e-02 -4.618757458705444185e-02 3.286742284135062668e-05 8.802713464782228642e-05
3.400000000000000000e+01 -1.965965233938031520e-02 -3.927274744557420622e-02 3.243252892721741083e-05 8.639561793641282929e-05
3.500000000000000000e+01 -1.691557638601310504e-02 -3.320228568901658489e-02 3.204554587811907657e-05 8.511801381244296378e-05
3.600000000000000000e+01 -1.546685053737254997e-02 -2.863958107794096347e-02 3.169770773933885976e-05 8.400480945288323845e-05
3.700000000000000000e+01 -1.408326063170883304e-02 -2.567048691066041097e-02 3.138034240306172227e-05 8.287430358396043997e-05
3.800000000000000000e+01 -1.319577418321684487e-02 -2.378538448270728356e-02 3.108250930647841163e-05 8.159883192968738473e-05
3.900000000000000000e+01 -1.255963448372966230e-02 -2.219923638741326186e-02 3.079364873375087003e-05 8.013184995855007092e-05
4.000000000000000000e+01 -1.196465790325491711e-02 -2.029132992430314475e-02 3.050621951794721471e-05 7.850416689304027357e-05
4.100000000000000000e+01 -1.025640827989808025e-02 -1.784306448165765349e-02 3.020734685223638291e-05 7.676801975031644803e-05
4.200000000000000000e+01 -8.199224724195545294e-03 -1.502515339157824148e-02 2.986848887968733885e-05 7.493895714670579915e-05
4.300000000000000000e+01 -6.795465655883061069e-03 -1.219026632416352930e-02 2.943922327609176191e-05 7.295840889860696519e-05
4.400000000000000000e+01 -6.035783885546593813e-03 -9.682935698621646797e-03 2.886149734399442169e-05 7.073652042796317043e-05
4.500000000000000000e+01 -5.479880646334621581e-03 -7.678718726198699440e-03 2.810224427539480952e-05 6.819867459108312150e-05
4.600000000000000000e+01 -4.760242583395265722e-03 -6.212793775188975819e-03 2.718691143895485420e-05 6.538620694832421396e-05
4.700000000000000000e+01 -4.189922478007120435e-03 -5.233179115958407068e-03 2.621786320239208930e-05 6.249858803844619403e-05
