# freqs 	 pli 	 dpli 	 meanpower(thalamus)	 meanpower(scalp)	pli
8.000000000000000000e+00 -4.305872513778568472e-02 -8.951036498960653065e-02 6.198700169006108338e-05 2.341031651812427257e-04
9.000000000000000000e+00 -3.653527142825391955e-02 -7.593755611431564356e-02 5.516429449324509993e-05 1.965484610202301050e-04
1.000000000000000000e+01 -9.469230776959176171e-03 -2.128562514491771918e-02 5.142083119094454903e-05 1.674107156622776471e-04
1.100000000000000000e+01 9.190693136022857687e-03 4.969015188507549391e-02 5.210529640197466368e-05 1.432485955253883154e-04
1.200000000000000000e+01 1.886296444187313126e-02 1.384240937538315230e-01 5.306220227866644039e-05 1.259409515534901677e-04
1.300000000000000000e+01 1.823017720061730074e-02 1.910843600721698343e-01 5.132189835665155239e-05 1.164370278473773277e-04
1.400000000000000000e+01 2.348825290536034685e-02 1.460652004292472828e-01 4.844981948413695826e-05 1.114552602911617350e-04
1.500000000000000000e+01 1.600436653207140680e-02 7.936485156295738919e-02 4.549004799537008858e-05 1.052980116878489246e-04
1.600000000000000000e+01 1.350132531971122603e-02 4.486243097452248529e-02 4.320101660793986524e-05 9.812043243960178937e-05
1.700000000000000000e+01 1.565581381638097430e-02 3.228276311412566629e-02 4.189201470092225382e-05 9.229366768105263662e-05
1.800000000000000000e+01 1.047404931180061921e-02 2.720127474204574874e-02 4.126449463398429435e-05 8.827397985242115225e-05
1.900000000000000000e+01 5.814431697563383038e-03 2.050782394843402023e-02 4.097207386711964895e-05 8.548022550619906992e-05
2.000000000000000000e+01 4.879317560458558238e-03 1.084162847598591981e-02 4.094782864333983065e-05 8.331832956563898411e-05
2.100000000000000000e+01 3.643067284943323110e-03 2.191092505757126670e-03 4.117824903903726734e-05 8.158866444567453892e-05
2.200000000000000000e+01 1.724487725705011083e-03 -3.501770899142357327e-03 4.161971317671509418e-05 8.002522116106497332e-05
2.300000000000000000e+01 -3.983093288955490661e-03 -7.332367456285860882e-03 4.215532906895171289e-05 7.824571464532674209e-05
2.400000000000000000e+01 -4.507279680061978405e-03 -1.254591990936924570e-02 4.265447499984597002e-05 7.610702681760688653e-05
2.500000000000000000e+01 -4.620015400051333092e-03 -2.035093778405049070e-02 4.304119539040765334e-05 7.364871700133201516e-05
2.600000000000000000e+01 -9.200302337284832488e-03 -2.820318625451076824e-02 4.339316806029833309e-05 7.105943098678492822e-05
2.700000000000000000e+01 -1.128166508642483232e-02 -3.368323140195050858e-02 4.387265505966322660e-05 6.851838327623248532e-05
2.800000000000000000e+01 -1.339922554668006305e-02 -3.772569918299566866e-02 4.454684823178516170e-05 6.610202583475927051e-05
2.900000000000000000e+01 -1.511053570546035639e-02 -4.275590666172036924e-02 4.533661891209229923e-05 6.382833761882451200e-05
3.000000000000000000e+01 -1.342821494443497202e-02 -4.925834627564684015e-02 4.603440359324569025e-05 6.170892121144600569e-05
3.100000000000000000e+01 -9.874576136650737093e-03 -5.456371011094113266e-02 4.638559484701819749e-05 5.980364651151389674e-05
3.200000000000000000e+01 -8.238449774668676548e-03 -5.500495529131943506e-02 4.624307275749363095e-05 5.812203366078150214e-05
3.300000000000000000e+01 -7.718117560602984206e-03 -4.875696839517213582e-02 4.562788745091189262e-05 5.662858727299743106e-05
3.400000000000000000e+01 -3.989560858436776158e-03 -3.742113435581066738e-02 4.467167220482003880e-05 5.528486153185970220e-05
3.500000000000000000e+01 7.920149439697720967e-04 -2.405875032952968159e-02 4.354116962934185213e-05 5.407041907468489584e-05
3.600000000000000000e+01 4.023299801007417659e-03 -1.186543960308358847e-02 4.240395385145155291e-05 5.298551504717742837e-05
3.700000000000000000e+01 7.130558322330576675e-03 -2.300106184325281279e-03 4.136739623270173165e-05 5.202147845539906791e-05
3.800000000000000000e+01 8.086768079978474619e-03 4.920536205781574600e-03 4.048083790284157812e-05 5.116870592174967326e-05
3.900000000000000000e+01 7.814759541410705446e-03 1.069028824783889962e-02 3.975234382262971103e-05 5.039117684546527964e-05
4.000000000000000000e+01 8.701333870440810039e-03 1.571040007823732571e-02 3.915980097159695250e-05 4.968149984955969994e-05
4.100000000000000000e+01 1.259867096448519588e-02 2.004281710470126945e-02 3.864561893871173857e-05 4.902230219950110630e-05
4.200000000000000000e+01 1.415110238002378548e-02 2.343801237186812769e-02 3.814325256907141477e-05 4.836111760603730830e-05
4.300000000000000000e+01 1.251209753138135712e-02 2.566208271863051546e-02 3.756021138208569683e-05 4.759936679671890287e-05
4.400000000000000000e+01 1.262774059898500584e-02 2.701164210902121457e-02 3.680126594523786627e-05 4.665313739354232575e-05
4.500000000000000000e+01 1.249118323192646707e-02 2.765294431691095109e-02 3.580785909692420579e-05 4.543745715517473065e-05
4.600000000000000000e+01 1.178527936652680463e-02 2.783518324826290274e-02 3.460525222859280747e-05 4.395577353099053102e-05
4.700000000000000000e+01 1.144913754061333173e-02 2.761838137218940170e-02 3.331613005633827531e-05 4.232827310218686663e-05
