# freqs 	 pli 	 dpli 	 meanpower(thalamus)	 meanpower(scalp)	pli
8.000000000000000000e+00 -7.029434574178021478e-02 -1.848160539556573945e-01 2.174559935087410397e-04 5.621998617416587053e-04
9.000000000000000000e+00 -4.562029749241889448e-02 -1.051056545279284021e-01 2.004458964172906531e-04 4.389810104281973314e-04
1.000000000000000000e+01 -2.686787249999365856e-02 -8.936731992377885958e-02 1.983794286455178629e-04 3.365387516523084786e-04
1.100000000000000000e+01 -7.626510053216530981e-04 -3.294112627909746155e-02 2.420295116054546386e-04 2.835347413419938146e-04
1.200000000000000000e+01 2.299572824218588246e-02 1.041050873624098372e-01 2.677015917254435638e-04 2.760128637709405829e-04
1.300000000000000000e+01 2.488491252394458772e-02 1.598501233721306425e-01 2.287816392389726585e-04 2.825682889599532102e-04
1.400000000000000000e+01 2.126346649145342826e-02 1.190736300365795586e-01 1.672145695757580066e-04 2.558886186584262597e-04
1.500000000000000000e+01 1.205695537178638060e-02 5.691021900494207947e-02 1.237179927164342786e-04 2.080329398250848922e-04
1.600000000000000000e+01 5.887946383470413214e-03 2.156350023637915170e-02 1.052222606585466572e-04 1.674829644034782664e-04
1.700000000000000000e+01 3.255129382178187803e-03 8.996395034883778938e-03 9.960814453275937635e-05 1.418584949016182177e-04
1.800000000000000000e+01 -3.153710617651832998e-04 -2.254977670349843691e-05 9.627525206059689119e-05 1.262741276756244987e-04
1.900000000000000000e+01 -2.944863900255498875e-03 -1.008236947366947592e-02 9.211402799717100746e-05 1.159672467425630773e-04
2.000000000000000000e+01 -3.171813750376542042e-03 -1.565938644382379799e-02 8.903455849662304171e-05 1.086518474155532160e-04
2.100000000000000000e+01 -4.215982259745117838e-03 -1.336556328349969291e-02 9.012572173403262722e-05 1.032316262197814080e-04
2.200000000000000000e+01 -4.103163156063899600e-03 -6.587623908015842987e-03 9.545191702448245041e-05 9.899431165893885799e-05
2.300000000000000000e+01 -1.518422685009962549e-05 3.627901561151690652e-04 1.008802165791668827e-04 9.541483078619932088e-05
2.400000000000000000e+01 2.910074481036717745e-03 5.424777783730902643e-03 1.023487329187893017e-04 9.219513345431328162e-05
2.500000000000000000e+01 3.703789088132411825e-03 7.192109404136923061e-03 9.887597954736775671e-05 8.903195753343110745e-05
2.600000000000000000e+01 1.771110655057926524e-03 5.091136128181430326e-03 9.206755890445637803e-05 8.568503549870475533e-05
2.700000000000000000e+01 -2.085805894116397061e-04 3.336540466780492441e-04 8.435984274701267425e-05 8.210224825154602323e-05
2.800000000000000000e+01 -2.517448707966392796e-03 -4.494778185832974497e-03 7.762629369161347381e-05 7.846678892124205886e-05
2.900000000000000000e+01 -2.868095167692498969e-03 -7.076815176477881976e-03 7.264276419993594385e-05 7.504676446314987302e-05
3.000000000000000000e+01 -1.115839923909273503e-03 -6.912632972971699888e-03 6.930907207987173097e-05 7.204061188737572331e-05
3.100000000000000000e+01 -1.342870392490268499e-03 -5.041165263448174096e-03 6.719649624305428328e-05 6.952288782246105934e-05
3.200000000000000000e+01 -1.505237698841169376e-03 -2.789030162775827174e-03 6.594457127090506976e-05 6.747957122197038198e-05
3.300000000000000000e+01 -1.008897974279003313e-03 -9.159671694350383269e-04 6.526619823839028406e-05 6.583219483221041269e-05
3.400000000000000000e+01 -1.166773920691971085e-03 3.989037360900970640e-04 6.482677942100799231e-05 6.449246298222607583e-05
3.500000000000000000e+01 -1.773156268739676470e-03 1.211773624146496395e-03 6.432885854959823427e-05 6.338530546570311027e-05
3.600000000000000000e+01 -9.492171627904624548e-04 1.697428857685462540e-03 6.357284789198335690e-05 6.247996643070072092e-05
3.700000000000000000e+01 1.164993545609806485e-03 2.106045027645295740e-03 6.251803341937042053e-05 6.176770858572376761e-05
3.800000000000000000e+01 2.835620017926333662e-03 2.679238152114240927e-03 6.123770693026734584e-05 6.124870431579263895e-05
3.900000000000000000e+01 4.061132205671873913e-03 3.516332742127847074e-03 5.985758596487349896e-05 6.092017098149224940e-05
4.000000000000000000e+01 4.340298752360782428e-03 4.477648083643313501e-03 5.849142875931178628e-05 6.076534610026973243e-05
4.100000000000000000e+01 4.139580332975772298e-03 5.318319183796665559e-03 5.720310650142988886e-05 6.071674610399898319e-05
4.200000000000000000e+01 4.569317136568752657e-03 5.863332558413438499e-03 5.597365886196160569e-05 6.066080499510536999e-05
4.300000000000000000e+01 3.836608141723000989e-03 6.091785566879447632e-03 5.471003302242102303e-05 6.042196236110808344e-05
4.400000000000000000e+01 3.416781617591284348e-03 6.102534730425122032e-03 5.328697735103217497e-05 5.981329760103914697e-05
4.500000000000000000e+01 2.894156792391025350e-03 6.014014723236257159e-03 5.161324159199142975e-05 5.870729619538272016e-05
4.600000000000000000e+01 3.285686755165208479e-03 5.907775113771693114e-03 4.970060709360808667e-05 5.712408371339193535e-05
4.700000000000000000e+01 3.437292999732005725e-03 5.807923736173276411e-03 4.769653242025241591e-05 5.525627175568546731e-05
