# freqs 	 pli 	 dpli 	 meanpower(thalamus)	 meanpower(scalp)	pli
8.000000000000000000e+00 -8.122255994596419559e-02 -9.375624121052875126e-02 2.896886563058227182e+01 3.676876438579620299e+02
9.000000000000000000e+00 -2.522452167122217828e-02 -4.661719998747304583e-02 3.220752853907428204e+01 3.629910049463371138e+02
1.000000000000000000e+01 -2.427779505662379378e-02 -1.214605458854202819e-01 3.526455446273363492e+01 3.064276689395281892e+02
1.100000000000000000e+01 -3.358241003177875328e-02 -8.233694795661768151e-02 3.780327684863831195e+01 2.641365667743149288e+02
1.200000000000000000e+01 -8.408817895522871858e-03 -5.516649011629166238e-02 3.982392738618001715e+01 2.445603163280699448e+02
1.300000000000000000e+01 -8.128827258564575928e-03 -5.905734623227884561e-02 4.051854468156431466e+01 2.365433600984321458e+02
1.400000000000000000e+01 -3.893222853952723207e-03 -5.549624659942817284e-02 3.972913882383806339e+01 2.271544905792492841e+02
1.500000000000000000e+01 -5.947755817074721132e-03 -5.594154563312232764e-02 3.797417181016609078e+01 2.163775670602736625e+02
1.600000000000000000e+01 1.431631463355115090e-02 -3.435233139141059822e-02 3.589299247783404923e+01 2.039598391905968526e+02
1.700000000000000000e+01 1.691901362412070661e-02 1.744888259064533709e-02 3.392940635345988909e+01 1.897161165914756111e+02
1.800000000000000000e+01 9.610020792129417982e-03 4.340192864942238327e-02 3.238137472781615145e+01 1.764314856016180784e+02
1.900000000000000000e+01 -2.628992628992628949e-03 2.627841610016851820e-02 3.137785875779520239e+01 1.662140710970616908e+02
2.000000000000000000e+01 -9.305500664678618972e-03 6.368914635727512992e-03 3.086654076254395918e+01 1.588293984896810684e+02
2.100000000000000000e+01 -2.004854595528170538e-02 -9.726313251728628713e-04 3.070082564708166828e+01 1.534712281762451482e+02
2.200000000000000000e+01 -2.051370058921114445e-02 -1.195715669010234856e-02 3.073361428153509678e+01 1.501689797781013453e+02
2.300000000000000000e+01 -2.760275354844496376e-02 -3.140380929369578078e-02 3.084823228032885467e+01 1.497807283870473327e+02
2.400000000000000000e+01 -1.755079626578802746e-02 -3.958354822343948531e-02 3.093336281391271925e+01 1.506357851144916253e+02
2.500000000000000000e+01 2.161406527232647128e-03 -2.712891122777809014e-02 3.090567850757111046e+01 1.509522979821164199e+02
2.600000000000000000e+01 9.581142954044429352e-03 -3.637339677455280525e-03 3.075159398053729731e+01 1.506193035935362730e+02
2.700000000000000000e+01 1.499533340246811224e-02 1.531358215950717055e-02 3.050968593333725920e+01 1.499867723786625788e+02
2.800000000000000000e+01 1.815618199094745297e-02 2.377182972970895425e-02 3.021710911284411338e+01 1.482806731576065147e+02
2.900000000000000000e+01 2.093397745571658544e-02 2.382008230138437516e-02 2.990820111367513334e+01 1.456493573498331102e+02
3.000000000000000000e+01 8.689919693155939706e-03 2.053889920077984696e-02 2.961279679383520858e+01 1.423021978237110829e+02
3.100000000000000000e+01 1.241368456257008548e-02 1.630745534301791463e-02 2.936201973288255473e+01 1.390559933675316984e+02
3.200000000000000000e+01 7.642312647107254130e-03 1.550828465827041626e-02 2.917352160500641389e+01 1.358500601228045639e+02
3.300000000000000000e+01 1.064811255477819685e-02 2.273355151419480594e-02 2.905066469503036686e+01 1.326614812239193668e+02
3.400000000000000000e+01 1.888898347568646399e-02 3.753447036774559126e-02 2.898950494558233260e+01 1.299207961691714388e+02
3.500000000000000000e+01 2.568289089697754421e-02 5.760748643833955157e-02 2.898180662463131796e+01 1.275122962693020696e+02
3.600000000000000000e+01 2.972195589645254196e-02 7.726948761823959622e-02 2.901316259226306826e+01 1.256653382057674122e+02
3.700000000000000000e+01 3.642491113060338653e-02 9.225226522882704061e-02 2.906657820770595890e+01 1.242845524591076440e+02
3.800000000000000000e+01 4.088861440093002897e-02 1.006693555628582204e-01 2.912376897265659537e+01 1.234904552473056611e+02
3.900000000000000000e+01 4.181564371594542057e-02 1.021709919811504969e-01 2.916800402347700327e+01 1.229836519253113920e+02
4.000000000000000000e+01 4.143786998098197144e-02 9.792413555401770220e-02 2.917866865247452424e+01 1.228911567490284540e+02
4.100000000000000000e+01 3.998937865108868894e-02 9.060239315566084861e-02 2.913165498183664681e+01 1.230598208970636733e+02
4.200000000000000000e+01 4.018389836456798259e-02 8.257696378202236676e-02 2.899471528380038166e+01 1.232459950204861201e+02
4.300000000000000000e+01 3.430546781778619908e-02 7.593463886124583728e-02 2.871894072673982734e+01 1.228412957709889781e+02
4.400000000000000000e+01 3.576863873935767768e-02 7.163820070403645324e-02 2.825402586012723205e+01 1.218543549716623886e+02
4.500000000000000000e+01 4.108738935192766950e-02 6.960897832501217186e-02 2.757654977121572060e+01 1.198900447887951657e+02
4.600000000000000000e+01 3.810508153172006973e-02 6.844666805854160430e-02 2.671783049386568365e+01 1.170087446104381002e+02
4.700000000000000000e+01 3.511905265741783327e-02 6.689157547591596809e-02 2.578099835911908499e+01 1.136194774620575316e+02
