# freqs 	 pli 	 dpli 	 meanpower(thalamus)	 meanpower(scalp)	pli
8.000000000000000000e+00 -4.265633237704637148e-02 -9.074608578402733328e-02 9.678672312793771550e-05 2.624954442953483552e-04
9.000000000000000000e+00 -5.969067760403315437e-02 -1.020399150807946298e-01 8.063934518269081926e-05 2.443331145027661622e-04
1.000000000000000000e+01 -1.122924279845224568e-02 3.688734203250251418e-04 7.153848050730722064e-05 2.176045010032278760e-04
1.100000000000000000e+01 1.303749622787231562e-02 7.260374408288855497e-02 7.149568044139743318e-05 1.841252846339447400e-04
1.200000000000000000e+01 1.332379443677926024e-02 9.183625600977700365e-02 7.093334785940166377e-05 1.612513588462552330e-04
1.300000000000000000e+01 5.177784207928375418e-03 6.365091892913772587e-02 6.595957886233264349e-05 1.520701463984191842e-04
1.400000000000000000e+01 2.895020632550101593e-03 1.943660700721064338e-02 6.088819126351116345e-05 1.525684528970752370e-04
1.500000000000000000e+01 1.107080076298761970e-02 -9.361950772048849290e-03 5.842055323021873623e-05 1.571882626797481517e-04
1.600000000000000000e+01 -4.098402438651400914e-03 -4.323092155422535166e-02 5.854105629765912831e-05 1.642275025189903392e-04
1.700000000000000000e+01 -2.748027296844694073e-02 -8.568851998528144442e-02 6.007966498572121089e-05 1.705216787744986062e-04
1.800000000000000000e+01 -5.170066179291891995e-02 -1.216142762459597598e-01 6.188904102151228078e-05 1.750847293089639618e-04
1.900000000000000000e+01 -5.704432594624134212e-02 -1.347399849832965069e-01 6.296880382717123163e-05 1.769447657184409703e-04
2.000000000000000000e+01 -5.578535532624592091e-02 -1.244249701170764832e-01 6.299016327921632449e-05 1.743337939916706283e-04
2.100000000000000000e+01 -4.620916584687404655e-02 -1.058576085444586923e-01 6.205364531254688512e-05 1.674444941928657118e-04
2.200000000000000000e+01 -4.137570838943359364e-02 -9.353698237324464815e-02 6.074728588835371409e-05 1.576917761570134212e-04
2.300000000000000000e+01 -4.113165452258325111e-02 -9.087696659665524257e-02 5.933321042020740430e-05 1.466483576739656500e-04
2.400000000000000000e+01 -4.150466266444748087e-02 -9.597611621346203992e-02 5.777544318936322790e-05 1.354367881600516640e-04
2.500000000000000000e+01 -4.537151571634330527e-02 -1.045104373911017182e-01 5.611889248285560438e-05 1.246008653541643763e-04
2.600000000000000000e+01 -5.480426805094824882e-02 -1.110025946474740149e-01 5.442204012832618044e-05 1.144851132891993640e-04
2.700000000000000000e+01 -5.926252138416978482e-02 -1.113226699082657117e-01 5.279509096053095564e-05 1.053825569563415760e-04
2.800000000000000000e+01 -5.681760448173199529e-02 -1.054327592188129548e-01 5.141790702115266946e-05 9.750397630299128269e-05
2.900000000000000000e+01 -5.303902577787410200e-02 -9.586816931146299736e-02 5.038092623417545353e-05 9.094293146426351985e-05
3.000000000000000000e+01 -4.776562134926198161e-02 -8.560997219954533111e-02 4.964717324729833736e-05 8.560529420892095634e-05
3.100000000000000000e+01 -4.255383979930053157e-02 -7.632888023229807140e-02 4.912862160924124765e-05 8.128531880747863134e-05
3.200000000000000000e+01 -3.790912506727778242e-02 -6.847614592483941554e-02 4.876707152154812657e-05 7.772677630165427407e-05
3.300000000000000000e+01 -3.295401466277644853e-02 -6.195667551378247068e-02 4.854023211702103121e-05 7.475819862709565165e-05
3.400000000000000000e+01 -2.773340733420871090e-02 -5.671666343598801008e-02 4.843152227777739984e-05 7.224080036816499955e-05
3.500000000000000000e+01 -2.276011193941465324e-02 -5.280589983208459209e-02 4.838915823609572201e-05 7.007578068009300866e-05
3.600000000000000000e+01 -2.053515236413098674e-02 -4.973266990237439761e-02 4.836293017923847979e-05 6.816464587597967242e-05
3.700000000000000000e+01 -2.329421078807850792e-02 -4.712176795537340035e-02 4.830598991566231244e-05 6.642362480545521469e-05
3.800000000000000000e+01 -2.343572933897576996e-02 -4.488011072662014683e-02 4.819430004752845559e-05 6.477625738533512271e-05
3.900000000000000000e+01 -2.469202616678279824e-02 -4.307069818960949925e-02 4.802664940902440325e-05 6.319178038981553881e-05
4.000000000000000000e+01 -2.405747005922203099e-02 -4.181824829886131994e-02 4.778147675264115163e-05 6.166149677391049178e-05
4.100000000000000000e+01 -2.280413403135695197e-02 -4.108213129833559324e-02 4.744011288816671660e-05 6.017092863236250962e-05
4.200000000000000000e+01 -2.096599113341471657e-02 -4.060084456352665988e-02 4.697371210536292302e-05 5.864950516500361916e-05
4.300000000000000000e+01 -2.032686656499288133e-02 -4.010291948368226861e-02 4.631862091283750244e-05 5.701971616169147728e-05
4.400000000000000000e+01 -2.071738204245592366e-02 -3.934339532817159035e-02 4.540404401244145169e-05 5.518047360380078635e-05
4.500000000000000000e+01 -2.143241132377851632e-02 -3.821302613999701114e-02 4.419422156756447746e-05 5.304435490177707022e-05
4.600000000000000000e+01 -2.193771298750473234e-02 -3.674952339213824470e-02 4.274767090332898153e-05 5.063101921569219889e-05
4.700000000000000000e+01 -2.020167874057271842e-02 -3.495834077918100885e-02 4.124365779395613676e-05 4.808692855278819437e-05
