# freqs 	 pli 	 dpli 	 meanpower(thalamus)	 meanpower(scalp)	pli
8.000000000000000000e+00 -3.593693947377556847e-02 -7.192242638814895506e-02 3.333805396757364011e-05 1.603744592337838872e-04
9.000000000000000000e+00 -5.107011524910619153e-03 2.486032794458856512e-02 3.112385023241546475e-05 1.340526297465797904e-04
1.000000000000000000e+01 1.970632764912276513e-02 9.907855083333177992e-02 3.460026775859166001e-05 1.219113303212078107e-04
1.100000000000000000e+01 1.518290543503282054e-02 1.266505124072153099e-01 3.975038392493882792e-05 1.199472911516453230e-04
1.200000000000000000e+01 -1.774080307914006546e-02 6.717854652595840748e-02 3.859195545534039869e-05 1.224980515981480007e-04
1.300000000000000000e+01 -5.741778986497064058e-02 -7.041706259042586347e-02 3.379893618990157251e-05 1.307370993897072581e-04
1.400000000000000000e+01 -9.064796752253914680e-02 -2.152763139134634407e-01 3.003460472852085726e-05 1.357515956099610997e-04
1.500000000000000000e+01 -1.024173888582506492e-01 -2.819288340545713645e-01 2.789165454864951841e-05 1.277037021268781838e-04
1.600000000000000000e+01 -8.998825008642458156e-02 -2.607410931706831692e-01 2.662697974658863643e-05 1.106277991538380176e-04
1.700000000000000000e+01 -6.896120660527021995e-02 -1.937740333142323190e-01 2.585761074716470186e-05 9.390512051410176628e-05
1.800000000000000000e+01 -4.908379793761245141e-02 -1.300996718987768863e-01 2.547761066906723438e-05 8.232131268926342520e-05
1.900000000000000000e+01 -3.739263142953664493e-02 -9.009942844278300000e-02 2.551530116265039264e-05 7.556287086810750556e-05
2.000000000000000000e+01 -2.826490423368300739e-02 -6.623042576708233764e-02 2.602440815738624286e-05 7.138034359534599328e-05
2.100000000000000000e+01 -2.198279092317551378e-02 -4.897986842181554362e-02 2.681624679816150942e-05 6.802549742407863883e-05
2.200000000000000000e+01 -1.728421301306474686e-02 -3.586418149456133825e-02 2.753506226299381923e-05 6.477053766925128958e-05
2.300000000000000000e+01 -1.346775289227345428e-02 -2.687595381153932983e-02 2.789563853767392115e-05 6.162032576279606133e-05
2.400000000000000000e+01 -1.164793991749200723e-02 -2.122301991516572020e-02 2.786048345964834330e-05 5.881791189023224573e-05
2.500000000000000000e+01 -8.905690821811503358e-03 -1.762202485743028652e-02 2.761230528303228518e-05 5.649579782590134601e-05
2.600000000000000000e+01 -7.454068762748332702e-03 -1.472208205366019700e-02 2.735550732421332775e-05 5.461625134070841866e-05
2.700000000000000000e+01 -5.847200690376729189e-03 -1.170160839825967400e-02 2.721238922454195328e-05 5.305258926582209078e-05
2.800000000000000000e+01 -4.344325289516694916e-03 -8.578938249006353226e-03 2.720766796542629318e-05 5.167687192547186465e-05
2.900000000000000000e+01 -2.254265325368300533e-03 -6.050941456853075988e-03 2.732386107328813431e-05 5.041154819347991772e-05
3.000000000000000000e+01 -9.254122321214040435e-04 -4.679341634541324055e-03 2.752361514450869250e-05 4.923967255258340927e-05
3.100000000000000000e+01 -9.611346311672089825e-04 -4.375174483709521993e-03 2.777270106071899979e-05 4.815760688711474716e-05
3.200000000000000000e+01 -1.585983969218212643e-03 -4.575023465572152122e-03 2.804898437688833126e-05 4.717013503026146496e-05
3.300000000000000000e+01 -2.396236072271288719e-03 -4.769556373009845550e-03 2.832900408256916838e-05 4.627669011679203637e-05
3.400000000000000000e+01 -2.115649665810513756e-03 -4.765878368763623238e-03 2.859498817211148446e-05 4.546270041047670052e-05
3.500000000000000000e+01 -1.777326320659878504e-03 -4.701568211518483004e-03 2.884819090984921421e-05 4.471226884758491588e-05
3.600000000000000000e+01 -2.285597683317425535e-03 -4.790511799602121396e-03 2.909131795881014611e-05 4.401982317450645743e-05
3.700000000000000000e+01 -2.282546887555676404e-03 -5.186405833285140377e-03 2.932694951072182176e-05 4.338468093639793538e-05
3.800000000000000000e+01 -2.770816154355794370e-03 -5.924810493483678372e-03 2.955659417867872825e-05 4.280414935512643010e-05
3.900000000000000000e+01 -3.429437264594362936e-03 -6.949618783973499254e-03 2.978666755097850348e-05 4.227147060256981426e-05
4.000000000000000000e+01 -4.610830151489445777e-03 -8.103772760527507696e-03 3.001326303962627978e-05 4.177772322305196536e-05
4.100000000000000000e+01 -4.161747377321469571e-03 -9.182070758843927441e-03 3.021627811741621589e-05 4.129668565500422146e-05
4.200000000000000000e+01 -4.798355111060116640e-03 -9.987589050988406048e-03 3.035033332347436772e-05 4.077868296746719573e-05
4.300000000000000000e+01 -5.027447216378446403e-03 -1.040912974857380324e-02 3.035178608080424083e-05 4.014590808832974077e-05
4.400000000000000000e+01 -5.701661939739009928e-03 -1.038343135349158522e-02 3.015184752729209764e-05 3.931563226129120670e-05
4.500000000000000000e+01 -5.814940633867594043e-03 -9.996430071599560208e-03 2.971253417938914739e-05 3.823481120733790255e-05
4.600000000000000000e+01 -5.050361661533736383e-03 -9.362583002645431460e-03 2.906467876843214500e-05 3.693141985726773661e-05
4.700000000000000000e+01 -4.209699628071751631e-03 -8.604095598575603118e-03 2.832842924848440704e-05 3.553370929919914839e-05
