# freqs 	 pli 	 dpli 	 meanpower(thalamus)	 meanpower(scalp)	pli
8.000000000000000000e+00 -3.985166324280590283e-02 -1.013845418078339888e-01 1.823727124646989267e-04 2.277983112535085118e-04
9.000000000000000000e+00 -7.682985831828706424e-02 -1.884574130686173521e-01 2.172787836820814708e-04 2.338387193059191828e-04
1.000000000000000000e+01 -6.366394365427857638e-02 -1.528381708699979302e-01 2.501900428953706475e-04 2.604304564147950896e-04
1.100000000000000000e+01 -1.949560540444881737e-02 4.861479505184045785e-02 3.112134022196345147e-04 2.988703454120967282e-04
1.200000000000000000e+01 -2.031466491821511469e-02 3.523037980493051030e-02 3.013642915549088878e-04 3.327087692210253366e-04
1.300000000000000000e+01 -5.023473879575759277e-02 -1.243981728031752915e-01 2.324280181765842794e-04 3.691800568148742427e-04
1.400000000000000000e+01 -7.266036165871932184e-02 -2.262133823284719625e-01 1.790501503619990715e-04 3.758138046460515183e-04
1.500000000000000000e+01 -7.854639269287398695e-02 -2.411731452371759232e-01 1.565599581037620345e-04 3.461575396795205681e-04
1.600000000000000000e+01 -7.274773382232008201e-02 -2.322194918551017118e-01 1.465342954105153890e-04 3.080901500630042994e-04
1.700000000000000000e+01 -7.046969296674068794e-02 -2.291598630955620219e-01 1.367362676925238415e-04 2.771743166371778890e-04
1.800000000000000000e+01 -6.474638402804785975e-02 -2.269881003147404541e-01 1.257194601128531391e-04 2.534844812607902806e-04
1.900000000000000000e+01 -5.732292424093907157e-02 -2.185113297804996413e-01 1.155359728936304826e-04 2.339619870548809502e-04
2.000000000000000000e+01 -4.549052280774838752e-02 -1.990874998016675390e-01 1.088612615216720482e-04 2.172683641264506517e-04
2.100000000000000000e+01 -3.451686620853757631e-02 -1.694730463995010039e-01 1.068023394889258611e-04 2.025666517657320677e-04
2.200000000000000000e+01 -2.322439635322556470e-02 -1.390034845286572396e-01 1.067580553510026679e-04 1.892586594368965371e-04
2.300000000000000000e+01 -1.510453396803008996e-02 -1.157099338894631568e-01 1.047248707128749245e-04 1.771455595931365845e-04
2.400000000000000000e+01 -1.059521883320510387e-02 -9.880862688835391483e-02 9.926579708194018447e-05 1.663854898402089902e-04
2.500000000000000000e+01 -7.525884314312593359e-03 -8.352810053536997847e-02 9.172127559547441826e-05 1.570396783970004256e-04
2.600000000000000000e+01 -4.736134241435726797e-03 -6.620122985779974822e-02 8.419401337155906894e-05 1.489978076438538371e-04
2.700000000000000000e+01 -3.420705014217271037e-03 -4.618872518881522726e-02 7.807699736933073568e-05 1.419820631202872599e-04
2.800000000000000000e+01 -5.104755318093150444e-04 -2.543262074959990598e-02 7.360634576021844332e-05 1.355535917484867537e-04
2.900000000000000000e+01 3.242651709254588260e-03 -6.364707333108348027e-03 7.035115721811963107e-05 1.294236832459446686e-04
3.000000000000000000e+01 6.003099221835346555e-03 9.308391379620513037e-03 6.782654247075311593e-05 1.234429956661526630e-04
3.100000000000000000e+01 7.790791009924110180e-03 2.078966606517740345e-02 6.577596317795649991e-05 1.176093126543087115e-04
3.200000000000000000e+01 7.419106509815245540e-03 2.814835366989109494e-02 6.408215739498089266e-05 1.119911673216335643e-04
3.300000000000000000e+01 7.103636041928271597e-03 3.218927348243079412e-02 6.259863940250002157e-05 1.066653440988945292e-04
3.400000000000000000e+01 5.880509574969987330e-03 3.415556868133744206e-02 6.115553103987184558e-05 1.016866588249870531e-04
3.500000000000000000e+01 4.298741903113852819e-03 3.512574830564827583e-02 5.964403207701148447e-05 9.708788149571287690e-05
3.600000000000000000e+01 2.068233322628568443e-03 3.573599760785921980e-02 5.805960382627022199e-05 9.291444032268547041e-05
3.700000000000000000e+01 -8.002814080442104713e-06 3.634934734392453876e-02 5.645747004329998279e-05 8.918566170521462298e-05
3.800000000000000000e+01 -7.153489234325843956e-04 3.729131278885362832e-02 5.491772102536878093e-05 8.588006179207659371e-05
3.900000000000000000e+01 -1.520451793466363064e-03 3.870810235852297637e-02 5.350716228482711148e-05 8.294452812812872411e-05
4.000000000000000000e+01 -1.865478513762807529e-03 4.056643529734382803e-02 5.224444986036573183e-05 8.033294273231663871e-05
4.100000000000000000e+01 -2.736708988986175962e-03 4.253524218219563446e-02 5.109911556825514050e-05 7.795851138376951950e-05
4.200000000000000000e+01 -2.365473344191342843e-03 4.420763734366045528e-02 5.000164086068413873e-05 7.569077552526163287e-05
4.300000000000000000e+01 -1.712178059259326576e-03 4.520352493218553203e-02 4.884563186282102153e-05 7.335598478209064989e-05
4.400000000000000000e+01 -1.906899340312962149e-03 4.538915695886087953e-02 4.751448907844552078e-05 7.079412877781696926e-05
4.500000000000000000e+01 -2.411007948565163650e-03 4.471730419493943898e-02 4.592689797239399367e-05 6.788741098620221953e-05
4.600000000000000000e+01 -2.817576427485653668e-03 4.321062353493895086e-02 4.409262767227750652e-05 6.463136531700888743e-05
4.700000000000000000e+01 -2.828101852254508684e-03 4.085307166156586234e-02 4.213546571209233945e-05 6.116765714923024725e-05
