# freqs 	 pli 	 dpli 	 meanpower(thalamus)	 meanpower(scalp)	pli
8.000000000000000000e+00 -1.978927309204157187e-02 -3.846930622238659003e-02 2.903911390330040751e-05 2.006379970833118407e-04
9.000000000000000000e+00 -2.305386849388423032e-02 -4.835609040108675150e-02 2.706012242227763933e-05 1.868143781078600893e-04
1.000000000000000000e+01 -5.378888889698006312e-03 -2.686441561044557082e-03 2.676037270515772943e-05 1.647920171116254884e-04
1.100000000000000000e+01 1.208327654218228388e-02 3.431509711677142166e-02 2.719659550998118635e-05 1.463555330901617532e-04
1.200000000000000000e+01 1.836113073742131480e-02 4.525556103088240745e-02 2.835823181413283617e-05 1.365601920344635333e-04
1.300000000000000000e+01 1.719689564399019821e-02 3.789289213606351903e-02 2.966994277663124161e-05 1.327110207450780564e-04
1.400000000000000000e+01 1.077346559567141440e-02 2.923720319759745556e-02 3.052444971834428466e-05 1.298563087510693327e-04
1.500000000000000000e+01 6.111430124818884556e-03 1.972775417113759380e-02 3.078994387589095223e-05 1.262237805206219718e-04
1.600000000000000000e+01 2.149206469209609394e-03 5.732360703760455006e-03 3.073144707777270560e-05 1.226439467977413886e-04
1.700000000000000000e+01 -2.600881835945662284e-03 -7.678886447969352803e-03 3.050507004640862853e-05 1.199913890438084502e-04
1.800000000000000000e+01 -5.529043374122608739e-03 -1.644462088699106053e-02 3.008147215142296187e-05 1.183759833782927000e-04
1.900000000000000000e+01 -8.359797336264823686e-03 -2.058526206961791907e-02 2.947352024681906807e-05 1.170607853912745115e-04
2.000000000000000000e+01 -9.039413192773917971e-03 -2.132593989377560423e-02 2.876811316159938052e-05 1.151714662362499645e-04
2.100000000000000000e+01 -9.532685230348711403e-03 -1.950256475135799319e-02 2.807709390411333215e-05 1.122346580137466364e-04
2.200000000000000000e+01 -6.820955413122199718e-03 -1.569980271390278639e-02 2.746844737094519896e-05 1.082618436180488844e-04
2.300000000000000000e+01 -4.369942335062318960e-03 -1.091557670379089337e-02 2.695299271762367614e-05 1.036646257947593442e-04
2.400000000000000000e+01 -2.177393880640909711e-03 -5.706198335832335898e-03 2.652797664348555151e-05 9.888509962180379342e-05
2.500000000000000000e+01 8.083146956258612480e-04 9.999794335969312158e-05 2.617359461290933386e-05 9.422348133771561197e-05
2.600000000000000000e+01 2.871287577992058873e-03 5.992313566658226398e-03 2.587538771445440242e-05 8.992525813833602796e-05
2.700000000000000000e+01 4.602758242940915845e-03 1.100153151640090830e-02 2.563121826196323696e-05 8.613989059974470495e-05
2.800000000000000000e+01 6.254957716834269252e-03 1.498231330912405505e-02 2.543320235555940093e-05 8.285358709445028594e-05
2.900000000000000000e+01 7.986577497856006333e-03 1.816634300349162512e-02 2.527945705739774077e-05 7.999763776098097530e-05
3.000000000000000000e+01 8.639346871110583845e-03 2.028222913388332341e-02 2.518280764274541704e-05 7.747333870293361484e-05
3.100000000000000000e+01 9.039697482852226268e-03 2.089210725422526935e-02 2.514547906078352233e-05 7.520412909873016693e-05
3.200000000000000000e+01 9.668404040228107538e-03 2.042568845679688938e-02 2.515912782972388819e-05 7.314561062758382119e-05
3.300000000000000000e+01 9.290499321930887136e-03 2.009567684557059253e-02 2.519933800787803159e-05 7.126613313860683386e-05
3.400000000000000000e+01 8.865303228781568068e-03 2.091478442067928531e-02 2.524163293265446287e-05 6.957899635814172011e-05
3.500000000000000000e+01 9.524369280825221995e-03 2.310147561833843927e-02 2.527476065855983038e-05 6.809817854121028317e-05
3.600000000000000000e+01 1.086797405965712893e-02 2.595979722139642523e-02 2.529720489258278427e-05 6.682855573344873880e-05
3.700000000000000000e+01 1.211370261597424086e-02 2.846592784750432911e-02 2.530754561383100171e-05 6.576808482315603811e-05
3.800000000000000000e+01 1.252702714222466221e-02 2.983870908095163574e-02 2.530800920244243656e-05 6.490517999994150917e-05
3.900000000000000000e+01 1.210667190940889655e-02 2.986359970857059912e-02 2.530185696367780911e-05 6.419671284803191180e-05
4.000000000000000000e+01 1.280643410280512574e-02 2.884951490140042971e-02 2.528592062111505309e-05 6.360183713229656426e-05
4.100000000000000000e+01 1.218787885932117419e-02 2.735739742981632000e-02 2.524906647436201716e-05 6.305105950142393288e-05
4.200000000000000000e+01 1.175307409713867608e-02 2.589140748714473250e-02 2.516527784186092158e-05 6.244685181501432193e-05
4.300000000000000000e+01 1.195436883942881633e-02 2.470982930642261211e-02 2.498967111193359434e-05 6.165237667940168514e-05
4.400000000000000000e+01 1.203948411122487093e-02 2.388242306721444566e-02 2.466965539820075156e-05 6.053573802873563449e-05
4.500000000000000000e+01 1.232514594517748925e-02 2.332260823582947215e-02 2.417288251031704329e-05 5.900867560573052104e-05
4.600000000000000000e+01 1.214151611561421415e-02 2.295225146112813211e-02 2.351927015303551430e-05 5.711184916621483884e-05
4.700000000000000000e+01 1.202027421760514837e-02 2.275878694299958774e-02 2.279854911714431038e-05 5.504423593135943397e-05
