# freqs 	 pli 	 dpli 	 meanpower(thalamus)	 meanpower(scalp)	pli
8.000000000000000000e+00 -9.228583039753688461e-03 -8.833827861216420052e-03 1.169774445367991914e-04 2.981913321734981854e-04
9.000000000000000000e+00 6.909657156430625870e-03 -3.490354978649708347e-03 1.146540576288542884e-04 3.633592377554477099e-04
1.000000000000000000e+01 7.596722768340881393e-02 1.025316741240116375e-01 1.133687057655831989e-04 3.134393205792788809e-04
1.100000000000000000e+01 1.127803373908678602e-01 2.020715479537248116e-01 1.188151490334430911e-04 2.878683899623120509e-04
1.200000000000000000e+01 1.178393752751896589e-01 2.215821029336428882e-01 1.278607636873773734e-04 3.088111050586589109e-04
1.300000000000000000e+01 8.319244593054564429e-02 1.699127119301779010e-01 1.320136923550845303e-04 3.226536261172255056e-04
1.400000000000000000e+01 4.802949553894859946e-02 9.954577070714464015e-02 1.311285484836480892e-04 3.255438066287764378e-04
1.500000000000000000e+01 1.421392536273454951e-02 4.428909872509146500e-02 1.288190475086648228e-04 3.193776808565639740e-04
1.600000000000000000e+01 -1.090145214279607776e-02 1.196382712361507630e-02 1.270345334319166841e-04 3.102971166965034946e-04
1.700000000000000000e+01 -1.765272383687786772e-02 -4.016341456985515822e-04 1.262188096856779783e-04 2.990274503229521002e-04
1.800000000000000000e+01 -9.005228531187899760e-03 1.054682020681771935e-02 1.273513784124175789e-04 2.819075488509948952e-04
1.900000000000000000e+01 4.284066962819477360e-03 3.968371502402624762e-02 1.331112211494331777e-04 2.597815660850633177e-04
2.000000000000000000e+01 8.867968192695198718e-03 6.935735517957349050e-02 1.515495725832113492e-04 2.368955493903550824e-04
2.100000000000000000e+01 1.217181561135656336e-02 8.552029216058697203e-02 1.896527148012449476e-04 2.166765958850140855e-04
2.200000000000000000e+01 1.498531269068668556e-02 8.634404748616548997e-02 2.339551705139445088e-04 1.996455988393359786e-04
2.300000000000000000e+01 1.482600122038274862e-02 7.850357726752739407e-02 2.592300473109469859e-04 1.847775033170990816e-04
2.400000000000000000e+01 1.970079202112056185e-02 6.836206819218579311e-02 2.546972503321221827e-04 1.714954233908244587e-04
2.500000000000000000e+01 2.537012710774941282e-02 6.071741583581479612e-02 2.279569885605328824e-04 1.600598105570332429e-04
2.600000000000000000e+01 3.258832414892724044e-02 5.748493377751971029e-02 1.927832497559310793e-04 1.505918871480187789e-04
2.700000000000000000e+01 3.775564686491631600e-02 5.699871318882811233e-02 1.598493954963373879e-04 1.428474723467286890e-04
2.800000000000000000e+01 3.802543671609865533e-02 5.606209974874348800e-02 1.341546055231906335e-04 1.364690509160081827e-04
2.900000000000000000e+01 3.697684618758512176e-02 5.379851979007779089e-02 1.159559699640286083e-04 1.311107700628133576e-04
3.000000000000000000e+01 3.162971039716367533e-02 5.153373973375399708e-02 1.033755249417718465e-04 1.264076160399698614e-04
3.100000000000000000e+01 3.169363736667892700e-02 5.081668946209309118e-02 9.451235384681021625e-05 1.222508063252723831e-04
3.200000000000000000e+01 2.899643589772974567e-02 5.187713496914229949e-02 8.807137690109611205e-05 1.184467180798378711e-04
3.300000000000000000e+01 3.078725848755189606e-02 5.312433897833517688e-02 8.326142287652233385e-05 1.149321893456523740e-04
3.400000000000000000e+01 3.251628095892224179e-02 5.315458875956378254e-02 7.954322423569141023e-05 1.117711701371100458e-04
3.500000000000000000e+01 3.165156845232670185e-02 5.083277944826813249e-02 7.653420033761755786e-05 1.088085743536130155e-04
3.600000000000000000e+01 2.844806209662558913e-02 4.692608845895236691e-02 7.399213567246330065e-05 1.060645837549100990e-04
3.700000000000000000e+01 2.932825752172589853e-02 4.270512615155917790e-02 7.178324617130113104e-05 1.035839962066173079e-04
3.800000000000000000e+01 2.831019624447800656e-02 3.944028860417952281e-02 6.986360747113942271e-05 1.014041629619522213e-04
3.900000000000000000e+01 2.721863527028737725e-02 3.709726418823990762e-02 6.821082466605842194e-05 9.942421773436122337e-05
4.000000000000000000e+01 2.489075873027337543e-02 3.555219235598845035e-02 6.681379822417145222e-05 9.763772998078424855e-05
4.100000000000000000e+01 2.239207883309710101e-02 3.433074190273378845e-02 6.562995534035152324e-05 9.596337870755652780e-05
4.200000000000000000e+01 2.016207047050830314e-02 3.312659187689935558e-02 6.457469438180786709e-05 9.425109745631201187e-05
4.300000000000000000e+01 2.115645064769695188e-02 3.182950214143638601e-02 6.350104428361464488e-05 9.222220196536611524e-05
4.400000000000000000e+01 1.982117148177013621e-02 3.081737605894447826e-02 6.221812866109712283e-05 8.978672442970854646e-05
4.500000000000000000e+01 1.831276781329811351e-02 3.025124081764732006e-02 6.054661977394149095e-05 8.676772243334401370e-05
4.600000000000000000e+01 1.899818009656904436e-02 3.030212497789321752e-02 5.842026863074092880e-05 8.319545488247442606e-05
4.700000000000000000e+01 1.846070647230893882e-02 3.103714751873338021e-02 5.594061968207171174e-05 7.931733174320719103e-05
