# freqs 	 pli 	 dpli 	 meanpower(thalamus)	 meanpower(scalp)	pli
8.000000000000000000e+00 -2.728119311348523382e-02 -5.833874193625844529e-02 1.036134324662496455e-04 4.704464700918069135e-04
9.000000000000000000e+00 -4.430066102420955609e-02 -9.627253226601228953e-02 1.033947747540740259e-04 3.094697514460932174e-04
1.000000000000000000e+01 -5.032952592516443113e-02 -1.104558076849809500e-01 1.000621160806701464e-04 2.300931380448977318e-04
1.100000000000000000e+01 -5.331191392386146893e-02 -1.300912878109281579e-01 9.575073485065262830e-05 1.935024968625803947e-04
1.200000000000000000e+01 -5.319035423679213670e-02 -1.507121769870443106e-01 9.205392748037737884e-05 1.867374940967842639e-04
1.300000000000000000e+01 -3.451151449381314323e-02 -5.208928489084192759e-02 9.045783252705826970e-05 1.973016018072656290e-04
1.400000000000000000e+01 -1.887016652455076118e-02 3.217678304885855656e-02 8.673127973162969898e-05 2.009544079364402843e-04
1.500000000000000000e+01 -1.099769957495482300e-02 2.684847182823677653e-02 7.778622564863781302e-05 1.820603966339396696e-04
1.600000000000000000e+01 -1.586876427574575657e-02 -1.298056641853394949e-02 6.760763938190358772e-05 1.503269345129106557e-04
1.700000000000000000e+01 -2.019347791821687541e-02 -4.235832582112064593e-02 6.022745280676648593e-05 1.215248454852279692e-04
1.800000000000000000e+01 -2.134724612704916660e-02 -5.251183021017381825e-02 5.604148737008423921e-05 1.023745755665630443e-04
1.900000000000000000e+01 -1.883625234455617997e-02 -4.915871015266099625e-02 5.364160163296076645e-05 9.152156354632759786e-05
2.000000000000000000e+01 -1.572696361405925836e-02 -4.038961712910602020e-02 5.195491320025549055e-05 8.551624060253844794e-05
2.100000000000000000e+01 -1.417933019071636325e-02 -3.342606100852842793e-02 5.066010442901471082e-05 8.203961912032972919e-05
2.200000000000000000e+01 -1.545099915357155997e-02 -3.257697138986855728e-02 4.977807488997428460e-05 7.990034017520998566e-05
2.300000000000000000e+01 -1.886972212888059913e-02 -3.835256901165505494e-02 4.933689758679395674e-05 7.852706823931322299e-05
2.400000000000000000e+01 -2.252622421654590021e-02 -4.761887048416518081e-02 4.915567193753125007e-05 7.764459531206814569e-05
2.500000000000000000e+01 -2.431203374279406956e-02 -5.527446481300695574e-02 4.888865980778173137e-05 7.696432747732427366e-05
2.600000000000000000e+01 -2.440485069554412453e-02 -5.758434875341025133e-02 4.825733554212974848e-05 7.613207777870227035e-05
2.700000000000000000e+01 -2.151147535143831807e-02 -5.412714370232661609e-02 4.718902489699953329e-05 7.493565648276062218e-05
2.800000000000000000e+01 -1.900221178791727458e-02 -4.713618398552735927e-02 4.578840081541086637e-05 7.333202144797862864e-05
2.900000000000000000e+01 -1.724462870490858432e-02 -3.961568532788291991e-02 4.423509834181562668e-05 7.141249065702205137e-05
3.000000000000000000e+01 -1.566423075878640644e-02 -3.365820691613389398e-02 4.268717876718248724e-05 6.936162664737667799e-05
3.100000000000000000e+01 -1.474469041652902088e-02 -2.974203011560531615e-02 4.125172711883304803e-05 6.738893518116889918e-05
3.200000000000000000e+01 -1.429238108248608898e-02 -2.708218246411506561e-02 3.997994114045737366e-05 6.561481793107031197e-05
3.300000000000000000e+01 -1.247675687924871060e-02 -2.460447367120006251e-02 3.887364047321252282e-05 6.405519998182682975e-05
3.400000000000000000e+01 -1.116242685551381911e-02 -2.171983775365898470e-02 3.791405400021820678e-05 6.266178835654648196e-05
3.500000000000000000e+01 -8.764986965863849622e-03 -1.844508979462934975e-02 3.706942418498421671e-05 6.135852869624406952e-05
3.600000000000000000e+01 -7.107979615473199696e-03 -1.516561772487351814e-02 3.630004656171017738e-05 6.010697217222324748e-05
3.700000000000000000e+01 -5.746618951604777828e-03 -1.233146230190314101e-02 3.557819361823901286e-05 5.888781221368882991e-05
3.800000000000000000e+01 -5.319025217157358730e-03 -1.020088378553382982e-02 3.488964252725139967e-05 5.771728370921360958e-05
3.900000000000000000e+01 -5.209791573545297268e-03 -8.786005460089642977e-03 3.422707280580507516e-05 5.662634399226906655e-05
4.000000000000000000e+01 -3.996948324187277017e-03 -7.891617606446471242e-03 3.358389709167794755e-05 5.563902568969847682e-05
4.100000000000000000e+01 -3.360560007908061642e-03 -7.310915439493110603e-03 3.294721559334932016e-05 5.474482850829195723e-05
4.200000000000000000e+01 -2.887084151163582350e-03 -6.940640186204385768e-03 3.229020979299248499e-05 5.389530040121435920e-05
4.300000000000000000e+01 -3.089147096699565442e-03 -6.801972517077186503e-03 3.156688179702550335e-05 5.298999286993409978e-05
4.400000000000000000e+01 -3.813148582499483689e-03 -6.904807455097493329e-03 3.071844714919217095e-05 5.191585265920750858e-05
4.500000000000000000e+01 -3.876398758586316676e-03 -7.315835920120060572e-03 2.970292239036192357e-05 5.059280557683864079e-05
4.600000000000000000e+01 -4.604435471404441128e-03 -8.067522962335184344e-03 2.853441153316617191e-05 4.904912320386983993e-05
4.700000000000000000e+01 -5.124451219489888423e-03 -9.188419604994864723e-03 2.730203793462984040e-05 4.745240407749224320e-05
