# freqs 	 pli 	 dpli 	 meanpower(thalamus)	 meanpower(scalp)	pli
8.000000000000000000e+00 1.460823160257437858e-01 2.855099484483323291e-01 8.970055766957493227e-05 5.164423142455408164e-04
9.000000000000000000e+00 8.242998186580696718e-02 1.796104601207507423e-01 7.929459502771445492e-05 3.410403319426171930e-04
1.000000000000000000e+01 4.205985203929217542e-02 6.939224346954854517e-02 7.197437945521815462e-05 2.544062671112294464e-04
1.100000000000000000e+01 3.882967363659308585e-03 -1.764507220202148627e-03 6.602623105745576910e-05 2.280742465949745141e-04
1.200000000000000000e+01 -6.258609172000768710e-03 -2.577519048198722781e-02 6.220595718040755802e-05 2.243503648853075209e-04
1.300000000000000000e+01 -8.784624235419126459e-03 -3.079439909662672406e-02 6.018914789927126279e-05 2.270554811458855716e-04
1.400000000000000000e+01 -4.814791436645602177e-03 -1.928051924528185676e-02 5.935358459383994231e-05 2.283730246979927324e-04
1.500000000000000000e+01 -9.918614917252694882e-03 -9.748465375606168992e-03 5.978205472691694542e-05 2.245964666500404705e-04
1.600000000000000000e+01 -4.541953790028374800e-03 -2.030195937611749268e-02 6.198265240083721461e-05 2.179721054532981724e-04
1.700000000000000000e+01 -1.327746765455496344e-02 -4.549374175933865866e-02 6.570375619687118449e-05 2.107888937631216466e-04
1.800000000000000000e+01 -2.001846019657022718e-02 -7.077596027750106267e-02 6.912816601677398347e-05 2.045043109233147562e-04
1.900000000000000000e+01 -2.783963155665142297e-02 -8.254810152018213221e-02 7.026320262011278737e-05 1.996645985903733724e-04
2.000000000000000000e+01 -2.608422745728800757e-02 -7.637496896267488566e-02 6.875722030924502832e-05 1.953152223260432323e-04
2.100000000000000000e+01 -1.441983677126550990e-02 -5.736103665414700459e-02 6.579498499457898410e-05 1.895574374493746853e-04
2.200000000000000000e+01 -4.586689398305782150e-03 -3.528393185991388070e-02 6.274944530626323661e-05 1.815647270419030524e-04
2.300000000000000000e+01 2.379500459041283009e-04 -1.651754651790914713e-02 6.032365728020684274e-05 1.716136853518390401e-04
2.400000000000000000e+01 2.954356910072211163e-03 -2.271348734925181332e-03 5.860829711035634251e-05 1.600810093915982721e-04
2.500000000000000000e+01 4.151978214258839582e-03 7.340176527460340501e-03 5.746256957490515057e-05 1.476879176976955287e-04
2.600000000000000000e+01 6.996616499262764584e-03 1.310854704856761511e-02 5.670886111838249202e-05 1.352683731335957104e-04
2.700000000000000000e+01 1.023235983798763578e-02 1.651540609780626639e-02 5.623778006430431964e-05 1.235617068295063884e-04
2.800000000000000000e+01 1.016030070356441911e-02 1.939346203584911207e-02 5.596602917218081733e-05 1.130139922701942578e-04
2.900000000000000000e+01 1.081210551626961801e-02 2.213994102943767778e-02 5.578779674882488834e-05 1.039837189675306222e-04
3.000000000000000000e+01 1.260769010273451313e-02 2.398008321795568401e-02 5.564045789146670259e-05 9.652118621764889199e-05
3.100000000000000000e+01 1.187004872243091480e-02 2.402274814879064996e-02 5.550551149803937000e-05 9.054058328998315110e-05
3.200000000000000000e+01 1.292967751732413892e-02 2.209669361285369199e-02 5.537378113315917955e-05 8.576967401135914752e-05
3.300000000000000000e+01 9.645405011840775880e-03 1.905528871285527837e-02 5.524073746533384892e-05 8.193772376731310255e-05
3.400000000000000000e+01 7.248030206566100954e-03 1.620037854800006338e-02 5.510803093498580288e-05 7.887545959143529557e-05
3.500000000000000000e+01 6.102223956301209597e-03 1.442356941468824968e-02 5.497145569274459217e-05 7.634571018019729849e-05
3.600000000000000000e+01 6.648578039722918137e-03 1.415386475621536848e-02 5.482158064604368645e-05 7.424435155642580538e-05
3.700000000000000000e+01 7.454692361408165290e-03 1.518696660992370669e-02 5.464665072391535616e-05 7.247089233886480294e-05
3.800000000000000000e+01 9.180339205753704906e-03 1.712768214981814571e-02 5.443789818217187456e-05 7.095984951645972370e-05
3.900000000000000000e+01 1.133408869714269164e-02 1.885577747297395232e-02 5.418841581887150612e-05 6.957320549216971400e-05
4.000000000000000000e+01 1.279474333065511865e-02 1.983459066233220214e-02 5.388585955333878049e-05 6.826118579121477224e-05
4.100000000000000000e+01 1.294048857370854941e-02 1.972118148267733642e-02 5.351355503096856027e-05 6.693483598723984850e-05
4.200000000000000000e+01 1.382174368554586405e-02 1.863662818330854773e-02 5.302894122295308022e-05 6.549306152330490146e-05
4.300000000000000000e+01 1.289308119395341477e-02 1.684950401637473963e-02 5.235120635972715850e-05 6.378561796167414154e-05
4.400000000000000000e+01 1.153937139254100977e-02 1.498691435250019618e-02 5.138665666769661779e-05 6.180315815008234918e-05
4.500000000000000000e+01 1.177285567125018438e-02 1.321237770465404950e-02 5.008328881663345238e-05 5.942942527661745943e-05
4.600000000000000000e+01 1.190809738089888478e-02 1.164095178393062015e-02 4.849369721574275910e-05 5.670329559065614137e-05
4.700000000000000000e+01 9.948413977606469435e-03 1.028042318480367964e-02 4.680588966678488001e-05 5.380324981542085181e-05
