# freqs 	 pli 	 dpli 	 meanpower(thalamus)	 meanpower(scalp)	pli
8.000000000000000000e+00 -2.038142788755260143e-02 -5.123630422407120244e-02 9.688250603156552565e-05 1.510589288375236621e-04
9.000000000000000000e+00 5.820755820755820452e-03 -1.036502787590439130e-02 9.108644314687295857e-05 1.384692674523710192e-04
1.000000000000000000e+01 5.749080681437294775e-03 7.701905139223813243e-03 8.847750765490709811e-05 1.340102086797509418e-04
1.100000000000000000e+01 3.399034934592970458e-02 6.103871821335834363e-02 8.993874935931417554e-05 1.322320280381831885e-04
1.200000000000000000e+01 2.625837741120336591e-02 6.344018469135788429e-02 9.428257600259149244e-05 1.336684980979438398e-04
1.300000000000000000e+01 1.470512059114416174e-02 2.104281238423806599e-02 9.993259529118505733e-05 1.413901908148210563e-04
1.400000000000000000e+01 1.823296745572800664e-02 2.206820307051700694e-02 1.045429383095345386e-04 1.500106855351579732e-04
1.500000000000000000e+01 1.635593667926231454e-02 3.576811792921376354e-02 1.051684668375567236e-04 1.512496639893337591e-04
1.600000000000000000e+01 1.915139428861798452e-03 2.459790946366488887e-02 1.020857389003621023e-04 1.460526166503118173e-04
1.700000000000000000e+01 -6.664017655816892489e-03 -9.782024687229818466e-03 9.815564227923333619e-05 1.408507346517977917e-04
1.800000000000000000e+01 -2.099054122552817050e-02 -5.214287282275004154e-02 9.522233827044617697e-05 1.400269357799096062e-04
1.900000000000000000e+01 -4.123886154279723243e-02 -8.677690932976005189e-02 9.309252182799181022e-05 1.442982627982442999e-04
2.000000000000000000e+01 -5.563045381985124577e-02 -1.074226024435690624e-01 9.121312979965226389e-05 1.518416752983447213e-04
2.100000000000000000e+01 -6.093038723819672875e-02 -1.156458127770062239e-01 8.915765787132507044e-05 1.593395456840755763e-04
2.200000000000000000e+01 -6.126498927359422253e-02 -1.156079801524674128e-01 8.693368833990227826e-05 1.632955040695249587e-04
2.300000000000000000e+01 -6.184910480149221484e-02 -1.176311654674715018e-01 8.539285037243622982e-05 1.616048725795997821e-04
2.400000000000000000e+01 -7.155372685325615822e-02 -1.374813144403960741e-01 8.593169133782245321e-05 1.547828795788095096e-04
2.500000000000000000e+01 -8.670125825413524390e-02 -1.796693274800851559e-01 8.868605737697533376e-05 1.454510700601693092e-04
2.600000000000000000e+01 -1.109466154961206291e-01 -2.258494438338266852e-01 9.162692418157552642e-05 1.359785093012514593e-04
2.700000000000000000e+01 -1.253542749874437812e-01 -2.506093482523543692e-01 9.211902766212073934e-05 1.273041357934361062e-04
2.800000000000000000e+01 -1.229935735012253617e-01 -2.415246841426092750e-01 8.900741665356934958e-05 1.192608509720633164e-04
2.900000000000000000e+01 -1.075697778283908473e-01 -2.036033829200450673e-01 8.306331736887808607e-05 1.113351594903647801e-04
3.000000000000000000e+01 -7.913846533355946289e-02 -1.499362814943656363e-01 7.611407327220817600e-05 1.033466031011372508e-04
3.100000000000000000e+01 -4.911040803045084446e-02 -9.406634785241599350e-02 6.975980214105548997e-05 9.563860723529806363e-05
3.200000000000000000e+01 -2.620896555156128349e-02 -4.560932435707482774e-02 6.481133020974808132e-05 8.872947961087617103e-05
3.300000000000000000e+01 -1.039105033475955578e-02 -9.281825654357343108e-03 6.129640530884137054e-05 8.298350066514805401e-05
3.400000000000000000e+01 -9.566749389054123162e-04 1.417590104201083001e-02 5.886524506274577810e-05 7.846249457004573309e-05
3.500000000000000000e+01 3.995042596031945885e-03 2.653058089906369654e-02 5.708525804215533786e-05 7.499357966929283664e-05
3.600000000000000000e+01 8.230740009207067678e-03 3.037189981911701808e-02 5.565877067184657874e-05 7.230418971554843750e-05
3.700000000000000000e+01 1.002237316450724051e-02 2.845060061360247042e-02 5.442203841701998739e-05 7.010433900230970874e-05
3.800000000000000000e+01 7.538820490927989997e-03 2.324094709394625494e-02 5.330031908051261673e-05 6.821315837853196107e-05
3.900000000000000000e+01 4.926516053443299840e-03 1.670945491845305525e-02 5.223994519286258260e-05 6.653277831203587977e-05
4.000000000000000000e+01 4.953672348437837721e-03 1.018336663221132248e-02 5.122471876713462674e-05 6.504480972471160711e-05
4.100000000000000000e+01 4.586131472253372927e-03 4.384048249201906271e-03 5.024032913591048189e-05 6.371551584869701915e-05
4.200000000000000000e+01 3.238203476372692423e-03 -4.369635950735981014e-04 4.925079732912572198e-05 6.244510589365545995e-05
4.300000000000000000e+01 1.057348453613119127e-03 -4.263551750118116032e-03 4.817771625625580655e-05 6.109106434729841967e-05
4.400000000000000000e+01 -1.570865523281290001e-04 -7.303984046877107575e-03 4.692265423710661055e-05 5.952597222330636794e-05
4.500000000000000000e+01 -2.169146168806095672e-03 -9.678167570124089972e-03 4.542871219524785071e-05 5.763249994041387580e-05
4.600000000000000000e+01 -5.347732466992803808e-03 -1.148697202675855178e-02 4.372476127347899863e-05 5.539968388045661427e-05
4.700000000000000000e+01 -7.425941225067862923e-03 -1.278872363265778564e-02 4.194152071282712218e-05 5.296822069392405119e-05
