# freqs 	 pli 	 dpli 	 meanpower(thalamus)	 meanpower(scalp)	pli
8.000000000000000000e+00 -1.122181474314912081e-01 -2.340969679748286236e-01 9.276219686888755608e-05 1.744411247543996063e-04
9.000000000000000000e+00 -5.821329235796393609e-02 -1.241930488017732176e-01 8.542022418479359156e-05 1.318346391512189013e-04
1.000000000000000000e+01 -3.739307086999620749e-02 -8.838773749960777970e-02 8.079597874403918569e-05 1.190027140261543613e-04
1.100000000000000000e+01 -5.059455015145161022e-02 -1.055607077667048282e-01 7.751107643967672888e-05 1.169521758874286598e-04
1.200000000000000000e+01 -6.664338703745667503e-02 -1.210544025089004411e-01 7.741033446925840711e-05 1.203229938864866381e-04
1.300000000000000000e+01 -5.242562142502504158e-02 -9.304912242428216296e-02 8.117855186098184002e-05 1.264806276687566731e-04
1.400000000000000000e+01 -2.987437490782092822e-02 -4.381433720502122403e-02 8.703418096589227593e-05 1.309151990138045707e-04
1.500000000000000000e+01 3.921450007453995690e-03 1.969068897180731303e-02 9.322774729132737729e-05 1.298693942295591126e-04
1.600000000000000000e+01 2.610661915855831336e-02 7.124559602565767868e-02 9.907953722690653357e-05 1.266542361459102779e-04
1.700000000000000000e+01 3.624183885906896024e-02 8.977456883221185402e-02 1.038259407989931832e-04 1.247941117595109727e-04
1.800000000000000000e+01 3.578876295439280264e-02 7.738214156647252318e-02 1.072871413653647856e-04 1.250658635480612880e-04
1.900000000000000000e+01 2.524475807747052214e-02 4.707864434408965543e-02 1.096129745698866311e-04 1.267505183439444449e-04
2.000000000000000000e+01 8.229249632145389098e-03 1.414280083308104910e-02 1.112394849415697260e-04 1.294849561655510013e-04
2.100000000000000000e+01 -6.920002015601584879e-03 -1.141670581929395134e-02 1.128175467304276552e-04 1.331643179068390517e-04
2.200000000000000000e+01 -1.766824272000099005e-02 -3.612325686954832166e-02 1.152692890766222422e-04 1.371559529907190778e-04
2.300000000000000000e+01 -4.279401435062105824e-02 -9.163814391184482711e-02 1.221739614667699666e-04 1.408745338267039851e-04
2.400000000000000000e+01 -9.349243734088465152e-02 -1.983615178907275067e-01 1.395142056535437071e-04 1.441159543961864555e-04
2.500000000000000000e+01 -1.592322428728976391e-01 -3.124033575265401930e-01 1.669897627955387390e-04 1.462173099551174530e-04
2.600000000000000000e+01 -2.064457060135795607e-01 -3.836935358516291306e-01 1.935296031109741226e-04 1.459898601293586754e-04
2.700000000000000000e+01 -2.237369116190829343e-01 -4.011385689974604762e-01 2.065748329252217730e-04 1.430098199482823253e-04
2.800000000000000000e+01 -2.135204274626401888e-01 -3.744038548096951247e-01 2.012651467544345374e-04 1.374404795124508629e-04
2.900000000000000000e+01 -1.839740497668575503e-01 -3.180811012482222533e-01 1.812377595904423569e-04 1.296566926578431847e-04
3.000000000000000000e+01 -1.422219824672517896e-01 -2.474238079936149637e-01 1.542235040365880650e-04 1.201451607971057829e-04
3.100000000000000000e+01 -9.839680568892097967e-02 -1.739669630194766170e-01 1.276461513678316302e-04 1.101179856482880205e-04
3.200000000000000000e+01 -5.979253021496112180e-02 -1.082156167611162401e-01 1.060794100474562069e-04 1.008774628008284253e-04
3.300000000000000000e+01 -3.184538501949582545e-02 -5.740623547174285995e-02 9.081929774786814871e-05 9.332660788558349804e-05
3.400000000000000000e+01 -1.241336321991293005e-02 -2.297978044955232765e-02 8.092588611138971033e-05 8.793659480402883167e-05
3.500000000000000000e+01 -1.375568176597752670e-03 -1.828685260616316321e-03 7.472154128678605534e-05 8.432447514570079396e-05
3.600000000000000000e+01 7.071757773300249919e-03 1.034507387587723336e-02 7.073671613406449241e-05 8.211045175215761212e-05
3.700000000000000000e+01 1.069516968505507086e-02 1.698793672013721237e-02 6.801215036335682830e-05 8.082167488082619533e-05
3.800000000000000000e+01 1.212268430029351043e-02 2.054266351370328050e-02 6.600819576544319893e-05 8.020679695631216597e-05
3.900000000000000000e+01 1.197975296959045803e-02 2.229465798014467273e-02 6.442129446744451326e-05 7.980266423487854558e-05
4.000000000000000000e+01 1.309617091054387714e-02 2.318541474713461600e-02 6.306857893891618897e-05 7.955514162247854864e-05
4.100000000000000000e+01 1.277919078287675231e-02 2.365409586470737860e-02 6.182160982551082509e-05 7.935459227649482937e-05
4.200000000000000000e+01 1.433420375655886092e-02 2.386947117884016464e-02 6.056403434444329630e-05 7.907312224960630527e-05
4.300000000000000000e+01 1.514433046967968328e-02 2.366438256060771073e-02 5.917982645959214547e-05 7.840564988504683823e-05
4.400000000000000000e+01 1.399824119371884459e-02 2.340176719422247184e-02 5.755777272780820454e-05 7.740822437905618952e-05
4.500000000000000000e+01 1.361364877828456083e-02 2.280757873241887404e-02 5.562853261599671350e-05 7.586273628022774504e-05
4.600000000000000000e+01 1.276984803181001327e-02 2.174839325623252953e-02 5.343291438191079084e-05 7.383374686213873975e-05
4.700000000000000000e+01 1.124298114551805679e-02 1.990972767300466101e-02 5.115038697097864053e-05 7.161916101239520940e-05
