# freqs 	 pli 	 dpli 	 meanpower(thalamus)	 meanpower(scalp)	pli
8.000000000000000000e+00 -6.176550522197153670e-02 -1.249803237565067782e-01 3.392716538066998990e-05 1.043967842345421416e-04
9.000000000000000000e+00 -4.048681779423188298e-02 -7.741379883716609234e-02 3.280819032317117194e-05 9.736936877897046417e-05
1.000000000000000000e+01 -1.830609191995091756e-02 -6.482208944567445508e-02 3.454485983699175425e-05 9.235560912758783946e-05
1.100000000000000000e+01 -1.770563191888672658e-02 -6.930692723517288545e-02 3.567271614160483217e-05 9.030382855254316362e-05
1.200000000000000000e+01 -1.264155345690481241e-02 -3.438453337491511469e-02 3.500938441146991700e-05 8.912206337216113422e-05
1.300000000000000000e+01 -4.905939371196283132e-05 3.933744576140358468e-02 3.448042741228492849e-05 8.750319626197285215e-05
1.400000000000000000e+01 1.363632452524974475e-02 9.425570028291117841e-02 3.457763286920631821e-05 8.550524889797989244e-05
1.500000000000000000e+01 1.801799476794250718e-02 7.713397056533294327e-02 3.423874229999425818e-05 8.252251532901135002e-05
1.600000000000000000e+01 1.148869707613605490e-02 3.444836040040599734e-02 3.354531025701090377e-05 7.859299432646748543e-05
1.700000000000000000e+01 6.810384115982905627e-03 7.498220121683540733e-03 3.324150205884226307e-05 7.491062809962660302e-05
1.800000000000000000e+01 2.280078203587254312e-03 -2.522198340925979523e-03 3.332833016045597818e-05 7.227738303452223084e-05
1.900000000000000000e+01 1.016923218428746100e-03 -6.161920970081988247e-03 3.353420378967207573e-05 7.039098017309693861e-05
2.000000000000000000e+01 -7.722595101373564558e-03 -1.300453601830269326e-02 3.375082875926423902e-05 6.845770621313499392e-05
2.100000000000000000e+01 -1.124846922333225946e-02 -2.429352922562020081e-02 3.403542772971627855e-05 6.625198123455041277e-05
2.200000000000000000e+01 -1.702954778636502076e-02 -3.671113281019253161e-02 3.456874826716606141e-05 6.393703307034649100e-05
2.300000000000000000e+01 -2.392471940329541497e-02 -5.367611738319749692e-02 3.585968233758514613e-05 6.193451506270343239e-05
2.400000000000000000e+01 -3.061059678206423662e-02 -7.998154414443135740e-02 3.849819438239108642e-05 6.063007946469866326e-05
2.500000000000000000e+01 -3.451700164849372254e-02 -1.053753173611614163e-01 4.228197323599991881e-05 6.012964190281060883e-05
2.600000000000000000e+01 -3.543036203444339255e-02 -1.142146363325953623e-01 4.602081387987007728e-05 5.993581891099267504e-05
2.700000000000000000e+01 -2.855307277924362327e-02 -1.043789215742682158e-01 4.839050999328134580e-05 5.925255788233708216e-05
2.800000000000000000e+01 -2.355616704713122886e-02 -8.361486919363331216e-02 4.873554231684774712e-05 5.760720585770324489e-05
2.900000000000000000e+01 -1.973817547258605726e-02 -6.012928238564450162e-02 4.722167977633572663e-05 5.514735227520987666e-05
3.000000000000000000e+01 -1.595300231948426975e-02 -3.934922719468900154e-02 4.456803567545373178e-05 5.236997742614437517e-05
3.100000000000000000e+01 -1.254635867077808636e-02 -2.399762230889013540e-02 4.159653659348057245e-05 4.975335903730896027e-05
3.200000000000000000e+01 -9.665656053077391341e-03 -1.456817439758200175e-02 3.890690103479882520e-05 4.756750654222146446e-05
3.300000000000000000e+01 -6.746929194163537279e-03 -9.820460776565499011e-03 3.679336366139118031e-05 4.587038532168862513e-05
3.400000000000000000e+01 -5.589153436427887235e-03 -7.775401033751485474e-03 3.530498658137516812e-05 4.459142117344905634e-05
3.500000000000000000e+01 -6.237149026223498191e-03 -6.811191438831871309e-03 3.434867828233828556e-05 4.363305029739739853e-05
3.600000000000000000e+01 -6.342534644421436718e-03 -6.135609391047604222e-03 3.380035193868280164e-05 4.289565136027862272e-05
3.700000000000000000e+01 -4.815117184448433792e-03 -5.463613316953722793e-03 3.354248392409077314e-05 4.230383053197591374e-05
3.800000000000000000e+01 -5.278333595146920097e-03 -4.592174495773778016e-03 3.346718751029453300e-05 4.180759446846775277e-05
3.900000000000000000e+01 -4.357118945226997470e-03 -3.353841511335787715e-03 3.349440716411184902e-05 4.136383707504390699e-05
4.000000000000000000e+01 -2.699503617506517072e-03 -1.784150557108325156e-03 3.357234792633156088e-05 4.095287006375625477e-05
4.100000000000000000e+01 -1.979283612630335868e-03 -2.133882926229882970e-04 3.365112501107606925e-05 4.056204945055893861e-05
4.200000000000000000e+01 -3.408270656686467493e-03 8.806717648506867712e-04 3.366059124570592442e-05 4.015884564333578973e-05
4.300000000000000000e+01 -4.342090468944054434e-03 1.101375425798441568e-03 3.353262648630331522e-05 3.966263726757886330e-05
4.400000000000000000e+01 -4.495573945239480541e-03 3.286681486159967924e-04 3.319629614901124397e-05 3.899005527728907107e-05
4.500000000000000000e+01 -6.792912713431772768e-03 -1.375125841223598204e-03 3.261026749691523771e-05 3.806898891123371945e-05
4.600000000000000000e+01 -7.924656546724063999e-03 -3.795946880639191907e-03 3.180782025432254230e-05 3.690096345576963498e-05
4.700000000000000000e+01 -8.574030068748428671e-03 -6.620759129929978601e-03 3.091636268569559722e-05 3.559248351777877435e-05
