# freqs 	 pli 	 dpli 	 meanpower(thalamus)	 meanpower(scalp)	pli
8.000000000000000000e+00 1.443900496012789220e-02 4.455426535679572059e-02 1.169774445367991914e-04 3.726014545424681372e-04
9.000000000000000000e+00 6.107313468288948916e-03 3.779009105491322462e-02 1.146540576288542884e-04 4.651687304231934077e-04
1.000000000000000000e+01 4.854782674223112604e-02 5.208202675908569362e-02 1.133687057655831989e-04 4.102274631410340834e-04
1.100000000000000000e+01 3.012034307636752770e-02 -1.760197476443846679e-02 1.188151490334430911e-04 3.812486805059272089e-04
1.200000000000000000e+01 -1.023832057128108014e-02 -6.299823586882118132e-02 1.278607636873773734e-04 3.981553651142436066e-04
1.300000000000000000e+01 -2.793953738838586900e-02 -5.640806399970951096e-02 1.320136923550845303e-04 4.067941646588812922e-04
1.400000000000000000e+01 -1.010311529262313858e-02 -5.337840838512407371e-02 1.311285484836480892e-04 4.024734257724917877e-04
1.500000000000000000e+01 -2.451551270340341510e-02 -9.055078031929586491e-02 1.288190475086648228e-04 3.909554681130055116e-04
1.600000000000000000e+01 -4.686183270435642645e-02 -1.401944584038160302e-01 1.270345334319166841e-04 3.782991694778169980e-04
1.700000000000000000e+01 -5.273499566990352827e-02 -1.496864935622479742e-01 1.262188096856779783e-04 3.618304395638575859e-04
1.800000000000000000e+01 -4.983504080569543110e-02 -1.228559869214991690e-01 1.273513784124175789e-04 3.377864371971452074e-04
1.900000000000000000e+01 -4.347117304801655091e-02 -9.592181144454822728e-02 1.331112211494331777e-04 3.088879741914053192e-04
2.000000000000000000e+01 -4.749385063545422114e-02 -8.982830395732042950e-02 1.515495725832113492e-04 2.811678502309373313e-04
2.100000000000000000e+01 -4.141076257243856557e-02 -9.562731638812753399e-02 1.896527148012449476e-04 2.574598134702578184e-04
2.200000000000000000e+01 -4.587832947821027935e-02 -9.954860000269331877e-02 2.339551705139445088e-04 2.379250304464406124e-04
2.300000000000000000e+01 -4.615072904911451251e-02 -9.558405754479654126e-02 2.592300473109469859e-04 2.209727438457875890e-04
2.400000000000000000e+01 -3.934760926958052324e-02 -8.540180172340756937e-02 2.546972503321221827e-04 2.058538860721823244e-04
2.500000000000000000e+01 -3.284980342475679604e-02 -7.126918100918425147e-02 2.279569885605328824e-04 1.925841709539085115e-04
2.600000000000000000e+01 -1.939448189692951838e-02 -5.257110116780710357e-02 1.927832497559310793e-04 1.813341635689248255e-04
2.700000000000000000e+01 -9.485340204749634005e-03 -3.082830322483107177e-02 1.598493954963373879e-04 1.721660965806708879e-04
2.800000000000000000e+01 -2.977031025015394478e-03 -9.755453247233196457e-03 1.341546055231906335e-04 1.647735444898437587e-04
2.900000000000000000e+01 5.323299245134928935e-03 8.278067304369108106e-03 1.159559699640286083e-04 1.584825418288444510e-04
3.000000000000000000e+01 1.125631337871512566e-02 2.354056359702934309e-02 1.033755249417718465e-04 1.527317162184366076e-04
3.100000000000000000e+01 1.577785950717175423e-02 3.674874796335633742e-02 9.451235384681021625e-05 1.472925299248262004e-04
3.200000000000000000e+01 1.883817142071304851e-02 4.798051440816631513e-02 8.807137690109611205e-05 1.420780459427144671e-04
3.300000000000000000e+01 2.382510859763717348e-02 5.619888903285019666e-02 8.326142287652233385e-05 1.370862372585827027e-04
3.400000000000000000e+01 2.868278257218614263e-02 6.049277793639410566e-02 7.954322423569141023e-05 1.323354768274881649e-04
3.500000000000000000e+01 3.046224231266974128e-02 6.078353863202968360e-02 7.653420033761755786e-05 1.276957195513217546e-04
3.600000000000000000e+01 2.885300052550998293e-02 5.816200686236694395e-02 7.399213567246330065e-05 1.232072841439313263e-04
3.700000000000000000e+01 3.007327521589613431e-02 5.430244830958947527e-02 7.178324617130113104e-05 1.189797820951620845e-04
3.800000000000000000e+01 2.807471192795991249e-02 5.059419702284902870e-02 6.986360747113942271e-05 1.151030567892260712e-04
3.900000000000000000e+01 2.294142115638507506e-02 4.729728232076035183e-02 6.821082466605842194e-05 1.115630073494583110e-04
4.000000000000000000e+01 2.029088873641255245e-02 4.398078351823023202e-02 6.681379822417145222e-05 1.083325177860600325e-04
4.100000000000000000e+01 1.747064377508320693e-02 4.006573671045141061e-02 6.562995534035152324e-05 1.053021902960709228e-04
4.200000000000000000e+01 1.777735782838167980e-02 3.536627603704165651e-02 6.457469438180786709e-05 1.023349264107818680e-04
4.300000000000000000e+01 1.654900584479570072e-02 3.012341483203598638e-02 6.350104428361464488e-05 9.919353328797021784e-05
4.400000000000000000e+01 1.430942589352493348e-02 2.516463386172251848e-02 6.221812866109712283e-05 9.579204404962364278e-05
4.500000000000000000e+01 1.136167436145237540e-02 2.080538101774855389e-02 6.054661977394149095e-05 9.192826403524572559e-05
4.600000000000000000e+01 1.193793972605192849e-02 1.747387095778416000e-02 5.842026863074092880e-05 8.758762241962968502e-05
4.700000000000000000e+01 1.164939630070772371e-02 1.526315245561025297e-02 5.594061968207171174e-05 8.297065243741545454e-05
