# freqs 	 pli 	 dpli 	 meanpower(thalamus)	 meanpower(scalp)	pli
8.000000000000000000e+00 -1.720530688746883530e-01 -3.388666658925975073e-01 7.487095399567968457e+01 2.669692434966116821e+02
9.000000000000000000e+00 -9.663694337418815561e-02 -1.919450735035200528e-01 7.113904019774429344e+01 2.371036493902207098e+02
1.000000000000000000e+01 -4.660486237721224445e-02 -9.391928457107193151e-02 6.835694147134724119e+01 2.040899478268749476e+02
1.100000000000000000e+01 -1.579989377937986508e-02 -2.703113118596260980e-02 6.747095088241371741e+01 1.659551897647155272e+02
1.200000000000000000e+01 5.405046829880882052e-03 5.500602148877023825e-03 6.793021655141119197e+01 1.406785145499066800e+02
1.300000000000000000e+01 5.586917947125412225e-03 1.681693081633471414e-03 6.906548513048677762e+01 1.288240603156660598e+02
1.400000000000000000e+01 -3.637218677736689908e-03 -2.656509860393663908e-02 7.074540049980075196e+01 1.213917700361325416e+02
1.500000000000000000e+01 -1.576186344443613468e-02 -5.884172495832353661e-02 7.259353527620957891e+01 1.152588362665064352e+02
1.600000000000000000e+01 -2.186809409442696389e-02 -7.339239353191674697e-02 7.410203643193884204e+01 1.090902751299673952e+02
1.700000000000000000e+01 -2.498808565244900123e-02 -7.070535517121513680e-02 7.535438325089036482e+01 1.030563097233792433e+02
1.800000000000000000e+01 -2.634386346351653974e-02 -6.601400853600475349e-02 7.679784231963627406e+01 9.795166319742494920e+01
1.900000000000000000e+01 -2.912601596935752643e-02 -6.437476791259542919e-02 7.879233075377028683e+01 9.363952249908479075e+01
2.000000000000000000e+01 -2.975400319238109478e-02 -6.168021045478660341e-02 8.151317241328793273e+01 8.951667533571372815e+01
2.100000000000000000e+01 -2.727922785400389502e-02 -5.505405271319595978e-02 8.502517056196253975e+01 8.570999059535644449e+01
2.200000000000000000e+01 -2.213562727156502888e-02 -4.326938631181802969e-02 8.985349217734999172e+01 8.397868704738701240e+01
2.300000000000000000e+01 -1.028910953761154670e-02 -1.420474240569896164e-02 9.847916242337123549e+01 8.764507884066661347e+01
2.400000000000000000e+01 1.096487276527650760e-02 4.697717269309111682e-02 1.147124655734708227e+02 9.722665496664478724e+01
2.500000000000000000e+01 3.865197514367967740e-02 1.205910201281626404e-01 1.377346466394189974e+02 1.071068332369830358e+02
2.600000000000000000e+01 6.527793526530026313e-02 1.828107131236968164e-01 1.594699345665829071e+02 1.106395226913308676e+02
2.700000000000000000e+01 8.702369820793946775e-02 2.264412280861923810e-01 1.707363078036514139e+02 1.057379008672695591e+02
2.800000000000000000e+01 1.002094665525639638e-01 2.486171579104016205e-01 1.678399632478142394e+02 9.474333247600405628e+01
2.900000000000000000e+01 1.024982002639421436e-01 2.450084552257335568e-01 1.536751457783279875e+02 8.174853340897102782e+01
3.000000000000000000e+01 9.099745337647154042e-02 2.119799004880410787e-01 1.347561777813845083e+02 7.004341552528083525e+01
3.100000000000000000e+01 6.715783483730436432e-02 1.554909001185635076e-01 1.176751978204447653e+02 6.124348093950669636e+01
3.200000000000000000e+01 4.019924796183080989e-02 9.481670911878282981e-02 1.067630256189458748e+02 5.540635936822049956e+01
3.300000000000000000e+01 2.025198325440568173e-02 4.920486370741803533e-02 1.032963228408668357e+02 5.180080036157421830e+01
3.400000000000000000e+01 9.665665565293734066e-03 2.347259651317470594e-02 1.060394169120206982e+02 4.960543392400044382e+01
3.500000000000000000e+01 5.351542292464475312e-03 1.169868059359282890e-02 1.123982804017618378e+02 4.817975264729963669e+01
3.600000000000000000e+01 3.719939372449425699e-03 6.915736591942111232e-03 1.195267511017541864e+02 4.716195951832797562e+01
3.700000000000000000e+01 2.566057235171280947e-03 4.859577193583796036e-03 1.250647395155770170e+02 4.636740415912388613e+01
3.800000000000000000e+01 1.364256480218281045e-03 3.630189791742299138e-03 1.275312105181812257e+02 4.571454355845948925e+01
3.900000000000000000e+01 1.550003310521857027e-03 2.736651455116110698e-03 1.264297692811878591e+02 4.514669949516687097e+01
4.000000000000000000e+01 1.646418865860315708e-03 1.948754243058341490e-03 1.221376008036978078e+02 4.464099492335102326e+01
4.100000000000000000e+01 1.584507787744271262e-03 1.183945488088627290e-03 1.155471351394107131e+02 4.416554504747735166e+01
4.200000000000000000e+01 7.882167030605392605e-04 3.808394216639383076e-04 1.077101664093968765e+02 4.366437533638152502e+01
4.300000000000000000e+01 -3.122697187048997401e-04 -4.789866381632097063e-04 9.953529260998280392e+01 4.304409752530938960e+01
4.400000000000000000e+01 -7.385550371354484764e-04 -1.335215821329853794e-03 9.163759282128908978e+01 4.222522502877790629e+01
4.500000000000000000e+01 -1.132588840997212536e-03 -2.163622647400591931e-03 8.431974201204980091e+01 4.114701537396516073e+01
4.600000000000000000e+01 -1.038921050428407485e-03 -2.988357653845041990e-03 7.770820181323432507e+01 3.984075496816447526e+01
4.700000000000000000e+01 -1.608934609743566634e-03 -3.895520015580777092e-03 7.191119804290453033e+01 3.844848134890108327e+01
