# freqs 	 pli 	 dpli 	 meanpower(thalamus)	 meanpower(scalp)	pli
8.000000000000000000e+00 -5.382789584060309468e-03 3.502259238558744908e-02 3.300514472835831250e-05 1.050131233624825613e-04
9.000000000000000000e+00 -1.248372851041202637e-02 5.567687058331471581e-03 3.361898241635040744e-05 9.924220750465332166e-05
1.000000000000000000e+01 -2.940608035119567434e-02 -8.088909311670482161e-02 3.866229338991024323e-05 9.488001615619922149e-05
1.100000000000000000e+01 -2.220800143511123675e-02 -1.904223866256843645e-01 4.277113833238381101e-05 9.252547369169131263e-05
1.200000000000000000e+01 -7.874979739213501875e-03 -1.577940327561146439e-01 4.068077552137632809e-05 9.055793721011370912e-05
1.300000000000000000e+01 -1.539567452395974520e-02 -9.586246459777809925e-02 3.674160642268761170e-05 8.878165651345048517e-05
1.400000000000000000e+01 -3.413920398730185130e-02 -1.318575913882489292e-01 3.477144650806433069e-05 8.697889019939640857e-05
1.500000000000000000e+01 -4.354583581744934928e-02 -1.500042844207181703e-01 3.386938554371997996e-05 8.419040197269190000e-05
1.600000000000000000e+01 -3.288392429530756500e-02 -9.466499790524829372e-02 3.285085927659960709e-05 8.040013892447067136e-05
1.700000000000000000e+01 -7.384224251673378314e-03 -1.841028159098741929e-02 3.195851678244155487e-05 7.708884221275876685e-05
1.800000000000000000e+01 1.322756562331275573e-02 3.604030677820034556e-02 3.150276938585026137e-05 7.477523877272189217e-05
1.900000000000000000e+01 2.018929671955138963e-02 6.198849843139060678e-02 3.148856891179019612e-05 7.311019299101799245e-05
2.000000000000000000e+01 2.052784408996954912e-02 6.156618857289627295e-02 3.186892386269824429e-05 7.139298146000400385e-05
2.100000000000000000e+01 1.350831390109052954e-02 4.410125395619820393e-02 3.264740751749488178e-05 6.937520881455216243e-05
2.200000000000000000e+01 2.338550098938658051e-03 1.681495572058983035e-02 3.390817872150802604e-05 6.721235735681040926e-05
2.300000000000000000e+01 -5.605314592149461539e-03 -2.435149773430996673e-02 3.623335797545698607e-05 6.536642826891676014e-05
2.400000000000000000e+01 -1.071310244527918717e-02 -8.086308586634301243e-02 4.037003536633337132e-05 6.432923509667885971e-05
2.500000000000000000e+01 -1.595595011603623270e-02 -1.317090724649413458e-01 4.605359843746233936e-05 6.420233525590171391e-05
2.600000000000000000e+01 -1.864817308478280630e-02 -1.536730145575154749e-01 5.171180221127010250e-05 6.439848362230628058e-05
2.700000000000000000e+01 -1.584693200677617791e-02 -1.475836431906500656e-01 5.548050052093448351e-05 6.393919367219057486e-05
2.800000000000000000e+01 -1.336831917410474281e-02 -1.258042347546906858e-01 5.638354278602824665e-05 6.227874458477338393e-05
2.900000000000000000e+01 -1.084182192159099424e-02 -9.788046067396477534e-02 5.456237155918770447e-05 5.962314359370075390e-05
3.000000000000000000e+01 -3.744590215548350767e-03 -6.915111051214857529e-02 5.091819716835949573e-05 5.659838253027368822e-05
3.100000000000000000e+01 7.302943111879540245e-04 -4.244423741157225122e-02 4.654893098973991933e-05 5.378367078531536471e-05
3.200000000000000000e+01 5.875557902758699394e-03 -1.952355770880031052e-02 4.236567801347405779e-05 5.148293570125126925e-05
3.300000000000000000e+01 9.508475057347587356e-03 -1.837108056957865564e-03 3.890359399350450575e-05 4.972727742802011172e-05
3.400000000000000000e+01 1.216549197352747615e-02 1.005382071666963660e-02 3.633394079060070253e-05 4.841958402760059157e-05
3.500000000000000000e+01 1.358074700558761956e-02 1.691832897457211035e-02 3.459681688031642009e-05 4.743471374826632107e-05
3.600000000000000000e+01 1.516620040024664953e-02 2.046814469399093478e-02 3.352985671754674812e-05 4.668340617137219789e-05
3.700000000000000000e+01 1.458613006173800283e-02 2.247468560003957477e-02 3.293706258869787590e-05 4.610196596754815565e-05
3.800000000000000000e+01 1.399020539434251906e-02 2.390259844629788119e-02 3.265505758955921148e-05 4.562249762486829825e-05
3.900000000000000000e+01 1.198965706123986293e-02 2.482605949120207309e-02 3.255888203853941128e-05 4.519297995635448382e-05
4.000000000000000000e+01 1.394467360245856859e-02 2.488114266636180100e-02 3.256190782896563611e-05 4.478326219548982187e-05
4.100000000000000000e+01 1.442750434871585032e-02 2.391880064563335628e-02 3.260033967732679978e-05 4.436537930030080970e-05
4.200000000000000000e+01 1.406767375653578123e-02 2.215762223121615221e-02 3.260600309531378583e-05 4.390515442085894015e-05
4.300000000000000000e+01 1.245463323534140750e-02 2.006100011223528601e-02 3.249581732602513758e-05 4.333478501862503089e-05
4.400000000000000000e+01 1.323153247266896197e-02 1.801944053121383796e-02 3.219298189274544817e-05 4.256570829123594807e-05
4.500000000000000000e+01 1.292506420402909917e-02 1.630607602300003511e-02 3.165259307078745481e-05 4.152802601056867127e-05
4.600000000000000000e+01 1.150953080628617890e-02 1.491177668094475876e-02 3.091222296723141388e-05 4.023051891857248570e-05
4.700000000000000000e+01 8.381499659977113478e-03 1.366838459916964836e-02 3.009593635234856493e-05 3.879416614843373757e-05
