# freqs 	 pli 	 dpli 	 meanpower(thalamus)	 meanpower(scalp)	pli
8.000000000000000000e+00 1.653177341054899163e-01 2.900525229412923012e-01 1.760179404590959810e-04 2.363025758785610125e-04
9.000000000000000000e+00 1.117043823864542346e-01 1.976386203255155460e-01 1.540815238598167766e-04 2.212395369804361642e-04
1.000000000000000000e+01 6.317186707661041900e-02 1.174648578262801335e-01 1.376951248074762457e-04 2.028494884191959385e-04
1.100000000000000000e+01 4.829702077775864522e-02 8.240688321382511061e-02 1.227323918422911614e-04 1.832874503970932331e-04
1.200000000000000000e+01 3.479044840893690677e-02 5.487539009500874004e-02 1.093366748113193973e-04 1.637350949116023440e-04
1.300000000000000000e+01 1.750771407150717926e-02 3.467620190732061819e-02 9.902421013937266498e-05 1.465963030884312283e-04
1.400000000000000000e+01 1.026479870679701360e-02 1.740943052758784498e-02 9.189743725205096387e-05 1.337033539955366230e-04
1.500000000000000000e+01 -7.015871246268613921e-04 -2.601901139040286876e-03 8.686137652266476587e-05 1.253757231220014852e-04
1.600000000000000000e+01 -4.638500320624815154e-03 -1.851868855669623962e-02 8.304600216396864764e-05 1.193837825341852426e-04
1.700000000000000000e+01 -4.046952318846139089e-03 -2.180497510217455082e-02 7.991249248443061336e-05 1.146393630597308637e-04
1.800000000000000000e+01 -5.838236858217943880e-03 -2.013273385718379951e-02 7.747545648199814241e-05 1.108912364085956137e-04
1.900000000000000000e+01 -6.551353400662698542e-03 -2.069053048314844004e-02 7.574424430257045444e-05 1.079229124370033007e-04
2.000000000000000000e+01 -6.130719804674195084e-03 -2.241309596159690026e-02 7.444045983532098312e-05 1.052697857636073359e-04
2.100000000000000000e+01 -1.116406694424659091e-02 -2.375949306466906136e-02 7.331905707464872544e-05 1.030881356940372508e-04
2.200000000000000000e+01 -1.046835746645682214e-02 -2.417826552244316599e-02 7.234748159556793985e-05 1.013020103204425801e-04
2.300000000000000000e+01 -7.041802884913846844e-03 -2.387107317067815176e-02 7.145225018372034528e-05 9.966051122655574901e-05
2.400000000000000000e+01 -4.078928653590802901e-03 -2.246483414391284988e-02 7.050325713832881721e-05 9.793782658741195552e-05
2.500000000000000000e+01 -2.874657125819916632e-03 -1.892516164559577413e-02 6.952153698747586192e-05 9.612547746727415185e-05
2.600000000000000000e+01 -1.849327937632154429e-03 -1.374323003381589491e-02 6.853009181027277282e-05 9.427956899818326977e-05
2.700000000000000000e+01 -8.531650516903630573e-04 -9.185436544293703806e-03 6.762789875971230509e-05 9.253021615949248312e-05
2.800000000000000000e+01 2.234612382897258141e-03 -7.305272698801211148e-03 6.698232270325099255e-05 9.098476933424829328e-05
2.900000000000000000e+01 3.767517049086317651e-03 -8.649208312697149667e-03 6.662782601312089653e-05 8.967212736665796952e-05
3.000000000000000000e+01 6.109843848963516892e-03 -1.288949369886206731e-02 6.660867358375512158e-05 8.860341846753627649e-05
3.100000000000000000e+01 2.884865311065600599e-04 -2.018284322790585283e-02 6.703976909656116979e-05 8.776915201330177344e-05
3.200000000000000000e+01 -4.835948006658589114e-03 -3.086186690901512875e-02 6.803505343483355204e-05 8.713441946541389694e-05
3.300000000000000000e+01 -1.190364036903283559e-02 -4.420828559328091045e-02 6.954218889777671268e-05 8.671338108289655677e-05
3.400000000000000000e+01 -1.760524190441400960e-02 -5.808320323101123089e-02 7.128270058228288700e-05 8.648149970140745076e-05
3.500000000000000000e+01 -2.333827275096394746e-02 -6.975033645886082045e-02 7.283917959346726621e-05 8.635017586753108054e-05
3.600000000000000000e+01 -2.707133565108901449e-02 -7.730480303456307989e-02 7.372545926958715341e-05 8.622898761725822652e-05
3.700000000000000000e+01 -2.933220762156308475e-02 -7.991327836906989002e-02 7.362828815961469371e-05 8.606967896448804493e-05
3.800000000000000000e+01 -3.137085315376536565e-02 -7.776107635260531836e-02 7.247756948175956425e-05 8.584785540884842987e-05
3.900000000000000000e+01 -2.980204191785195550e-02 -7.159695366458627974e-02 7.041878661622043235e-05 8.556469056230565809e-05
4.000000000000000000e+01 -2.613312254045950175e-02 -6.272476847619504192e-02 6.774722411288363342e-05 8.526533178426103955e-05
4.100000000000000000e+01 -2.153840892769614754e-02 -5.250781277021437932e-02 6.477545768593577047e-05 8.495202477337991708e-05
4.200000000000000000e+01 -1.677249993826656141e-02 -4.229525069843453194e-02 6.174231799259313324e-05 8.456595362880184850e-05
4.300000000000000000e+01 -1.305709678093367604e-02 -3.315950781073949416e-02 5.876777834487357410e-05 8.394733004899348051e-05
4.400000000000000000e+01 -1.075297406523952060e-02 -2.565759811048117303e-02 5.586701310281786797e-05 8.292138230719604721e-05
4.500000000000000000e+01 -8.189546318501767300e-03 -2.001328907078743155e-02 5.299681969849285098e-05 8.133996114494023637e-05
4.600000000000000000e+01 -6.838262375128621208e-03 -1.609271361632779937e-02 5.014973143735810000e-05 7.921462479772343698e-05
4.700000000000000000e+01 -5.310940575548034684e-03 -1.352030981923453209e-02 4.742756973307874689e-05 7.677327795059174704e-05
