# freqs 	 pli 	 dpli 	 meanpower(thalamus)	 meanpower(scalp)	pli
8.000000000000000000e+00 -2.242935730319758625e-01 -4.596100129986088190e-01 1.760676681962775720e-04 5.932032951183220789e-04
9.000000000000000000e+00 -5.989996108543171188e-02 -1.730707548356488490e-01 1.230820315204197361e-04 4.045695615706549090e-04
1.000000000000000000e+01 -2.678877217345612509e-03 -2.623997812650704416e-03 1.019439528978306791e-04 2.957061593061582352e-04
1.100000000000000000e+01 -8.522634910756169552e-03 -3.556173336376891331e-03 8.717609047023436547e-05 2.515572794124596042e-04
1.200000000000000000e+01 -2.575597709146366845e-03 1.827813582289316424e-02 8.035539136099517795e-05 2.321192431893670592e-04
1.300000000000000000e+01 -7.593476658870270020e-03 2.525496849992821952e-02 7.972574246057645842e-05 2.245284765475144919e-04
1.400000000000000000e+01 -1.721321545412766649e-02 -1.451873967192052889e-02 7.914405263814605260e-05 2.182203584672221409e-04
1.500000000000000000e+01 -1.352018516086076275e-02 -3.058381820669085413e-02 7.614945554233435593e-05 2.042406745748651879e-04
1.600000000000000000e+01 -3.561944009847197107e-04 -2.645785411792909644e-02 7.239293937778451028e-05 1.848897440116632166e-04
1.700000000000000000e+01 -1.527488962645910837e-02 -2.152703587906478269e-02 6.905259083988168813e-05 1.649734710384641550e-04
1.800000000000000000e+01 -1.671195713000228275e-02 -1.738696801682973470e-02 6.655623177760405839e-05 1.481392473673314922e-04
1.900000000000000000e+01 7.586136113131601089e-05 -1.689446998971547154e-02 6.522980404711099106e-05 1.357999469840708365e-04
2.000000000000000000e+01 -1.936181671703706255e-03 -2.335760450811248320e-02 6.446943666198868108e-05 1.268079589358422660e-04
2.100000000000000000e+01 -4.888010832648893335e-03 -2.718110744361499145e-02 6.361865598237607098e-05 1.189886947890700473e-04
2.200000000000000000e+01 -5.233142943233027797e-03 -2.357196661241850802e-02 6.257440778054796336e-05 1.112321590430808376e-04
2.300000000000000000e+01 9.185835150303614874e-03 -1.815102934824103231e-02 6.157103321434433086e-05 1.036582207802156996e-04
2.400000000000000000e+01 2.599970866200820331e-03 -1.874159173094958400e-02 6.107112908822536423e-05 9.645706717168103371e-05
2.500000000000000000e+01 -1.304102636402086624e-02 -3.083965812208267973e-02 6.148512937867781341e-05 8.971513531674448090e-05
2.600000000000000000e+01 -2.788778006582537036e-02 -5.760371579397813996e-02 6.329882742898863682e-05 8.351921099225095802e-05
2.700000000000000000e+01 -3.905913765996504167e-02 -9.823477247995446304e-02 6.640341786419010279e-05 7.811817543371403732e-05
2.800000000000000000e+01 -5.156185580575268351e-02 -1.447635561888190869e-01 6.973545896681141061e-05 7.351844996507179086e-05
2.900000000000000000e+01 -5.711156861886197700e-02 -1.832733269908208285e-01 7.190996861984632390e-05 6.955766673646494598e-05
3.000000000000000000e+01 -5.495631161463167269e-02 -2.030964216933208444e-01 7.203328697129361777e-05 6.597803370883780188e-05
3.100000000000000000e+01 -5.774544437060613600e-02 -1.995720948600958056e-01 7.009648674173784503e-05 6.263237262307034495e-05
3.200000000000000000e+01 -5.702558728495327883e-02 -1.764606607377255387e-01 6.667654487048283558e-05 5.950655349050499774e-05
3.300000000000000000e+01 -4.961468978818847630e-02 -1.412017761722164644e-01 6.260152581612785441e-05 5.665009048887190368e-05
3.400000000000000000e+01 -4.149779044531025363e-02 -1.034933012881250891e-01 5.862847071445182070e-05 5.410963736044796806e-05
3.500000000000000000e+01 -2.989494956533858203e-02 -7.139940206221198626e-02 5.524684362448033801e-05 5.188550305704373679e-05
3.600000000000000000e+01 -1.864635473340587463e-02 -4.941876075810853336e-02 5.264778291477739393e-05 4.994997420022720126e-05
3.700000000000000000e+01 -1.223161777499390951e-02 -3.724687297375252337e-02 5.076106550919097141e-05 4.829259500445552754e-05
3.800000000000000000e+01 -9.522651050445722284e-03 -3.157735125486151040e-02 4.941840784260863008e-05 4.687998807348581947e-05
3.900000000000000000e+01 -1.177420615280418831e-02 -2.860490755147515954e-02 4.844903049851299290e-05 4.565050975971002767e-05
4.000000000000000000e+01 -1.156716417910447735e-02 -2.608910469053269190e-02 4.772690795589391085e-05 4.454716805987895298e-05
4.100000000000000000e+01 -9.643318619756662338e-03 -2.301623094787514159e-02 4.715962498755984052e-05 4.353096339352782024e-05
4.200000000000000000e+01 -4.081951016587800907e-03 -1.924450503584813552e-02 4.662764545797842619e-05 4.254303028948815102e-05
4.300000000000000000e+01 -4.818608843360546595e-03 -1.493326521767740500e-02 4.599718879687541813e-05 4.150185476273655769e-05
4.400000000000000000e+01 -3.854182004001420556e-03 -1.064267204621534117e-02 4.515545615395366379e-05 4.029815040875445430e-05
4.500000000000000000e+01 -5.245300003462243996e-03 -6.713674313152734850e-03 4.401997030120578336e-05 3.886061612912918587e-05
4.600000000000000000e+01 -9.342156481121058689e-03 -3.490083074321239862e-03 4.260549601211967909e-05 3.720487109745653534e-05
4.700000000000000000e+01 -9.915454969830045026e-03 -1.167596462930761561e-03 4.105615472611703827e-05 3.545570185938031876e-05
