# freqs 	 pli 	 dpli 	 meanpower(thalamus)	 meanpower(scalp)	pli
8.000000000000000000e+00 2.191482280010918771e-02 6.877884625622020243e-02 7.631059923311155600e-05 2.674394380471676702e-04
9.000000000000000000e+00 2.171587609069810035e-02 5.546939580031162720e-02 7.101185680335211870e-05 2.387782818704474843e-04
1.000000000000000000e+01 -2.405566230012971818e-03 -7.037229389547407232e-04 7.024073574441959042e-05 2.330043424721160760e-04
1.100000000000000000e+01 -7.867098188974416817e-02 -1.929654187286905798e-01 7.778712948910206397e-05 2.704564897112166468e-04
1.200000000000000000e+01 -1.290202862643251291e-01 -3.339769816058827390e-01 8.995487704587692263e-05 3.241687780882938864e-04
1.300000000000000000e+01 -1.391720574842033875e-01 -3.342945508588222037e-01 9.668222286512881099e-05 3.457518049695303131e-04
1.400000000000000000e+01 -1.256567789723119777e-01 -2.869816854774847603e-01 9.427909460027086408e-05 3.149682634363105234e-04
1.500000000000000000e+01 -1.003512542016474912e-01 -2.333059285769492064e-01 8.588334828664085144e-05 2.551709357339710326e-04
1.600000000000000000e+01 -7.402118559518335028e-02 -1.872525273641166277e-01 7.589920583515747114e-05 1.986587364345096681e-04
1.700000000000000000e+01 -5.373675644888400993e-02 -1.422194830822730294e-01 6.664003559124971360e-05 1.595298686320279294e-04
1.800000000000000000e+01 -3.901115545342002250e-02 -1.006108919892480386e-01 5.875694365102837548e-05 1.362352345764209632e-04
1.900000000000000000e+01 -2.822755347064861281e-02 -7.055413315250749773e-02 5.231782250580568644e-05 1.228372729807422755e-04
2.000000000000000000e+01 -2.115399525812304907e-02 -5.259075256822699079e-02 4.730821996354223508e-05 1.145174180986808273e-04
2.100000000000000000e+01 -1.763677746462766899e-02 -4.182995613958026548e-02 4.360392540202778251e-05 1.085903989974399076e-04
2.200000000000000000e+01 -1.562906442866734275e-02 -3.407339864805582902e-02 4.095753092513783924e-05 1.038693161099197930e-04
2.300000000000000000e+01 -1.293946147639558376e-02 -2.736731329752063388e-02 3.906928240132090993e-05 9.991072290950139562e-05
2.400000000000000000e+01 -1.103886497172002108e-02 -2.141289227027204367e-02 3.764430723232251681e-05 9.645855251715965942e-05
2.500000000000000000e+01 -9.700286034075362995e-03 -1.682411882748556173e-02 3.644251812195593729e-05 9.333402255035798173e-05
2.600000000000000000e+01 -9.515240062741327220e-03 -1.427758168735754687e-02 3.531492773666091892e-05 9.037519798908664743e-05
2.700000000000000000e+01 -9.291202010417396254e-03 -1.390064464062998675e-02 3.419721899238441194e-05 8.749183388434016617e-05
2.800000000000000000e+01 -9.797215270190076652e-03 -1.521243812477873596e-02 3.309136558282665117e-05 8.466946958492821884e-05
2.900000000000000000e+01 -1.060402162567883853e-02 -1.739716841326947872e-02 3.203848803153465255e-05 8.195861603971329090e-05
3.000000000000000000e+01 -1.149292995816686078e-02 -1.970003455868023917e-02 3.107008102897175288e-05 7.942722677914325845e-05
3.100000000000000000e+01 -1.186382442237173158e-02 -2.160437601556021089e-02 3.021395070671894676e-05 7.716037854608052212e-05
3.200000000000000000e+01 -1.317905839685740675e-02 -2.291555763346388858e-02 2.947642050051494246e-05 7.518824407177648764e-05
3.300000000000000000e+01 -1.379441937166248078e-02 -2.371564267344898266e-02 2.885656062213818292e-05 7.349983340789037001e-05
3.400000000000000000e+01 -1.359600661733962809e-02 -2.422709047895621817e-02 2.834619982840946121e-05 7.207265143984261822e-05
3.500000000000000000e+01 -1.356562460794641378e-02 -2.472971840675427038e-02 2.792887005165460427e-05 7.085235249530719983e-05
3.600000000000000000e+01 -1.385742448050380354e-02 -2.546078270227441001e-02 2.759028336373571316e-05 6.980749473477299645e-05
3.700000000000000000e+01 -1.481575257793916849e-02 -2.655598179474023129e-02 2.731912822754350959e-05 6.890187744557042197e-05
3.800000000000000000e+01 -1.567285139765929938e-02 -2.797466645727075124e-02 2.710291445307181057e-05 6.810065288889223002e-05
3.900000000000000000e+01 -1.622666361894623682e-02 -2.955253255714080166e-02 2.692600064176594002e-05 6.736257214629858318e-05
4.000000000000000000e+01 -1.728556573356928444e-02 -3.107176336666970726e-02 2.677432510411610454e-05 6.666212655750765781e-05
4.100000000000000000e+01 -1.785407601199533872e-02 -3.239383046234099728e-02 2.662814637848452863e-05 6.596053521694167409e-05
4.200000000000000000e+01 -1.819249733544399394e-02 -3.349657477337920214e-02 2.645293502003040256e-05 6.518698772378955406e-05
4.300000000000000000e+01 -1.846999153281232708e-02 -3.444997110619227310e-02 2.619458880915452703e-05 6.422168209588683286e-05
4.400000000000000000e+01 -1.875780398220502909e-02 -3.527543720019837847e-02 2.579486648531550920e-05 6.294356974205462477e-05
4.500000000000000000e+01 -1.942861247531615584e-02 -3.605865226976071036e-02 2.521754660699577981e-05 6.126743488798794767e-05
4.600000000000000000e+01 -1.992570374311978046e-02 -3.686365814421918574e-02 2.448373555808102666e-05 5.923518514282666568e-05
4.700000000000000000e+01 -2.004719688259337662e-02 -3.777106818609576172e-02 2.368524868664516428e-05 5.704831468753441957e-05
