# freqs 	 pli 	 dpli 	 meanpower(thalamus)	 meanpower(scalp)	pli
8.000000000000000000e+00 -3.815556808418879564e-02 -9.485158968290276216e-02 5.855836806489087974e-05 2.443710822903750438e-04
9.000000000000000000e+00 -6.146371309417681533e-02 -1.355162572860992287e-01 5.688625361366982314e-05 3.038937759904281229e-04
1.000000000000000000e+01 -4.753580508717128450e-02 -1.112163955859067077e-01 5.411707489535015229e-05 2.469399335003036973e-04
1.100000000000000000e+01 -1.687437560737919950e-02 -2.779930442438471871e-02 5.204034122937310276e-05 1.870542977265831621e-04
1.200000000000000000e+01 1.370842191443963527e-02 4.435090022299557899e-02 5.074094524811080086e-05 1.532025983504260247e-04
1.300000000000000000e+01 3.116762876536431984e-02 7.402563707267473259e-02 4.985695988339828249e-05 1.303467718283895193e-04
1.400000000000000000e+01 2.975486573702425946e-02 6.874585796572331431e-02 4.922843078040814766e-05 1.154544760108491418e-04
1.500000000000000000e+01 1.898736184651650047e-02 4.558693171866042004e-02 4.882862304318677944e-05 1.060041390742832144e-04
1.600000000000000000e+01 1.108842717942863827e-02 2.268048092380121547e-02 4.858975635213069830e-05 9.999959255144927589e-05
1.700000000000000000e+01 3.089075974410147776e-03 7.574999432923292496e-03 4.840759606871723129e-05 9.596108502274669451e-05
1.800000000000000000e+01 -8.150475246537036787e-04 1.099396635888108542e-03 4.830771009636262769e-05 9.164722165527021381e-05
1.900000000000000000e+01 -2.052577416423148875e-03 -4.541646238805790449e-04 4.834872679774218700e-05 8.631031010418258596e-05
2.000000000000000000e+01 -3.066937713106613304e-03 -2.768616898902003399e-03 4.853759726647064891e-05 8.116131926642085445e-05
2.100000000000000000e+01 -5.437647899226266679e-03 -8.089797474229137864e-03 4.879938884187234096e-05 7.736845227273255235e-05
2.200000000000000000e+01 -7.339448222867286410e-03 -1.390614500221566165e-02 4.899954338878086710e-05 7.506969282937359306e-05
2.300000000000000000e+01 -8.076098782735161713e-03 -1.783270010857729293e-02 4.905666392540939329e-05 7.368601339949249266e-05
2.400000000000000000e+01 -8.735986415201728306e-03 -2.042528044361049608e-02 4.895099347802784841e-05 7.237038356782069383e-05
2.500000000000000000e+01 -1.048222809052292044e-02 -2.265991563947783796e-02 4.868140934477008626e-05 7.056369519927876792e-05
2.600000000000000000e+01 -1.127834481200506826e-02 -2.420700048856545133e-02 4.827498548887199092e-05 6.815977262190243285e-05
2.700000000000000000e+01 -1.108347627649892801e-02 -2.422009651683986950e-02 4.778547078196719973e-05 6.543722505707717210e-05
2.800000000000000000e+01 -9.640211582446735900e-03 -2.262067258535182396e-02 4.727063163460952446e-05 6.272627201683053742e-05
2.900000000000000000e+01 -9.763273851488148483e-03 -1.989793114518774442e-02 4.677732739548409854e-05 6.031290676364850950e-05
3.000000000000000000e+01 -8.266986629201082334e-03 -1.682152810384019911e-02 4.631840033071360615e-05 5.830730061957011304e-05
3.100000000000000000e+01 -7.457189056137526403e-03 -1.409635946951319323e-02 4.590579480727177778e-05 5.673269312976138241e-05
3.200000000000000000e+01 -6.255923523633567102e-03 -1.213179218715580536e-02 4.553760224404960067e-05 5.551224726815283877e-05
3.300000000000000000e+01 -5.735286007229773234e-03 -1.097108411645678940e-02 4.520387154595176916e-05 5.455557499900517829e-05
3.400000000000000000e+01 -5.342466096119159215e-03 -1.046003858789619663e-02 4.489854897197303286e-05 5.381182587755679636e-05
3.500000000000000000e+01 -4.919953049625170639e-03 -1.025107851031536836e-02 4.461275430624332721e-05 5.318773542152306774e-05
3.600000000000000000e+01 -4.423795648820865421e-03 -1.019039118539797999e-02 4.434149239786267172e-05 5.265229578609491388e-05
3.700000000000000000e+01 -4.363072163811069701e-03 -1.022272633270260127e-02 4.407565227964672564e-05 5.217918024478353852e-05
3.800000000000000000e+01 -4.451239723716154777e-03 -1.039070157067350543e-02 4.381340875988459863e-05 5.177130689686848975e-05
3.900000000000000000e+01 -3.963517857009686909e-03 -1.074255011713919419e-02 4.355211251707419556e-05 5.138900680197732866e-05
4.000000000000000000e+01 -4.281957197114849047e-03 -1.137582860533594385e-02 4.328865116334673657e-05 5.103734134164071605e-05
4.100000000000000000e+01 -4.372371075675912482e-03 -1.233809069794939393e-02 4.300683442438439370e-05 5.068974592071566568e-05
4.200000000000000000e+01 -4.819258241575813048e-03 -1.365478949211509571e-02 4.266084466304903962e-05 5.028789172560655144e-05
4.300000000000000000e+01 -4.991116211568460102e-03 -1.529947677199147184e-02 4.217411499990874506e-05 4.971796622266268250e-05
4.400000000000000000e+01 -5.696580744725465023e-03 -1.722699472348685271e-02 4.146125099113442622e-05 4.891080193799209064e-05
4.500000000000000000e+01 -6.334671945164383443e-03 -1.934764031150124769e-02 4.046642038768004520e-05 4.778036469553246048e-05
4.600000000000000000e+01 -6.420856522503620191e-03 -2.155227290568596799e-02 3.921828910648420501e-05 4.635039215109216577e-05
4.700000000000000000e+01 -5.969528064991375983e-03 -2.365702025642637749e-02 3.785790381257687724e-05 4.476914965378197246e-05
