# freqs 	 pli 	 dpli 	 meanpower(thalamus)	 meanpower(scalp)	pli
8.000000000000000000e+00 1.467695588746888245e-03 2.624455008741629139e-02 1.083457971045857402e-04 2.599232920495393490e-04
9.000000000000000000e+00 1.343842219956488393e-02 5.824992549677821679e-02 1.009100726322709738e-04 2.367498343020326985e-04
1.000000000000000000e+01 1.733283084634966095e-02 6.789700728393911755e-02 9.770277711879713607e-05 2.338387246246905393e-04
1.100000000000000000e+01 2.296503515923669497e-02 8.813200432461043565e-02 9.986726184426575001e-05 2.762753970786207235e-04
1.200000000000000000e+01 1.513101154367447847e-02 7.584377297256141015e-02 9.416316895145940323e-05 3.353559523139396374e-04
1.300000000000000000e+01 -1.569626679817807610e-02 3.268795714786119910e-02 8.259775932670185294e-05 3.587198591292702402e-04
1.400000000000000000e+01 -3.897153775775318713e-02 -1.820183935543237194e-02 7.168680262566125066e-05 3.268600415637677248e-04
1.500000000000000000e+01 -4.169021331940745562e-02 -5.929641874307940708e-02 6.423533040471552042e-05 2.647505198336112808e-04
1.600000000000000000e+01 -3.383851073166973394e-02 -7.545299205365990636e-02 5.963391070341530494e-05 2.060502176175764324e-04
1.700000000000000000e+01 -2.150640914913273111e-02 -6.005310688227440824e-02 5.657670186648534281e-05 1.654782494429749462e-04
1.800000000000000000e+01 -8.507528396878362084e-03 -3.019351017193164233e-02 5.449948074265908857e-05 1.413319784057709720e-04
1.900000000000000000e+01 1.339348708644527144e-03 -5.964812923244806019e-03 5.328073270909258199e-05 1.273473052330946714e-04
2.000000000000000000e+01 6.473535617660608303e-03 8.048669295435125631e-03 5.272860093776644770e-05 1.186632647293423009e-04
2.100000000000000000e+01 1.022048535306804319e-02 1.730093724303806771e-02 5.247263381735273657e-05 1.125208353876713785e-04
2.200000000000000000e+01 1.571667736700372783e-02 2.674157441428695603e-02 5.209829329424537123e-05 1.075925516923526725e-04
2.300000000000000000e+01 1.936635276458012131e-02 3.700221702777269778e-02 5.135740085621839338e-05 1.033842261218979511e-04
2.400000000000000000e+01 2.255232144256778468e-02 4.541286069602496617e-02 5.019962960280064524e-05 9.968770921630389905e-05
2.500000000000000000e+01 2.327189286579541688e-02 4.903560716076068443e-02 4.874809736095287881e-05 9.637572156233498589e-05
2.600000000000000000e+01 2.105447802335488547e-02 4.749796880471321425e-02 4.721810724694420255e-05 9.331933928564727164e-05
2.700000000000000000e+01 1.874216214004301856e-02 4.279116372735140839e-02 4.581972004800194577e-05 9.045280681831641492e-05
2.800000000000000000e+01 1.708257280096902794e-02 3.744553256250786333e-02 4.469947993343567172e-05 8.774014626384422694e-05
2.900000000000000000e+01 1.523734964254945708e-02 3.306642010362690481e-02 4.389510321837843706e-05 8.521223840240409718e-05
3.000000000000000000e+01 1.443395977551329042e-02 3.017631926729303846e-02 4.336246987201984203e-05 8.288552493400807599e-05
3.100000000000000000e+01 1.344774758352091162e-02 2.870476105981367015e-02 4.301583871223045195e-05 8.080299152469241864e-05
3.200000000000000000e+01 1.282685034447377838e-02 2.839589537682640080e-02 4.275523337272374701e-05 7.897762701841868542e-05
3.300000000000000000e+01 1.339542589378823166e-02 2.887873708671281209e-02 4.250373764730312602e-05 7.741046226284610369e-05
3.400000000000000000e+01 1.409978072743136440e-02 2.964210283393153844e-02 4.222147470242149678e-05 7.609344270688188697e-05
3.500000000000000000e+01 1.488208661123899788e-02 3.019181963458084789e-02 4.190221246629601448e-05 7.496179823631527947e-05
3.600000000000000000e+01 1.540282620582690901e-02 3.024924249498256446e-02 4.156037428636901701e-05 7.398670499889824182e-05
3.700000000000000000e+01 1.498138192138660264e-02 2.976567465685373351e-02 4.121574625125683152e-05 7.313393570678305836e-05
3.800000000000000000e+01 1.509274081224037424e-02 2.888711027532703951e-02 4.088875837271227671e-05 7.238776756542626765e-05
3.900000000000000000e+01 1.516788349656417179e-02 2.790401864730216591e-02 4.058677233625379008e-05 7.171498529613343090e-05
4.000000000000000000e+01 1.540700819294373025e-02 2.708750761077147531e-02 4.030593674013858356e-05 7.110064462582310542e-05
4.100000000000000000e+01 1.532589860235662738e-02 2.662398389807195051e-02 4.002612376397555522e-05 7.049711113224437051e-05
4.200000000000000000e+01 1.552488024573005394e-02 2.657309856656788274e-02 3.969753102840975826e-05 6.981659235074652104e-05
4.300000000000000000e+01 1.548152475051274742e-02 2.684666696792372201e-02 3.924062448489255280e-05 6.891609108137612672e-05
4.400000000000000000e+01 1.561021672936494138e-02 2.733153438388674986e-02 3.856964572260226291e-05 6.767222952336374674e-05
4.500000000000000000e+01 1.576100321695658724e-02 2.787128987333020724e-02 3.763214264720665686e-05 6.598545583252114234e-05
4.600000000000000000e+01 1.588180658578501603e-02 2.839517975766123539e-02 3.645597682067101760e-05 6.390103620481521148e-05
4.700000000000000000e+01 1.625479755794631900e-02 2.889048005812610079e-02 3.517055320137522879e-05 6.164011004619196629e-05
