# freqs 	 pli 	 dpli 	 meanpower(thalamus)	 meanpower(scalp)	pli
8.000000000000000000e+00 5.598976436570217430e-02 1.165196152098648685e-01 1.928020286243505992e-05 7.665408585412006055e-04
9.000000000000000000e+00 -9.032422602005653681e-03 -4.957658094684477129e-02 1.926030380106334513e-05 6.188394078498299063e-04
1.000000000000000000e+01 -4.070168159435993971e-02 -1.040115484448020516e-01 1.924833207777430522e-05 4.212646790691954306e-04
1.100000000000000000e+01 -2.753940347684968870e-02 -8.381174593656524896e-02 1.936587460672006350e-05 3.086239157546900175e-04
1.200000000000000000e+01 -2.485841816481713581e-02 -6.120901347687422722e-02 1.955398251010027999e-05 2.741016234280995736e-04
1.300000000000000000e+01 -1.895518955189551963e-02 -4.678104970826303666e-02 1.977046729284697387e-05 2.735339253643536772e-04
1.400000000000000000e+01 -1.547364947730638964e-02 -4.306907392225948344e-02 2.002377447228668103e-05 2.775864648393156615e-04
1.500000000000000000e+01 -1.986661346218570809e-02 -4.304299740788054135e-02 2.031196444826150054e-05 2.724399981651347193e-04
1.600000000000000000e+01 -1.560488955383801217e-02 -4.421676109453206299e-02 2.059597497765023840e-05 2.560544612935823508e-04
1.700000000000000000e+01 -1.744856682202218165e-02 -4.640181807908325823e-02 2.086576007986739044e-05 2.336234605120179463e-04
1.800000000000000000e+01 -1.811203051263817962e-02 -4.718932638150080683e-02 2.112413763970761785e-05 2.109710578716119181e-04
1.900000000000000000e+01 -1.376553763503536934e-02 -4.612498864783207836e-02 2.137969534979575147e-05 1.915146151082126793e-04
2.000000000000000000e+01 -1.239709951027313448e-02 -4.219421103768099257e-02 2.163577692021848934e-05 1.767428939161179630e-04
2.100000000000000000e+01 -8.419943170765152932e-03 -3.766897581987167787e-02 2.189378163776734039e-05 1.667174037556732192e-04
2.200000000000000000e+01 -1.098824252090269300e-02 -3.578991836558231832e-02 2.214815944181123026e-05 1.599394855291151509e-04
2.300000000000000000e+01 -1.308137635420342053e-02 -3.542274596629558375e-02 2.238888965224716527e-05 1.547182339290275482e-04
2.400000000000000000e+01 -1.354619096012866196e-02 -3.390733327945075898e-02 2.260957913026763003e-05 1.499614117220295941e-04
2.500000000000000000e+01 -9.311594872664185132e-03 -3.105695682028703983e-02 2.279992408067535220e-05 1.454810736019221222e-04
2.600000000000000000e+01 -1.622758088382731528e-02 -2.846157435384442935e-02 2.297168682847229105e-05 1.413099828391225317e-04
2.700000000000000000e+01 -5.845218428332632499e-03 -2.726788066569733535e-02 2.313083501136791527e-05 1.375840980111956249e-04
2.800000000000000000e+01 -8.112036286500458326e-03 -2.707913310624351921e-02 2.328419751735344141e-05 1.340424386254605393e-04
2.900000000000000000e+01 -4.912456017875362589e-03 -2.704543283586196764e-02 2.343128395160091348e-05 1.307830883520509472e-04
3.000000000000000000e+01 -1.562189070195512709e-02 -2.658683675236783728e-02 2.356435861723302658e-05 1.278207473851619843e-04
3.100000000000000000e+01 -1.302377948591895013e-02 -2.539377325785089831e-02 2.367909808133193371e-05 1.254248924941122625e-04
3.200000000000000000e+01 -7.614115040893768699e-03 -2.336083303678435433e-02 2.376804317978226303e-05 1.234927873678908329e-04
3.300000000000000000e+01 -1.609973943466670027e-02 -2.036169466975462639e-02 2.383350034550734610e-05 1.218674524367977744e-04
3.400000000000000000e+01 -2.226083472351180099e-03 -1.668836712780471729e-02 2.388012762624433546e-05 1.207392681825166506e-04
3.500000000000000000e+01 -6.249102997268494650e-03 -1.258657282772658939e-02 2.391014848942630408e-05 1.198897768221744746e-04
3.600000000000000000e+01 -9.592246888341511915e-03 -8.595478731421142549e-03 2.392818167714118451e-05 1.194024273249047295e-04
3.700000000000000000e+01 -9.572763982091747961e-03 -5.042615744868096314e-03 2.393672406003458469e-05 1.192576802481995664e-04
3.800000000000000000e+01 5.745434865232406339e-03 -2.083416336442128324e-03 2.394100762029271266e-05 1.195365281348699320e-04
3.900000000000000000e+01 4.465988690544901371e-03 4.389130465423177739e-04 2.394012757013386041e-05 1.199111333061176341e-04
4.000000000000000000e+01 4.903815066587220717e-03 2.419564467190658038e-03 2.392914808647957935e-05 1.203922112528498710e-04
4.100000000000000000e+01 6.921909622174811198e-03 3.854039139122258061e-03 2.389657792929078463e-05 1.208329880228712250e-04
4.200000000000000000e+01 8.635138103208267121e-03 4.784142174612523134e-03 2.381661430600829412e-05 1.210486077613216673e-04
4.300000000000000000e+01 -5.946197589165366088e-03 5.312134027099409128e-03 2.364691511263325400e-05 1.206287333215692512e-04
4.400000000000000000e+01 -5.246054435654772669e-03 5.651167093317080968e-03 2.334120234857091871e-05 1.196149329497362475e-04
4.500000000000000000e+01 -4.519720397577487933e-03 5.912869594749905859e-03 2.287591261097213083e-05 1.176941287688849474e-04
4.600000000000000000e+01 6.671169706218364184e-04 6.206226827627288334e-03 2.227823228984197290e-05 1.149890445869678049e-04
4.700000000000000000e+01 7.824298473974139814e-03 6.661279912460539403e-03 2.164097912851625777e-05 1.119538037261470277e-04
