# freqs 	 pli 	 dpli 	 meanpower(thalamus)	 meanpower(scalp)	pli
8.000000000000000000e+00 -1.330171722459999421e-02 -4.566439829474042839e-02 1.034290899446710301e-04 2.538774108077483421e-04
9.000000000000000000e+00 -3.679508800281941494e-02 -9.664912145535285715e-02 9.866140037782011375e-05 1.870811014105415242e-04
1.000000000000000000e+01 -2.479815302730699333e-02 -6.780436881896409473e-02 9.589972897848755731e-05 1.484285493433096475e-04
1.100000000000000000e+01 -1.343254608461152966e-02 -3.766882887048844664e-02 9.525678025975541747e-05 1.299153109129888280e-04
1.200000000000000000e+01 6.980798254930432531e-03 8.523699742693098894e-03 1.017819966356663358e-04 1.239945140727962325e-04
1.300000000000000000e+01 1.864433885853724118e-02 5.519237785680542602e-02 1.132345894725802251e-04 1.289131280949676068e-04
1.400000000000000000e+01 3.088098819162213293e-02 7.948055466810362291e-02 1.165540678353606561e-04 1.396032418707168125e-04
1.500000000000000000e+01 4.418522850798606294e-02 1.067615223731718105e-01 1.124578668380141129e-04 1.449494312976816891e-04
1.600000000000000000e+01 5.855072683595519828e-02 1.302023891145568379e-01 1.092024294859048506e-04 1.418204083386033758e-04
1.700000000000000000e+01 6.732858677961202354e-02 1.341195849558089181e-01 1.091127428748341250e-04 1.347085474951771362e-04
1.800000000000000000e+01 6.413632290584747597e-02 1.159061904947095850e-01 1.099355719507444802e-04 1.280955574623573621e-04
1.900000000000000000e+01 4.293459496281365473e-02 7.879838258870523748e-02 1.095612859931855039e-04 1.239811377007670802e-04
2.000000000000000000e+01 2.146957470308133789e-02 4.025540520298308972e-02 1.078608990033175230e-04 1.226984981719260166e-04
2.100000000000000000e+01 1.023232407951019107e-02 1.890371411323598858e-02 1.058998649169700187e-04 1.238696740664159684e-04
2.200000000000000000e+01 5.269491402505805007e-03 1.298184694711009522e-02 1.050301587602565305e-04 1.263063851646243089e-04
2.300000000000000000e+01 -4.141870866473505546e-03 -4.399251303883440836e-03 1.074199987257980628e-04 1.284895945382624760e-04
2.400000000000000000e+01 -3.376990139537835306e-02 -5.665162934622709756e-02 1.153326120990922640e-04 1.295687127060090812e-04
2.500000000000000000e+01 -7.000338016112911399e-02 -1.239725441811487527e-01 1.272567459920009901e-04 1.288970333393172241e-04
2.600000000000000000e+01 -9.763242743044121819e-02 -1.701346350177091460e-01 1.370232021699916911e-04 1.259205631012919816e-04
2.700000000000000000e+01 -1.049803448767417241e-01 -1.810781384757752799e-01 1.388711903788680715e-04 1.206501103414055328e-04
2.800000000000000000e+01 -9.168608934572930469e-02 -1.617993794011921005e-01 1.319011834406217114e-04 1.136784749961646933e-04
2.900000000000000000e+01 -6.948295997962214421e-02 -1.247012871109538373e-01 1.195691628304677303e-04 1.055526810435485232e-04
3.000000000000000000e+01 -4.585453062008063019e-02 -8.294385134198745124e-02 1.064918117417607306e-04 9.673050905516002173e-05
3.100000000000000000e+01 -2.574662089808674170e-02 -4.684852317930838367e-02 9.570179916890223524e-05 8.793253486606549820e-05
3.200000000000000000e+01 -1.078742731430998476e-02 -2.168262227130687489e-02 8.796386248515271247e-05 7.993967751041122565e-05
3.300000000000000000e+01 -3.230817616056877797e-03 -7.534327009629359327e-03 8.264823774204023237e-05 7.331704587076690461e-05
3.400000000000000000e+01 1.472260742781973056e-03 -1.175080839183123170e-03 7.885591925188370911e-05 6.830294365314974552e-05
3.500000000000000000e+01 -1.690049640019426671e-04 9.991426019387815438e-04 7.597945927273533340e-05 6.468262633545866498e-05
3.600000000000000000e+01 -5.328893378317088288e-04 1.794404052774780951e-03 7.372264369837435750e-05 6.214595313963761894e-05
3.700000000000000000e+01 8.536791561582546045e-04 2.513106260889160296e-03 7.195282091881245181e-05 6.033129472442098413e-05
3.800000000000000000e+01 2.527097939189348538e-03 3.290262959929729850e-03 7.055335517475897508e-05 5.900569721472395836e-05
3.900000000000000000e+01 2.657230243469603861e-03 3.711681749707397386e-03 6.937651734393394921e-05 5.791782896386091478e-05
4.000000000000000000e+01 2.259948738464538989e-03 3.543814654469695617e-03 6.828406828009414261e-05 5.699720406730162758e-05
4.100000000000000000e+01 1.259226458418254320e-03 2.815469049502125620e-03 6.716466907868883841e-05 5.615549041835590907e-05
4.200000000000000000e+01 8.273797708280999658e-04 1.826346094287274128e-03 6.592473829398634523e-05 5.528856785933614917e-05
4.300000000000000000e+01 1.192761920153460452e-03 8.638856405576421935e-04 6.447200664837804429e-05 5.424556017226673350e-05
4.400000000000000000e+01 6.979982532506023678e-04 3.631026188448470784e-04 6.272990642296174190e-05 5.298310221448527949e-05
4.500000000000000000e+01 -8.170573562591846087e-05 2.875238827543909388e-04 6.066308422891482973e-05 5.139625720717331885e-05
4.600000000000000000e+01 -4.194885036845073708e-05 5.235840710928832149e-04 5.833662683817891618e-05 4.951086051075553884e-05
4.700000000000000000e+01 -6.711885621093699808e-04 8.681944816107460506e-04 5.595393281542832578e-05 4.750379392874184325e-05
