# freqs 	 pli 	 dpli 	 meanpower(thalamus)	 meanpower(scalp)	pli
8.000000000000000000e+00 2.560605121210242363e-02 5.198861019013959611e-02 1.686547094210243209e-05 2.117577472949766580e-04
9.000000000000000000e+00 2.137410666296433309e-02 3.905294984746306847e-02 1.654456486051299446e-05 1.990415854712083868e-04
1.000000000000000000e+01 6.868379725141315895e-03 1.737395020480199045e-02 1.654710024283096914e-05 1.949656535417688670e-04
1.100000000000000000e+01 -3.434944828677442830e-02 -6.532546229504043733e-02 1.722714912116440442e-05 2.104636965481508171e-04
1.200000000000000000e+01 -7.670723882669526483e-02 -1.556505132387869805e-01 1.873365334811030196e-05 2.379186919225973916e-04
1.300000000000000000e+01 -1.155637027992979099e-01 -2.277944176838624935e-01 2.088115430840001039e-05 2.662489436452443177e-04
1.400000000000000000e+01 -1.437485155164364703e-01 -2.820846200055998065e-01 2.298786808322983996e-05 2.906472506633862580e-04
1.500000000000000000e+01 -1.493330732777168879e-01 -2.851370173255780571e-01 2.457054984471867233e-05 3.106315355850713705e-04
1.600000000000000000e+01 -1.249785358594241863e-01 -2.319626476261718306e-01 2.563217331869357935e-05 3.263084167097642769e-04
1.700000000000000000e+01 -8.270088966541880304e-02 -1.475984454120908562e-01 2.630547907677094300e-05 3.354606323211495322e-04
1.800000000000000000e+01 -3.863882881791667889e-02 -5.699578237889196125e-02 2.649007716580547236e-05 3.363003342173977238e-04
1.900000000000000000e+01 -4.188362757505424867e-03 4.987834422692198968e-03 2.613810017049019498e-05 3.281283353277506063e-04
2.000000000000000000e+01 1.918039494485806323e-03 1.432970599463263481e-02 2.551027037021297482e-05 3.119896241852076818e-04
2.100000000000000000e+01 -7.696425271990174968e-03 -1.235373837712870626e-02 2.474977473375668027e-05 2.889168244326977388e-04
2.200000000000000000e+01 -1.473253359244449182e-02 -3.455353966117610115e-02 2.389219536132726487e-05 2.599225940091678044e-04
2.300000000000000000e+01 -1.010554865140574250e-02 -3.128611988402821287e-02 2.312827165675279356e-05 2.279670248230386792e-04
2.400000000000000000e+01 -1.195402922699086764e-03 -1.056482141127016924e-02 2.263543232672078851e-05 1.975163681496408020e-04
2.500000000000000000e+01 8.450306892415068369e-03 1.006875635736802915e-02 2.245909592371329446e-05 1.720307092003487749e-04
2.600000000000000000e+01 1.076098385750729955e-02 1.973768540705670219e-02 2.252228964378975927e-05 1.527055210258289493e-04
2.700000000000000000e+01 1.135193156314037548e-02 1.715668704551973067e-02 2.269503526606460680e-05 1.390289057567396010e-04
2.800000000000000000e+01 6.980433919597649195e-03 6.423252973754122429e-03 2.283347112358526289e-05 1.297233595652411793e-04
2.900000000000000000e+01 5.621181152382771599e-04 -7.553946656468498236e-03 2.280525442019447902e-05 1.234126346974615701e-04
3.000000000000000000e+01 -6.945530706396429305e-03 -2.061548179373746958e-02 2.253694469831310604e-05 1.189013279155916178e-04
3.100000000000000000e+01 -1.365068727301036074e-02 -2.940165389400846777e-02 2.204101933644812724e-05 1.154632707977747770e-04
3.200000000000000000e+01 -1.519502184204025996e-02 -3.189104262642458720e-02 2.137849396458873965e-05 1.126530939615626045e-04
3.300000000000000000e+01 -1.027621341124679288e-02 -2.771457847215167553e-02 2.063420045699064962e-05 1.102136767176631988e-04
3.400000000000000000e+01 -3.064930391378961790e-03 -1.819357893038300172e-02 1.989191313301615056e-05 1.080320601256644825e-04
3.500000000000000000e+01 3.299138084957878043e-03 -5.643055539592000541e-03 1.920973835859809048e-05 1.060650387587991030e-04
3.600000000000000000e+01 1.092440554801565357e-02 7.489456546520045603e-03 1.861369021089529353e-05 1.042736909360598676e-04
3.700000000000000000e+01 1.435400228528157032e-02 1.949697019269386669e-02 1.811496498445238444e-05 1.025341201769019224e-04
3.800000000000000000e+01 1.781011912164683075e-02 2.951977387381967549e-02 1.771328475057378545e-05 1.007448483801362261e-04
3.900000000000000000e+01 1.898581909205425758e-02 3.741947257334259092e-02 1.739545026447427719e-05 9.880439312712243336e-05
4.000000000000000000e+01 1.985774103246198963e-02 4.328782469594780191e-02 1.713978658420948589e-05 9.670201177318133064e-05
4.100000000000000000e+01 2.243318213938757730e-02 4.732481188106682501e-02 1.692249650058462869e-05 9.445296030154242382e-05
4.200000000000000000e+01 2.391956024538285930e-02 4.988020224151791526e-02 1.671271450127726106e-05 9.203602372325682293e-05
4.300000000000000000e+01 2.553932488642059184e-02 5.140633600933793013e-02 1.647007409730129939e-05 8.934535460170853042e-05
4.400000000000000000e+01 2.770770989804195034e-02 5.222435917437556752e-02 1.615504206270970670e-05 8.630600444629726311e-05
4.500000000000000000e+01 2.808124228115274276e-02 5.258133105766121806e-02 1.574505238654507597e-05 8.284996719999905221e-05
4.600000000000000000e+01 2.753913884746229598e-02 5.263298269879387870e-02 1.525032519613340837e-05 7.904039932571418057e-05
4.700000000000000000e+01 2.726247932768571455e-02 5.246513442174845221e-02 1.472422934778727587e-05 7.512547958308529055e-05
