# freqs 	 pli 	 dpli 	 meanpower(thalamus)	 meanpower(scalp)	pli
8.000000000000000000e+00 -3.788382317205928745e-02 -9.840265735346823139e-02 4.700148407629253886e-05 4.466735776446260583e-04
9.000000000000000000e+00 -6.734833897704889383e-02 -1.629983057326118978e-01 5.165677883444898835e-05 3.910047902999042664e-04
1.000000000000000000e+01 -9.991777771982106315e-02 -2.066526317375805277e-01 5.582106014413571772e-05 2.936185121710247685e-04
1.100000000000000000e+01 -9.449433793872082099e-02 -1.779939118898748174e-01 5.586226614456598873e-05 2.611120624975619520e-04
1.200000000000000000e+01 -5.453238192645300936e-02 -1.183144117375397320e-01 5.286885358778317505e-05 2.480105610103806803e-04
1.300000000000000000e+01 -2.293669724962774797e-02 -6.758111702717077562e-02 4.944276455102870698e-05 2.326216570517882160e-04
1.400000000000000000e+01 -9.230129625148146902e-03 -4.028413874973969105e-02 4.662560755478790719e-05 2.119008472572389502e-04
1.500000000000000000e+01 -7.221099156296901557e-03 -2.315347385635072378e-02 4.445622228619298824e-05 1.903308265583895790e-04
1.600000000000000000e+01 2.353158190660290666e-03 -1.016427024216227633e-03 4.277562523355538890e-05 1.720231921939970076e-04
1.700000000000000000e+01 1.292459318883054306e-02 2.035096457639798753e-02 4.142990939648849168e-05 1.576641667846279246e-04
1.800000000000000000e+01 1.980243416341020274e-02 3.354182670319184878e-02 4.034398171197044707e-05 1.468898818243965804e-04
1.900000000000000000e+01 2.501915393384346320e-02 3.968866896476240524e-02 3.950047059316789993e-05 1.396592198078599686e-04
2.000000000000000000e+01 2.655779801099608997e-02 4.306757865347549813e-02 3.883022982835189208e-05 1.352215246981185702e-04
2.100000000000000000e+01 2.726189915510733933e-02 4.446647195041757844e-02 3.829699490320799581e-05 1.324225847172019169e-04
2.200000000000000000e+01 2.547200803395199484e-02 4.234224803519639341e-02 3.788066936899843115e-05 1.303225739728189976e-04
2.300000000000000000e+01 2.320301636797060876e-02 3.683241307395584280e-02 3.756320072797205117e-05 1.284333618574753076e-04
2.400000000000000000e+01 1.956019305690170212e-02 3.019461859375266802e-02 3.731640260127837175e-05 1.265374579164565147e-04
2.500000000000000000e+01 1.582007423675678079e-02 2.356050371436188562e-02 3.711721888825189494e-05 1.245300275096290711e-04
2.600000000000000000e+01 1.121518034520707120e-02 1.674783936663066727e-02 3.692783052807312741e-05 1.224168621858399226e-04
2.700000000000000000e+01 8.326800442270210559e-03 9.807124701326505947e-03 3.671410012234623313e-05 1.203399542106177076e-04
2.800000000000000000e+01 6.594557236073724828e-03 3.493313577734174797e-03 3.645851451711413772e-05 1.183672560562443909e-04
2.900000000000000000e+01 4.660952179383164896e-03 -1.049477314919487238e-03 3.617563152115099126e-05 1.166402412152254956e-04
3.000000000000000000e+01 3.217813009128129599e-03 -3.242906437529708037e-03 3.586245560703033025e-05 1.152603595903249010e-04
3.100000000000000000e+01 3.114673291349158435e-03 -3.208168553236022055e-03 3.552518046957408183e-05 1.144230987528489281e-04
3.200000000000000000e+01 3.909631240525247506e-03 -1.552953799965784299e-03 3.516121971135725285e-05 1.141770028930408430e-04
3.300000000000000000e+01 6.344066572711493449e-03 9.263359366359891732e-04 3.477255662622286852e-05 1.144884443069473184e-04
3.400000000000000000e+01 7.257248970255213844e-03 3.624915842545744366e-03 3.437410394188228889e-05 1.153718136229340174e-04
3.500000000000000000e+01 8.317702492953410465e-03 6.086173616398253029e-03 3.397000040841559906e-05 1.166748486007026619e-04
3.600000000000000000e+01 8.986958254605574223e-03 8.160898625880090573e-03 3.357100869484071291e-05 1.183370765176702675e-04
3.700000000000000000e+01 9.677781706221180377e-03 9.783175959288710824e-03 3.318603247304787509e-05 1.202502178178687314e-04
3.800000000000000000e+01 1.005558263188323885e-02 1.095558733356871185e-02 3.282705990170326312e-05 1.223582386886942265e-04
3.900000000000000000e+01 1.043656026347167254e-02 1.161844328631203051e-02 3.249225422091097813e-05 1.244698785727988398e-04
4.000000000000000000e+01 1.052904093039098467e-02 1.203623109181528421e-02 3.217923779241900690e-05 1.265427429782542738e-04
4.100000000000000000e+01 9.951620208154305855e-03 1.249948585799127640e-02 3.187466786556608709e-05 1.284552791476810201e-04
4.200000000000000000e+01 9.251624405191822761e-03 1.320327437374867359e-02 3.154471860136399605e-05 1.300125441432455325e-04
4.300000000000000000e+01 9.177056698964940890e-03 1.416181701266800048e-02 3.112867205103404242e-05 1.308584858403086845e-04
4.400000000000000000e+01 9.442266107568604572e-03 1.540720411632492438e-02 3.056494825974177983e-05 1.307852237542482456e-04
4.500000000000000000e+01 1.052926578105202980e-02 1.677253149827581322e-02 2.981255796211890267e-05 1.295477038905705979e-04
4.600000000000000000e+01 1.139026773058656773e-02 1.815624650866498255e-02 2.889718194131713644e-05 1.272595746619464559e-04
4.700000000000000000e+01 1.142081523027807521e-02 1.946014474777542705e-02 2.792995175557610760e-05 1.244297626037835182e-04
