# freqs 	 pli 	 dpli 	 meanpower(thalamus)	 meanpower(scalp)	pli
8.000000000000000000e+00 -2.191473551845099337e-03 -1.515338655051880375e-02 4.831330087019699822e-05 5.246683657139432041e-05
9.000000000000000000e+00 1.562082471632765361e-02 5.239598813834694772e-03 4.898602703370417494e-05 5.172127974485621479e-05
1.000000000000000000e+01 3.624101971908577635e-02 4.599632135762600493e-02 5.121552263692589411e-05 4.885262957703711580e-05
1.100000000000000000e+01 4.892657838845002743e-02 8.239683256295472769e-02 5.205809795329885544e-05 4.713163823094929133e-05
1.200000000000000000e+01 4.643723865328475836e-02 8.812541874376153550e-02 5.143352529159398877e-05 4.582490829904660581e-05
1.300000000000000000e+01 4.127180213282954230e-02 7.848717989560409503e-02 5.057102097633855298e-05 4.427358825417924900e-05
1.400000000000000000e+01 3.553634470528901912e-02 6.849054078674103596e-02 4.964544545988519575e-05 4.229696408472307458e-05
1.500000000000000000e+01 3.325408028130480420e-02 6.079162766958159936e-02 4.837966716230946644e-05 4.002906614186875516e-05
1.600000000000000000e+01 2.878739482005444189e-02 5.089852020231620117e-02 4.696058841936225759e-05 3.778289449261776432e-05
1.700000000000000000e+01 1.878030827029532682e-02 3.447172513443233499e-02 4.576604482852086154e-05 3.572481583852198892e-05
1.800000000000000000e+01 4.270869226165647896e-03 1.305817576413065978e-02 4.499444110774201104e-05 3.402186686845683027e-05
1.900000000000000000e+01 -4.259699093226894558e-03 -4.289843387017748359e-03 4.466257376292475864e-05 3.274294379015185117e-05
2.000000000000000000e+01 -6.634729390452908521e-03 -1.209420200197457336e-02 4.463886638995228230e-05 3.177993958635384530e-05
2.100000000000000000e+01 -7.368812354598370390e-03 -1.267938928411996291e-02 4.477571089479933026e-05 3.103158986788448546e-05
2.200000000000000000e+01 -6.030499278268043953e-03 -1.002709622653350473e-02 4.496395895243951300e-05 3.042473784119249057e-05
2.300000000000000000e+01 -3.061489137728495413e-03 -5.959861489118672973e-03 4.520077848922298346e-05 2.991689736669645653e-05
2.400000000000000000e+01 1.184635216292106693e-03 -1.166413150163138042e-03 4.552644626114684843e-05 2.950052900994828595e-05
2.500000000000000000e+01 4.782043233024544683e-03 3.652536452518727415e-03 4.599826300036015348e-05 2.917580880332185399e-05
2.600000000000000000e+01 5.550107429075242654e-03 8.273300214275381217e-03 4.670641694639706196e-05 2.891813464857217547e-05
2.700000000000000000e+01 5.948938650169233525e-03 1.278369131832107243e-02 4.787451709598545879e-05 2.871826018323334493e-05
2.800000000000000000e+01 7.047837194960796144e-03 1.701282927656353611e-02 4.979837016925820831e-05 2.855877895368641120e-05
2.900000000000000000e+01 9.899424197625421654e-03 2.053791196810050845e-02 5.264969377463439099e-05 2.842636445909907850e-05
3.000000000000000000e+01 1.043799508762213550e-02 2.295110870262993819e-02 5.613743749401117365e-05 2.831103114584735257e-05
3.100000000000000000e+01 9.327335013074960351e-03 2.404802900472374425e-02 5.956742567262022028e-05 2.821630243490330864e-05
3.200000000000000000e+01 9.751947311885601072e-03 2.380640470853659027e-02 6.219893268887483940e-05 2.813869113589501246e-05
3.300000000000000000e+01 9.862031785459191013e-03 2.247077603611984456e-02 6.352610202993760056e-05 2.807240668852089102e-05
3.400000000000000000e+01 9.854841088735216692e-03 2.021181208728191694e-02 6.345469616773261165e-05 2.801891158279929864e-05
3.500000000000000000e+01 9.750138151324642261e-03 1.749611060773132235e-02 6.217639707464846645e-05 2.796923338606611473e-05
3.600000000000000000e+01 8.322242212249501489e-03 1.457855519951582052e-02 6.009092090851910850e-05 2.792241429395552068e-05
3.700000000000000000e+01 7.367653980996875795e-03 1.179630904463708010e-02 5.760830359576741687e-05 2.787503002199051216e-05
3.800000000000000000e+01 5.836786227054967767e-03 9.359937950790618577e-03 5.508081937040724512e-05 2.782761916144678671e-05
3.900000000000000000e+01 4.952796824036966895e-03 7.734985856294564546e-03 5.272521146615391469e-05 2.777772442952936640e-05
4.000000000000000000e+01 4.443049021377167528e-03 6.819797281346875323e-03 5.066559817874882694e-05 2.772464521103633629e-05
4.100000000000000000e+01 4.736602916395140674e-03 6.417118856136419004e-03 4.892460934665766664e-05 2.765580608630002651e-05
4.200000000000000000e+01 4.345665154543828547e-03 6.207324647828379657e-03 4.743756732156480748e-05 2.753846242003766195e-05
4.300000000000000000e+01 3.936591627035609768e-03 5.939009471065807323e-03 4.607178446526016596e-05 2.731934992617694979e-05
4.400000000000000000e+01 3.298700150650270366e-03 5.356040929038858277e-03 4.468918631052336336e-05 2.694578740403401774e-05
4.500000000000000000e+01 2.796078775965175379e-03 4.537381726138025630e-03 4.317466837168435677e-05 2.637879818627022273e-05
4.600000000000000000e+01 2.230691662453741092e-03 3.641219036697803876e-03 4.151424873522026923e-05 2.563914222637429999e-05
4.700000000000000000e+01 1.572772610425186368e-03 2.913621306791132348e-03 3.982372812086313750e-05 2.481953117455710535e-05
