# freqs 	 pli 	 dpli 	 meanpower(thalamus)	 meanpower(scalp)	pli
8.000000000000000000e+00 -4.789392924861492207e-02 -1.241729377932993678e-01 6.315380074307099477e-05 1.362356966435949014e-04
9.000000000000000000e+00 -4.985055831723612246e-02 -1.319571186423605103e-01 6.548023713218972851e-05 1.242874099520455068e-04
1.000000000000000000e+01 -4.659105888876097223e-02 -1.297763407544461345e-01 7.049059617544195131e-05 1.230945062281135164e-04
1.100000000000000000e+01 -3.611879527335768586e-02 -9.722743133661389259e-02 7.789540887554526364e-05 1.343012828510273770e-04
1.200000000000000000e+01 -2.031248940069211792e-02 -4.851014665321377872e-02 8.114452512462839984e-05 1.443669486219047084e-04
1.300000000000000000e+01 -8.264155467693634280e-03 -3.124689358252063023e-02 7.961919002176398737e-05 1.487684581163074447e-04
1.400000000000000000e+01 -2.343688374134545848e-03 -2.322532905863323657e-02 7.494660608591390276e-05 1.446026967361190171e-04
1.500000000000000000e+01 1.356055310231487308e-02 1.937837026859915573e-02 6.827602418102689946e-05 1.315133411011919554e-04
1.600000000000000000e+01 3.848581978982031776e-02 7.973182578126519759e-02 6.140125838487526719e-05 1.157022003069769491e-04
1.700000000000000000e+01 5.284102112063466389e-02 1.133464189262919086e-01 5.554159385428387909e-05 1.025937985430831919e-04
1.800000000000000000e+01 4.705629667690079676e-02 1.051079031244279288e-01 5.100145883354869903e-05 9.316495807155660989e-05
1.900000000000000000e+01 3.058894478030591002e-02 7.032903567677332990e-02 4.768599491763180246e-05 8.621198856121814664e-05
2.000000000000000000e+01 1.222874862434785055e-02 3.022392692897933608e-02 4.534535437404969740e-05 8.082979528370414760e-05
2.100000000000000000e+01 -1.313700603867916882e-04 -2.823282702379927207e-04 4.364884516044125157e-05 7.654127982045281727e-05
2.200000000000000000e+01 -7.828373896361984219e-03 -1.623676956380286709e-02 4.224388402669923754e-05 7.295621016029893739e-05
2.300000000000000000e+01 -9.915355124390330330e-03 -2.029472148752226729e-02 4.093638452773086685e-05 6.983775995676399736e-05
2.400000000000000000e+01 -8.145553724897757961e-03 -1.733864149396703233e-02 3.975870625251565205e-05 6.713017781330599283e-05
2.500000000000000000e+01 -5.573833696104893605e-03 -1.191657022267145379e-02 3.880949233694474599e-05 6.482191783728193449e-05
2.600000000000000000e+01 -4.475306365406185420e-03 -7.525003231591356929e-03 3.810980324514155401e-05 6.286599905801738765e-05
2.700000000000000000e+01 -3.579185700068672656e-03 -6.032494577752472824e-03 3.761172419711244428e-05 6.119281257412686071e-05
2.800000000000000000e+01 -5.155191623391893602e-03 -7.402183550589696778e-03 3.722967994912186043e-05 5.975153160884391829e-05
2.900000000000000000e+01 -7.141080597123658849e-03 -1.017749164137495173e-02 3.690154004108511804e-05 5.855861666987454518e-05
3.000000000000000000e+01 -7.753694806270366655e-03 -1.266593396570792930e-02 3.658813862897097624e-05 5.767008246674958354e-05
3.100000000000000000e+01 -8.249409868732763759e-03 -1.385372074890792171e-02 3.628362283141179577e-05 5.709277312441502779e-05
3.200000000000000000e+01 -9.011169781820286759e-03 -1.383509945853414469e-02 3.599785613266979069e-05 5.671609493666526991e-05
3.300000000000000000e+01 -8.199799452370709271e-03 -1.353339661496733883e-02 3.573879970670775820e-05 5.638577139382163855e-05
3.400000000000000000e+01 -7.788231292634922864e-03 -1.399056926629574892e-02 3.550788807389058016e-05 5.599561313377245401e-05
3.500000000000000000e+01 -9.136857783295405933e-03 -1.567424130073415481e-02 3.530253458811271136e-05 5.550695285435606650e-05
3.600000000000000000e+01 -1.130276571291246625e-02 -1.823708375964398082e-02 3.511818643623501927e-05 5.494028142382400876e-05
3.700000000000000000e+01 -1.254397022780664832e-02 -2.075875105131652631e-02 3.494188329039194261e-05 5.432729300276848815e-05
3.800000000000000000e+01 -1.299227828773405653e-02 -2.223420178445071130e-02 3.476195272769108609e-05 5.369276837435491288e-05
3.900000000000000000e+01 -1.276674052638863271e-02 -2.205419431600389585e-02 3.457226964617313392e-05 5.304408838569053998e-05
4.000000000000000000e+01 -1.179462340248761329e-02 -2.016931696113429331e-02 3.436327427276507232e-05 5.238695776999018538e-05
4.100000000000000000e+01 -9.835468638539767924e-03 -1.701538177849029609e-02 3.411966442554579463e-05 5.171488227043739215e-05
4.200000000000000000e+01 -7.788631403928088746e-03 -1.326347221643707844e-02 3.381082270250696648e-05 5.098654204194827541e-05
4.300000000000000000e+01 -5.653700047340284689e-03 -9.546119315974656641e-03 3.338297771073238217e-05 5.011967021622931566e-05
4.400000000000000000e+01 -4.068000512613091299e-03 -6.252216739121859747e-03 3.277274789142381700e-05 4.902356522693994742e-05
4.500000000000000000e+01 -2.339445251901629223e-03 -3.516837961903415081e-03 3.194308904452818906e-05 4.763209472724620291e-05
4.600000000000000000e+01 -1.288507694540854016e-03 -1.275888018903494200e-03 3.092384283889298621e-05 4.597623737083505948e-05
4.700000000000000000e+01 -1.997743713431407008e-04 6.208782617150494267e-04 2.983074339935462484e-05 4.421179029762570218e-05
