# freqs 	 pli 	 dpli 	 meanpower(thalamus)	 meanpower(scalp)	pli
8.000000000000000000e+00 6.913716285520399296e-02 1.567824492790909352e-01 4.944579382376045377e-05 2.291611622811456309e-04
9.000000000000000000e+00 9.737532206588283071e-03 -4.670089308246011713e-03 5.388113245766838370e-05 1.922324899909955305e-04
1.000000000000000000e+01 -3.387957039815637367e-02 -1.454609079926969806e-01 6.294258334049390529e-05 1.767363707643803620e-04
1.100000000000000000e+01 -8.200228397650283219e-02 -3.726867771043872457e-01 7.198994389613883971e-05 1.828309326403224837e-04
1.200000000000000000e+01 -1.028209999940439545e-01 -5.540924829599286339e-01 7.948765992631706321e-05 2.190334635188382630e-04
1.300000000000000000e+01 -9.490993480995170428e-02 -5.532868901268557238e-01 7.633123666213708345e-05 2.556353062875366621e-04
1.400000000000000000e+01 -7.568955852231110115e-02 -4.581290066183867360e-01 6.352808828512262638e-05 2.390087030810303522e-04
1.500000000000000000e+01 -5.154046153730546670e-02 -3.002407390667624076e-01 5.108511216178038863e-05 1.870783773351869679e-04
1.600000000000000000e+01 -2.392560812177860208e-02 -1.335011001785643137e-01 4.411858754027526860e-05 1.421969113598184548e-04
1.700000000000000000e+01 -2.055271219012206815e-03 -3.580594909481145394e-02 4.153313804192200628e-05 1.179647709434130287e-04
1.800000000000000000e+01 7.228452510512321447e-03 4.338849937967877504e-03 4.085231203335045998e-05 1.068781951388078112e-04
1.900000000000000000e+01 1.180869167597924443e-02 2.149886161476418159e-02 4.071433141057401579e-05 1.008645723750754928e-04
2.000000000000000000e+01 1.434142948988960213e-02 2.995985911391682924e-02 4.066058468987697282e-05 9.682951026619116171e-05
2.100000000000000000e+01 1.673288407750097781e-02 3.435404298116830762e-02 4.060468825806258194e-05 9.390765516926503909e-05
2.200000000000000000e+01 1.834595784981172747e-02 3.665698962124026156e-02 4.054534436049499289e-05 9.177596388093847907e-05
2.300000000000000000e+01 2.015898017445549167e-02 3.900460866760988715e-02 4.048403944096986602e-05 9.026607345772109969e-05
2.400000000000000000e+01 2.205973532967785838e-02 4.318337121952336988e-02 4.036730511587017280e-05 8.924943155580286516e-05
2.500000000000000000e+01 2.405023975622544441e-02 4.871799240662712249e-02 4.011771693936992743e-05 8.855570986789246290e-05
2.600000000000000000e+01 2.626254521827466049e-02 5.336991315281452986e-02 3.970539439221215314e-05 8.789266732588399617e-05
2.700000000000000000e+01 2.697717938452264680e-02 5.548857638097123152e-02 3.919324701340497197e-05 8.697756711215988998e-05
2.800000000000000000e+01 2.597112952879231801e-02 5.500862849523480841e-02 3.867724808019692452e-05 8.568045986955929571e-05
2.900000000000000000e+01 2.455336924977627802e-02 5.287459217134399259e-02 3.822940261796071570e-05 8.408359126154264351e-05
3.000000000000000000e+01 2.380842177970356188e-02 5.023984782440604063e-02 3.787370821912515830e-05 8.237429461263751638e-05
3.100000000000000000e+01 2.283569544061808676e-02 4.794557684975510325e-02 3.760074277151199338e-05 8.073947620003098713e-05
3.200000000000000000e+01 2.209234087010305755e-02 4.640035739891762434e-02 3.738815308550540140e-05 7.927729179759107452e-05
3.300000000000000000e+01 2.138177923250806842e-02 4.560602257783647612e-02 3.721868562404901894e-05 7.800483460350643005e-05
3.400000000000000000e+01 2.166927173483552960e-02 4.525629831291218957e-02 3.707961975372047928e-05 7.690352539124426922e-05
3.500000000000000000e+01 2.182298414265126593e-02 4.500650100647611562e-02 3.696169364498282241e-05 7.594108238809340109e-05
3.600000000000000000e+01 2.167411605664250340e-02 4.472700015676225188e-02 3.685660360115672850e-05 7.509795879138706702e-05
3.700000000000000000e+01 2.190778482292917925e-02 4.451045651917576867e-02 3.675768318769711629e-05 7.436746707152436210e-05
3.800000000000000000e+01 2.176525985955858958e-02 4.450347104509998902e-02 3.666353965635395771e-05 7.374585398810140527e-05
3.900000000000000000e+01 2.196985004800643473e-02 4.480476004810240304e-02 3.657172177725445943e-05 7.322315443967208350e-05
4.000000000000000000e+01 2.240861354451561399e-02 4.544036935108127645e-02 3.647751846020941936e-05 7.277990463617348203e-05
4.100000000000000000e+01 2.274109661316242592e-02 4.633776854696529390e-02 3.636212355284022899e-05 7.237068340724039841e-05
4.200000000000000000e+01 2.298447756204671788e-02 4.740005228928562825e-02 3.617963468078401668e-05 7.190338854747566674e-05
4.300000000000000000e+01 2.370710168247591731e-02 4.853217522600763306e-02 3.586118738037316140e-05 7.123262069562196006e-05
4.400000000000000000e+01 2.449894451567549009e-02 4.968463151903108194e-02 3.533312576961338772e-05 7.020886667432950053e-05
4.500000000000000000e+01 2.522767552322668222e-02 5.078417334135314903e-02 3.455467830479877131e-05 6.873987956010497297e-05
4.600000000000000000e+01 2.556156131869185069e-02 5.179855421069826799e-02 3.356011519440714480e-05 6.688932523307700422e-05
4.700000000000000000e+01 2.609427966604074486e-02 5.272024427643867694e-02 3.248073928854132176e-05 6.491744245473298294e-05
