# freqs 	 pli 	 dpli 	 meanpower(thalamus)	 meanpower(scalp)	pli
8.000000000000000000e+00 2.154994273028918187e-04 -1.292891678647366815e-01 1.160514408504475549e-04 2.624548115976029438e-04
9.000000000000000000e+00 -1.119576911914303523e-02 -6.317924895039528366e-02 1.153084274230738101e-04 2.582725730211065675e-04
1.000000000000000000e+01 -5.026649405782396621e-03 -1.375161685489774584e-02 1.177211947248843493e-04 2.539138652585098401e-04
1.100000000000000000e+01 -6.952323195979491152e-03 -3.390752726834032199e-02 1.183986903917403727e-04 2.776098159404474818e-04
1.200000000000000000e+01 -2.786874347865043663e-02 -6.569017233349337681e-02 1.206463264202456745e-04 3.148672750259423202e-04
1.300000000000000000e+01 -4.539273531852124760e-02 -7.508082991111476867e-02 1.266801230680434948e-04 3.375079595120448160e-04
1.400000000000000000e+01 -1.904965722681918258e-02 -1.049325682429648639e-02 1.343737135518094589e-04 3.438360764710999390e-04
1.500000000000000000e+01 2.750326737440671188e-02 1.257199579452489835e-01 1.427343001780098013e-04 3.412484830365351916e-04
1.600000000000000000e+01 7.456715419162318614e-02 2.237471499610790560e-01 1.474977180617212901e-04 3.322114860931873570e-04
1.700000000000000000e+01 9.852682833547156405e-02 2.365120940854440190e-01 1.456047745375928866e-04 3.163163892266958755e-04
1.800000000000000000e+01 9.485394481504805242e-02 1.972641819991824697e-01 1.434289687075033961e-04 2.978126546663756899e-04
1.900000000000000000e+01 7.818823499288034273e-02 1.520234135290818023e-01 1.489867999347794267e-04 2.806768230028209438e-04
2.000000000000000000e+01 5.895440009206075194e-02 1.188231673777584985e-01 1.615610145228329488e-04 2.649449538300674770e-04
2.100000000000000000e+01 4.013008259279806506e-02 9.270090504438374679e-02 1.724607791399141658e-04 2.497852167471082525e-04
2.200000000000000000e+01 2.873027168165928971e-02 6.679507606304566081e-02 1.764332241179705568e-04 2.343462146946995140e-04
2.300000000000000000e+01 1.795270862571215348e-02 3.877484382704543542e-02 1.760371175194979667e-04 2.185049109726456868e-04
2.400000000000000000e+01 5.086239705493280326e-03 1.306161774244210365e-02 1.733848554649258995e-04 2.033402973566334718e-04
2.500000000000000000e+01 -1.899673493618284428e-03 -4.034049315224357522e-03 1.670620683877338650e-04 1.894396752236809098e-04
2.600000000000000000e+01 -5.133174375374323535e-03 -9.326989441686882321e-03 1.563097184083674736e-04 1.773170355665962955e-04
2.700000000000000000e+01 -1.288410654436408526e-03 -3.821638392960864401e-03 1.431755787009760526e-04 1.674208969235786140e-04
2.800000000000000000e+01 3.174540495487808769e-03 7.325340135442434675e-03 1.305541419044104064e-04 1.597225841387475448e-04
2.900000000000000000e+01 8.702907405293341600e-03 1.677348200233653996e-02 1.202474531844994782e-04 1.536983749045134850e-04
3.000000000000000000e+01 1.137004057709648311e-02 1.955885544211444227e-02 1.125627583204904375e-04 1.487003073570553437e-04
3.100000000000000000e+01 1.101921392706986871e-02 1.578643020433569827e-02 1.070464735124032152e-04 1.441096137982767573e-04
3.200000000000000000e+01 1.039022440858459843e-02 9.361579473408772334e-03 1.030438767124918658e-04 1.396229653740092467e-04
3.300000000000000000e+01 1.310320089464688843e-02 4.229430293798160448e-03 1.000037100555198452e-04 1.350926599191625422e-04
3.400000000000000000e+01 1.478458534418407820e-02 2.086277212071856700e-03 9.755151353095643481e-05 1.305503425645538739e-04
3.500000000000000000e+01 1.361203862974580403e-02 2.859372567847462410e-03 9.544585593981421627e-05 1.261181789074561387e-04
3.600000000000000000e+01 1.336746262659752743e-02 5.543709498932886288e-03 9.348730728122454827e-05 1.218818575973224693e-04
3.700000000000000000e+01 1.541227195483336337e-02 9.259230706031656988e-03 9.160386169694591783e-05 1.179185630917817848e-04
3.800000000000000000e+01 1.363679745790782709e-02 1.350711521122167046e-02 8.980577728541189566e-05 1.143178927811091286e-04
3.900000000000000000e+01 1.270781565038283344e-02 1.783906933215678378e-02 8.811041619698236336e-05 1.111155012732085794e-04
4.000000000000000000e+01 1.231804168104379260e-02 2.205986216325808713e-02 8.652522388493546850e-05 1.082763292309925980e-04
4.100000000000000000e+01 1.485350514957969013e-02 2.607193766777712862e-02 8.500851058024438088e-05 1.056923400225211565e-04
4.200000000000000000e+01 1.815831968959562281e-02 2.991222294459284364e-02 8.345207840879890343e-05 1.032137546337010843e-04
4.300000000000000000e+01 2.084968712853522282e-02 3.378052033384098402e-02 8.168764184345406957e-05 1.005677012708465831e-04
4.400000000000000000e+01 2.211684386206084693e-02 3.777737744751201443e-02 7.952309602497958441e-05 9.746185025834123994e-05
4.500000000000000000e+01 2.447026389445342703e-02 4.194729949713575656e-02 7.679577480562254635e-05 9.369791517586089637e-05
4.600000000000000000e+01 2.793972044874963936e-02 4.623083030942765764e-02 7.348032038604703257e-05 8.925745509216978925e-05
4.700000000000000000e+01 3.021419571608567958e-02 5.044461193401696825e-02 6.974773686578875868e-05 8.434312513221551807e-05
