# freqs 	 pli 	 dpli 	 meanpower(thalamus)	 meanpower(scalp)	pli
8.000000000000000000e+00 -8.258645090107971654e-03 -2.002918463125057807e-02 7.521872575086944622e-05 3.635644137711031864e-04
9.000000000000000000e+00 3.094370489537139491e-03 1.791219220564067849e-02 7.905796016697886925e-05 3.225021578893490660e-04
1.000000000000000000e+01 -2.038118736147838655e-03 -4.860723619222811001e-03 7.477516716895748409e-05 2.700584138332494562e-04
1.100000000000000000e+01 -2.540038475880802837e-02 -6.675838623131481742e-02 6.851705039595461602e-05 2.364727041932935701e-04
1.200000000000000000e+01 -3.770914734735905660e-02 -1.124275289417937806e-01 6.414693635368791012e-05 2.174463473866804480e-04
1.300000000000000000e+01 -3.211378142302217381e-02 -1.139587782765928842e-01 6.020744047996290339e-05 1.981335872833629133e-04
1.400000000000000000e+01 -1.677665176455906196e-02 -7.865705138443240818e-02 5.652131690332807916e-05 1.765943161967510708e-04
1.500000000000000000e+01 -1.284465387572921715e-03 -3.369507802260311019e-02 5.364906393779995416e-05 1.547072742551488318e-04
1.600000000000000000e+01 9.328342787805136982e-03 -1.490293744546312580e-03 5.161652008381739746e-05 1.342822905219686778e-04
1.700000000000000000e+01 1.342453892936750978e-02 1.372526007872921193e-02 5.010139468746570735e-05 1.171954079287811323e-04
1.800000000000000000e+01 1.392184884999542356e-02 2.153512913745683419e-02 4.881166363794910281e-05 1.042259120589386807e-04
1.900000000000000000e+01 1.577503370975334024e-02 2.754437962755779470e-02 4.768649057122454981e-05 9.488857541924761369e-05
2.000000000000000000e+01 1.756125963995773184e-02 3.021888603519498964e-02 4.669007821301098015e-05 8.811215393619671534e-05
2.100000000000000000e+01 1.715735660512490018e-02 2.908234325986417193e-02 4.575306327870584346e-05 8.299826271775489323e-05
2.200000000000000000e+01 1.572728514632653826e-02 2.558581805343659865e-02 4.485256824599165337e-05 7.897546068238328154e-05
2.300000000000000000e+01 1.386804868840110783e-02 2.049896455138953619e-02 4.399218920838403562e-05 7.573536631302859505e-05
2.400000000000000000e+01 1.024303132666699173e-02 1.497249338265073219e-02 4.313865175065999843e-05 7.308735621207360469e-05
2.500000000000000000e+01 7.448275895312721391e-03 1.055011559352647850e-02 4.227398757009450861e-05 7.093433406550077574e-05
2.600000000000000000e+01 6.890532624169490826e-03 7.758190957521676409e-03 4.138142306986739694e-05 6.924432009829355054e-05
2.700000000000000000e+01 6.861299291410471665e-03 6.141386287814061193e-03 4.047600590989016155e-05 6.800609545851588750e-05
2.800000000000000000e+01 6.585080356551358850e-03 5.188672246085410805e-03 3.956494057118337365e-05 6.709949350528229643e-05
2.900000000000000000e+01 5.875326568714953762e-03 4.778953635448083756e-03 3.867188287123741070e-05 6.635320751470017288e-05
3.000000000000000000e+01 5.248900998420585710e-03 4.960295556727898139e-03 3.781120068707738348e-05 6.563047751070242696e-05
3.100000000000000000e+01 4.817998796623859312e-03 5.724387785838737017e-03 3.700193761382222221e-05 6.491835913013866333e-05
3.200000000000000000e+01 4.849626612396380244e-03 6.962271100600783691e-03 3.624065154929341184e-05 6.426775852501920316e-05
3.300000000000000000e+01 5.527449199868951502e-03 8.527730133983713739e-03 3.552906774695416286e-05 6.374406115934727200e-05
3.400000000000000000e+01 6.491038660046355435e-03 1.024426897475577171e-02 3.488127691566590119e-05 6.340255107874256230e-05
3.500000000000000000e+01 7.303257585843662275e-03 1.197041076780723523e-02 3.428883350792296769e-05 6.321969087458664425e-05
3.600000000000000000e+01 8.227660449293620892e-03 1.360654258601621050e-02 3.374970851562611771e-05 6.316313295785366193e-05
3.700000000000000000e+01 8.731677813571972133e-03 1.514449413119410386e-02 3.325668862908189342e-05 6.318700127033158092e-05
3.800000000000000000e+01 9.004056934140174800e-03 1.663417695706986485e-02 3.280510381370608722e-05 6.326084775561321429e-05
3.900000000000000000e+01 8.932456587419205368e-03 1.809803322061467531e-02 3.238375775202011187e-05 6.334974610201035315e-05
4.000000000000000000e+01 8.952619440559307987e-03 1.956428013044352737e-02 3.198970296818712765e-05 6.344686957190967915e-05
4.100000000000000000e+01 9.807843177428618789e-03 2.102242139909131155e-02 3.160896680646264618e-05 6.352017676922072273e-05
4.200000000000000000e+01 1.028541166054641048e-02 2.245117870826813036e-02 3.120972266329447280e-05 6.349759621584594573e-05
4.300000000000000000e+01 1.105872850280382493e-02 2.383727996514218780e-02 3.073440957309178526e-05 6.324738212982658741e-05
4.400000000000000000e+01 1.142145753092872577e-02 2.513762688245180926e-02 3.012462090016505492e-05 6.264463828092348174e-05
4.500000000000000000e+01 1.173505364188120494e-02 2.633131946311638785e-02 2.933959454710717262e-05 6.159798016069657073e-05
4.600000000000000000e+01 1.162656665636055409e-02 2.741731906067637961e-02 2.840261919695848082e-05 6.016015376063790939e-05
4.700000000000000000e+01 1.239418218368174354e-02 2.842428101794936685e-02 2.741796177294630662e-05 5.855628667611144491e-05
