# freqs 	 pli 	 dpli 	 meanpower(thalamus)	 meanpower(scalp)	pli
8.000000000000000000e+00 1.388051192270981643e-02 9.161674541090248855e-03 8.578862285776516037e-05 2.390999896442157473e-04
9.000000000000000000e+00 -4.712542793843443184e-02 -1.542671797527905286e-01 8.410891501379350944e-05 1.928927554784517248e-04
1.000000000000000000e+01 -1.087268411190775719e-01 -2.825885071493561829e-01 9.214707014689405495e-05 1.788958730786266080e-04
1.100000000000000000e+01 -1.547246758554917112e-01 -3.244038703468027363e-01 1.085970411094786588e-04 1.879762790764983107e-04
1.200000000000000000e+01 -1.400340789597082636e-01 -2.948864511748568451e-01 1.225253777209004931e-04 2.049820687969948312e-04
1.300000000000000000e+01 -1.062334127561839064e-01 -2.380195003012910149e-01 1.251481371912641560e-04 2.190400559630795922e-04
1.400000000000000000e+01 -7.740926394908276276e-02 -1.661002723844914042e-01 1.174199057488757851e-04 2.266340263552368394e-04
1.500000000000000000e+01 -3.954501358299550295e-02 -8.341851203656232283e-02 1.053509188837624546e-04 2.272937764988847977e-04
1.600000000000000000e+01 4.049123972028651782e-06 -6.599661190390311745e-03 9.418287186181314682e-05 2.237738867315163937e-04
1.700000000000000000e+01 2.080518608746130885e-02 3.903857485811533523e-02 8.634887313480288330e-05 2.191756094214918418e-04
1.800000000000000000e+01 2.923952986964959214e-02 5.021457389704606783e-02 8.188416425642835496e-05 2.157515718408814520e-04
1.900000000000000000e+01 2.614962457350124281e-02 4.141460831851117436e-02 8.009582281604209198e-05 2.133222105872051733e-04
2.000000000000000000e+01 1.789414185425088760e-02 2.182975073933893576e-02 8.006832416745085078e-05 2.102625345959082727e-04
2.100000000000000000e+01 3.475124622998648771e-03 -3.367206609431409176e-03 8.091818393016276720e-05 2.054852335925316722e-04
2.200000000000000000e+01 -9.800160086571956669e-03 -2.522895622472912450e-02 8.133885938159286517e-05 1.975689539013074879e-04
2.300000000000000000e+01 -1.421456168118807178e-02 -3.550451086306179171e-02 7.992298218415368151e-05 1.850281128537088044e-04
2.400000000000000000e+01 -1.282121126330370425e-02 -3.245617289352359380e-02 7.644296339072414049e-05 1.688080072475312162e-04
2.500000000000000000e+01 -6.687223057666477448e-03 -2.078165225621365561e-02 7.194625460222486054e-05 1.520137808544147614e-04
2.600000000000000000e+01 -1.864366864580954469e-03 -8.114883753650969575e-03 6.772421060530766583e-05 1.377580009073586657e-04
2.700000000000000000e+01 1.417788544036797504e-03 2.664260663988608020e-04 6.442030974988266782e-05 1.274048143164866799e-04
2.800000000000000000e+01 2.271131591983947991e-03 4.283847326072849626e-03 6.203700782946380506e-05 1.205711619623815435e-04
2.900000000000000000e+01 2.184557237536980702e-03 6.375026501590317675e-03 6.029287796026595533e-05 1.162730662038862211e-04
3.000000000000000000e+01 2.088318371726012417e-03 8.071123419146886829e-03 5.894569405374361441e-05 1.135310511531098862e-04
3.100000000000000000e+01 1.884841354736398189e-03 9.345735486258522143e-03 5.785752454928507616e-05 1.117743231667097189e-04
3.200000000000000000e+01 1.951062010149791966e-03 9.848281071169287873e-03 5.694106835426607715e-05 1.106271902261846813e-04
3.300000000000000000e+01 2.332059481967111228e-03 9.479671435998527490e-03 5.613795777587860783e-05 1.099142451646223595e-04
3.400000000000000000e+01 2.418423749436723457e-03 8.183848952715731470e-03 5.540507574560489290e-05 1.094581546853547974e-04
3.500000000000000000e+01 1.108938058523139744e-03 5.741736704220583645e-03 5.470506073897489724e-05 1.091084085903640705e-04
3.600000000000000000e+01 -1.407580502811385482e-03 2.167699910617309784e-03 5.403399119899141072e-05 1.088298053142445679e-04
3.700000000000000000e+01 -2.920565675870940778e-03 -1.833297951114760309e-03 5.339162716987370380e-05 1.086073368648790755e-04
3.800000000000000000e+01 -4.310905352259952403e-03 -5.098776913748019265e-03 5.277876469366454560e-05 1.083878571541339165e-04
3.900000000000000000e+01 -5.237149283380670463e-03 -6.700533551743608970e-03 5.219154916945973976e-05 1.080962424225914308e-04
4.000000000000000000e+01 -5.537875716299648331e-03 -6.519046999552441379e-03 5.161094601822518438e-05 1.076962042072700785e-04
4.100000000000000000e+01 -5.614930455310058501e-03 -5.125068428245050517e-03 5.101277527030409584e-05 1.071429269099490484e-04
4.200000000000000000e+01 -5.155025407132618129e-03 -3.327273470276813534e-03 5.034468801302025145e-05 1.063495850355320306e-04
4.300000000000000000e+01 -3.531416304103492283e-03 -1.703841573641055223e-03 4.952161212189880502e-05 1.051393090052086659e-04
4.400000000000000000e+01 -2.201626819156768389e-03 -5.272736146739744577e-04 4.844363573046627262e-05 1.033364275750992022e-04
4.500000000000000000e+01 -1.184941231523513588e-03 2.832390283692218106e-04 4.705614153810326399e-05 1.008189359997463744e-04
4.600000000000000000e+01 7.004113421449598923e-04 9.123410861728954236e-04 4.539879347441458580e-05 9.769189192184018762e-05
4.700000000000000000e+01 1.856640101477428353e-03 1.554996395920557953e-03 4.363534018588602359e-05 9.432768978630827917e-05
