# freqs 	 pli 	 dpli 	 meanpower(thalamus)	 meanpower(scalp)	pli
8.000000000000000000e+00 -5.184753963326996229e-02 -1.159631330165092344e-01 1.100238003075798912e-04 1.510589288375236621e-04
9.000000000000000000e+00 -3.857176200525037901e-02 -8.910579319380255992e-02 1.017520115454175600e-04 1.384692674523710192e-04
1.000000000000000000e+01 3.664488764833382858e-03 -1.953674479043738393e-02 9.724563266318446333e-05 1.340102086797509418e-04
1.100000000000000000e+01 3.027736405452772714e-02 4.067050042050111142e-02 9.782269672198664907e-05 1.322320280381831885e-04
1.200000000000000000e+01 3.888507565131755356e-02 1.328119519701242424e-01 1.020578963966128233e-04 1.336684980979438398e-04
1.300000000000000000e+01 4.090700570155317989e-02 1.692421290271315659e-01 1.058804257478515609e-04 1.413901908148210563e-04
1.400000000000000000e+01 3.427141859571526672e-02 1.380710155168128894e-01 1.057045435847780231e-04 1.500106855351579732e-04
1.500000000000000000e+01 1.960253161248317472e-02 8.232958528513568963e-02 1.008634451567408147e-04 1.512496639893337591e-04
1.600000000000000000e+01 7.985751425984661742e-04 2.412568596128984028e-02 9.454419309350737828e-05 1.460526166503118173e-04
1.700000000000000000e+01 -1.565887338133760062e-02 -1.956213308114083255e-02 8.982800507241307862e-05 1.408507346517977917e-04
1.800000000000000000e+01 -1.506670061401275441e-02 -3.287089069221144771e-02 8.740864919053043512e-05 1.400269357799096062e-04
1.900000000000000000e+01 -1.030622905123772942e-02 -1.768214348767325333e-02 8.650992151273465794e-05 1.442982627982442999e-04
2.000000000000000000e+01 -5.308326269357952322e-04 6.357556636817282385e-03 8.613045451460893680e-05 1.518416752983447213e-04
2.100000000000000000e+01 2.632101239025035847e-03 1.387126640352665148e-02 8.578454136554171405e-05 1.593395456840755763e-04
2.200000000000000000e+01 -6.890640017191178995e-03 -8.803358671392310514e-03 8.605786171716326197e-05 1.632955040695249587e-04
2.300000000000000000e+01 -3.237119728115928075e-02 -7.074372602388688536e-02 8.877192566449697915e-05 1.616048725795997821e-04
2.400000000000000000e+01 -7.900515866370089180e-02 -1.780835975884754729e-01 9.632826489645952080e-05 1.547828795788095096e-04
2.500000000000000000e+01 -1.361743960168228795e-01 -3.069921590976520953e-01 1.080375942115383004e-04 1.454510700601693092e-04
2.600000000000000000e+01 -1.914031707877481003e-01 -4.091592465626747721e-01 1.191167522057469115e-04 1.359785093012514593e-04
2.700000000000000000e+01 -2.180233311272471997e-01 -4.557545581849313243e-01 1.244148367187713274e-04 1.273041357934361062e-04
2.800000000000000000e+01 -2.154539782693145333e-01 -4.448997939912660016e-01 1.220937003038113987e-04 1.192608509720633164e-04
2.900000000000000000e+01 -1.888954524166464588e-01 -3.882377410445437271e-01 1.138468882949756559e-04 1.113351594903647801e-04
3.000000000000000000e+01 -1.451358626596515600e-01 -3.017500142294472498e-01 1.030153585489153729e-04 1.033466031011372508e-04
3.100000000000000000e+01 -9.824532517934846110e-02 -2.052960128405819651e-01 9.263550500281764969e-05 9.563860723529806363e-05
3.200000000000000000e+01 -5.518412931667891069e-02 -1.179689790901806840e-01 8.429387118102926735e-05 8.872947961087617103e-05
3.300000000000000000e+01 -2.459005795782983131e-02 -5.080941760458714679e-02 7.814282284890421940e-05 8.298350066514805401e-05
3.400000000000000000e+01 -2.386259095336396713e-03 -5.572588025614714190e-03 7.365095902230287006e-05 7.846249457004573309e-05
3.500000000000000000e+01 8.509418624866673525e-03 2.157185292018202680e-02 7.022126806056448592e-05 7.499357966929283664e-05
3.600000000000000000e+01 1.285553553769868719e-02 3.601565198746353030e-02 6.745610078936716729e-05 7.230418971554843750e-05
3.700000000000000000e+01 1.607501831777105594e-02 4.229446120874445769e-02 6.514489057090578294e-05 7.010433900230970874e-05
3.800000000000000000e+01 1.936444069889456734e-02 4.369390163824156403e-02 6.319288607465615353e-05 6.821315837853196107e-05
3.900000000000000000e+01 1.957880457104768310e-02 4.222292140079204198e-02 6.154931694998650956e-05 6.653277831203587977e-05
4.000000000000000000e+01 1.795573952444979443e-02 3.909392167483773106e-02 6.013589972527917638e-05 6.504480972471160711e-05
4.100000000000000000e+01 1.756382178814790834e-02 3.504782962028871185e-02 5.885854312915902271e-05 6.371551584869701915e-05
4.200000000000000000e+01 1.541164370146845194e-02 3.055393757747593836e-02 5.762496879814039339e-05 6.244510589365545995e-05
4.300000000000000000e+01 1.347888448831724428e-02 2.597695337210210315e-02 5.631774630239040679e-05 6.109106434729841967e-05
4.400000000000000000e+01 8.577194161176207587e-03 2.155802175509091700e-02 5.480780061579567736e-05 5.952597222330636794e-05
4.500000000000000000e+01 5.074916267984652327e-03 1.750314470126276140e-02 5.303460250555008402e-05 5.763249994041387580e-05
4.600000000000000000e+01 3.018067382017006715e-03 1.393858945142601932e-02 5.103563867535139029e-05 5.539968388045661427e-05
4.700000000000000000e+01 1.039407244914579941e-03 1.090329333748526336e-02 4.898515075414648390e-05 5.296822069392405119e-05
