# freqs 	 pli 	 dpli 	 meanpower(thalamus)	 meanpower(scalp)	pli
8.000000000000000000e+00 -1.559704185034531919e-02 -3.347833286625744725e-02 3.245230123049950861e-05 2.048614639920530336e-04
9.000000000000000000e+00 -1.029198526461150287e-02 -1.062806005757081090e-02 3.163255405758151677e-05 1.959674521006780099e-04
1.000000000000000000e+01 5.976675484837418346e-03 1.077973852008291128e-02 3.081322482185638097e-05 1.834147165483484773e-04
1.100000000000000000e+01 1.033963283640834327e-02 2.237215836520426229e-02 3.086505877640646810e-05 1.738270625176575965e-04
1.200000000000000000e+01 8.024551870556147562e-03 2.371057184218125849e-02 3.086622021918643190e-05 1.686426489053607762e-04
1.300000000000000000e+01 9.175124993347468297e-03 2.273174630927745146e-02 3.033404522782933617e-05 1.637846113708665190e-04
1.400000000000000000e+01 1.123323024845184273e-02 1.860614093677290595e-02 2.979319262809269377e-05 1.603648069315924526e-04
1.500000000000000000e+01 7.622270353050814712e-03 1.097515378060660851e-02 2.965078258184405664e-05 1.596176616932212116e-04
1.600000000000000000e+01 8.500293188330078006e-03 9.709412656678578432e-03 2.977281075871663144e-05 1.610621019526411644e-04
1.700000000000000000e+01 9.812486079314133858e-03 1.137167631992929383e-02 2.996951257437125373e-05 1.635549430202198548e-04
1.800000000000000000e+01 9.727430248949382394e-03 1.370128860872316112e-02 3.015587728944828252e-05 1.661495820406502799e-04
1.900000000000000000e+01 1.126946799569644025e-02 1.688991714845342745e-02 3.034466185622424847e-05 1.676123001284388731e-04
2.000000000000000000e+01 1.215173703779739468e-02 2.022665922123856319e-02 3.055743881100383551e-05 1.674389995781599950e-04
2.100000000000000000e+01 1.317838580511315923e-02 2.383177553268480200e-02 3.076229581907060230e-05 1.657456731574608098e-04
2.200000000000000000e+01 1.495461890967705702e-02 2.734511463911079229e-02 3.094288693292043455e-05 1.625625290896558423e-04
2.300000000000000000e+01 1.484603035610040922e-02 2.878359694063134869e-02 3.107604926345810501e-05 1.579169627403988196e-04
2.400000000000000000e+01 1.292839856132233650e-02 2.715502464361339158e-02 3.115243017245588654e-05 1.518169558640959757e-04
2.500000000000000000e+01 1.368958539096620450e-02 2.409902594539542822e-02 3.121347077060643819e-05 1.445424813808956208e-04
2.600000000000000000e+01 1.168844314588052442e-02 2.144104041543164196e-02 3.130763962829094912e-05 1.366621458397202242e-04
2.700000000000000000e+01 1.129023948675092828e-02 1.891587234605432780e-02 3.146700980094123613e-05 1.286440995725406122e-04
2.800000000000000000e+01 9.531181830988035009e-03 1.479045078294048861e-02 3.172898874860570739e-05 1.208675610888587177e-04
2.900000000000000000e+01 7.308739899939599265e-03 7.778287788406402711e-03 3.209779221536211908e-05 1.135609775135733041e-04
3.000000000000000000e+01 3.494938333734474035e-03 -1.688334199093237224e-03 3.252941652266114924e-05 1.068465909228704367e-04
3.100000000000000000e+01 1.357182984959313075e-03 -1.134393670075456266e-02 3.293809613333740377e-05 1.007531478862879213e-04
3.200000000000000000e+01 1.043972885419361092e-03 -1.821636785732001079e-02 3.324644699313270674e-05 9.526183591908950372e-05
3.300000000000000000e+01 2.067597423536154510e-03 -2.016477475293947455e-02 3.340515433038627590e-05 9.032234691531238835e-05
3.400000000000000000e+01 3.769199480911890592e-03 -1.684126661872357295e-02 3.341998914803966678e-05 8.588551546046537617e-05
3.500000000000000000e+01 5.714116444747248565e-03 -9.612063149624896358e-03 3.332411125614401524e-05 8.192345881988014164e-05
3.600000000000000000e+01 8.474858194117407956e-03 -7.396855827989384661e-04 3.315510558554171042e-05 7.839809076198889801e-05
3.700000000000000000e+01 1.039944514419142117e-02 7.566998786959626931e-03 3.294735540506749897e-05 7.524716412388343558e-05
3.800000000000000000e+01 1.043750393012622853e-02 1.380494092449631796e-02 3.272754106189176924e-05 7.242098475924512401e-05
3.900000000000000000e+01 9.662557748203933275e-03 1.743731976541820078e-02 3.251378309916700619e-05 6.987912146074540525e-05
4.000000000000000000e+01 8.898141364214608162e-03 1.881459857832296079e-02 3.231418839384457429e-05 6.757343793809275710e-05
4.100000000000000000e+01 8.135596927099019229e-03 1.877820084283663912e-02 3.211625237658392114e-05 6.545041021561624154e-05
4.200000000000000000e+01 7.546232806498790434e-03 1.820556198175709087e-02 3.188058706814911195e-05 6.342982619969969778e-05
4.300000000000000000e+01 7.825520418065763303e-03 1.767128727185413375e-02 3.154680320914286584e-05 6.140020080002332552e-05
4.400000000000000000e+01 8.880420931587681976e-03 1.734677008107695165e-02 3.104620522567211636e-05 5.923526490937167197e-05
4.500000000000000000e+01 9.277853606267301087e-03 1.714902130843396627e-02 3.033587738733258386e-05 5.683936505130952991e-05
4.600000000000000000e+01 9.533120372614441868e-03 1.688018461452388957e-02 2.944209316599912980e-05 5.422141730952529574e-05
4.700000000000000000e+01 9.480875163314132770e-03 1.635329797947557631e-02 2.847869694490202879e-05 5.152128892347084503e-05
