# freqs 	 pli 	 dpli 	 meanpower(thalamus)	 meanpower(scalp)	pli
8.000000000000000000e+00 -2.197215361456333893e-02 -5.122487047663001891e-02 8.002764209375584414e+01 2.827628171504430838e+02
9.000000000000000000e+00 -1.125219267058067373e-02 -2.321852219129722644e-02 7.230053622006843739e+01 2.870716916195327713e+02
1.000000000000000000e+01 1.408818273500946658e-04 4.565013120097691918e-03 6.824961761873211685e+01 2.692999650672769576e+02
1.100000000000000000e+01 1.822810169607884043e-02 6.162823582149506985e-02 7.712812215932117965e+01 2.593517667197229457e+02
1.200000000000000000e+01 1.067648223832683325e-02 3.867320041628428962e-02 9.065855101420848428e+01 2.718730508712932874e+02
1.300000000000000000e+01 -3.556764847225814957e-02 -1.423668206797983615e-01 9.015261489068313949e+01 3.081359584353392620e+02
1.400000000000000000e+01 -8.702387069368143491e-02 -3.198085741463660425e-01 7.774047730324797101e+01 3.151587123952160141e+02
1.500000000000000000e+01 -1.095472069393941122e-01 -3.651513651261894533e-01 6.437760766561605408e+01 2.679319149932904338e+02
1.600000000000000000e+01 -9.763727302253302764e-02 -2.814242564163029203e-01 5.585310458966270630e+01 2.040281300936820514e+02
1.700000000000000000e+01 -6.688537345089355657e-02 -1.670026600021031760e-01 5.183063068631062009e+01 1.573341224284163218e+02
1.800000000000000000e+01 -4.291019732426507027e-02 -9.938412103338571668e-02 5.000756044436665348e+01 1.324794348651586802e+02
1.900000000000000000e+01 -2.843440812123993258e-02 -6.919857062394464686e-02 4.895714362502438632e+01 1.201724835437145060e+02
2.000000000000000000e+01 -2.201023662587884774e-02 -5.349090641143166430e-02 4.825994305778116455e+01 1.127693784681042786e+02
2.100000000000000000e+01 -1.885626722632120778e-02 -4.747472521681469354e-02 4.831043491687680103e+01 1.071796652941527839e+02
2.200000000000000000e+01 -1.912633458404287834e-02 -6.081322725843257837e-02 5.028613470326473589e+01 1.027035948070134026e+02
2.300000000000000000e+01 -2.530092725729747236e-02 -1.022100481710464387e-01 5.474855714419122421e+01 9.918563086681712093e+01
2.400000000000000000e+01 -3.330117826121185148e-02 -1.546255699396445749e-01 6.005877390979090791e+01 9.632236743560525838e+01
2.500000000000000000e+01 -3.811839236401935727e-02 -1.871495528088819305e-01 6.379018959922273524e+01 9.371196641729152077e+01
2.600000000000000000e+01 -3.652112713501324409e-02 -1.837403296632350580e-01 6.471001440835775043e+01 9.095825204872983250e+01
2.700000000000000000e+01 -3.257568601619505871e-02 -1.492732300228934161e-01 6.304421484898421113e+01 8.777376458963836114e+01
2.800000000000000000e+01 -2.624276899203511343e-02 -1.015116276147775692e-01 5.976581987730106960e+01 8.409554824932224903e+01
2.900000000000000000e+01 -2.014478054349989194e-02 -5.890085636302298810e-02 5.594169237244609150e+01 8.013361026377425844e+01
3.000000000000000000e+01 -1.485493735608058377e-02 -3.168459881283797880e-02 5.237101134673605429e+01 7.625683432139022955e+01
3.100000000000000000e+01 -1.201278863646747068e-02 -2.020849707426780953e-02 4.946844970985468848e+01 7.277622414176107668e+01
3.200000000000000000e+01 -1.054648453287605758e-02 -1.870646397439959877e-02 4.734014599595979433e+01 6.985914003054783450e+01
3.300000000000000000e+01 -1.029668926792211975e-02 -2.092186295485322020e-02 4.593263416384308329e+01 6.749270430189703518e+01
3.400000000000000000e+01 -1.034719680532075747e-02 -2.320963327676558649e-02 4.510633980515397923e+01 6.555749059439548887e+01
3.500000000000000000e+01 -1.037410799866667760e-02 -2.436964262094244021e-02 4.467563240568369309e+01 6.393194712184469353e+01
3.600000000000000000e+01 -1.036978346842328154e-02 -2.449184259239486558e-02 4.445058770101488221e+01 6.252224521919876565e+01
3.700000000000000000e+01 -1.025409456764516877e-02 -2.395604575710709450e-02 4.425955318300439245e+01 6.126100674374019661e+01
3.800000000000000000e+01 -1.030195845029208308e-02 -2.313656511836396923e-02 4.399321652360863055e+01 6.011545329432190243e+01
3.900000000000000000e+01 -1.011730966471222938e-02 -2.241415431171352515e-02 4.361340764107568901e+01 5.906865653965573415e+01
4.000000000000000000e+01 -1.014495300008784982e-02 -2.216212532940332186e-02 4.313144390108137571e+01 5.810106527723110759e+01
4.100000000000000000e+01 -9.994580187657515699e-03 -2.262738818667600973e-02 4.257586342794473921e+01 5.717975578733274489e+01
4.200000000000000000e+01 -1.036487772165530820e-02 -2.384216913863970375e-02 4.195225193038987754e+01 5.623607233103968639e+01
4.300000000000000000e+01 -1.107471317527278579e-02 -2.561106914581309790e-02 4.121972399794402264e+01 5.516399580125597879e+01
4.400000000000000000e+01 -1.186304890498861807e-02 -2.767553960175007932e-02 4.031624040318290980e+01 5.384868653858635668e+01
4.500000000000000000e+01 -1.249878196346973155e-02 -2.970501809061375578e-02 3.919182723510799349e+01 5.221895374853558280e+01
4.600000000000000000e+01 -1.319065655043261814e-02 -3.142380886346707314e-02 3.786654824153876575e+01 5.030479906815923385e+01
4.700000000000000000e+01 -1.373917616440334215e-02 -3.261017757256817751e-02 3.645939546206372484e+01 4.826642455712976698e+01
