# freqs 	 pli 	 dpli 	 meanpower(thalamus)	 meanpower(scalp)	pli
8.000000000000000000e+00 2.095432946145723424e-02 3.697416325064002002e-03 8.721281118221878574e-05 2.905464342290387729e-04
9.000000000000000000e+00 9.725682427245916847e-03 -4.925464818667461830e-02 8.623280933017298552e-05 3.472911412739310903e-04
1.000000000000000000e+01 -6.914585005682676554e-04 -5.377926584955621588e-04 8.783967953242084931e-05 3.042180213199271403e-04
1.100000000000000000e+01 5.885452809416724836e-03 4.721098550481159922e-02 9.496696770423680961e-05 2.866138116217360342e-04
1.200000000000000000e+01 -1.287312615766681399e-02 8.947320532134381624e-03 1.036000232072850630e-04 3.126945824758509433e-04
1.300000000000000000e+01 1.944363029322187381e-02 3.171649928777624250e-02 1.080863581706132667e-04 3.297597961321022987e-04
1.400000000000000000e+01 4.529648378158767502e-02 8.110395574493782511e-02 1.090928137593581482e-04 3.283300775301254359e-04
1.500000000000000000e+01 5.629526162565115510e-02 1.065860803492438696e-01 1.093327244900669273e-04 3.153658077889097237e-04
1.600000000000000000e+01 6.044063799416619920e-02 1.112188359942310606e-01 1.098664165920597529e-04 2.979775638112218275e-04
1.700000000000000000e+01 6.324908501645122583e-02 1.017244073327816939e-01 1.106445134863814596e-04 2.798325528207325371e-04
1.800000000000000000e+01 4.469517333281075588e-02 8.114872033374669058e-02 1.120101821825748460e-04 2.612580484763976445e-04
1.900000000000000000e+01 2.588784045650628640e-02 5.218952920036268317e-02 1.146918185056803918e-04 2.426765119957967711e-04
2.000000000000000000e+01 1.726781462471751322e-02 3.012935943079287152e-02 1.199016710236619043e-04 2.250249870029835404e-04
2.100000000000000000e+01 2.385645642461600713e-02 3.465612550424048560e-02 1.298197668411268512e-04 2.092304152108690786e-04
2.200000000000000000e+01 3.678847884788478961e-02 6.049884649320085711e-02 1.435673989586658164e-04 1.953267266694377641e-04
2.300000000000000000e+01 4.356515170349687521e-02 8.136913153399404075e-02 1.538019714549033502e-04 1.828538478624263644e-04
2.400000000000000000e+01 3.618295748895321989e-02 7.975083429000900948e-02 1.537083203362628184e-04 1.714122454168189925e-04
2.500000000000000000e+01 2.622450987597829339e-02 5.825533679825475875e-02 1.439875770935720284e-04 1.612969183007919162e-04
2.600000000000000000e+01 2.158756427684851292e-02 3.090470414254383250e-02 1.306498689784029224e-04 1.524378546776347675e-04
2.700000000000000000e+01 1.175606517860085416e-02 8.344205927665115236e-03 1.189968968985782307e-04 1.449015756764741696e-04
2.800000000000000000e+01 -1.567949975823525839e-03 -7.230662484489662478e-03 1.107561523917630487e-04 1.387595463354772017e-04
2.900000000000000000e+01 -8.041602890857943095e-03 -1.853049515858372007e-02 1.051411677050263137e-04 1.337798448527107613e-04
3.000000000000000000e+01 -1.704825626368592847e-02 -2.606432620135845299e-02 1.009371148967689241e-04 1.296622814313136711e-04
3.100000000000000000e+01 -1.678122888365915499e-02 -2.815637056917504044e-02 9.736156138397797821e-05 1.262670465085202634e-04
3.200000000000000000e+01 -1.624102979883982820e-02 -2.423666288617052147e-02 9.402194897707653984e-05 1.233685348023268289e-04
3.300000000000000000e+01 -9.167076463438396730e-03 -1.613185817972601424e-02 9.074931864899009619e-05 1.207990816811049611e-04
3.400000000000000000e+01 -2.478876366041243839e-03 -6.556734155285444919e-03 8.747169283281083329e-05 1.186137273415377989e-04
3.500000000000000000e+01 -5.679509438144140013e-04 1.642351539020038033e-03 8.414509464317860394e-05 1.166465726057841799e-04
3.600000000000000000e+01 -7.122687719702644644e-04 7.055489470210688820e-03 8.079047437358741245e-05 1.148855709458480222e-04
3.700000000000000000e+01 1.049409707039790059e-03 9.899981001657962368e-03 7.746512708143648369e-05 1.132535387245166649e-04
3.800000000000000000e+01 2.383273502999162709e-03 1.148454727572949426e-02 7.424906344732531526e-05 1.118015863259364472e-04
3.900000000000000000e+01 5.626610179195053532e-03 1.311325280349730053e-02 7.120199788461712602e-05 1.103933998218697835e-04
4.000000000000000000e+01 8.573270599854597440e-03 1.546347327167482515e-02 6.838755054804476947e-05 1.091244778078727699e-04
4.100000000000000000e+01 1.053088054046651817e-02 1.857440617167252159e-02 6.582873850792098872e-05 1.078805437063780603e-04
4.200000000000000000e+01 1.286000729128691268e-02 2.203293761386275473e-02 6.349160148392702925e-05 1.064373351653914100e-04
4.300000000000000000e+01 1.467827196500182292e-02 2.498387003191616940e-02 6.126559786008866943e-05 1.044952729313401208e-04
4.400000000000000000e+01 1.649352746760321745e-02 2.731517064519391191e-02 5.900977406328417025e-05 1.020269716674152450e-04
4.500000000000000000e+01 1.634944207528917989e-02 2.858123089567156036e-02 5.658746754671940425e-05 9.884176349033278893e-05
4.600000000000000000e+01 1.689905224765328798e-02 2.870934430561594697e-02 5.395513164522413490e-05 9.500238807300456778e-05
4.700000000000000000e+01 1.597552531419287394e-02 2.785959818330214707e-02 5.120668522584020477e-05 9.083313348054305460e-05
