# freqs 	 pli 	 dpli 	 meanpower(thalamus)	 meanpower(scalp)	pli
8.000000000000000000e+00 -2.449076479026836978e-02 -5.715277303983985757e-02 2.250387416479267768e-05 7.679340830269915422e-05
9.000000000000000000e+00 -9.893926109305964389e-03 -2.881936575676320375e-02 2.200014051228878155e-05 7.320791707728262275e-05
1.000000000000000000e+01 -1.765227493005767229e-02 -5.118775936250977154e-02 2.282861429399232062e-05 7.230870716334777655e-05
1.100000000000000000e+01 -2.665095393030279119e-02 -1.154938050250077369e-01 2.444288577268291762e-05 7.174458214363503767e-05
1.200000000000000000e+01 -3.670533037029913292e-02 -1.197396268660465002e-01 2.467054719662164854e-05 7.064927043185825664e-05
1.300000000000000000e+01 -3.334157472365588404e-02 -8.134125861211112529e-02 2.403556441324676386e-05 6.875833176657819372e-05
1.400000000000000000e+01 -3.200744311237451595e-02 -7.198682539881787190e-02 2.369188013936475798e-05 6.654538132040065069e-05
1.500000000000000000e+01 -3.368402986355444745e-02 -8.044977058196095543e-02 2.370237657990872333e-05 6.406954857482590436e-05
1.600000000000000000e+01 -4.061446800332219054e-02 -8.252833459646065351e-02 2.381576204160159557e-05 6.126791302476255986e-05
1.700000000000000000e+01 -3.737783786751585485e-02 -7.955784808046920120e-02 2.399643044895006925e-05 5.862125758788200715e-05
1.800000000000000000e+01 -2.984970925719265811e-02 -7.653369566580905947e-02 2.422420522599414805e-05 5.636067708133035638e-05
1.900000000000000000e+01 -2.766568578429564815e-02 -7.322502268115195501e-02 2.451796564900480516e-05 5.444837917614948794e-05
2.000000000000000000e+01 -2.958552479810509783e-02 -7.053878710784858286e-02 2.492333946512574310e-05 5.276571735904114747e-05
2.100000000000000000e+01 -2.720895354729947063e-02 -6.898455543934399470e-02 2.547355005617995429e-05 5.113845555515389305e-05
2.200000000000000000e+01 -2.576467027412635002e-02 -6.831073097261917970e-02 2.609979433116981851e-05 4.957121548252015688e-05
2.300000000000000000e+01 -3.340858058758017224e-02 -7.312406263709370080e-02 2.681117320111439829e-05 4.814573038891625269e-05
2.400000000000000000e+01 -4.433644500873149680e-02 -9.697019432037676245e-02 2.789263926251799527e-05 4.696829661111261243e-05
2.500000000000000000e+01 -6.739062043260637958e-02 -1.494631739477159105e-01 2.971381904446259440e-05 4.615480968827705708e-05
2.600000000000000000e+01 -8.871720538960087277e-02 -2.153237649909651719e-01 3.208963213273542225e-05 4.557062022867762685e-05
2.700000000000000000e+01 -1.032195744089990097e-01 -2.647064774209142435e-01 3.423348869658143453e-05 4.490551451354679640e-05
2.800000000000000000e+01 -1.057974728459066815e-01 -2.791455597766382413e-01 3.542492629926905753e-05 4.393524901833050427e-05
2.900000000000000000e+01 -9.575969702449463328e-02 -2.589243883924671752e-01 3.546492959339186453e-05 4.261940518945207910e-05
3.000000000000000000e+01 -7.906795777031803973e-02 -2.144602967409001137e-01 3.462610495560812545e-05 4.112492369363634386e-05
3.100000000000000000e+01 -6.048330772454253712e-02 -1.603902836170365553e-01 3.339076957409335201e-05 3.967469450040990610e-05
3.200000000000000000e+01 -4.608745502267825450e-02 -1.098383347753653094e-01 3.218623741802775583e-05 3.839640360094932238e-05
3.300000000000000000e+01 -3.227829824499767186e-02 -7.016158147618936636e-02 3.123666679910384436e-05 3.732420511398192150e-05
3.400000000000000000e+01 -2.084456162328298182e-02 -4.254437075841033256e-02 3.061661744357240531e-05 3.644964494931697779e-05
3.500000000000000000e+01 -1.211638792662477968e-02 -2.474168703517515278e-02 3.028840701821361602e-05 3.574094155785179344e-05
3.600000000000000000e+01 -3.988426280944575540e-03 -1.391606529457938696e-02 3.017138866910659651e-05 3.515035399108820604e-05
3.700000000000000000e+01 -1.238051093383323855e-03 -7.898807271551934461e-03 3.019323242065503207e-05 3.463510427080734378e-05
3.800000000000000000e+01 -5.397453943868192399e-05 -5.264527637760759750e-03 3.030589988399525389e-05 3.417072746563125856e-05
3.900000000000000000e+01 -4.429225348191085407e-04 -4.994506621732834606e-03 3.048237389218413427e-05 3.375112714462479404e-05
4.000000000000000000e+01 -4.178099971129388933e-03 -6.237213801564372301e-03 3.068906367391224311e-05 3.337307607604252688e-05
4.100000000000000000e+01 -7.371668292916944663e-03 -8.179369885672178528e-03 3.088586580435277929e-05 3.301522092317588645e-05
4.200000000000000000e+01 -6.232133479877704357e-03 -1.012928590425090855e-02 3.102326907024974826e-05 3.262561289462224078e-05
4.300000000000000000e+01 -4.820373208422246668e-03 -1.163193512522762291e-02 3.103249317629094693e-05 3.213295634761998218e-05
4.400000000000000000e+01 -5.267409477910546013e-03 -1.250570932599667957e-02 3.083729497491500068e-05 3.147063686968368061e-05
4.500000000000000000e+01 -5.834347698340838426e-03 -1.277798236399625177e-02 3.039727065772785549e-05 3.060103233618836080e-05
4.600000000000000000e+01 -6.699348224771227607e-03 -1.257070307348171628e-02 2.974669352673633735e-05 2.954159546233655419e-05
4.700000000000000000e+01 -7.437533031195152876e-03 -1.201104692025778409e-02 2.901004785835038856e-05 2.839429529756633678e-05
