# freqs 	 pli 	 dpli 	 meanpower(thalamus)	 meanpower(scalp)	pli
8.000000000000000000e+00 7.947508228752593953e-03 3.915898215260450038e-02 1.169774445367991914e-04 2.905464342290387729e-04
9.000000000000000000e+00 5.605848663200400928e-03 2.477883361102802690e-02 1.146540576288542884e-04 3.472911412739310903e-04
1.000000000000000000e+01 4.802292918820175865e-02 8.552244708437570231e-02 1.133687057655831989e-04 3.042180213199271403e-04
1.100000000000000000e+01 4.273600585965010856e-02 5.588834883040762203e-02 1.188151490334430911e-04 2.866138116217360342e-04
1.200000000000000000e+01 2.247065908872367471e-03 -1.101122099339261161e-02 1.278607636873773734e-04 3.126945824758509433e-04
1.300000000000000000e+01 -2.084632628270153068e-02 -3.080772976231955021e-02 1.320136923550845303e-04 3.297597961321022987e-04
1.400000000000000000e+01 -2.606663292345252556e-02 -4.068712876699752401e-02 1.311285484836480892e-04 3.283300775301254359e-04
1.500000000000000000e+01 -4.464103252238699193e-02 -8.434141422653462783e-02 1.288190475086648228e-04 3.153658077889097237e-04
1.600000000000000000e+01 -7.119041512475726696e-02 -1.379610322251833554e-01 1.270345334319166841e-04 2.979775638112218275e-04
1.700000000000000000e+01 -8.062227246373998568e-02 -1.463589416898085360e-01 1.262188096856779783e-04 2.798325528207325371e-04
1.800000000000000000e+01 -6.784549786807123062e-02 -1.172395289026337967e-01 1.273513784124175789e-04 2.612580484763976445e-04
1.900000000000000000e+01 -4.919604820594207506e-02 -9.204807337178838589e-02 1.331112211494331777e-04 2.426765119957967711e-04
2.000000000000000000e+01 -4.045578064125168044e-02 -7.950542866302268141e-02 1.515495725832113492e-04 2.250249870029835404e-04
2.100000000000000000e+01 -3.589819072738884009e-02 -6.828672093169102508e-02 1.896527148012449476e-04 2.092304152108690786e-04
2.200000000000000000e+01 -2.940773011300477219e-02 -5.458686278595612645e-02 2.339551705139445088e-04 1.953267266694377641e-04
2.300000000000000000e+01 -2.131900286719267193e-02 -3.972120842562320425e-02 2.592300473109469859e-04 1.828538478624263644e-04
2.400000000000000000e+01 -1.419536520973892560e-02 -2.617701184175543275e-02 2.546972503321221827e-04 1.714122454168189925e-04
2.500000000000000000e+01 -8.610977359954747126e-03 -1.540777452697668186e-02 2.279569885605328824e-04 1.612969183007919162e-04
2.600000000000000000e+01 -7.296241386705456036e-03 -6.750817792045386845e-03 1.927832497559310793e-04 1.524378546776347675e-04
2.700000000000000000e+01 -6.462845602061425068e-03 4.345082274865061486e-04 1.598493954963373879e-04 1.449015756764741696e-04
2.800000000000000000e+01 -2.972401116733877288e-03 5.764495844539993183e-03 1.341546055231906335e-04 1.387595463354772017e-04
2.900000000000000000e+01 1.971421316281539264e-03 9.276022610206074992e-03 1.159559699640286083e-04 1.337798448527107613e-04
3.000000000000000000e+01 6.184863566474028788e-03 1.226903819729144307e-02 1.033755249417718465e-04 1.296622814313136711e-04
3.100000000000000000e+01 7.668260389849208998e-03 1.554583486781430969e-02 9.451235384681021625e-05 1.262670465085202634e-04
3.200000000000000000e+01 7.098408187121099493e-03 1.948411435876245407e-02 8.807137690109611205e-05 1.233685348023268289e-04
3.300000000000000000e+01 8.147683631852866218e-03 2.330848036890165870e-02 8.326142287652233385e-05 1.207990816811049611e-04
3.400000000000000000e+01 1.034131826707618100e-02 2.592417704252699892e-02 7.954322423569141023e-05 1.186137273415377989e-04
3.500000000000000000e+01 1.072671928257660015e-02 2.681205544024855419e-02 7.653420033761755786e-05 1.166465726057841799e-04
3.600000000000000000e+01 1.286930725954505902e-02 2.577242114948184379e-02 7.399213567246330065e-05 1.148855709458480222e-04
3.700000000000000000e+01 1.376011338805882035e-02 2.311246774202922738e-02 7.178324617130113104e-05 1.132535387245166649e-04
3.800000000000000000e+01 1.030923166448919140e-02 1.913603416396427934e-02 6.986360747113942271e-05 1.118015863259364472e-04
3.900000000000000000e+01 1.047600962147107219e-02 1.400556454934877466e-02 6.821082466605842194e-05 1.103933998218697835e-04
4.000000000000000000e+01 8.138926004839118142e-03 7.604875031668079273e-03 6.681379822417145222e-05 1.091244778078727699e-04
4.100000000000000000e+01 4.946222505650411418e-03 1.109208170163693421e-04 6.562995534035152324e-05 1.078805437063780603e-04
4.200000000000000000e+01 1.133863369463979521e-03 -7.894041564020170057e-03 6.457469438180786709e-05 1.064373351653914100e-04
4.300000000000000000e+01 -2.096747341945295797e-03 -1.563838062325817110e-02 6.350104428361464488e-05 1.044952729313401208e-04
4.400000000000000000e+01 -7.045780729553871927e-03 -2.211531752633771539e-02 6.221812866109712283e-05 1.020269716674152450e-04
4.500000000000000000e+01 -1.139755097281673971e-02 -2.686465826606243210e-02 6.054661977394149095e-05 9.884176349033278893e-05
4.600000000000000000e+01 -1.389886888412833824e-02 -2.941260075514537040e-02 5.842026863074092880e-05 9.500238807300456778e-05
4.700000000000000000e+01 -1.112201139240789199e-02 -2.940025700117025395e-02 5.594061968207171174e-05 9.083313348054305460e-05
