# freqs 	 pli 	 dpli 	 meanpower(thalamus)	 meanpower(scalp)	pli
8.000000000000000000e+00 -4.112242234098070770e-02 -9.200772486093036773e-02 5.070035501765460289e-05 2.522156405360353147e-04
9.000000000000000000e+00 -4.481482476252332536e-02 -1.004879378055267974e-01 4.581964387710948309e-05 2.345344188790895914e-04
1.000000000000000000e+01 -3.143437320347678560e-02 -5.949060748846130009e-02 4.543362287900768040e-05 2.000239556742415309e-04
1.100000000000000000e+01 -1.849995707920058102e-02 -2.835290000989391934e-02 4.769916359492142158e-05 1.808372120771882931e-04
1.200000000000000000e+01 -1.308204168048927342e-02 -2.416701603129199280e-02 5.201006972547283038e-05 1.776470587531217679e-04
1.300000000000000000e+01 -1.500441693274733208e-02 -3.531041075458592193e-02 5.790082578269645951e-05 1.841890486116369542e-04
1.400000000000000000e+01 -2.167049777344415978e-02 -5.064064435205681974e-02 6.376983719342911648e-05 1.956083102661387916e-04
1.500000000000000000e+01 -2.655907507220466729e-02 -5.837269393036512849e-02 6.762153184571748586e-05 2.083875802267093260e-04
1.600000000000000000e+01 -2.745382243162469010e-02 -5.618719537141775994e-02 6.810180423688211835e-05 2.205782930535023104e-04
1.700000000000000000e+01 -2.708746519095346292e-02 -5.019463744054688398e-02 6.522735929272490275e-05 2.310058718432658775e-04
1.800000000000000000e+01 -2.467788752202750013e-02 -4.347338363246291970e-02 6.016174098501455311e-05 2.387778110068763688e-04
1.900000000000000000e+01 -2.239725742538139011e-02 -3.899319896537611907e-02 5.441184328063458268e-05 2.433542233421675019e-04
2.000000000000000000e+01 -2.272420407570741388e-02 -3.833479999329304777e-02 4.912726141946657164e-05 2.449102965110200943e-04
2.100000000000000000e+01 -2.335250597413442500e-02 -4.081911443924940430e-02 4.489812628499198114e-05 2.441512836457109372e-04
2.200000000000000000e+01 -2.573809591233947730e-02 -4.442013419642618088e-02 4.183638324099242528e-05 2.416260906427050866e-04
2.300000000000000000e+01 -2.728282200197092860e-02 -4.625494050877650837e-02 3.975659212753726595e-05 2.380470576616252774e-04
2.400000000000000000e+01 -2.565977022976266911e-02 -4.476052060667948251e-02 3.837161599742856463e-05 2.340233660313895841e-04
2.500000000000000000e+01 -2.260239753406502114e-02 -4.041321816610191769e-02 3.740958466965187937e-05 2.301538197650571907e-04
2.600000000000000000e+01 -1.932786885022509671e-02 -3.469704519830849737e-02 3.667180859270912833e-05 2.269491621430708595e-04
2.700000000000000000e+01 -1.583170197010519420e-02 -2.923063071300216476e-02 3.603439767498698982e-05 2.251566877595404101e-04
2.800000000000000000e+01 -1.334762044564565160e-02 -2.471939372896031842e-02 3.541813367259274850e-05 2.246450404887181333e-04
2.900000000000000000e+01 -1.139315550687099166e-02 -2.102554612732608283e-02 3.477993610167698184e-05 2.254914323391369842e-04
3.000000000000000000e+01 -8.846296478692727838e-03 -1.761537074465581790e-02 3.410592530945755457e-05 2.273568794304749857e-04
3.100000000000000000e+01 -6.336427453587862094e-03 -1.435477319179014229e-02 3.340223759001613208e-05 2.302603234368570033e-04
3.200000000000000000e+01 -4.387750257686408827e-03 -1.148169114268042523e-02 3.268706910881081059e-05 2.337383842598652641e-04
3.300000000000000000e+01 -2.994454774815421584e-03 -9.325994140100385063e-03 3.198075593537485231e-05 2.373009516176963402e-04
3.400000000000000000e+01 -2.407606880250990657e-03 -8.158442269473821853e-03 3.129972716619442542e-05 2.410991705551551940e-04
3.500000000000000000e+01 -1.922414765484978033e-03 -7.832185004401597331e-03 3.065846308075255357e-05 2.445871285683857499e-04
3.600000000000000000e+01 -1.697540914051384048e-03 -8.227955032923848014e-03 3.007287029297621723e-05 2.478024293825004587e-04
3.700000000000000000e+01 -2.359310560161172101e-03 -9.158312637648734211e-03 2.956046871446644489e-05 2.506658132368767247e-04
3.800000000000000000e+01 -2.759164727963112681e-03 -1.047455392350667668e-02 2.913226023895951693e-05 2.533435581271611904e-04
3.900000000000000000e+01 -3.077737166527128986e-03 -1.198187387507978520e-02 2.878793606901043840e-05 2.553806091647677664e-04
4.000000000000000000e+01 -3.328977009931506463e-03 -1.356630863005704388e-02 2.851582447932056065e-05 2.569971313125839815e-04
4.100000000000000000e+01 -4.189046171931456140e-03 -1.508462229079941819e-02 2.828927601857126313e-05 2.580859515270684211e-04
4.200000000000000000e+01 -4.773324863309156597e-03 -1.640692474494258660e-02 2.806238634675131680e-05 2.583959182859879621e-04
4.300000000000000000e+01 -5.249278056712251665e-03 -1.740314482436880819e-02 2.776897725554055502e-05 2.572422386224745101e-04
4.400000000000000000e+01 -5.506116838008422339e-03 -1.814618840644156503e-02 2.734068882965309612e-05 2.546130491170723849e-04
4.500000000000000000e+01 -6.148685336126068907e-03 -1.865953805955826786e-02 2.673545838097757119e-05 2.499850140780252982e-04
4.600000000000000000e+01 -6.269033290502334238e-03 -1.908611504741643261e-02 2.597144169612488539e-05 2.436180451514917823e-04
4.700000000000000000e+01 -6.132955810128820628e-03 -1.961388597084231036e-02 2.514433257409646495e-05 2.364514656685199560e-04
