# freqs 	 pli 	 dpli 	 meanpower(thalamus)	 meanpower(scalp)	pli
8.000000000000000000e+00 1.148085459713218091e-02 8.256683289805845372e-02 1.431059368570008919e-04 7.216811665936489822e-04
9.000000000000000000e+00 -3.392765930277103631e-02 -7.152322958288236110e-02 1.100662879125380891e-04 5.209688653115541980e-04
1.000000000000000000e+01 -2.633846644857576122e-02 -5.635398240671782993e-02 9.778678227397499660e-05 3.859876872794476164e-04
1.100000000000000000e+01 -4.223835354179961837e-02 -4.243601750364904557e-02 9.053727941853468718e-05 3.144623865711765982e-04
1.200000000000000000e+01 -3.470937280673769970e-02 2.677876548078425567e-03 8.749453237216005437e-05 2.797714560366901292e-04
1.300000000000000000e+01 -1.976810947019233891e-02 2.943354984758864840e-02 8.742207722110669702e-05 2.650596857016545259e-04
1.400000000000000000e+01 7.797675049034460092e-03 4.351911569674975222e-02 8.618805124280815564e-05 2.546174764805838350e-04
1.500000000000000000e+01 3.252654740265952492e-03 4.740956114089905221e-02 8.206476480846953167e-05 2.423814134028962617e-04
1.600000000000000000e+01 8.027102431247509426e-03 3.711403688510251514e-02 7.789473232744056116e-05 2.257218046780366490e-04
1.700000000000000000e+01 6.041669987725367154e-03 9.661774927920797201e-03 7.544155787185852940e-05 2.064664964826300577e-04
1.800000000000000000e+01 -1.541379750063759206e-02 -2.628137192169405223e-02 7.415222145288134618e-05 1.885955100702435625e-04
1.900000000000000000e+01 -2.464098436429129277e-02 -4.966671516668285519e-02 7.309162853031113969e-05 1.743545983050202375e-04
2.000000000000000000e+01 -2.455972587457167997e-02 -6.135379831948113705e-02 7.233310754775396003e-05 1.630141711912303621e-04
2.100000000000000000e+01 -2.470955712441632451e-02 -6.810563190330228001e-02 7.178739092690453140e-05 1.539436736974349423e-04
2.200000000000000000e+01 -2.241362825089240202e-02 -6.761414550674027524e-02 7.125183472594251379e-05 1.452122779248623825e-04
2.300000000000000000e+01 -1.885108756274400318e-02 -5.968572933395133173e-02 7.080434854997908931e-05 1.362615048451193108e-04
2.400000000000000000e+01 -1.215781254979444830e-02 -5.061467595688620702e-02 7.066599763259811596e-05 1.273923248747455027e-04
2.500000000000000000e+01 -1.542359108363474188e-02 -5.037366681597232193e-02 7.102683265961823734e-05 1.188647877239430327e-04
2.600000000000000000e+01 -2.293548746873157879e-02 -6.747085683960962754e-02 7.230877102281871045e-05 1.110017498236235778e-04
2.700000000000000000e+01 -4.244336105534844000e-02 -1.030919407067578397e-01 7.466493876554040334e-05 1.040446417656925855e-04
2.800000000000000000e+01 -5.230372164160081855e-02 -1.461304213990041734e-01 7.740269381168952609e-05 9.806430424286964164e-05
2.900000000000000000e+01 -5.840369603313684543e-02 -1.780399325234344188e-01 7.938055748469747294e-05 9.284159814419650045e-05
3.000000000000000000e+01 -6.115084991476955889e-02 -1.865501275715060192e-01 7.972445791265927225e-05 8.815251924863956113e-05
3.100000000000000000e+01 -5.252258136459943272e-02 -1.708619458844907735e-01 7.831081953629595040e-05 8.392563356799836495e-05
3.200000000000000000e+01 -4.217443249701314373e-02 -1.382836168866464488e-01 7.566981473801108937e-05 8.007853032309799148e-05
3.300000000000000000e+01 -3.307792787052376421e-02 -1.010735384635345208e-01 7.251003985113880937e-05 7.661529201201589716e-05
3.400000000000000000e+01 -2.660167574628054254e-02 -6.952407054236783845e-02 6.942275804889290393e-05 7.355856628364131967e-05
3.500000000000000000e+01 -1.760142722885041019e-02 -4.855480517690977799e-02 6.678555641537164132e-05 7.088311098865036409e-05
3.600000000000000000e+01 -1.201815864925135334e-02 -3.782791583128828489e-02 6.468466034163535526e-05 6.856756603239870962e-05
3.700000000000000000e+01 -9.318105796339657548e-03 -3.409990078799950142e-02 6.310013833902109479e-05 6.655093796576770963e-05
3.800000000000000000e+01 -1.299714890973671134e-02 -3.373106671580133886e-02 6.197782419568309011e-05 6.474209864027124183e-05
3.900000000000000000e+01 -1.466137869520897120e-02 -3.388115547227106561e-02 6.116881682607434347e-05 6.310871886050955007e-05
4.000000000000000000e+01 -1.661224814844310116e-02 -3.306284958708559374e-02 6.053016971540273346e-05 6.165409548389431309e-05
4.100000000000000000e+01 -1.721721402860510244e-02 -3.076352718101427880e-02 5.993427035840922959e-05 6.034976587488652833e-05
4.200000000000000000e+01 -1.592686384124102073e-02 -2.713555727257511985e-02 5.926500153241287788e-05 5.912225667989532297e-05
4.300000000000000000e+01 -1.341838278624556124e-02 -2.271296699127007060e-02 5.839639678966875003e-05 5.784679209343994622e-05
4.400000000000000000e+01 -9.325030260559342976e-03 -1.807400292148007501e-02 5.721179657374022225e-05 5.637717130251163061e-05
4.500000000000000000e+01 -4.817722849543709662e-03 -1.371703475165848840e-02 5.565482807128255683e-05 5.461066928452522183e-05
4.600000000000000000e+01 -4.507087115782767821e-03 -1.018939998145259804e-02 5.378362380344106825e-05 5.254478321827611362e-05
4.700000000000000000e+01 -3.009985507477186319e-03 -8.055097891414519234e-03 5.181191273441668860e-05 5.032786892691212051e-05
