# freqs 	 pli 	 dpli 	 meanpower(thalamus)	 meanpower(scalp)	pli
8.000000000000000000e+00 -4.550057132220441947e-02 -1.297657409457218525e-01 1.280624469479905482e-04 4.469299930955763036e-04
9.000000000000000000e+00 2.337205255802669163e-03 -1.343348948543567241e-02 9.699053288481703384e-05 3.218718034332868549e-04
1.000000000000000000e+01 6.272175310319540523e-03 2.016825372290762322e-02 8.316541928548920257e-05 2.372401072003908155e-04
1.100000000000000000e+01 2.890088836913916673e-02 5.688578777402281822e-02 7.758988696525615696e-05 2.108710546083655260e-04
1.200000000000000000e+01 2.819467953942281571e-02 5.902724015784289319e-02 7.433580944894733545e-05 2.060429379822524196e-04
1.300000000000000000e+01 1.467884607845362441e-02 3.123545806430374702e-02 7.184526020006208602e-05 2.095825827829729895e-04
1.400000000000000000e+01 1.122356193652825941e-02 2.152657529752359175e-02 7.012925843841956908e-05 2.136740032757218578e-04
1.500000000000000000e+01 2.461558340870913589e-02 4.329291391576958747e-02 6.922863830321652492e-05 2.151281994375099952e-04
1.600000000000000000e+01 2.784367411789393648e-02 5.974598734648253751e-02 6.898047364132580620e-05 2.135545351232509634e-04
1.700000000000000000e+01 2.844535809701485146e-02 6.296307475890304539e-02 6.876622442752064706e-05 2.103299787410665034e-04
1.800000000000000000e+01 2.776243935317918021e-02 6.597271235910076581e-02 6.813085625774890864e-05 2.058600846867109156e-04
1.900000000000000000e+01 2.786840024991982939e-02 7.067084048740013280e-02 6.723143722821278961e-05 2.007294521439751962e-04
2.000000000000000000e+01 2.973967255469122870e-02 6.991094430818185768e-02 6.643972544130508225e-05 1.948552724117345717e-04
2.100000000000000000e+01 2.786183546069274583e-02 6.050806111834317047e-02 6.592694702401593449e-05 1.874501847773408375e-04
2.200000000000000000e+01 2.148055860169677950e-02 4.606746916775799477e-02 6.559817590812047194e-05 1.782164889181384808e-04
2.300000000000000000e+01 1.321355279138920237e-02 3.222476292572054590e-02 6.525603404390067377e-05 1.674422856460400927e-04
2.400000000000000000e+01 7.195034668706521905e-03 2.107908405375829436e-02 6.474326626619893589e-05 1.558744050764317537e-04
2.500000000000000000e+01 4.869552117953884589e-03 1.201651901639330319e-02 6.401315885279547238e-05 1.441594064111405402e-04
2.600000000000000000e+01 1.856324777105015011e-03 4.616249116689877599e-03 6.314751614248024743e-05 1.326997759071616931e-04
2.700000000000000000e+01 2.968787162303958109e-03 -9.824611395948485500e-05 6.223990450589067622e-05 1.220087484275256170e-04
2.800000000000000000e+01 2.324587483276348981e-03 -1.563597414940997481e-03 6.136025203395411329e-05 1.124619850926325537e-04
2.900000000000000000e+01 2.840144033892940713e-03 -3.808823061532824977e-04 6.056058723117484281e-05 1.043444603786137468e-04
3.000000000000000000e+01 -2.246157426819784739e-03 2.412548986644326605e-03 5.987033032785559183e-05 9.769133507822865621e-05
3.100000000000000000e+01 2.851607846888895635e-04 5.333196911542373818e-03 5.929114551308017417e-05 9.244818068069340878e-05
3.200000000000000000e+01 5.509727683495736425e-03 8.290669030478066762e-03 5.880370638789401229e-05 8.828555587045582476e-05
3.300000000000000000e+01 4.319062021145484050e-03 1.149244558890032825e-02 5.837839258059148454e-05 8.495076363689757677e-05
3.400000000000000000e+01 9.220638861801497971e-03 1.439694449208998167e-02 5.798298230930957234e-05 8.238521935691616750e-05
3.500000000000000000e+01 8.734255307743257757e-03 1.671610054776742627e-02 5.759143793144979586e-05 8.036813205472315451e-05
3.600000000000000000e+01 8.867129062967495437e-03 1.789840647075214425e-02 5.718959242521612000e-05 7.877340491953117277e-05
3.700000000000000000e+01 9.205487284666236808e-03 1.787567344662118612e-02 5.677453694860771708e-05 7.747639447619307247e-05
3.800000000000000000e+01 1.282550183221454684e-02 1.687545838589030178e-02 5.634949263880566342e-05 7.644215353554977715e-05
3.900000000000000000e+01 1.041737823621832065e-02 1.554563477434574466e-02 5.590915483153115754e-05 7.551637135578114098e-05
4.000000000000000000e+01 9.766535848298524974e-03 1.427963374092119063e-02 5.544590280727679449e-05 7.469993260189089262e-05
4.100000000000000000e+01 8.728067977636675551e-03 1.328666021564194576e-02 5.493821232632205325e-05 7.391981771233413229e-05
4.200000000000000000e+01 9.326019648386025054e-03 1.259945106616186354e-02 5.432940580465477314e-05 7.306312561843653932e-05
4.300000000000000000e+01 5.494191548551369091e-03 1.225339517579981073e-02 5.352928396046945228e-05 7.191705553752481103e-05
4.400000000000000000e+01 4.208667985531089166e-03 1.184485777689715802e-02 5.244334951968431240e-05 7.043633023553352726e-05
4.500000000000000000e+01 4.911548581853663296e-03 1.129674873163157879e-02 5.101742708825268566e-05 6.847291840138608672e-05
4.600000000000000000e+01 7.233329166566930535e-03 1.045246396842772207e-02 4.929842994401808571e-05 6.607239330328143630e-05
4.700000000000000000e+01 8.150948202210024640e-03 9.206553812171022408e-03 4.746574441040408065e-05 6.344428818585691682e-05
