# freqs 	 pli 	 dpli 	 meanpower(thalamus)	 meanpower(scalp)	pli
8.000000000000000000e+00 6.314818390974191731e-02 1.353608514003080132e-01 8.853514981816051411e-05 2.222644041514051710e-04
9.000000000000000000e+00 3.351855048202437987e-02 7.104879754979039064e-02 8.250763747989496339e-05 1.979735933796017715e-04
1.000000000000000000e+01 1.130993032260577645e-02 3.072865910095418443e-02 7.918084003294459633e-05 1.705574628566125755e-04
1.100000000000000000e+01 3.718692328922498184e-03 1.966563185711775116e-02 7.515460636771351967e-05 1.505810391236867669e-04
1.200000000000000000e+01 -2.590192799264018093e-04 1.797324555336756932e-02 7.054900585853837735e-05 1.380126963454628923e-04
1.300000000000000000e+01 -9.641853457641605743e-03 3.552436311369023408e-03 6.745642383635121436e-05 1.302333382224459793e-04
1.400000000000000000e+01 -1.109154356760398523e-02 -1.214797722090266499e-02 6.614802113840809910e-05 1.253075750220893634e-04
1.500000000000000000e+01 -8.519293683950860188e-03 -1.265196143694347422e-02 6.577873929498603497e-05 1.218382522846174671e-04
1.600000000000000000e+01 -4.085378117457763754e-03 -7.214039814668817864e-03 6.572083450158336924e-05 1.193800890027985653e-04
1.700000000000000000e+01 -2.656405070271149280e-03 -1.462096499317351323e-03 6.585292218498556619e-05 1.177438905723921588e-04
1.800000000000000000e+01 -1.514237221167453800e-03 2.472183958128391056e-03 6.617422185798091405e-05 1.166448269889726395e-04
1.900000000000000000e+01 -9.632031293160289546e-04 2.248550532607420174e-03 6.675222328537650342e-05 1.157547284823720038e-04
2.000000000000000000e+01 7.434392294914058405e-04 1.466778184880405001e-03 6.738452784291945597e-05 1.148246477807648438e-04
2.100000000000000000e+01 3.377471773883454226e-03 5.720775751719134848e-03 6.790118977690572371e-05 1.135846379808525024e-04
2.200000000000000000e+01 9.996286520067846487e-03 1.798338919668517402e-02 6.852276657108730682e-05 1.118008747782705799e-04
2.300000000000000000e+01 2.125995087544768625e-02 4.269584334936651904e-02 6.970700214025108592e-05 1.096031701551402905e-04
2.400000000000000000e+01 3.846536934421847936e-02 8.331858485943166581e-02 7.188515483614147403e-05 1.071820514310694097e-04
2.500000000000000000e+01 5.420499819554878279e-02 1.284854531389476584e-01 7.471742753017259679e-05 1.046031148005977131e-04
2.600000000000000000e+01 5.931006473011747604e-02 1.551018591973910565e-01 7.714937305168318891e-05 1.018309452625179508e-04
2.700000000000000000e+01 5.333016801944447799e-02 1.493959187407973843e-01 7.843511344924242222e-05 9.887640007760019247e-05
2.800000000000000000e+01 3.889876804337965427e-02 1.149604253445006136e-01 7.876342085222294868e-05 9.589482124789296005e-05
2.900000000000000000e+01 2.101891949745599356e-02 6.672591548364428804e-02 7.887742462077374731e-05 9.313450372024507365e-05
3.000000000000000000e+01 3.897861008504424022e-03 2.040770390329632936e-02 7.945421668647325046e-05 9.079358841161107123e-05
3.100000000000000000e+01 -9.508028930633046286e-03 -1.524446937693331276e-02 8.063127571815401789e-05 8.895424126535758896e-05
3.200000000000000000e+01 -1.685707758055735028e-02 -3.872851039885439467e-02 8.200950513704480303e-05 8.757470513899328257e-05
3.300000000000000000e+01 -1.954279509144724383e-02 -5.174949096907845159e-02 8.295240924545200817e-05 8.654629036096858033e-05
3.400000000000000000e+01 -2.007045982044479426e-02 -5.650157697148452257e-02 8.297939630883411754e-05 8.578132381992912051e-05
3.500000000000000000e+01 -1.866703391437166820e-02 -5.495688734485545957e-02 8.194627370792625562e-05 8.518883378404690330e-05
3.600000000000000000e+01 -1.695585754146682750e-02 -4.915188824246439353e-02 8.002603033641933971e-05 8.474272177153577756e-05
3.700000000000000000e+01 -1.400657401434938359e-02 -4.122854708794396195e-02 7.756987564879724829e-05 8.441231692048316055e-05
3.800000000000000000e+01 -1.219528984710428234e-02 -3.311140012881188394e-02 7.495379966011737817e-05 8.420050434871470155e-05
3.900000000000000000e+01 -1.123032235307032216e-02 -2.610797370197595960e-02 7.245841363304033873e-05 8.411802400475067133e-05
4.000000000000000000e+01 -1.007529611902932901e-02 -2.087544059312365641e-02 7.024682657360931343e-05 8.415230957139159594e-05
4.100000000000000000e+01 -8.680024253587270699e-03 -1.751704428095162899e-02 6.835890140566409868e-05 8.423827385714310098e-05
4.200000000000000000e+01 -8.466452617661563568e-03 -1.579615359695457286e-02 6.671392255147332137e-05 8.424703627869704165e-05
4.300000000000000000e+01 -9.144240704856712587e-03 -1.530955525380634126e-02 6.513833742440799338e-05 8.399457672166980588e-05
4.400000000000000000e+01 -9.704712162408757337e-03 -1.562462344952369499e-02 6.343074965964350586e-05 8.327863574125816460e-05
4.500000000000000000e+01 -1.044595139186123289e-02 -1.644350041858680736e-02 6.144555822292671024e-05 8.195634631247191706e-05
4.600000000000000000e+01 -1.159736405187050158e-02 -1.765931813437382480e-02 5.917835345170099405e-05 8.005656148439964522e-05
4.700000000000000000e+01 -1.308094058693857163e-02 -1.938130297907267666e-02 5.680317313189101031e-05 7.783408107999128644e-05
