# freqs 	 pli 	 dpli 	 meanpower(thalamus)	 meanpower(scalp)	pli
8.000000000000000000e+00 7.295064930889282040e-02 2.628351130137323577e-01 2.927737960369898929e+01 2.607464080855094721e+02
9.000000000000000000e+00 7.370322952012325901e-02 2.587685335319501179e-01 2.818120240983748204e+01 2.311356040316553901e+02
1.000000000000000000e+01 6.343005635068206527e-02 2.139854484759305397e-01 2.767674969535777763e+01 2.037775130431113553e+02
1.100000000000000000e+01 5.315296943330388019e-02 1.572848723361133239e-01 2.712656128900427177e+01 1.814463917150312398e+02
1.200000000000000000e+01 3.846453593505926027e-02 1.030016630756855900e-01 2.648919349921731481e+01 1.627454272534216670e+02
1.300000000000000000e+01 2.903261056917255320e-02 6.553405621434522932e-02 2.586062876586948889e+01 1.469814953030268612e+02
1.400000000000000000e+01 1.076252537218152366e-02 3.967968193214960887e-02 2.544096704546219456e+01 1.335417768289420053e+02
1.500000000000000000e+01 6.323795848080817489e-03 1.727071519699601918e-02 2.525979377922942604e+01 1.229048587304263833e+02
1.600000000000000000e+01 1.876710426716473321e-03 -5.036501839355876121e-03 2.517054824098911325e+01 1.143946368449656603e+02
1.700000000000000000e+01 -3.601915655700685392e-03 -1.669977443604186290e-02 2.510126001167591880e+01 1.072548925894261629e+02
1.800000000000000000e+01 -2.748510200299634533e-03 -1.416858570677628250e-02 2.513925429273233192e+01 1.009495574243205454e+02
1.900000000000000000e+01 -3.787055338722390089e-03 -7.439641586372705041e-03 2.525515352690913318e+01 9.550172561648025749e+01
2.000000000000000000e+01 -2.114687557418945280e-03 -1.399705090480727514e-03 2.534839463876769017e+01 9.084552856482629579e+01
2.100000000000000000e+01 2.637307388131338026e-03 5.760714410579776887e-03 2.543939829847441203e+01 8.684731182491094614e+01
2.200000000000000000e+01 6.356982344926306004e-03 1.213373410071709804e-02 2.554382715100728873e+01 8.336114699154090601e+01
2.300000000000000000e+01 4.719180972262320035e-03 1.527937429429989009e-02 2.564817518995571177e+01 8.037019300240615394e+01
2.400000000000000000e+01 7.376573582125815418e-03 1.657319788368879360e-02 2.572627275468686392e+01 7.780359548640244327e+01
2.500000000000000000e+01 1.033402980607760202e-02 1.784744812438207248e-02 2.578261253322867219e+01 7.562350541243603175e+01
2.600000000000000000e+01 1.185444982214448051e-02 1.924840533028582615e-02 2.585246995814806326e+01 7.377922356162457618e+01
2.700000000000000000e+01 1.371664226160236762e-02 2.024856254870166170e-02 2.594385428991224174e+01 7.215190798771260461e+01
2.800000000000000000e+01 7.869103426610710855e-03 2.065168007256098712e-02 2.603932574119755117e+01 7.066232571765536363e+01
2.900000000000000000e+01 7.296139236868054781e-03 2.071811534364052104e-02 2.611227059723111310e+01 6.931000717276377543e+01
3.000000000000000000e+01 1.040158609821166015e-02 2.057414937512317549e-02 2.616894721377766686e+01 6.807479277834097786e+01
3.100000000000000000e+01 1.131642018533040271e-02 1.999632408945985554e-02 2.621693251410003356e+01 6.690805705636266509e+01
3.200000000000000000e+01 1.124555442967554823e-02 1.934509073006075372e-02 2.625132151165892225e+01 6.580623350701522156e+01
3.300000000000000000e+01 1.108546155951235443e-02 1.943807629035982157e-02 2.628322718899357469e+01 6.478840809006733537e+01
3.400000000000000000e+01 1.249252852394511573e-02 2.105830625465944864e-02 2.630940967290126409e+01 6.386624765202132181e+01
3.500000000000000000e+01 1.097614485512502999e-02 2.391768689984521273e-02 2.632337173606519087e+01 6.298429482766699294e+01
3.600000000000000000e+01 1.294561870270484819e-02 2.706132095078487773e-02 2.631402457040143261e+01 6.213699099993969099e+01
3.700000000000000000e+01 1.306949019953504258e-02 2.935800232271080362e-02 2.627367774677595946e+01 6.133494561576611659e+01
3.800000000000000000e+01 1.449521120681111948e-02 3.012407030956921680e-02 2.620546940508245726e+01 6.060371043192265716e+01
3.900000000000000000e+01 1.241137289047940413e-02 2.903543372317255941e-02 2.611968226353129197e+01 5.994129568721174195e+01
4.000000000000000000e+01 1.025725110952402375e-02 2.609336249435573532e-02 2.601396493955515510e+01 5.935788594195765455e+01
4.100000000000000000e+01 9.619298442474527588e-03 2.144749671460785545e-02 2.588168365410975014e+01 5.880816130897580507e+01
4.200000000000000000e+01 7.891871680102057959e-03 1.553400692694861633e-02 2.569567797129923292e+01 5.821401181916950662e+01
4.300000000000000000e+01 6.836102893466330585e-03 9.112880013033192866e-03 2.541221429877790783e+01 5.744464783908402694e+01
4.400000000000000000e+01 5.417920916824798920e-03 3.027476409815786640e-03 2.498368528855112558e+01 5.640975963533617943e+01
4.500000000000000000e+01 3.826970802037241159e-03 -1.984679352509129569e-03 2.438636168789314951e+01 5.500881805782359635e+01
4.600000000000000000e+01 4.579495112861261402e-03 -5.439650933903404130e-03 2.364564393445136048e+01 5.326081035497584537e+01
4.700000000000000000e+01 6.369496712004068216e-03 -7.173959720654507141e-03 2.285660724329020610e+01 5.133426120947145677e+01
