# freqs 	 pli 	 dpli 	 meanpower(thalamus)	 meanpower(scalp)	pli
8.000000000000000000e+00 1.049839775859679955e-02 3.050753543804911316e-02 5.960971615171015007e-05 2.510139534452208499e-04
9.000000000000000000e+00 7.295777625918647893e-04 -2.286805583724450548e-03 5.405909752401945084e-05 2.129172025955361806e-04
1.000000000000000000e+01 -2.118846220343367781e-02 -6.437223709958560247e-02 5.333644374948646880e-05 1.980722298630504792e-04
1.100000000000000000e+01 -4.568907823988454381e-02 -1.371715509695114465e-01 5.706774818560238839e-05 2.009648280360367735e-04
1.200000000000000000e+01 -6.158904473784642536e-02 -1.631348757514488323e-01 6.270413218888965076e-05 2.111681714295205305e-04
1.300000000000000000e+01 -5.931753464035512818e-02 -1.488616541475722976e-01 6.769598096928416454e-05 2.243161772732422401e-04
1.400000000000000000e+01 -4.332546479314799970e-02 -1.145799024592829007e-01 7.022684774020571282e-05 2.359747805530376381e-04
1.500000000000000000e+01 -2.077547775478072803e-02 -6.208019222222171257e-02 6.950760191015019124e-05 2.416368845623559141e-04
1.600000000000000000e+01 8.928648797392630190e-03 2.489958874010638292e-04 6.595702202987838831e-05 2.412208939411491300e-04
1.700000000000000000e+01 2.939174942037803620e-02 5.389505869252622650e-02 6.118560636738321621e-05 2.375922231397107405e-04
1.800000000000000000e+01 3.738017516911190663e-02 8.119861964591167103e-02 5.696725481902553863e-05 2.332670591531743306e-04
1.900000000000000000e+01 3.120424610798951462e-02 7.428822312542772421e-02 5.426778125439876010e-05 2.291171701020132672e-04
2.000000000000000000e+01 1.505031685400854552e-02 3.768266312716573446e-02 5.285682822511285144e-05 2.248618471642500742e-04
2.100000000000000000e+01 -7.579200087394064554e-03 -1.475865899615477587e-02 5.175305260011212944e-05 2.202278279629246520e-04
2.200000000000000000e+01 -2.861027821964038861e-02 -6.477251538303072098e-02 5.008036742770879089e-05 2.150535212339142277e-04
2.300000000000000000e+01 -4.113909093350895385e-02 -9.568656587656759749e-02 4.755718521283114797e-05 2.091993752434534437e-04
2.400000000000000000e+01 -4.334685665209357663e-02 -1.007096405575822612e-01 4.457161391526199412e-05 2.026536222340046770e-04
2.500000000000000000e+01 -3.825219056220590524e-02 -8.622059756814080822e-02 4.180900696043687132e-05 1.960889836059495346e-04
2.600000000000000000e+01 -3.148765784432380060e-02 -6.526656889320409105e-02 3.975136408457776626e-05 1.903792091817846745e-04
2.700000000000000000e+01 -2.442126374737220093e-02 -4.770117779072306774e-02 3.846337207024194032e-05 1.862471282214953050e-04
2.800000000000000000e+01 -1.905977639786472083e-02 -3.613806007557721078e-02 3.774091000791343289e-05 1.836510175421865964e-04
2.900000000000000000e+01 -1.488691899551540694e-02 -2.897733350959405541e-02 3.731215200157663359e-05 1.823548606336454004e-04
3.000000000000000000e+01 -1.158043298112099682e-02 -2.394390236112129214e-02 3.697118274435765316e-05 1.819654726502576878e-04
3.100000000000000000e+01 -9.980326606765200018e-03 -1.959960607581852712e-02 3.661074870554243901e-05 1.822956749477943120e-04
3.200000000000000000e+01 -7.967453471220168129e-03 -1.547098495593433702e-02 3.619899203276297857e-05 1.830971430594410419e-04
3.300000000000000000e+01 -6.097623057244597883e-03 -1.167003786267340089e-02 3.573934165210974505e-05 1.842039034023656356e-04
3.400000000000000000e+01 -4.523130083668200178e-03 -8.508451063957695251e-03 3.525770967820155165e-05 1.856603520574124462e-04
3.500000000000000000e+01 -4.346655920293995140e-03 -6.379872740274716500e-03 3.477946272398380425e-05 1.872514406741871773e-04
3.600000000000000000e+01 -4.699697871436412690e-03 -5.499327813254808149e-03 3.432721853130176327e-05 1.889633112264245147e-04
3.700000000000000000e+01 -5.246512482340855675e-03 -5.848820035612728278e-03 3.391390306528540546e-05 1.907243751145141293e-04
3.800000000000000000e+01 -6.348124397316193095e-03 -7.122046488288685459e-03 3.353994016087040480e-05 1.925063204762154467e-04
3.900000000000000000e+01 -8.043752316024051913e-03 -8.813171285998998641e-03 3.319820003141045169e-05 1.940671751712261814e-04
4.000000000000000000e+01 -9.369409049682989044e-03 -1.030089200787195729e-02 3.287494981170974888e-05 1.953822293527015380e-04
4.100000000000000000e+01 -9.640243608385869190e-03 -1.108430182832383960e-02 3.254411355779421598e-05 1.963200821868540469e-04
4.200000000000000000e+01 -9.130286691655564030e-03 -1.092187794769991505e-02 3.216966642890790439e-05 1.966360375395883328e-04
4.300000000000000000e+01 -8.708813446630133195e-03 -9.850924868766364889e-03 3.170359740624591665e-05 1.958786221075535928e-04
4.400000000000000000e+01 -7.736070232224949612e-03 -8.088554796047685638e-03 3.109528237216658961e-05 1.938093666365459122e-04
4.500000000000000000e+01 -6.345275872627098232e-03 -5.898540699702790359e-03 3.031455249332758552e-05 1.901576564046287470e-04
4.600000000000000000e+01 -4.564714747866782489e-03 -3.521752410901351528e-03 2.938548136224877110e-05 1.851467192750951246e-04
4.700000000000000000e+01 -3.377669100833818102e-03 -1.176498305417063165e-03 2.840333267807834862e-05 1.795346939603213829e-04
