# freqs 	 pli 	 dpli 	 meanpower(thalamus)	 meanpower(scalp)	pli
8.000000000000000000e+00 1.521372035885493017e-02 1.948158304353343750e-02 1.029161254808142855e-04 6.446894053826090392e-04
9.000000000000000000e+00 4.135371423543621194e-02 1.144442008617347073e-01 8.675116890400640557e-05 4.811499367363146528e-04
1.000000000000000000e+01 5.542496202126809268e-02 1.204361283113863507e-01 8.395281595916305494e-05 3.661757178560790470e-04
1.100000000000000000e+01 5.396635095711944941e-02 9.539278251055341440e-02 7.984951934274743730e-05 3.040181273015860768e-04
1.200000000000000000e+01 6.508138169091737257e-02 1.182734335088164862e-01 7.392933508249574341e-05 2.711757816341481037e-04
1.300000000000000000e+01 5.288342480088831232e-02 1.284212540122835755e-01 6.919363751024640199e-05 2.549287080684474851e-04
1.400000000000000000e+01 3.589227525397738205e-02 1.131116667224146555e-01 6.621106529220035066e-05 2.423788024869977405e-04
1.500000000000000000e+01 3.198141005677598847e-02 9.360099197092332235e-02 6.391584988009633918e-05 2.282294631671805661e-04
1.600000000000000000e+01 3.164870259481038228e-02 6.953479483999057409e-02 6.174870618831327653e-05 2.113728893362930121e-04
1.700000000000000000e+01 1.740268863556534637e-02 3.982350400528446299e-02 5.990757612272010852e-05 1.931299819475485553e-04
1.800000000000000000e+01 1.231611631266811904e-02 1.688924716024585090e-02 5.871164475082435907e-05 1.761068267222406169e-04
1.900000000000000000e+01 1.235454676052291298e-02 1.042519935559873927e-02 5.809551475234902738e-05 1.627728213023566287e-04
2.000000000000000000e+01 1.450802011012688499e-02 1.759852266680762140e-02 5.763936593211194516e-05 1.527847472777983087e-04
2.100000000000000000e+01 2.089816632355053286e-02 3.181494727817818502e-02 5.701216411496539424e-05 1.443493090007419552e-04
2.200000000000000000e+01 1.970781370929777787e-02 4.459695785274618574e-02 5.619117606594866321e-05 1.361143357636985065e-04
2.300000000000000000e+01 2.453326950694112094e-02 5.016016799337080084e-02 5.534346251437060888e-05 1.279798151636607907e-04
2.400000000000000000e+01 3.007602773057622969e-02 4.993927508722825065e-02 5.445399571312723358e-05 1.200237192094357668e-04
2.500000000000000000e+01 3.638379680594776289e-02 4.835682820386322939e-02 5.374568261452587287e-05 1.124563424019899759e-04
2.600000000000000000e+01 3.096582751029003377e-02 4.827663048142822461e-02 5.326286590457284285e-05 1.058994359343325473e-04
2.700000000000000000e+01 2.814800634905442051e-02 4.867620913786457892e-02 5.299451516775842929e-05 1.006589844407054785e-04
2.800000000000000000e+01 2.549071216072867213e-02 4.775411951019849222e-02 5.279730713408283812e-05 9.648663772511785529e-05
2.900000000000000000e+01 2.687721816804242853e-02 4.637565898770096978e-02 5.254753032588448813e-05 9.267496387469644869e-05
3.000000000000000000e+01 2.548888250869301569e-02 4.688861239843900020e-02 5.220061127355170912e-05 8.860004652013987118e-05
3.100000000000000000e+01 2.505702027210233301e-02 5.053943628915980729e-02 5.172680941392259775e-05 8.401102543245695471e-05
3.200000000000000000e+01 2.460127591706539121e-02 5.712268241292797755e-02 5.107631067210279994e-05 7.912910716681946640e-05
3.300000000000000000e+01 2.760699504796535961e-02 6.499928539005338235e-02 5.032582369243939342e-05 7.440706290145579385e-05
3.400000000000000000e+01 2.720697876547935323e-02 7.170507070011498951e-02 4.955597841931997191e-05 7.020020436071244677e-05
3.500000000000000000e+01 2.977386533983988892e-02 7.519718878632691839e-02 4.885067530415213125e-05 6.663917508956477816e-05
3.600000000000000000e+01 3.066618825499342268e-02 7.440891856790778081e-02 4.821621669124340654e-05 6.375856485640199012e-05
3.700000000000000000e+01 3.059369468497344716e-02 6.996368738608467475e-02 4.764762089977168751e-05 6.144280903749202818e-05
3.800000000000000000e+01 2.967534124250542291e-02 6.364668947131131571e-02 4.715053457928186339e-05 5.956067165252779697e-05
3.900000000000000000e+01 2.841493458346289191e-02 5.712031570888947279e-02 4.673413017095190186e-05 5.801340959580351096e-05
4.000000000000000000e+01 3.011241329825400589e-02 5.162301887538552070e-02 4.638079996262383926e-05 5.667741390738784900e-05
4.100000000000000000e+01 2.843749252589031565e-02 4.768918002389754135e-02 4.602838663530980099e-05 5.543713583137376845e-05
4.200000000000000000e+01 2.846870117031793240e-02 4.538111239883628467e-02 4.559786841720238348e-05 5.420616841824979417e-05
4.300000000000000000e+01 2.943333652221052921e-02 4.427947620819908808e-02 4.498595128190322921e-05 5.287392058719208909e-05
4.400000000000000000e+01 2.886662042905316361e-02 4.388853374499501747e-02 4.410914100735550508e-05 5.133768351687972641e-05
4.500000000000000000e+01 2.683311809441813606e-02 4.380281491294185647e-02 4.290931103767599438e-05 4.953949794013517071e-05
4.600000000000000000e+01 2.645781019570329559e-02 4.373763194570001733e-02 4.143264300211728216e-05 4.750333830595326109e-05
4.700000000000000000e+01 2.721446336330591090e-02 4.370435846862025936e-02 3.983330363871917854e-05 4.536831313660331363e-05
