# freqs 	 pli 	 dpli 	 meanpower(thalamus)	 meanpower(scalp)	pli
8.000000000000000000e+00 -3.013241026516882276e-02 -4.692205594299547755e-02 1.063039940235728059e-04 1.038103466243680401e-04
9.000000000000000000e+00 -3.593956293273146974e-02 -6.334753212451706139e-02 9.691873653589001326e-05 1.061669631290673168e-04
1.000000000000000000e+01 -2.047451165765644052e-02 -2.644831034452321122e-02 9.245518651293001397e-05 1.061259185317679033e-04
1.100000000000000000e+01 -3.045177572804799292e-03 1.099576111259297807e-02 9.005290955726338018e-05 1.067949706415858592e-04
1.200000000000000000e+01 7.126006538950913679e-04 1.488970978029654710e-02 8.877017547350973803e-05 1.049212027741593415e-04
1.300000000000000000e+01 2.354372458147636991e-03 1.441131301083715781e-02 8.806390151613949083e-05 1.004513673194609306e-04
1.400000000000000000e+01 5.110272383015630401e-03 1.529819435818514581e-02 8.711576191160953666e-05 9.350710235503143061e-05
1.500000000000000000e+01 2.653516378795411131e-03 1.439129777916194237e-02 8.531237077719497016e-05 8.486533286620714022e-05
1.600000000000000000e+01 5.586955109465341091e-04 8.849426744653166033e-03 8.328352553864291311e-05 7.604217645271626363e-05
1.700000000000000000e+01 -2.661186033162088373e-03 2.411513470664435922e-03 8.153944473029446768e-05 6.812879451838864376e-05
1.800000000000000000e+01 -4.473753324943956743e-03 -2.348135755492323975e-03 8.017664754058630942e-05 6.179084605748703907e-05
1.900000000000000000e+01 -5.595986059863655541e-03 -4.527685933669070920e-03 7.917833560452391408e-05 5.722199093656088877e-05
2.000000000000000000e+01 -5.025000912079732873e-03 -4.097355636207574911e-03 7.839585525000312581e-05 5.393405581637687274e-05
2.100000000000000000e+01 -2.645510513636499007e-03 -2.820981282777409310e-03 7.764314478581417196e-05 5.140830014817530247e-05
2.200000000000000000e+01 -2.771786751428788591e-03 -2.463878894809275796e-03 7.686217196589686875e-05 4.929211447553482033e-05
2.300000000000000000e+01 -2.698923151428089459e-03 -2.775311695220592390e-03 7.603940898574527616e-05 4.743077354891681420e-05
2.400000000000000000e+01 -2.374672466425105984e-03 -2.229708106087139024e-03 7.524493409254098700e-05 4.581850345411149684e-05
2.500000000000000000e+01 -1.005791632060441332e-03 -3.842172141990094522e-04 7.459231456457257115e-05 4.444286910234132218e-05
2.600000000000000000e+01 -5.515031420386969476e-04 1.326394559899657074e-03 7.423609757856564192e-05 4.329906318670205252e-05
2.700000000000000000e+01 1.916891659155966566e-03 1.554323754403420408e-03 7.446166531162412929e-05 4.241175273401968514e-05
2.800000000000000000e+01 1.252241773761324619e-03 5.585364696961808142e-04 7.575966415545693996e-05 4.173339193496605786e-05
2.900000000000000000e+01 8.131615549026753121e-04 -1.957138253971100095e-04 7.841740201939347444e-05 4.117649904722400973e-05
3.000000000000000000e+01 -8.185302659436316302e-04 2.761346004896728340e-04 8.194092063785781007e-05 4.066850769488133152e-05
3.100000000000000000e+01 -5.404657443275060532e-04 1.722238912729696144e-03 8.516721367790781221e-05 4.019800114596222155e-05
3.200000000000000000e+01 -2.352875297118047057e-04 3.111742031899358395e-03 8.697522153416846458e-05 3.976691944719685753e-05
3.300000000000000000e+01 -1.088860600064079460e-03 3.556230305413383020e-03 8.680334080241713230e-05 3.938361740471139352e-05
3.400000000000000000e+01 -2.462480719318169663e-03 2.719844371870133986e-03 8.476042877559300168e-05 3.906040276241265675e-05
3.500000000000000000e+01 -3.137519390301476974e-03 7.708004633521514399e-04 8.141497895755800624e-05 3.878924781264918276e-05
3.600000000000000000e+01 -3.492131671310093766e-03 -1.806146609755733979e-03 7.746015003039806500e-05 3.857190003428551095e-05
3.700000000000000000e+01 -2.240986426151115631e-03 -4.479488898065432136e-03 7.349976955055142482e-05 3.840221717360505686e-05
3.800000000000000000e+01 -2.303051616862726667e-03 -6.854657075503618226e-03 6.994250641416770967e-05 3.826739174450702997e-05
3.900000000000000000e+01 -3.299100312136605748e-03 -8.723082853258496902e-03 6.697362380242502251e-05 3.814115025880172492e-05
4.000000000000000000e+01 -4.356833018250341402e-03 -1.007473759751995566e-02 6.460758172284875153e-05 3.801561945618148712e-05
4.100000000000000000e+01 -4.582036557459423509e-03 -1.100437844867773254e-02 6.273829454203164202e-05 3.786854626807761761e-05
4.200000000000000000e+01 -4.881174220748413749e-03 -1.163478883009019631e-02 6.118252655232964967e-05 3.765745040229846068e-05
4.300000000000000000e+01 -4.249262688362948417e-03 -1.205487271291747105e-02 5.972018773988128280e-05 3.730992321199855997e-05
4.400000000000000000e+01 -4.555496260630611735e-03 -1.221274236805333993e-02 5.813739187654362134e-05 3.675891605988802302e-05
4.500000000000000000e+01 -3.900148381585043927e-03 -1.206153412396316661e-02 5.629632717660342070e-05 3.595075205356316870e-05
4.600000000000000000e+01 -4.746625562304498946e-03 -1.150802551251032223e-02 5.419011906946996290e-05 3.491134133991118885e-05
4.700000000000000000e+01 -5.193225242683833197e-03 -1.047391761483094930e-02 5.197557252970490233e-05 3.376301998973878183e-05
