# freqs 	 pli 	 dpli 	 meanpower(thalamus)	 meanpower(scalp)	pli
8.000000000000000000e+00 -2.362713799786099744e-01 -5.006015905239935559e-01 1.859993119790165808e-05 7.216811665936489822e-04
9.000000000000000000e+00 -1.501522491905485091e-01 -3.464936973683757637e-01 1.809110665571182658e-05 5.209688653115541980e-04
1.000000000000000000e+01 -8.985002248057036289e-02 -2.274058962473786971e-01 1.808433509586440533e-05 3.859876872794476164e-04
1.100000000000000000e+01 -9.111990178693220310e-02 -1.914376252264502476e-01 1.837701129269873386e-05 3.144623865711765982e-04
1.200000000000000000e+01 -9.716329689542614612e-02 -2.120158528613017845e-01 1.868846685707408175e-05 2.797714560366901292e-04
1.300000000000000000e+01 -9.708426529417894801e-02 -2.118645230502239629e-01 1.900025418666680260e-05 2.650596857016545259e-04
1.400000000000000000e+01 -7.218989918417720308e-02 -1.945109750836360174e-01 1.942444777566906464e-05 2.546174764805838350e-04
1.500000000000000000e+01 -7.624762652523293938e-02 -1.973108302536057401e-01 1.970535219356327262e-05 2.423814134028962617e-04
1.600000000000000000e+01 -8.961009835645404598e-02 -2.001927925458064916e-01 1.990063996826251565e-05 2.257218046780366490e-04
1.700000000000000000e+01 -9.061353918098685734e-02 -1.884496329755072364e-01 2.012381906510334940e-05 2.064664964826300577e-04
1.800000000000000000e+01 -7.588045505856357009e-02 -1.616368720097983158e-01 2.038471763193780857e-05 1.885955100702435625e-04
1.900000000000000000e+01 -6.822911663945185889e-02 -1.360375751264686350e-01 2.062817837723828978e-05 1.743545983050202375e-04
2.000000000000000000e+01 -6.040719636340354665e-02 -1.248651455186972209e-01 2.084847955046341351e-05 1.630141711912303621e-04
2.100000000000000000e+01 -5.670070095701437024e-02 -1.208351409379577884e-01 2.109234914920912136e-05 1.539436736974349423e-04
2.200000000000000000e+01 -4.926112315680830633e-02 -1.137129021876796264e-01 2.132947393907622544e-05 1.452122779248623825e-04
2.300000000000000000e+01 -3.967136525815587178e-02 -1.032972356764511046e-01 2.155716207936355186e-05 1.362615048451193108e-04
2.400000000000000000e+01 -4.085844325171776592e-02 -9.260090697257683523e-02 2.174690275356929109e-05 1.273923248747455027e-04
2.500000000000000000e+01 -3.323149273785910851e-02 -8.253091102579873661e-02 2.193284419546899177e-05 1.188647877239430327e-04
2.600000000000000000e+01 -3.124550151149213875e-02 -7.428845945351017499e-02 2.217414343137499050e-05 1.110017498236235778e-04
2.700000000000000000e+01 -2.909873097867372513e-02 -7.043355135264652012e-02 2.247479057962626839e-05 1.040446417656925855e-04
2.800000000000000000e+01 -3.099138861570198411e-02 -6.906047675966414667e-02 2.275843914731487803e-05 9.806430424286964164e-05
2.900000000000000000e+01 -3.306763033971073934e-02 -6.592527070295518821e-02 2.297774208431601446e-05 9.284159814419650045e-05
3.000000000000000000e+01 -3.034809165187636951e-02 -5.976104042160764601e-02 2.314328653618942394e-05 8.815251924863956113e-05
3.100000000000000000e+01 -2.789147187669874933e-02 -5.316603717064172924e-02 2.329219315646149119e-05 8.392563356799836495e-05
3.200000000000000000e+01 -2.981567041294303985e-02 -4.971154199191370887e-02 2.342628014210891809e-05 8.007853032309799148e-05
3.300000000000000000e+01 -2.903114933616824170e-02 -5.033361038986140096e-02 2.355213510498053515e-05 7.661529201201589716e-05
3.400000000000000000e+01 -2.715058705052071295e-02 -5.350321172331529151e-02 2.366183322940809404e-05 7.355856628364131967e-05
3.500000000000000000e+01 -2.974696696024679843e-02 -5.683572285399640656e-02 2.372730999097105535e-05 7.088311098865036409e-05
3.600000000000000000e+01 -3.187961031591902972e-02 -5.851143960830893637e-02 2.374988140332826911e-05 6.856756603239870962e-05
3.700000000000000000e+01 -3.304510436978550653e-02 -5.805033137747239030e-02 2.375144800144364122e-05 6.655093796576770963e-05
3.800000000000000000e+01 -3.231528983075226263e-02 -5.598862578604393847e-02 2.373650545393770175e-05 6.474209864027124183e-05
3.900000000000000000e+01 -2.755958992225143386e-02 -5.359161220004634435e-02 2.369734468232346852e-05 6.310871886050955007e-05
4.000000000000000000e+01 -2.567278189721299009e-02 -5.227924823755106254e-02 2.363770010979048518e-05 6.165409548389431309e-05
4.100000000000000000e+01 -2.595939499988015112e-02 -5.285310680780002518e-02 2.356769553121843846e-05 6.034976587488652833e-05
4.200000000000000000e+01 -2.445630462920055440e-02 -5.508776046433596502e-02 2.347143655902474228e-05 5.912225667989532297e-05
4.300000000000000000e+01 -2.565475144213099842e-02 -5.802200506344368930e-02 2.330612979049175281e-05 5.784679209343994622e-05
4.400000000000000000e+01 -2.809846045682967697e-02 -6.050728542169862140e-02 2.301128185000699759e-05 5.637717130251163061e-05
4.500000000000000000e+01 -2.985491963058831133e-02 -6.170600247298604207e-02 2.255306443067288640e-05 5.461066928452522183e-05
4.600000000000000000e+01 -3.178698962269426581e-02 -6.099085895323509005e-02 2.196520329709898404e-05 5.254478321827611362e-05
4.700000000000000000e+01 -3.206531290441117649e-02 -5.793419072287896848e-02 2.134355403324922218e-05 5.032786892691212051e-05
