# freqs 	 pli 	 dpli 	 meanpower(thalamus)	 meanpower(scalp)	pli
8.000000000000000000e+00 -8.746258080175426872e-03 -7.101182062704371190e-02 1.329313242931860057e-04 2.981913321734981854e-04
9.000000000000000000e+00 4.106955609926599485e-03 1.073641144040098430e-02 1.354052983975317090e-04 3.633592377554477099e-04
1.000000000000000000e+01 -2.917489906365432553e-02 -6.467520251803877962e-02 1.402019030683470259e-04 3.134393205792788809e-04
1.100000000000000000e+01 -4.062197025933919625e-02 -1.063507246014030044e-01 1.485736414232834265e-04 2.878683899623120509e-04
1.200000000000000000e+01 -5.103216689870216510e-02 -1.027357457415896819e-01 1.551381068210995777e-04 3.088111050586589109e-04
1.300000000000000000e+01 -4.306086884789490227e-02 -7.450117339388460935e-02 1.560652129039967776e-04 3.226536261172255056e-04
1.400000000000000000e+01 -2.415988897166124194e-02 -2.196685156256188848e-02 1.544310092731881871e-04 3.255438066287764378e-04
1.500000000000000000e+01 1.223155716450495707e-02 7.109871826249086757e-02 1.543424736865459546e-04 3.193776808565639740e-04
1.600000000000000000e+01 3.420498917849341264e-02 1.663072012444367365e-01 1.559523478863537307e-04 3.102971166965034946e-04
1.700000000000000000e+01 5.297952254958818857e-02 1.881349590494967028e-01 1.587913658767115010e-04 2.990274503229521002e-04
1.800000000000000000e+01 4.868089442456229737e-02 1.414658947094196706e-01 1.635153804289097104e-04 2.819075488509948952e-04
1.900000000000000000e+01 4.196031020552590252e-02 8.338750121141781657e-02 1.692447495989049284e-04 2.597815660850633177e-04
2.000000000000000000e+01 2.950098385500055098e-02 6.517274402157824387e-02 1.777436129767115804e-04 2.368955493903550824e-04
2.100000000000000000e+01 3.161841039991636348e-02 9.133748356684676106e-02 1.991037899905985801e-04 2.166765958850140855e-04
2.200000000000000000e+01 4.259419777537807456e-02 1.324567925108212640e-01 2.352021592975750788e-04 1.996455988393359786e-04
2.300000000000000000e+01 5.694122639303116767e-02 1.636926398396499338e-01 2.650686115909415500e-04 1.847775033170990816e-04
2.400000000000000000e+01 5.907603515704713121e-02 1.761429381997081656e-01 2.679794375957212727e-04 1.714954233908244587e-04
2.500000000000000000e+01 6.401105336883924912e-02 1.706706572177117964e-01 2.437399624671489535e-04 1.600598105570332429e-04
2.600000000000000000e+01 6.861408509786350030e-02 1.541988140567901455e-01 2.070237412514916919e-04 1.505918871480187789e-04
2.700000000000000000e+01 6.339602226619781011e-02 1.343891412893768733e-01 1.734466366909532750e-04 1.428474723467286890e-04
2.800000000000000000e+01 5.713028543851929320e-02 1.138339085298792075e-01 1.504268730661062535e-04 1.364690509160081827e-04
2.900000000000000000e+01 5.124504129697501215e-02 9.338806445538916368e-02 1.372384830209017891e-04 1.311107700628133576e-04
3.000000000000000000e+01 4.388821774320789126e-02 7.443027415761842291e-02 1.302222110220710612e-04 1.264076160399698614e-04
3.100000000000000000e+01 3.462782715666802569e-02 5.859362711979358707e-02 1.264012823291541399e-04 1.222508063252723831e-04
3.200000000000000000e+01 2.719262319061048136e-02 4.794609410783955139e-02 1.239914351241135516e-04 1.184467180798378711e-04
3.300000000000000000e+01 2.625011683334891113e-02 4.340834634225795158e-02 1.220407536358045230e-04 1.149321893456523740e-04
3.400000000000000000e+01 2.893024924128261011e-02 4.363651076203188539e-02 1.201034377011518650e-04 1.117711701371100458e-04
3.500000000000000000e+01 2.997593275122370851e-02 4.680307802803653633e-02 1.180111388641774054e-04 1.088085743536130155e-04
3.600000000000000000e+01 3.340653830260426754e-02 5.071906861423509244e-02 1.158080779291497460e-04 1.060645837549100990e-04
3.700000000000000000e+01 3.281055537143347245e-02 5.385463233585425363e-02 1.136162223810338937e-04 1.035839962066173079e-04
3.800000000000000000e+01 2.918662718449293106e-02 5.567770971923882706e-02 1.115491637283019924e-04 1.014041629619522213e-04
3.900000000000000000e+01 2.920837397417893819e-02 5.633448328324300314e-02 1.096775871854425760e-04 9.942421773436122337e-05
4.000000000000000000e+01 2.752821532731621057e-02 5.611735381612412144e-02 1.080289910551831401e-04 9.763772998078424855e-05
4.100000000000000000e+01 2.704168390091456556e-02 5.531341021771453426e-02 1.065352095715164270e-04 9.596337870755652780e-05
4.200000000000000000e+01 2.875192688835058463e-02 5.445082434343193056e-02 1.050396010727984219e-04 9.425109745631201187e-05
4.300000000000000000e+01 3.081186229171254537e-02 5.375900840811083381e-02 1.032820247120807753e-04 9.222220196536611524e-05
4.400000000000000000e+01 3.062056331577742152e-02 5.381539098288939948e-02 1.009759249806621481e-04 8.978672442970854646e-05
4.500000000000000000e+01 3.127735883128787697e-02 5.449719835340215840e-02 9.786446298603108842e-05 8.676772243334401370e-05
4.600000000000000000e+01 3.152024606510320237e-02 5.558937559071525092e-02 9.384439498617079653e-05 8.319545488247442606e-05
4.700000000000000000e+01 3.311445315258066541e-02 5.658574554236584647e-02 8.904011898440537820e-05 7.931733174320719103e-05
