# freqs 	 pli 	 dpli 	 meanpower(thalamus)	 meanpower(scalp)	pli
8.000000000000000000e+00 -7.675769632851806024e-02 -1.225873796386409281e-01 6.133497255972449125e+01 5.602358394992604644e+02
9.000000000000000000e+00 -7.265988321549494977e-02 -1.655268483583298145e-01 5.685576599722910629e+01 4.459258296010191884e+02
1.000000000000000000e+01 -5.196409922263613840e-02 -1.176788425655293235e-01 5.307362284739497937e+01 3.457804387089145735e+02
1.100000000000000000e+01 -3.568405442525415805e-02 -8.549823726779642863e-02 5.036260229697769120e+01 2.890460415132114349e+02
1.200000000000000000e+01 -2.317684047516392967e-02 -6.181985249923988013e-02 4.686407789151687098e+01 2.632461774649511312e+02
1.300000000000000000e+01 -2.315823846244821280e-02 -4.894001632046511563e-02 4.235440577633804793e+01 2.555128824115064674e+02
1.400000000000000000e+01 -3.144080839757636830e-02 -6.449455868812796477e-02 3.834776358428512566e+01 2.483397995281318913e+02
1.500000000000000000e+01 -4.108124125784208547e-02 -9.186094443539000176e-02 3.556127453595578203e+01 2.309275597770882200e+02
1.600000000000000000e+01 -4.112044040337650697e-02 -1.001587642173274589e-01 3.367455181750800364e+01 2.051785209861575652e+02
1.700000000000000000e+01 -3.744824505273303822e-02 -8.575391335562904116e-02 3.235858437318660918e+01 1.788571478034861286e+02
1.800000000000000000e+01 -3.000701311353587419e-02 -6.378987837798830163e-02 3.150069892128862037e+01 1.570600309684048739e+02
1.900000000000000000e+01 -2.291854480118032250e-02 -4.641069539014785333e-02 3.095994941044098780e+01 1.405358498046508942e+02
2.000000000000000000e+01 -1.820867252593615093e-02 -3.589734513742308397e-02 3.063036310391606776e+01 1.280230713817984451e+02
2.100000000000000000e+01 -1.669383979381713554e-02 -3.020061989313167425e-02 3.042452116830671471e+01 1.182661449930843958e+02
2.200000000000000000e+01 -1.523781502207987443e-02 -2.755819457704086067e-02 3.028934511635116422e+01 1.104393927498528143e+02
2.300000000000000000e+01 -1.523636336442634083e-02 -2.668251120221162148e-02 3.019401063623391934e+01 1.039584065693329364e+02
2.400000000000000000e+01 -1.466284287898677111e-02 -2.610777936427310236e-02 3.010431101812039856e+01 9.839804612406375384e+01
2.500000000000000000e+01 -1.528126106295173321e-02 -2.511980279464560983e-02 2.999650422740026912e+01 9.348344427671696621e+01
2.600000000000000000e+01 -1.546237939023058401e-02 -2.394300936190776538e-02 2.987963528901714483e+01 8.905159829307753228e+01
2.700000000000000000e+01 -1.502340679770248523e-02 -2.291683039128535049e-02 2.976797913361440706e+01 8.499210624852253204e+01
2.800000000000000000e+01 -1.400998194816810427e-02 -2.213907145633565998e-02 2.966974957917727096e+01 8.122142525014466230e+01
2.900000000000000000e+01 -1.287828123263050177e-02 -2.180651081511780082e-02 2.958435890156171766e+01 7.775199328881019767e+01
3.000000000000000000e+01 -1.213901352038216676e-02 -2.217614844894288603e-02 2.950544444288760104e+01 7.461135679374706342e+01
3.100000000000000000e+01 -1.196874217409168301e-02 -2.326669413489391644e-02 2.942629663907024806e+01 7.182391578194750537e+01
3.200000000000000000e+01 -1.211450519694378877e-02 -2.464985988132175482e-02 2.934547663251399285e+01 6.938171414138771809e+01
3.300000000000000000e+01 -1.244870603572241496e-02 -2.573896664452350602e-02 2.926331212453899866e+01 6.725603754587608307e+01
3.400000000000000000e+01 -1.252911624082552085e-02 -2.613483655940196035e-02 2.917928171379447733e+01 6.542622601129880877e+01
3.500000000000000000e+01 -1.183533910859814464e-02 -2.568235800992768950e-02 2.908958960515648684e+01 6.382924401853323815e+01
3.600000000000000000e+01 -1.133324046180098771e-02 -2.444656926995379329e-02 2.899473033084480633e+01 6.242422382501369071e+01
3.700000000000000000e+01 -1.033954428740023468e-02 -2.261559955678358116e-02 2.889884455557614018e+01 6.117246251815213043e+01
3.800000000000000000e+01 -9.624527506333918278e-03 -2.050719925897770413e-02 2.880324949327967943e+01 6.006003550121749868e+01
3.900000000000000000e+01 -8.508732508271745626e-03 -1.850829578616680279e-02 2.870757518708854761e+01 5.904465924172068014e+01
4.000000000000000000e+01 -8.076578940559644981e-03 -1.699206989124803224e-02 2.860742386874286680e+01 5.811442240204220155e+01
4.100000000000000000e+01 -8.310923026676951889e-03 -1.618267469953222834e-02 2.848816236805260971e+01 5.722917819082562119e+01
4.200000000000000000e+01 -8.469697809394827193e-03 -1.608615038837502009e-02 2.831880218169633778e+01 5.631890013612940038e+01
4.300000000000000000e+01 -8.726883930791925689e-03 -1.652842214158056419e-02 2.804667360025504053e+01 5.526496752645672217e+01
4.400000000000000000e+01 -8.958456890406632164e-03 -1.723674956641869233e-02 2.761306535921577776e+01 5.397082599680600623e+01
4.500000000000000000e+01 -9.138495398893919583e-03 -1.798305270785369170e-02 2.698500453115040187e+01 5.234868528509576890e+01
4.600000000000000000e+01 -9.113660064173405295e-03 -1.861924848513523897e-02 2.618878517668334283e+01 5.042369518494657399e+01
4.700000000000000000e+01 -9.146406567311870378e-03 -1.907906210658340609e-02 2.532615925584629579e+01 4.835723305043131148e+01
