# freqs 	 pli 	 dpli 	 meanpower(thalamus)	 meanpower(scalp)	pli
8.000000000000000000e+00 -1.503598573200866199e-02 -4.180581497979084238e-02 1.034290899446710301e-04 2.014735618663196926e-04
9.000000000000000000e+00 -2.560587574346285394e-02 -6.472215952001238171e-02 9.866140037782011375e-05 1.539351180969723962e-04
1.000000000000000000e+01 -9.766318724719428093e-03 -4.123693498655791462e-02 9.589972897848755731e-05 1.267444297300285576e-04
1.100000000000000000e+01 -1.404770711514397811e-03 -1.157622223222333838e-02 9.525678025975541747e-05 1.131981944791433296e-04
1.200000000000000000e+01 9.249232697175051657e-03 2.538003767804368482e-02 1.017819966356663358e-04 1.076171909704576243e-04
1.300000000000000000e+01 2.223881674998323330e-02 5.665623270924941002e-02 1.132345894725802251e-04 1.081079398488503569e-04
1.400000000000000000e+01 2.456782617043745329e-02 6.521115826239551327e-02 1.165540678353606561e-04 1.111292757177764632e-04
1.500000000000000000e+01 3.398917551904143131e-02 7.913408244423823790e-02 1.124578668380141129e-04 1.124173326680574667e-04
1.600000000000000000e+01 4.348502056224320955e-02 1.005300651342043439e-01 1.092024294859048506e-04 1.111681419215881868e-04
1.700000000000000000e+01 5.250199518641639196e-02 1.100884304056931051e-01 1.091127428748341250e-04 1.087512326536197338e-04
1.800000000000000000e+01 4.973915131474865997e-02 9.485253222968728637e-02 1.099355719507444802e-04 1.066224026471174132e-04
1.900000000000000000e+01 2.874935067762816182e-02 5.669416533979279582e-02 1.095612859931855039e-04 1.061584010103192255e-04
2.000000000000000000e+01 9.106558692114566020e-03 1.692919552143579143e-02 1.078608990033175230e-04 1.078988539163775113e-04
2.100000000000000000e+01 -1.504753541104439851e-03 -3.415596767200291053e-03 1.058998649169700187e-04 1.114200266358752686e-04
2.200000000000000000e+01 -2.796382771332098487e-03 -4.114728557098695956e-03 1.050301587602565305e-04 1.151486496594646006e-04
2.300000000000000000e+01 -5.926494806278887438e-03 -7.501359411888399234e-03 1.074199987257980628e-04 1.174255762875563120e-04
2.400000000000000000e+01 -2.598600045033857761e-02 -3.852238865160916709e-02 1.153326120990922640e-04 1.174510307373824176e-04
2.500000000000000000e+01 -5.388560464759996338e-02 -8.957818820213828137e-02 1.272567459920009901e-04 1.151812425562880233e-04
2.600000000000000000e+01 -7.762361035563616896e-02 -1.318136502588670989e-01 1.370232021699916911e-04 1.109624411776110307e-04
2.700000000000000000e+01 -8.642697161302481668e-02 -1.487009805073979118e-01 1.388711903788680715e-04 1.051632273106664742e-04
2.800000000000000000e+01 -7.997645784550731773e-02 -1.394618151577982912e-01 1.319011834406217114e-04 9.825836103083823443e-05
2.900000000000000000e+01 -6.150844191109679920e-02 -1.118381035172239801e-01 1.195691628304677303e-04 9.068038545283851708e-05
3.000000000000000000e+01 -4.236057784603571019e-02 -7.624272968908078763e-02 1.064918117417607306e-04 8.280415389622164184e-05
3.100000000000000000e+01 -2.267650475772284985e-02 -4.253924136793368199e-02 9.570179916890223524e-05 7.519646767430160491e-05
3.200000000000000000e+01 -8.174679491003318532e-03 -1.753874756321176578e-02 8.796386248515271247e-05 6.844119518160093408e-05
3.300000000000000000e+01 -1.777426210603562503e-03 -3.243273477975656526e-03 8.264823774204023237e-05 6.291577314258836530e-05
3.400000000000000000e+01 4.792716496268867071e-04 2.425693735112717693e-03 7.885591925188370911e-05 5.871295273896775250e-05
3.500000000000000000e+01 -3.125109334351711728e-04 3.436337855613688218e-03 7.597945927273533340e-05 5.562564121798230639e-05
3.600000000000000000e+01 -2.072347424901089890e-04 3.094612212157532051e-03 7.372264369837435750e-05 5.338095985837012125e-05
3.700000000000000000e+01 1.641144970564622357e-03 3.199874070626248460e-03 7.195282091881245181e-05 5.171557684154378515e-05
3.800000000000000000e+01 4.936327504349342574e-03 4.079711065930030287e-03 7.055335517475897508e-05 5.044734739753911412e-05
3.900000000000000000e+01 5.960527539049399054e-03 5.478704846983546706e-03 6.937651734393394921e-05 4.939644106279916406e-05
4.000000000000000000e+01 5.925683110187628284e-03 6.925969847344956923e-03 6.828406828009414261e-05 4.849461883218426054e-05
4.100000000000000000e+01 5.866810555918863107e-03 8.138971597621802792e-03 6.716466907868883841e-05 4.767520313842522309e-05
4.200000000000000000e+01 5.569150035630614920e-03 8.984777253180925224e-03 6.592473829398634523e-05 4.686113739674707359e-05
4.300000000000000000e+01 3.773858898080045821e-03 9.418952417646385758e-03 6.447200664837804429e-05 4.593470974200499239e-05
4.400000000000000000e+01 3.224588245335279022e-03 9.566919703450315476e-03 6.272990642296174190e-05 4.484192759113451125e-05
4.500000000000000000e+01 3.236714355581027207e-03 9.430587838477879833e-03 6.066308422891482973e-05 4.348889715705194452e-05
4.600000000000000000e+01 3.179955907097279169e-03 9.055119458874707691e-03 5.833662683817891618e-05 4.189705823503817251e-05
4.700000000000000000e+01 4.148108167213194857e-03 8.418118459526212696e-03 5.595393281542832578e-05 4.020325878740768947e-05
