# freqs 	 pli 	 dpli 	 meanpower(thalamus)	 meanpower(scalp)	pli
8.000000000000000000e+00 -5.147985254908724051e-02 -1.092641445733684297e-01 8.578862285776516037e-05 1.754480118792960271e-04
9.000000000000000000e+00 -2.376991544260930248e-02 -5.473964307793675876e-02 8.410891501379350944e-05 1.310514498093144728e-04
1.000000000000000000e+01 -1.354075480257278981e-02 -4.142684396199110275e-02 9.214707014689405495e-05 1.123627675861423719e-04
1.100000000000000000e+01 -1.288221803401530530e-02 -6.288765372840320056e-02 1.085970411094786588e-04 1.094226068678832270e-04
1.200000000000000000e+01 -6.374514266090438057e-04 -3.275618393422090324e-02 1.225253777209004931e-04 1.140095552315736075e-04
1.300000000000000000e+01 2.114124758679621421e-02 2.044408614022731260e-02 1.251481371912641560e-04 1.212488535651451888e-04
1.400000000000000000e+01 3.778720823397960921e-02 6.296131346669506246e-02 1.174199057488757851e-04 1.264506890604630773e-04
1.500000000000000000e+01 5.043844530687115885e-02 9.193647278522572297e-02 1.053509188837624546e-04 1.274374143537136325e-04
1.600000000000000000e+01 5.595934319609952717e-02 1.100361076051241394e-01 9.418287186181314682e-05 1.250476280894005686e-04
1.700000000000000000e+01 5.529762806051453927e-02 1.107730083240571206e-01 8.634887313480288330e-05 1.205054589491387832e-04
1.800000000000000000e+01 4.307703078969619959e-02 8.713793109044445928e-02 8.188416425642835496e-05 1.146577113110106591e-04
1.900000000000000000e+01 2.115290386759452121e-02 4.652445433406977859e-02 8.009582281604209198e-05 1.085506320498482867e-04
2.000000000000000000e+01 4.188676777657046081e-03 1.156329517815091537e-02 8.006832416745085078e-05 1.029929284332894426e-04
2.100000000000000000e+01 -8.018829930998684716e-04 1.306569252461473865e-03 8.091818393016276720e-05 9.804640497349641768e-05
2.200000000000000000e+01 2.567645520035415681e-03 1.314934777603101422e-02 8.133885938159286517e-05 9.356928225685119064e-05
2.300000000000000000e+01 7.613571264510605660e-03 2.956902805867031928e-02 7.992298218415368151e-05 8.938044865470086246e-05
2.400000000000000000e+01 1.095733080171866318e-02 3.738890105701930117e-02 7.644296339072414049e-05 8.553600900328434001e-05
2.500000000000000000e+01 1.373767843676232392e-02 3.560200220944384486e-02 7.194625460222486054e-05 8.217959116603700811e-05
2.600000000000000000e+01 1.410852934459922402e-02 2.956409052300913026e-02 6.772421060530766583e-05 7.945711658958048713e-05
2.700000000000000000e+01 1.067330470419653767e-02 2.341417422180119140e-02 6.442030974988266782e-05 7.741518860184931064e-05
2.800000000000000000e+01 5.648871829414762319e-03 1.832264605279658454e-02 6.203700782946380506e-05 7.592662940881736043e-05
2.900000000000000000e+01 1.658233011126725685e-03 1.422344528395569699e-02 6.029287796026595533e-05 7.478792150287711152e-05
3.000000000000000000e+01 7.928576039317902129e-04 1.093126563398407435e-02 5.894569405374361441e-05 7.389364113536261980e-05
3.100000000000000000e+01 -2.545158769851793264e-04 8.645177811980554392e-03 5.785752454928507616e-05 7.318761445084055240e-05
3.200000000000000000e+01 7.858505976600598355e-04 7.330695083722562656e-03 5.694106835426607715e-05 7.262775323580595709e-05
3.300000000000000000e+01 1.138685287572501793e-03 6.445819074707877239e-03 5.613795777587860783e-05 7.215584473254262586e-05
3.400000000000000000e+01 1.673609672983958005e-03 5.161692213052576292e-03 5.540507574560489290e-05 7.170517452325255814e-05
3.500000000000000000e+01 1.134706651229206277e-03 2.736934427307313560e-03 5.470506073897489724e-05 7.125064882054776838e-05
3.600000000000000000e+01 -2.176441926088920368e-05 -9.786717608896051968e-04 5.403399119899141072e-05 7.080619420144650860e-05
3.700000000000000000e+01 -3.418798105295784481e-03 -5.556950960140289060e-03 5.339162716987370380e-05 7.037978088170535182e-05
3.800000000000000000e+01 -5.866967759860424424e-03 -1.018572442475172007e-02 5.277876469366454560e-05 6.995453874714757604e-05
3.900000000000000000e+01 -8.047629971420420386e-03 -1.401281169232340175e-02 5.219154916945973976e-05 6.951320223678224904e-05
4.000000000000000000e+01 -1.068627250926454213e-02 -1.637942963782932498e-02 5.161094601822518438e-05 6.904096060227031127e-05
4.100000000000000000e+01 -1.070965607497690632e-02 -1.705041428700804565e-02 5.101277527030409584e-05 6.849976113410718016e-05
4.200000000000000000e+01 -9.177248722992867661e-03 -1.620472301095796097e-02 5.034468801302025145e-05 6.782006149556605635e-05
4.300000000000000000e+01 -7.282299158179517985e-03 -1.433788032977471177e-02 4.952161212189880502e-05 6.689490460904188977e-05
4.400000000000000000e+01 -6.597788444362492379e-03 -1.203852252183874351e-02 4.844363573046627262e-05 6.560094556323488400e-05
4.500000000000000000e+01 -6.130320492481782652e-03 -9.816920233718938113e-03 4.705614153810326399e-05 6.385209567649180571e-05
4.600000000000000000e+01 -6.998354188402233951e-03 -8.015197038128033663e-03 4.539879347441458580e-05 6.170015239388667628e-05
4.700000000000000000e+01 -6.628453186715456760e-03 -6.830239264369568873e-03 4.363534018588602359e-05 5.936715728528121715e-05
