# freqs 	 pli 	 dpli 	 meanpower(thalamus)	 meanpower(scalp)	pli
8.000000000000000000e+00 -1.817176051526439295e-01 -4.830674210552824976e-01 8.636805705033255413e-05 2.783809284319849393e-04
9.000000000000000000e+00 -1.386119163141596722e-01 -3.328800833915527835e-01 7.681132578715459851e-05 2.167978110914613470e-04
1.000000000000000000e+01 -9.869415133840735155e-02 -1.922204031164897464e-01 6.973417327507368539e-05 1.725775193214913934e-04
1.100000000000000000e+01 -2.594971686925997070e-02 -6.379118581530951460e-02 6.348191405726737353e-05 1.457046961834982735e-04
1.200000000000000000e+01 5.676498853531990185e-03 1.001356120108895173e-02 5.866830247564178429e-05 1.334968816068346649e-04
1.300000000000000000e+01 3.090459320373047797e-03 1.831831230126736501e-02 5.588823151402160807e-05 1.266250721692527802e-04
1.400000000000000000e+01 -1.786548962479746292e-03 -2.597162249240572013e-02 5.412137990723478649e-05 1.195875546860170670e-04
1.500000000000000000e+01 -7.830496609769399194e-03 -3.748182664176326340e-02 5.259114095479288682e-05 1.109283517738757951e-04
1.600000000000000000e+01 -4.353756195054759963e-03 -8.913180042981727266e-03 5.127363852273123890e-05 1.011904622995297921e-04
1.700000000000000000e+01 7.125545713509486359e-03 1.263519794106054452e-02 5.021003975971913974e-05 9.224406725653978086e-05
1.800000000000000000e+01 1.139516368987784564e-02 1.241585463618946616e-02 4.944319628777017755e-05 8.490707141463053518e-05
1.900000000000000000e+01 4.601093844951819126e-03 6.322962485528277853e-03 4.905617559577561047e-05 7.909243599464493607e-05
2.000000000000000000e+01 -1.311778438624084308e-03 5.481223662836515187e-03 4.908707328285951646e-05 7.438885937490709907e-05
2.100000000000000000e+01 -8.192705172823588552e-04 7.140933483660961457e-03 4.942923863091640909e-05 7.066872135030874478e-05
2.200000000000000000e+01 3.694945119002669524e-03 5.893410727284963992e-03 4.996968123101756207e-05 6.792072141930150810e-05
2.300000000000000000e+01 7.178535504737886680e-03 1.669579192850383044e-03 5.060604090353339136e-05 6.594180492867269020e-05
2.400000000000000000e+01 4.159018503280798550e-03 -3.754822822786546901e-03 5.121201950666530255e-05 6.439900589890338646e-05
2.500000000000000000e+01 -1.749581021386983600e-03 -8.936344325593936072e-03 5.162701187568423204e-05 6.296678510024092889e-05
2.600000000000000000e+01 -3.341152119609043167e-03 -1.204968335787214365e-02 5.175434446248197517e-05 6.149993757352318800e-05
2.700000000000000000e+01 -6.189062495905838478e-03 -1.132079787986530958e-02 5.157001566749450571e-05 5.996872974112517200e-05
2.800000000000000000e+01 -5.362687726769752548e-03 -6.647695377844251886e-03 5.112310914337590812e-05 5.836924482555483834e-05
2.900000000000000000e+01 -3.153503130651658538e-03 -2.354968544019287878e-04 5.052558499007871851e-05 5.676273838427951053e-05
3.000000000000000000e+01 -7.045432602608897913e-05 5.120104290532086558e-03 4.986744436044328668e-05 5.522340632584833703e-05
3.100000000000000000e+01 5.262211848312836355e-04 8.032960110393526365e-03 4.921375939720849173e-05 5.380656248438068015e-05
3.200000000000000000e+01 2.925748406442367760e-03 9.387734088754385794e-03 4.858265100963948314e-05 5.252386275070765890e-05
3.300000000000000000e+01 4.122390700780434632e-03 1.056438529847711187e-02 4.797268826292058823e-05 5.138238241477399108e-05
3.400000000000000000e+01 5.701360752434362147e-03 1.240751992622062157e-02 4.737032283372577128e-05 5.041365661623210310e-05
3.500000000000000000e+01 9.176879757218273093e-03 1.457538348548017768e-02 4.675424482038693810e-05 4.958800849803883428e-05
3.600000000000000000e+01 9.797905257570460602e-03 1.647996297549111575e-02 4.611342798017543910e-05 4.890232689286313410e-05
3.700000000000000000e+01 8.499448331347842986e-03 1.763728295257557463e-02 4.545867841646829770e-05 4.835819966126305466e-05
3.800000000000000000e+01 7.294859512625917301e-03 1.779070123457520206e-02 4.479766138297486760e-05 4.795180170598884264e-05
3.900000000000000000e+01 7.126926366273707118e-03 1.687848044196935127e-02 4.411969859543791572e-05 4.762098590504917732e-05
4.000000000000000000e+01 6.254293141155259535e-03 1.504367476213429658e-02 4.341072887257142857e-05 4.736290007133327283e-05
4.100000000000000000e+01 4.711144644629823054e-03 1.256536672310289322e-02 4.265278490463261292e-05 4.713762707484760015e-05
4.200000000000000000e+01 2.745061718866575236e-03 9.833351650133657570e-03 4.181019721019279802e-05 4.686859182880921893e-05
4.300000000000000000e+01 1.129411522570221557e-03 7.153998439077323065e-03 4.082641552454117879e-05 4.645706589002282754e-05
4.400000000000000000e+01 -1.008827562454136986e-03 4.822428846934230344e-03 3.964180016923940937e-05 4.582929686518465412e-05
4.500000000000000000e+01 -1.930992689446560037e-03 2.835247761370520390e-03 3.822597904149006458e-05 4.489325912160927964e-05
4.600000000000000000e+01 -2.050986050986051187e-03 1.122665660149374956e-03 3.661585740481999526e-05 4.367261359292534819e-05
4.700000000000000000e+01 -4.741261662542623580e-05 -3.795349130176015203e-04 3.493462264459531471e-05 4.231643344545274709e-05
