# freqs 	 pli 	 dpli 	 meanpower(thalamus)	 meanpower(scalp)	pli
8.000000000000000000e+00 -8.496992977971605044e-04 -1.412940683149264964e-02 2.638184557580606593e-04 6.599319788323764749e-04
9.000000000000000000e+00 1.315059688262949777e-02 2.593384269578777324e-02 2.342873600403075059e-04 5.124405987764699957e-04
1.000000000000000000e+01 6.707592002624866712e-02 1.274556950061403460e-01 2.061424970169431514e-04 4.061558662835998705e-04
1.100000000000000000e+01 1.534015850931777780e-01 4.196079087436342392e-01 1.953013648255972419e-04 3.669402725812151477e-04
1.200000000000000000e+01 1.470275080441652837e-01 4.571625961566124219e-01 1.849634942578670942e-04 3.603264235047323196e-04
1.300000000000000000e+01 8.029106461036411568e-02 2.297269751693376549e-01 1.577552668471534606e-04 3.509575771273100203e-04
1.400000000000000000e+01 2.759621740545980043e-02 4.883820678689658468e-02 1.284643678792873715e-04 3.123453515571767130e-04
1.500000000000000000e+01 1.765706675102968193e-02 2.161062254181548778e-02 1.087589913363140544e-04 2.601738302720556337e-04
1.600000000000000000e+01 2.435492660070048138e-02 5.058002914874546591e-02 9.823223241862403708e-05 2.200510092072717157e-04
1.700000000000000000e+01 2.748333899096809529e-02 6.510447204753005979e-02 9.272518391221467161e-05 1.948088674684645013e-04
1.800000000000000000e+01 2.214164044362135902e-02 6.439259987994849777e-02 8.872096006878323971e-05 1.771373732330716003e-04
1.900000000000000000e+01 1.851819552104191913e-02 6.176273988790881991e-02 8.443331400310346278e-05 1.623421901933890584e-04
2.000000000000000000e+01 2.225899701146180631e-02 6.108293212666628808e-02 7.999951827265861274e-05 1.495230145758596281e-04
2.100000000000000000e+01 2.481338102759249667e-02 6.482167222663579031e-02 7.661120464580692163e-05 1.393139868440960365e-04
2.200000000000000000e+01 2.477898428997174149e-02 7.348322738174593860e-02 7.471335776477510879e-05 1.321193611064254555e-04
2.300000000000000000e+01 2.714133624271196712e-02 7.942800201020759621e-02 7.349517111992542645e-05 1.275158961704902756e-04
2.400000000000000000e+01 2.750827445865971013e-02 7.515929711134539115e-02 7.169035761322088251e-05 1.249430185550512397e-04
2.500000000000000000e+01 2.495947862140670062e-02 6.219362470322163661e-02 6.876102331800636755e-05 1.240730828063711514e-04
2.600000000000000000e+01 1.886225926118399732e-02 4.747152837135707598e-02 6.501660683757140623e-05 1.244876811979572296e-04
2.700000000000000000e+01 1.255916187687675274e-02 3.536778808190260692e-02 6.123937606540851052e-05 1.259362457656583618e-04
2.800000000000000000e+01 7.670375306040227124e-03 2.643592065193087551e-02 5.793970553726377317e-05 1.282924452094440562e-04
2.900000000000000000e+01 3.748801076452448928e-03 1.961136606027628210e-02 5.534578738833150326e-05 1.313572585805698213e-04
3.000000000000000000e+01 1.874191805935213626e-03 1.449276351975210993e-02 5.336421204646166054e-05 1.347352059237160165e-04
3.100000000000000000e+01 6.260900675282858509e-04 1.097428448514688182e-02 5.185700345879199071e-05 1.379909297250753002e-04
3.200000000000000000e+01 1.112755898515046431e-03 8.966700901524021425e-03 5.065966524082931194e-05 1.407325052885833477e-04
3.300000000000000000e+01 -4.760591561373385492e-04 8.066377003292235850e-03 4.966093585646742375e-05 1.426625987014036091e-04
3.400000000000000000e+01 -1.966797419865753873e-03 7.760148249489769688e-03 4.881906561388741223e-05 1.436535050454842088e-04
3.500000000000000000e+01 -2.278764733113446215e-03 7.658599228910136815e-03 4.803020202388998675e-05 1.437390630518290172e-04
3.600000000000000000e+01 -5.056118946936578049e-04 7.494874005938529510e-03 4.726419227278155864e-05 1.431035613064337892e-04
3.700000000000000000e+01 5.544406238645105319e-05 7.289064019037736278e-03 4.649929567279694538e-05 1.420403512895034969e-04
3.800000000000000000e+01 8.458531067889547752e-04 7.279883424922792279e-03 4.575464959910966774e-05 1.409029216896416691e-04
3.900000000000000000e+01 3.161451660178747191e-03 7.658608229340231610e-03 4.502811181277093227e-05 1.399688486468667005e-04
4.000000000000000000e+01 3.806564760941675250e-03 8.633958859364838576e-03 4.435391300304571826e-05 1.394210676524041380e-04
4.100000000000000000e+01 5.600774750307110049e-03 1.023001677587470452e-02 4.373022135374889151e-05 1.392783630359785343e-04
4.200000000000000000e+01 6.127538400842045402e-03 1.229901468852382870e-02 4.312208523962834890e-05 1.393440233362175471e-04
4.300000000000000000e+01 7.446509603304125001e-03 1.456581763301263363e-02 4.244742813898315766e-05 1.392404733279467718e-04
4.400000000000000000e+01 8.238521496379384162e-03 1.671973749030487497e-02 4.163781549243864743e-05 1.385341291716778828e-04
4.500000000000000000e+01 1.003787824011275788e-02 1.854463848302653761e-02 4.061464495321714940e-05 1.368907682166254302e-04
4.600000000000000000e+01 1.114049690007950892e-02 1.998961696414557065e-02 3.938534707220898182e-05 1.343480514160064166e-04
4.700000000000000000e+01 1.200672637151328076e-02 2.111822469663108409e-02 3.806285034723132536e-05 1.313804009709764527e-04
