# freqs 	 pli 	 dpli 	 meanpower(thalamus)	 meanpower(scalp)	pli
8.000000000000000000e+00 -1.954531840009370025e-02 -4.776302750830485611e-02 4.255827705138719093e-05 2.577517648582648506e-04
9.000000000000000000e+00 1.151968902817223934e-03 -1.244753760094900134e-03 4.214322716543246721e-05 2.358718264648719813e-04
1.000000000000000000e+01 2.530814162350447996e-02 4.916860121749062895e-02 4.280832269892833681e-05 2.162734165652439497e-04
1.100000000000000000e+01 2.568369163373070141e-02 2.925618199893120774e-02 4.465624043428614235e-05 2.128595941634497534e-04
1.200000000000000000e+01 1.012658203922577396e-02 -4.297356631061115956e-02 4.356824351275803367e-05 2.174986273683481594e-04
1.300000000000000000e+01 3.701932101313611372e-03 -3.744511661723208540e-02 3.971700408486789389e-05 2.137404306553774040e-04
1.400000000000000000e+01 3.748937290078969888e-03 -1.575782579527286453e-02 3.600163693960950419e-05 1.946399285302516336e-04
1.500000000000000000e+01 3.561268166910692111e-03 -2.526743289698055173e-02 3.373868825202963552e-05 1.669999640292259724e-04
1.600000000000000000e+01 2.691434332394260047e-03 -3.426357760271558223e-02 3.261450885951806323e-05 1.419919305988531614e-04
1.700000000000000000e+01 4.006655676830060339e-03 -3.095814676392069989e-02 3.204296161139238405e-05 1.241256379060065498e-04
1.800000000000000000e+01 3.769244489791884287e-03 -2.356292272812596233e-02 3.167983251758645048e-05 1.121633817750379510e-04
1.900000000000000000e+01 4.069585241186618983e-03 -1.754753655395809367e-02 3.143978193451086250e-05 1.037783873428440597e-04
2.000000000000000000e+01 1.834795948956380231e-03 -1.491225373948564317e-02 3.133992582389301303e-05 9.745037037743612882e-05
2.100000000000000000e+01 -1.156148159568752380e-03 -1.747587091246153787e-02 3.135401890038932212e-05 9.240020120878138980e-05
2.200000000000000000e+01 -5.837381875488484653e-03 -2.543807369334473087e-02 3.139492674373397016e-05 8.821165234336687865e-05
2.300000000000000000e+01 -1.125269542095545978e-02 -3.558068751088278026e-02 3.136629406985398904e-05 8.459869781756733961e-05
2.400000000000000000e+01 -1.449541093093697879e-02 -4.366986767583667245e-02 3.121483471866186272e-05 8.137018626119635562e-05
2.500000000000000000e+01 -1.524602045210691516e-02 -4.787797243138004755e-02 3.097070229555578592e-05 7.839948742641401566e-05
2.600000000000000000e+01 -1.434087966583701829e-02 -4.919796177984474272e-02 3.070422831952709908e-05 7.558222686265970286e-05
2.700000000000000000e+01 -1.299661722365862485e-02 -4.980329682627696736e-02 3.048176126306391021e-05 7.283936936091132096e-05
2.800000000000000000e+01 -1.180459780739647434e-02 -5.113324874259910641e-02 3.033945935953610184e-05 7.013566158207240164e-05
2.900000000000000000e+01 -1.162591374713095767e-02 -5.301267315700638333e-02 3.027381724472452321e-05 6.749302338827705902e-05
3.000000000000000000e+01 -1.129382357325683928e-02 -5.416305870246812537e-02 3.026144085067803571e-05 6.496991868416207626e-05
3.100000000000000000e+01 -1.117798586522390607e-02 -5.322260094962499161e-02 3.027786985460874093e-05 6.261283476111933490e-05
3.200000000000000000e+01 -1.046255924899521829e-02 -4.955142033325220241e-02 3.030301247140116777e-05 6.044004926876946787e-05
3.300000000000000000e+01 -9.408415868972707860e-03 -4.339814303646237492e-02 3.032256094637362243e-05 5.844771952330721215e-05
3.400000000000000000e+01 -8.285935341850323571e-03 -3.562925698510480826e-02 3.032725242963205711e-05 5.662246338405084456e-05
3.500000000000000000e+01 -6.106060524389720842e-03 -2.726080724748899606e-02 3.031235654520501575e-05 5.493601233861081598e-05
3.600000000000000000e+01 -4.784466991348965831e-03 -1.917675039725308048e-02 3.027734289989022958e-05 5.336444557700037846e-05
3.700000000000000000e+01 -3.794026357985882079e-03 -1.193050349952366578e-02 3.022319731050218078e-05 5.189052959143154644e-05
3.800000000000000000e+01 -2.889295643641605349e-03 -5.763024612160893428e-03 3.015421130380310506e-05 5.049896688357707159e-05
3.900000000000000000e+01 -2.003656692203045243e-03 -6.684501435117324577e-04 3.007663320253207233e-05 4.917619741706336702e-05
4.000000000000000000e+01 -1.083101337783100911e-03 3.435876804968171147e-03 2.999290932455443977e-05 4.791364435822203951e-05
4.100000000000000000e+01 1.772908875060043483e-04 6.671997250250684582e-03 2.989170491805663080e-05 4.669382917299086296e-05
4.200000000000000000e+01 8.711002526841751022e-04 9.154171842166250808e-03 2.974066913212007366e-05 4.548105241295707224e-05
4.300000000000000000e+01 1.503384429856946015e-03 1.099275068618392470e-02 2.948557301245928599e-05 4.420659728010574853e-05
4.400000000000000000e+01 2.095327618911317722e-03 1.229323543000439625e-02 2.906470814179268005e-05 4.279409438029867176e-05
4.500000000000000000e+01 3.041588005446144421e-03 1.316755075318818899e-02 2.844090531943498044e-05 4.118318035039100896e-05
4.600000000000000000e+01 3.478098253805795605e-03 1.371290227699377764e-02 2.764014704910974557e-05 3.938138567253853011e-05
4.700000000000000000e+01 4.173331559253864315e-03 1.400118204651390995e-02 2.676961718166581095e-05 3.749372847397686881e-05
