# freqs 	 pli 	 dpli 	 meanpower(thalamus)	 meanpower(scalp)	pli
8.000000000000000000e+00 -6.378985669959989779e-02 -1.931906654251001609e-01 3.078520584180543764e-05 1.390578309133860227e-04
9.000000000000000000e+00 -6.486567927445364978e-02 -1.674741108100374076e-01 2.811630911555200606e-05 1.284181717812576918e-04
1.000000000000000000e+01 -5.718405086088543948e-02 -1.474369851715637558e-01 2.658102547202651826e-05 1.269334551093511104e-04
1.100000000000000000e+01 -7.301714646512082185e-02 -1.838706494560450599e-01 2.626094926702762650e-05 1.354594428722272995e-04
1.200000000000000000e+01 -9.421181123522338885e-02 -2.291488126860268815e-01 2.627367507876252121e-05 1.373274367868075911e-04
1.300000000000000000e+01 -9.040811323279829281e-02 -2.101751817163950431e-01 2.609466411476590102e-05 1.247421973438444512e-04
1.400000000000000000e+01 -7.432147179405390602e-02 -1.589527130482712713e-01 2.586528187671026363e-05 1.091262150185797489e-04
1.500000000000000000e+01 -4.923417194641734052e-02 -1.116164576521155166e-01 2.576460842876948651e-05 9.626540748014110124e-05
1.600000000000000000e+01 -2.982038754559266508e-02 -7.388544695512415383e-02 2.580750015285911963e-05 8.622039363145983623e-05
1.700000000000000000e+01 -2.110889140078362619e-02 -5.272967448525454209e-02 2.595291721118254917e-05 7.864118135400246156e-05
1.800000000000000000e+01 -2.636843145215707340e-02 -5.034685320229501104e-02 2.616045007818233828e-05 7.342235768820787214e-05
1.900000000000000000e+01 -3.170888916177684591e-02 -5.861880273012134296e-02 2.641823094341006969e-05 7.024565814725752062e-05
2.000000000000000000e+01 -3.433353639929148660e-02 -6.881792213622781040e-02 2.671238638609742128e-05 6.853753290752107421e-05
2.100000000000000000e+01 -3.511109692141466121e-02 -7.384720541137869410e-02 2.703509785952753011e-05 6.769116214943203742e-05
2.200000000000000000e+01 -3.410773482820605301e-02 -7.112232258862004330e-02 2.738201744102556918e-05 6.699191707756507492e-05
2.300000000000000000e+01 -2.937339135923754466e-02 -6.262044905233687953e-02 2.772424291688260057e-05 6.608399769402114601e-05
2.400000000000000000e+01 -2.280912630686509485e-02 -5.116894203188820933e-02 2.805545357254283110e-05 6.497356060076496325e-05
2.500000000000000000e+01 -1.994072124324461348e-02 -3.949555678483023663e-02 2.840393830469499487e-05 6.383776824301314241e-05
2.600000000000000000e+01 -1.562536925521326378e-02 -2.973528984663478467e-02 2.876902667301829152e-05 6.275540628840969935e-05
2.700000000000000000e+01 -1.004031229716609991e-02 -2.216350253418111413e-02 2.912599957847331381e-05 6.180696000818382589e-05
2.800000000000000000e+01 -4.625561959937263615e-03 -1.657710214562347489e-02 2.943322012381798813e-05 6.103836346040048303e-05
2.900000000000000000e+01 -3.728104663368637245e-03 -1.245449629432576061e-02 2.967662342058202557e-05 6.043988429529802001e-05
3.000000000000000000e+01 -3.195110394324440425e-03 -9.584250634435154473e-03 2.987072708870346441e-05 6.001079790129118421e-05
3.100000000000000000e+01 -3.242176028919516780e-03 -7.036499388869878018e-03 3.005515697016532665e-05 5.976076793265911000e-05
3.200000000000000000e+01 -4.333068807792933054e-03 -4.247751015583948325e-03 3.025444788551146340e-05 5.962362906179760158e-05
3.300000000000000000e+01 -2.980266589566315984e-03 -1.189895204063876099e-03 3.046810622307688428e-05 5.956072314302624643e-05
3.400000000000000000e+01 -1.169191848570832288e-03 1.763801319227465379e-03 3.068649853534984696e-05 5.957438488741993179e-05
3.500000000000000000e+01 -3.259576684629243194e-04 4.118217754444494262e-03 3.090390184635265452e-05 5.961939174465585183e-05
3.600000000000000000e+01 7.329636880030412525e-04 5.842076591100759352e-03 3.112054138988217097e-05 5.970227605918808090e-05
3.700000000000000000e+01 2.613641473918192331e-03 7.136333309007172193e-03 3.134092976204328363e-05 5.981726422994168509e-05
3.800000000000000000e+01 3.865096291172721941e-03 8.387422267756045047e-03 3.156954924661573367e-05 5.997950906134518406e-05
3.900000000000000000e+01 5.978247258260387803e-03 9.634306339056130861e-03 3.180696343377348799e-05 6.016080871823873847e-05
4.000000000000000000e+01 7.077030137231180192e-03 1.091592969521160313e-02 3.204410041419429367e-05 6.035404963841404412e-05
4.100000000000000000e+01 5.856290612246632839e-03 1.206532400484590026e-02 3.225892285876066451e-05 6.050312898649098947e-05
4.200000000000000000e+01 4.952264581815250116e-03 1.287510236723210522e-02 3.240374909407972261e-05 6.050837769738536844e-05
4.300000000000000000e+01 5.763676534072407522e-03 1.322141678619473404e-02 3.240655122147117210e-05 6.021783343447725101e-05
4.400000000000000000e+01 5.164052518408817315e-03 1.312071243445653811e-02 3.219076090019150929e-05 5.952414161462936691e-05
4.500000000000000000e+01 4.735964307142535856e-03 1.269802284153675152e-02 3.171344719973367803e-05 5.834470410949834946e-05
4.600000000000000000e+01 4.268039419859075839e-03 1.202628574562505590e-02 3.101053516831149076e-05 5.673835555373165734e-05
4.700000000000000000e+01 3.690425758370901449e-03 1.109403330387870139e-02 3.020659443439995933e-05 5.493020549450167508e-05
