# freqs 	 pli 	 dpli 	 meanpower(thalamus)	 meanpower(scalp)	pli
8.000000000000000000e+00 -3.651645423082952591e-02 -2.472859072885970344e-02 1.250629781745531870e-04 8.306072743098556711e-04
9.000000000000000000e+00 -2.369669698185683515e-02 -1.890275536528239139e-02 1.023131493538141683e-04 7.253588764727146674e-04
1.000000000000000000e+01 5.389649956418620345e-03 1.588771233357192877e-02 8.706794458791710582e-05 5.402235194224924795e-04
1.100000000000000000e+01 1.106924448725162512e-02 4.619813810925829656e-02 8.018133656978641507e-05 3.897377797357274546e-04
1.200000000000000000e+01 1.823058338834605829e-02 5.749753019081084437e-02 7.729506718038683445e-05 3.276971706764948591e-04
1.300000000000000000e+01 1.902144954749696720e-02 6.900022809275657698e-02 7.613448816673588926e-05 3.094089821510691350e-04
1.400000000000000000e+01 1.760359760379541852e-02 8.343027126484416078e-02 7.535614526328275446e-05 3.008609671614363495e-04
1.500000000000000000e+01 2.151985558865306125e-02 7.587138648647998029e-02 7.406435039173427798e-05 2.889371677735694667e-04
1.600000000000000000e+01 1.413370477080908537e-02 5.651228178356294818e-02 7.199588475184569790e-05 2.709234195808949927e-04
1.700000000000000000e+01 1.033033017993880212e-02 4.291493493266656384e-02 6.951056118877201051e-05 2.497198415661159199e-04
1.800000000000000000e+01 1.562002975890837073e-02 3.901826934239627231e-02 6.718559587980090701e-05 2.277432229443470974e-04
1.900000000000000000e+01 1.810994404884560746e-02 4.021410876155966097e-02 6.548881836505173013e-05 2.071369361502682432e-04
2.000000000000000000e+01 2.118254443610227689e-02 4.134429052734334142e-02 6.432917303484871096e-05 1.896391505234825043e-04
2.100000000000000000e+01 2.168965007698210948e-02 4.231637497455276176e-02 6.343951309746801034e-05 1.761834824204368808e-04
2.200000000000000000e+01 2.142833512139099769e-02 4.417779807642480822e-02 6.274739933346355487e-05 1.661695438151286174e-04
2.300000000000000000e+01 2.522074447523843174e-02 4.462953999259336446e-02 6.246034994578541133e-05 1.583180107270249924e-04
2.400000000000000000e+01 2.021182588056606028e-02 3.699895889512377911e-02 6.296593691317985565e-05 1.517547232681653680e-04
2.500000000000000000e+01 7.165758597212541943e-03 1.311406578887314676e-02 6.495601459455891183e-05 1.459222942770894212e-04
2.600000000000000000e+01 -6.198429853157743329e-03 -3.506225850894431617e-02 6.950144484073248450e-05 1.406251620934838341e-04
2.700000000000000000e+01 -4.026636712461746648e-02 -1.117893856247630102e-01 7.781194168119298822e-05 1.360245797913401799e-04
2.800000000000000000e+01 -7.396694494355932070e-02 -2.065971468514275211e-01 8.981068033783891737e-05 1.320756732246201198e-04
2.900000000000000000e+01 -1.058839478633134545e-01 -2.948486719584386684e-01 1.031042829939338092e-04 1.285628601664135808e-04
3.000000000000000000e+01 -1.244445834459617928e-01 -3.547954544957546696e-01 1.137917869445453711e-04 1.249756242435261895e-04
3.100000000000000000e+01 -1.374447989449354979e-01 -3.773851411610926188e-01 1.187052833043872563e-04 1.210401838662121386e-04
3.200000000000000000e+01 -1.401889471541531151e-01 -3.645064681761568393e-01 1.169022292770632366e-04 1.167637433001599001e-04
3.300000000000000000e+01 -1.244215505716716325e-01 -3.233471934149247384e-01 1.095737175543789685e-04 1.124410812187117179e-04
3.400000000000000000e+01 -1.054000085251212415e-01 -2.635763625544239597e-01 9.899911043950367117e-05 1.085198122023893648e-04
3.500000000000000000e+01 -7.943065833398704756e-02 -1.976726730937063692e-01 8.757435971309097760e-05 1.051958756920416102e-04
3.600000000000000000e+01 -5.451141089315911237e-02 -1.356546742888151413e-01 7.710291232230381169e-05 1.026639898626083465e-04
3.700000000000000000e+01 -3.346373683717641934e-02 -8.466634869221620341e-02 6.856953537238649234e-05 1.008739010476677068e-04
3.800000000000000000e+01 -2.306155215675938924e-02 -4.690833268726632421e-02 6.221027959618362379e-05 9.970565475490508756e-05
3.900000000000000000e+01 -1.126096782235947932e-02 -2.110134272141626910e-02 5.774667117095591562e-05 9.887045040490210265e-05
4.000000000000000000e+01 -3.165980989149941738e-03 -4.058920508867802646e-03 5.471259739342939618e-05 9.827485576837290072e-05
4.100000000000000000e+01 7.074290706470205475e-04 6.970156104363198560e-03 5.262930440809001687e-05 9.779902990953505708e-05
4.200000000000000000e+01 2.903330972297295167e-03 1.387177850754988187e-02 5.109864141560292717e-05 9.730460786010761490e-05
4.300000000000000000e+01 1.171314580264782960e-02 1.778629574039035030e-02 4.978713910631689529e-05 9.653477695700546802e-05
4.400000000000000000e+01 1.187167247054838823e-02 1.953104564180258018e-02 4.846718211309450401e-05 9.539750743956270827e-05
4.500000000000000000e+01 1.110894254049805616e-02 1.974733556005226626e-02 4.698266680841479780e-05 9.365461004034725246e-05
4.600000000000000000e+01 9.906664009888262873e-03 1.895826027093409916e-02 4.531217600927751524e-05 9.130203978496800497e-05
4.700000000000000000e+01 6.665803813357492995e-03 1.757801564636089428e-02 4.357602618891163928e-05 8.860616746250635754e-05
