# freqs 	 pli 	 dpli 	 meanpower(thalamus)	 meanpower(scalp)	pli
8.000000000000000000e+00 -2.651621559845128775e-02 -2.476002183906159549e-03 1.402947764954944315e-04 4.635559961484407424e-04
9.000000000000000000e+00 -3.558467919751947400e-02 -6.491431556348521703e-02 1.188165826433672641e-04 4.331073969202571452e-04
1.000000000000000000e+01 -2.134499454072086300e-02 -5.351114981631086009e-02 1.015265992123167045e-04 3.194237434578354909e-04
1.100000000000000000e+01 -7.259919947714773072e-03 -1.486401216476219631e-02 9.332252806162177189e-05 2.280051942749583809e-04
1.200000000000000000e+01 -3.447809852410714093e-03 -2.180677550726195773e-03 9.029403915067731523e-05 1.913735842029186244e-04
1.300000000000000000e+01 -3.894657602445303866e-03 1.229198737258859440e-02 8.837602417192675763e-05 1.841839136008077530e-04
1.400000000000000000e+01 3.852877582003036471e-04 2.403365827274964867e-02 8.649555362709516787e-05 1.831956383829599216e-04
1.500000000000000000e+01 2.036496898710817623e-03 2.310303042980051125e-02 8.455946139673645200e-05 1.796480190771098718e-04
1.600000000000000000e+01 2.220143092117274689e-03 1.249104975576646563e-02 8.216832998981875823e-05 1.721557986513759704e-04
1.700000000000000000e+01 -1.664324508176977507e-03 2.942138556358296197e-03 7.910068229311829641e-05 1.612738200646442286e-04
1.800000000000000000e+01 -3.452857592010282525e-03 -4.174252199036471156e-03 7.572081696725995565e-05 1.480172887438681599e-04
1.900000000000000000e+01 -5.555864103683891102e-03 -9.370408898371854547e-03 7.254849109787545709e-05 1.339849876427325677e-04
2.000000000000000000e+01 -4.623247877396782432e-03 -1.309531286368101691e-02 6.989591292592891181e-05 1.211570565023915028e-04
2.100000000000000000e+01 -5.307816923511005439e-03 -1.585120693137905337e-02 6.777752412068569323e-05 1.110231042226925803e-04
2.200000000000000000e+01 -3.358017785920342294e-03 -1.817071264931387903e-02 6.607194970776324877e-05 1.035673575257914223e-04
2.300000000000000000e+01 -3.493512020980758196e-03 -1.996879281067533499e-02 6.465319954641456784e-05 9.795262754306468633e-05
2.400000000000000000e+01 -4.398209009107997489e-03 -2.137795305624628009e-02 6.345395657375001045e-05 9.324711339528466824e-05
2.500000000000000000e+01 -4.717339017188446927e-03 -2.248435524574134495e-02 6.244556580555690988e-05 8.907603275472556652e-05
2.600000000000000000e+01 -5.008211750392442888e-03 -2.245946083211199096e-02 6.163509518017040137e-05 8.532794534009403820e-05
2.700000000000000000e+01 -5.131575110091475198e-03 -2.008566676674828147e-02 6.105678289436039009e-05 8.200555306491988253e-05
2.800000000000000000e+01 -3.554215558790030632e-03 -1.608782566877148268e-02 6.068137321321765857e-05 7.904038657019157670e-05
2.900000000000000000e+01 -2.702091857190846297e-03 -1.236724061927260872e-02 6.043279521901344142e-05 7.648007527973781951e-05
3.000000000000000000e+01 -2.130628558617410871e-03 -1.041002386074137316e-02 6.018196462926734506e-05 7.431431790053150837e-05
3.100000000000000000e+01 -3.347050585194005518e-03 -1.005314822534135108e-02 5.978829876322902466e-05 7.261227534290875358e-05
3.200000000000000000e+01 -2.174085303229509290e-03 -1.021652889985584511e-02 5.917673942294151320e-05 7.129809635832762879e-05
3.300000000000000000e+01 -4.283606235547631337e-04 -1.014448053183592685e-02 5.836385919888020525e-05 7.027562362071527601e-05
3.400000000000000000e+01 4.479780249342499494e-04 -9.466082757775273748e-03 5.742879477728738536e-05 6.957721513851385748e-05
3.500000000000000000e+01 5.052005033634106334e-05 -8.768194115558481175e-03 5.644726959474504380e-05 6.902777584008156636e-05
3.600000000000000000e+01 -4.498927634538767996e-04 -8.278294748406410039e-03 5.547211487628661108e-05 6.861184321626243639e-05
3.700000000000000000e+01 -4.745048143342445635e-04 -8.159969349974066644e-03 5.454240494699704388e-05 6.831159228042808871e-05
3.800000000000000000e+01 -1.423957978771603914e-03 -8.334119075972399454e-03 5.367784150924840696e-05 6.818473859169994940e-05
3.900000000000000000e+01 -2.094680788366517707e-03 -8.818007443960138719e-03 5.287919783262736166e-05 6.809677956002915269e-05
4.000000000000000000e+01 -2.273736971008714566e-03 -9.378816704493237941e-03 5.214032511937142616e-05 6.810449242545773391e-05
4.100000000000000000e+01 -2.488303607926471619e-03 -9.861501339407498581e-03 5.143829596492448849e-05 6.816419709875861266e-05
4.200000000000000000e+01 -2.254650548098959418e-03 -1.017060669314524303e-02 5.071942313755963179e-05 6.814931827039602801e-05
4.300000000000000000e+01 -1.513198453174914582e-03 -1.026325463672696746e-02 4.988643760761575605e-05 6.782583324744946823e-05
4.400000000000000000e+01 -1.439255913012370963e-03 -1.028197042857544909e-02 4.883594513394958787e-05 6.717718966260335543e-05
4.500000000000000000e+01 -1.490495307413241015e-03 -1.039339785670967929e-02 4.749655287409272657e-05 6.602614498996885076e-05
4.600000000000000000e+01 -2.328565712878608897e-03 -1.079831230700669872e-02 4.589298818788252243e-05 6.443028408055337028e-05
4.700000000000000000e+01 -4.098849874398587285e-03 -1.167246174516966759e-02 4.417500328650847218e-05 6.264694794514589170e-05
