# freqs 	 pli 	 dpli 	 meanpower(thalamus)	 meanpower(scalp)	pli
8.000000000000000000e+00 -5.594706822242749567e-02 -1.475264276299089183e-01 2.638184557580606593e-04 5.353010830845196955e-04
9.000000000000000000e+00 -3.951103090638335980e-02 -8.709321402190765837e-02 2.342873600403075059e-04 4.180619970172276285e-04
1.000000000000000000e+01 -1.790201204474973704e-02 -5.963930846146081599e-02 2.061424970169431514e-04 3.215177632076714372e-04
1.100000000000000000e+01 2.371423185011551499e-02 9.381804317147042493e-02 1.953013648255972419e-04 2.761892053953027434e-04
1.200000000000000000e+01 2.644201285500669477e-02 1.191489871659818095e-01 1.849634942578670942e-04 2.731594596985112227e-04
1.300000000000000000e+01 -1.230335783363610373e-02 -3.259597491292048205e-02 1.577552668471534606e-04 2.780776351834389959e-04
1.400000000000000000e+01 -3.102709182213715666e-02 -1.024137728722495921e-01 1.284643678792873715e-04 2.511807996543087432e-04
1.500000000000000000e+01 -2.063472705384300498e-02 -6.252376423124907101e-02 1.087589913363140544e-04 2.048321372743888572e-04
1.600000000000000000e+01 -7.541469215320766939e-04 5.285709898648006250e-03 9.823223241862403708e-05 1.656074143470969860e-04
1.700000000000000000e+01 1.210269622563227634e-02 4.761048001007426450e-02 9.272518391221467161e-05 1.406827756158324574e-04
1.800000000000000000e+01 1.875316776482513839e-02 5.943813259058707693e-02 8.872096006878323971e-05 1.253832878821052143e-04
1.900000000000000000e+01 1.508833741341661892e-02 5.827227496610103141e-02 8.443331400310346278e-05 1.149892523344062925e-04
2.000000000000000000e+01 1.802680904363443415e-02 5.636494435844964512e-02 7.999951827265861274e-05 1.074949366026821412e-04
2.100000000000000000e+01 1.751765210777087717e-02 5.727491304911498660e-02 7.661120464580692163e-05 1.018783150452191226e-04
2.200000000000000000e+01 1.693756109123210896e-02 5.899457294256774814e-02 7.471335776477510879e-05 9.732089584083046876e-05
2.300000000000000000e+01 1.370233330084335774e-02 5.819612127465276230e-02 7.349517111992542645e-05 9.330443110315679394e-05
2.400000000000000000e+01 1.369626269172607470e-02 5.218569301725307225e-02 7.169035761322088251e-05 8.968606445212017649e-05
2.500000000000000000e+01 8.743530843795633417e-03 4.109954298748536017e-02 6.876102331800636755e-05 8.637243508866381989e-05
2.600000000000000000e+01 6.737458537202476935e-03 2.785672159337900661e-02 6.501660683757140623e-05 8.301925155493648052e-05
2.700000000000000000e+01 3.967692832367057318e-03 1.582598338418269440e-02 6.123937606540851052e-05 7.940183675249981598e-05
2.800000000000000000e+01 1.299573351514963669e-03 7.003133163794618421e-03 5.793970553726377317e-05 7.557910980514100238e-05
2.900000000000000000e+01 -2.207199648161804577e-03 1.357299040171176027e-03 5.534578738833150326e-05 7.184512765310169941e-05
3.000000000000000000e+01 -4.079845481479056624e-03 -1.795540903506557748e-03 5.336421204646166054e-05 6.850978857023396395e-05
3.100000000000000000e+01 -3.975062100816762617e-03 -3.335256998484353343e-03 5.185700345879199071e-05 6.575790681298815789e-05
3.200000000000000000e+01 -1.786266047616258705e-03 -3.607929198990868225e-03 5.065966524082931194e-05 6.363721978060884695e-05
3.300000000000000000e+01 -2.410489807503014576e-03 -2.859202926576601828e-03 4.966093585646742375e-05 6.206204969128749198e-05
3.400000000000000000e+01 -2.757715955256608616e-03 -1.614559244286108705e-03 4.881906561388741223e-05 6.089009205512189532e-05
3.500000000000000000e+01 -3.069082001147106168e-03 -1.694184278834516349e-04 4.803020202388998675e-05 5.998510854818053095e-05
3.600000000000000000e+01 -1.887352848561787370e-03 1.017472663400613908e-03 4.726419227278155864e-05 5.926769744894423350e-05
3.700000000000000000e+01 -1.265312709462222251e-03 1.797896894620202137e-03 4.649929567279694538e-05 5.869266208307854734e-05
3.800000000000000000e+01 -9.805994738006835500e-04 2.208165828835715987e-03 4.575464959910966774e-05 5.824511855820230672e-05
3.900000000000000000e+01 7.754134149461671321e-04 2.765899206485985910e-03 4.502811181277093227e-05 5.791329054509615335e-05
4.000000000000000000e+01 2.072311051837087432e-03 3.639349770713560736e-03 4.435391300304571826e-05 5.768165942413272214e-05
4.100000000000000000e+01 2.461263701886676810e-03 4.896096091595535799e-03 4.373022135374889151e-05 5.748440864691263476e-05
4.200000000000000000e+01 3.179021467008492832e-03 6.444149734722384205e-03 4.312208523962834890e-05 5.722248972979204702e-05
4.300000000000000000e+01 4.787215199517445147e-03 8.149377556177408999e-03 4.244742813898315766e-05 5.675028120826710492e-05
4.400000000000000000e+01 5.629704721020079711e-03 9.945311038585683341e-03 4.163781549243864743e-05 5.592102508329012238e-05
4.500000000000000000e+01 6.834279566284992384e-03 1.180296416483936871e-02 4.061464495321714940e-05 5.464246000886208013e-05
4.600000000000000000e+01 7.262533599486909602e-03 1.370419715714357375e-02 3.938534707220898182e-05 5.294538630303762905e-05
4.700000000000000000e+01 6.785744382560464881e-03 1.557909609307901733e-02 3.806285034723132536e-05 5.101410370522317054e-05
