# freqs 	 pli 	 dpli 	 meanpower(thalamus)	 meanpower(scalp)	pli
8.000000000000000000e+00 8.186262812487401716e-03 5.979229290438934155e-03 4.060867622934167542e+01 2.970658018670242200e+02
9.000000000000000000e+00 1.186522923340632002e-03 -3.075259524829235605e-02 4.090850946283290313e+01 2.624072089481610988e+02
1.000000000000000000e+01 -1.689184069758128265e-02 -7.326675606349525305e-02 4.432251393945950468e+01 2.314417128950973677e+02
1.100000000000000000e+01 -3.577859632001451073e-02 -1.255409929601169761e-01 4.779970001277437319e+01 2.084331998367499637e+02
1.200000000000000000e+01 -5.186445972950117639e-02 -1.638813494634913104e-01 4.935540004721567442e+01 1.898618902721421193e+02
1.300000000000000000e+01 -6.461512654198854622e-02 -1.741997338405047446e-01 4.861771605201809621e+01 1.735429346155368364e+02
1.400000000000000000e+01 -5.524864250916266400e-02 -1.506567845882678391e-01 4.653777599021564271e+01 1.586814231287764585e+02
1.500000000000000000e+01 -4.422010125463976538e-02 -1.216594012652326140e-01 4.400188196995586054e+01 1.468800087558953180e+02
1.600000000000000000e+01 -4.055910510632055460e-02 -1.041670373831267010e-01 4.153221677908341292e+01 1.377095806440688648e+02
1.700000000000000000e+01 -3.175110776467367224e-02 -9.613894524423856336e-02 3.952456146861822361e+01 1.302725954541777753e+02
1.800000000000000000e+01 -3.622220560108559834e-02 -9.240299771777327198e-02 3.794924581714744960e+01 1.244159869251535468e+02
1.900000000000000000e+01 -3.827198052935807532e-02 -8.492673940363534846e-02 3.666436454929051081e+01 1.197562691165530140e+02
2.000000000000000000e+01 -2.721527425935308525e-02 -7.071892710976106222e-02 3.571159851842335087e+01 1.157026615101784301e+02
2.100000000000000000e+01 -2.129550781062654330e-02 -5.589579180413629944e-02 3.507310198704782067e+01 1.120212931451470411e+02
2.200000000000000000e+01 -2.346284694188397260e-02 -4.579881404434306413e-02 3.462523019783137102e+01 1.085727973826440831e+02
2.300000000000000000e+01 -2.327170691828183910e-02 -3.925423574297136342e-02 3.431835334479703903e+01 1.053334426421923808e+02
2.400000000000000000e+01 -2.202430407433136200e-02 -3.399342169300478833e-02 3.408124514296408591e+01 1.023453190566629729e+02
2.500000000000000000e+01 -1.945458276144720194e-02 -2.897319349391918111e-02 3.387995065451492849e+01 9.969636170924162855e+01
2.600000000000000000e+01 -1.560150435866563060e-02 -2.394517676785646101e-02 3.366070937826372500e+01 9.732279378322932928e+01
2.700000000000000000e+01 -1.159625614779996074e-02 -1.885618476808859079e-02 3.338805717780573445e+01 9.500217352970037155e+01
2.800000000000000000e+01 -6.912936490580699062e-03 -1.397856467588616189e-02 3.305134331107729651e+01 9.264624158046825642e+01
2.900000000000000000e+01 -6.022856293969715800e-03 -9.338111647010465671e-03 3.268961612099608516e+01 9.029703154270711707e+01
3.000000000000000000e+01 -4.882168098500552431e-03 -4.707942619495127622e-03 3.237182225854740381e+01 8.807100199637727655e+01
3.100000000000000000e+01 -4.846122359817692585e-03 -5.483244894278634617e-04 3.213649518470477062e+01 8.607448671914180238e+01
3.200000000000000000e+01 -1.935486606347887198e-03 2.521584685665517311e-03 3.200770322945319180e+01 8.433274671906239917e+01
3.300000000000000000e+01 -1.784582647159186101e-03 4.227452368367273783e-03 3.197853771445503668e+01 8.282355345507522770e+01
3.400000000000000000e+01 -6.270854297971505511e-04 4.990515383020281345e-03 3.201839951518857674e+01 8.153288974076845363e+01
3.500000000000000000e+01 3.515995662193303396e-04 5.262376888809894640e-03 3.206752852087868177e+01 8.038350348721866112e+01
3.600000000000000000e+01 -6.056358011227555745e-04 5.407494297618273445e-03 3.207062534292569467e+01 7.931102864677328057e+01
3.700000000000000000e+01 -4.318977672579149595e-04 5.585807083930676570e-03 3.199266940889334521e+01 7.829431369452129275e+01
3.800000000000000000e+01 3.788039107800398046e-04 5.981563704461039487e-03 3.182204059407459340e+01 7.735909149619577363e+01
3.900000000000000000e+01 1.134045920396746857e-03 6.789849390335381783e-03 3.155835056819585915e+01 7.649832093403199451e+01
4.000000000000000000e+01 6.240097810889076594e-04 8.275250150115478695e-03 3.120945138596787416e+01 7.568867984283916428e+01
4.100000000000000000e+01 3.690352952123750327e-04 1.046226104265907640e-02 3.079022214709553751e+01 7.491460574281900620e+01
4.200000000000000000e+01 -5.285853681227079031e-06 1.304119620111462118e-02 3.030000207687747604e+01 7.411985620867133662e+01
4.300000000000000000e+01 2.124913179853285886e-04 1.542522636651005169e-02 2.971117363827137581e+01 7.318078853679038787e+01
4.400000000000000000e+01 1.588571585601601492e-03 1.729952729672728715e-02 2.897979186476000990e+01 7.193857290774975866e+01
4.500000000000000000e+01 2.674500314367381747e-03 1.849616541853718599e-02 2.807835707480257881e+01 7.025421268647862405e+01
4.600000000000000000e+01 3.666966348637538779e-03 1.923462365545858255e-02 2.703501586134440515e+01 6.810455631808905252e+01
4.700000000000000000e+01 3.527761582465123794e-03 1.991338733916250478e-02 2.594574218702025092e+01 6.566341481819077330e+01
