# freqs 	 pli 	 dpli 	 meanpower(thalamus)	 meanpower(scalp)	pli
8.000000000000000000e+00 6.771454926324550587e-03 5.243482716095246993e-02 3.907724673648116652e-05 1.500034475036678909e-04
9.000000000000000000e+00 -2.184841308624340533e-02 -2.507339872320806656e-02 3.615172586474827869e-05 1.329653989097888530e-04
1.000000000000000000e+01 -3.169712973989886190e-02 -5.007223329151305746e-02 3.464884768054911064e-05 1.231579950018392086e-04
1.100000000000000000e+01 -3.603035746166149966e-02 -5.817596625305516966e-02 3.427992927935480963e-05 1.224269967711459791e-04
1.200000000000000000e+01 -4.839221439620544629e-02 -8.126684752434862324e-02 3.385521497269350946e-05 1.233649008820084981e-04
1.300000000000000000e+01 -4.312033589009391099e-02 -9.261020099311829956e-02 3.315827593410942053e-05 1.182929178562433737e-04
1.400000000000000000e+01 -3.975258788465697163e-02 -9.719968661734235127e-02 3.260302867912267470e-05 1.099898139979895708e-04
1.500000000000000000e+01 -3.230643481870407868e-02 -8.983939406545583817e-02 3.239006092362035585e-05 1.013205227465306993e-04
1.600000000000000000e+01 -2.841816606775438708e-02 -7.329766224935452268e-02 3.236377983253658748e-05 9.287497195500692213e-05
1.700000000000000000e+01 -2.383966717135266658e-02 -6.217800132694954046e-02 3.237977005464596721e-05 8.523181220805867359e-05
1.800000000000000000e+01 -2.588029585633357110e-02 -5.673319758409053892e-02 3.245595563130873872e-05 7.912612200617866632e-05
1.900000000000000000e+01 -2.588047139956671169e-02 -5.732986483449217796e-02 3.263552109080070573e-05 7.518226973310557454e-05
2.000000000000000000e+01 -3.021339817077609013e-02 -6.687376259867584827e-02 3.287147723340552822e-05 7.312770010555826353e-05
2.100000000000000000e+01 -3.296243113647411710e-02 -7.752891765767976062e-02 3.309830383725230804e-05 7.176773332972203961e-05
2.200000000000000000e+01 -3.297562262965172269e-02 -7.870415987532584923e-02 3.328753684707012303e-05 7.009499857650419686e-05
2.300000000000000000e+01 -2.753638280845821865e-02 -6.845650767024018257e-02 3.341358289185574089e-05 6.774406089215764294e-05
2.400000000000000000e+01 -2.095436915873595887e-02 -5.112183004710511153e-02 3.354765483559329111e-05 6.497296833014603484e-05
2.500000000000000000e+01 -1.479169014115624785e-02 -3.175331064888774896e-02 3.381091957217398521e-05 6.220479872312128242e-05
2.600000000000000000e+01 -6.357933536653545027e-03 -1.391524990477805215e-02 3.422409458801338916e-05 5.971650042261161535e-05
2.700000000000000000e+01 -1.235189518221239393e-03 4.169236446350312606e-05 3.467097219091549765e-05 5.759266359313125748e-05
2.800000000000000000e+01 7.492963724210805095e-04 8.189411422245258462e-03 3.497274577389512291e-05 5.583248357287789760e-05
2.900000000000000000e+01 1.733741199722732291e-03 9.847315887664137221e-03 3.506735429910477227e-05 5.440275287784343425e-05
3.000000000000000000e+01 1.557522123893805358e-03 6.452250204310074587e-03 3.499103151632010946e-05 5.327567336922953064e-05
3.100000000000000000e+01 5.267158992180712889e-04 1.055893605337279674e-03 3.481288263524018279e-05 5.240486722788194270e-05
3.200000000000000000e+01 -9.231050764282275898e-04 -3.677313085123052900e-03 3.459217253464290761e-05 5.171675986115794715e-05
3.300000000000000000e+01 -3.831289204219553903e-03 -6.505021077213878240e-03 3.436766904790685009e-05 5.114223710503300796e-05
3.400000000000000000e+01 -4.706516466339675207e-03 -7.606346810342367801e-03 3.416792039106274166e-05 5.067517016083263417e-05
3.500000000000000000e+01 -2.944413498771591194e-03 -7.982597841492961380e-03 3.400105580628356674e-05 5.030740054635546727e-05
3.600000000000000000e+01 -1.177377795331866405e-03 -8.372678069441837415e-03 3.387038963167546762e-05 5.004271467757739873e-05
3.700000000000000000e+01 -2.849063993947751131e-03 -8.910726379562399629e-03 3.378015873028463161e-05 4.987037847566509643e-05
3.800000000000000000e+01 -5.901917133531811056e-03 -9.301066476568239927e-03 3.373074437431413134e-05 4.978997999309532076e-05
3.900000000000000000e+01 -6.013875545192718351e-03 -9.386148694480386800e-03 3.372155632965238761e-05 4.975462461340147231e-05
4.000000000000000000e+01 -4.913453371247526562e-03 -9.218698578948936531e-03 3.375040698767852387e-05 4.973701601488730753e-05
4.100000000000000000e+01 -4.304622012024833522e-03 -9.090599012263413797e-03 3.379483679937689045e-05 4.969706376795243448e-05
4.200000000000000000e+01 -3.523344482529707031e-03 -9.262796977819931152e-03 3.380216346785002069e-05 4.956669593786024338e-05
4.300000000000000000e+01 -2.961012537663749739e-03 -9.731024614924704483e-03 3.369131948544671067e-05 4.923952348344624137e-05
4.400000000000000000e+01 -3.848284615988741778e-03 -1.061835943627762770e-02 3.337841681744177930e-05 4.864910861165936074e-05
4.500000000000000000e+01 -4.504294496729062229e-03 -1.168242642675939094e-02 3.281067056452634321e-05 4.772134233158706107e-05
4.600000000000000000e+01 -4.293847706456957111e-03 -1.272985149759477477e-02 3.201607534352009856e-05 4.649148278345139934e-05
4.700000000000000000e+01 -4.491186343836354664e-03 -1.353631559863793105e-02 3.111971516099194791e-05 4.512219195567688466e-05
