# freqs 	 pli 	 dpli 	 meanpower(thalamus)	 meanpower(scalp)	pli
8.000000000000000000e+00 -3.189193412484204321e-02 -9.973028555317148269e-02 3.373303582347019777e-05 2.062000992964142961e-04
9.000000000000000000e+00 -4.100668819672605853e-02 -1.070861122111418096e-01 3.234582345538781025e-05 2.005757033765398565e-04
1.000000000000000000e+01 -3.376613090156000557e-02 -8.871458307935795040e-02 3.133999420622095040e-05 1.825621192794510536e-04
1.100000000000000000e+01 -2.928241238755894746e-02 -8.467936588610031068e-02 3.096945249646686525e-05 1.626940156828729533e-04
1.200000000000000000e+01 -2.711199432287377670e-02 -8.551653382815833926e-02 3.063419592965701177e-05 1.471371999949477784e-04
1.300000000000000000e+01 -3.118538430927124752e-02 -8.880885652795236784e-02 3.036950837012290788e-05 1.359258318616435172e-04
1.400000000000000000e+01 -3.206311505032833492e-02 -8.338121430726838645e-02 3.011092549700474555e-05 1.279641441669604842e-04
1.500000000000000000e+01 -2.796164299409245255e-02 -6.890576208623762355e-02 2.992828032009181414e-05 1.223431299994935824e-04
1.600000000000000000e+01 -2.681754307428542081e-02 -5.841419580612639689e-02 2.989650686331210113e-05 1.184289945968193986e-04
1.700000000000000000e+01 -2.599686333291695989e-02 -5.421888291749282773e-02 2.997046338223678633e-05 1.159472589158426161e-04
1.800000000000000000e+01 -2.638051135273351139e-02 -5.415075637033364697e-02 3.006293549156303029e-05 1.145267197724420140e-04
1.900000000000000000e+01 -2.906934829425193711e-02 -5.601999093355711223e-02 3.013507420142160347e-05 1.136048686539258267e-04
2.000000000000000000e+01 -3.237906239577530154e-02 -5.804744200266090393e-02 3.022925712554130212e-05 1.125656789767171255e-04
2.100000000000000000e+01 -3.408781334700078380e-02 -6.184217041060690451e-02 3.036257183287549658e-05 1.111082104891532009e-04
2.200000000000000000e+01 -3.650841568071372389e-02 -6.903600602057215208e-02 3.049693764195716400e-05 1.089887388640323695e-04
2.300000000000000000e+01 -4.071091127729065118e-02 -7.651979857933982609e-02 3.061747466337258738e-05 1.060851566590830972e-04
2.400000000000000000e+01 -4.053350899237765509e-02 -7.920333202149985874e-02 3.075645908192709059e-05 1.024398093612904984e-04
2.500000000000000000e+01 -3.852134479543360690e-02 -7.504178995681692887e-02 3.092665685338745230e-05 9.820095291007691074e-05
2.600000000000000000e+01 -3.371913217390823392e-02 -6.579604493429247469e-02 3.113297035136397052e-05 9.363873137987422583e-05
2.700000000000000000e+01 -2.935648483574748377e-02 -5.382037384902525062e-02 3.136785846777779413e-05 8.902180710519901313e-05
2.800000000000000000e+01 -2.429157819457961054e-02 -4.022939786539311835e-02 3.160322178783135481e-05 8.455920256130262578e-05
2.900000000000000000e+01 -1.857282907745351139e-02 -2.582943705902831025e-02 3.181758164553517268e-05 8.037839847727965101e-05
3.000000000000000000e+01 -1.234155028518415208e-02 -1.239937378148745807e-02 3.197850294448520355e-05 7.653885472921668923e-05
3.100000000000000000e+01 -8.338834911885320555e-03 -2.386143907043069418e-03 3.206060781466187060e-05 7.304193515413068077e-05
3.200000000000000000e+01 -6.068648477911132814e-03 2.390557498507515834e-03 3.205966519751314667e-05 6.986028739303601711e-05
3.300000000000000000e+01 -7.306448182227513570e-03 1.681331070943602873e-03 3.199644800006261482e-05 6.695065643134630610e-05
3.400000000000000000e+01 -8.642013950581029294e-03 -3.238401738928231230e-03 3.190189612595057647e-05 6.428383480431941596e-05
3.500000000000000000e+01 -1.143475447379878676e-02 -1.031474844349575433e-02 3.179703043242498617e-05 6.183393386369122704e-05
3.600000000000000000e+01 -1.335965027127262138e-02 -1.766329251563115640e-02 3.169213687137873364e-05 5.958169655210786725e-05
3.700000000000000000e+01 -1.434520096878594102e-02 -2.411255377669498101e-02 3.158715495016734237e-05 5.750013059388362283e-05
3.800000000000000000e+01 -1.542777450252667132e-02 -2.922260054844232763e-02 3.148246242600069751e-05 5.557736601196208508e-05
3.900000000000000000e+01 -1.583548629186596821e-02 -3.304883792322455688e-02 3.137564435279531299e-05 5.379895358932198298e-05
4.000000000000000000e+01 -1.728625941646599884e-02 -3.584937588617659321e-02 3.126202275117589562e-05 5.214844396745031008e-05
4.100000000000000000e+01 -1.871326176330658994e-02 -3.792790614480751749e-02 3.112999373362485380e-05 5.059556652409251615e-05
4.200000000000000000e+01 -1.920049479055897443e-02 -3.954647393560908886e-02 3.094639504863067416e-05 4.907946390487523012e-05
4.300000000000000000e+01 -1.987646330514115586e-02 -4.087288527366995938e-02 3.065161553582146598e-05 4.751451312716332444e-05
4.400000000000000000e+01 -2.070468245701113236e-02 -4.194079934172029872e-02 3.018208337232022384e-05 4.580831269130448909e-05
4.500000000000000000e+01 -2.093643533735776302e-02 -4.273784586601073882e-02 2.950437845352688290e-05 4.390016715304497576e-05
4.600000000000000000e+01 -2.108217527283308412e-02 -4.318651280037590773e-02 2.864756619232567837e-05 4.180630563047044819e-05
4.700000000000000000e+01 -2.123523773036977563e-02 -4.320957922410390006e-02 2.772176334387806821e-05 3.964635686065758746e-05
