# freqs 	 pli 	 dpli 	 meanpower(thalamus)	 meanpower(scalp)	pli
8.000000000000000000e+00 -1.216777605701245372e-02 -3.643212318683175521e-02 3.392716538066998990e-05 9.641483073165981528e-05
9.000000000000000000e+00 -2.978034399008844951e-02 -5.280645456552375550e-02 3.280819032317117194e-05 9.128720729282741616e-05
1.000000000000000000e+01 -3.412357559923066830e-02 -4.853577921107532500e-02 3.454485983699175425e-05 8.779616889370698738e-05
1.100000000000000000e+01 -3.233213584682048669e-02 -5.525807368441267714e-02 3.567271614160483217e-05 8.475603730047795935e-05
1.200000000000000000e+01 -2.250132803897073389e-02 -3.633706963709693732e-02 3.500938441146991700e-05 8.260122996690171318e-05
1.300000000000000000e+01 -1.218136138956859606e-02 1.405070245977972383e-03 3.448042741228492849e-05 8.116997187982261358e-05
1.400000000000000000e+01 -1.600426780474793254e-04 1.641701904052539698e-02 3.457763286920631821e-05 7.966342147072758061e-05
1.500000000000000000e+01 8.383163476419180915e-03 7.822057715322294769e-03 3.423874229999425818e-05 7.710498148147686050e-05
1.600000000000000000e+01 1.357692559094802846e-02 3.500199920819676864e-03 3.354531025701090377e-05 7.395009107343956988e-05
1.700000000000000000e+01 1.148994350476812906e-02 5.557896553479410411e-03 3.324150205884226307e-05 7.099377216973115341e-05
1.800000000000000000e+01 6.829917514817929192e-03 9.229236799854212414e-03 3.332833016045597818e-05 6.887422579364935345e-05
1.900000000000000000e+01 5.287484967502297309e-03 1.462522182607867843e-02 3.353420378967207573e-05 6.735718244038292255e-05
2.000000000000000000e+01 5.218016122475115787e-03 1.864290752383648136e-02 3.375082875926423902e-05 6.584775279418363298e-05
2.100000000000000000e+01 3.445268020195509789e-03 1.510206028822091116e-02 3.403542772971627855e-05 6.408452648699654189e-05
2.200000000000000000e+01 -6.697360755218940628e-03 -6.006531249213758854e-03 3.456874826716606141e-05 6.220834756950288050e-05
2.300000000000000000e+01 -2.703334338609745743e-02 -6.210646415605207415e-02 3.585968233758514613e-05 6.055772910034231196e-05
2.400000000000000000e+01 -5.590321449926802938e-02 -1.634049313436345685e-01 3.849819438239108642e-05 5.955446106873090329e-05
2.500000000000000000e+01 -8.756430972439487037e-02 -2.790323006925301552e-01 4.228197323599991881e-05 5.928159951294557082e-05
2.600000000000000000e+01 -1.100912151221770663e-01 -3.632152583616762853e-01 4.602081387987007728e-05 5.920124655107683430e-05
2.700000000000000000e+01 -1.223271218117853998e-01 -3.999881299040452531e-01 4.839050999328134580e-05 5.851085430671254447e-05
2.800000000000000000e+01 -1.252509949620651819e-01 -3.955340701318996732e-01 4.873554231684774712e-05 5.681649372212568914e-05
2.900000000000000000e+01 -1.199233282150107688e-01 -3.607826924927247103e-01 4.722167977633572663e-05 5.431631405746262567e-05
3.000000000000000000e+01 -1.044695371250589366e-01 -3.050367967904477617e-01 4.456803567545373178e-05 5.155280685202616095e-05
3.100000000000000000e+01 -8.250405088269313625e-02 -2.380113509372958347e-01 4.159653659348057245e-05 4.902047734930110672e-05
3.200000000000000000e+01 -6.004349845746192321e-02 -1.710769574221368827e-01 3.890690103479882520e-05 4.695624262586688255e-05
3.300000000000000000e+01 -4.149816515809520018e-02 -1.145126315711521708e-01 3.679336366139118031e-05 4.538009397744487432e-05
3.400000000000000000e+01 -2.868068505335022791e-02 -7.271786608966183951e-02 3.530498658137516812e-05 4.420562219071627407e-05
3.500000000000000000e+01 -1.903253362179610844e-02 -4.429476369270136243e-02 3.434867828233828556e-05 4.330968723463952491e-05
3.600000000000000000e+01 -1.178365329308725569e-02 -2.557146345373739402e-02 3.380035193868280164e-05 4.260444692006278022e-05
3.700000000000000000e+01 -7.428277589059065038e-03 -1.309663485395990215e-02 3.354248392409077314e-05 4.204857645530982505e-05
3.800000000000000000e+01 -4.972741342768923628e-03 -4.600054725868593652e-03 3.346718751029453300e-05 4.160359306612489768e-05
3.900000000000000000e+01 -3.193160456312929725e-03 1.014656962722693947e-03 3.349440716411184902e-05 4.121565300112697112e-05
4.000000000000000000e+01 -1.650602688860105605e-03 4.437775482240249175e-03 3.357234792633156088e-05 4.085371353280916235e-05
4.100000000000000000e+01 -1.654839030854851406e-03 6.216942013183167706e-03 3.365112501107606925e-05 4.049300370619408380e-05
4.200000000000000000e+01 -2.172332669874955761e-03 6.858137210595329630e-03 3.366059124570592442e-05 4.009204850885706882e-05
4.300000000000000000e+01 -1.940594297347797339e-03 6.725836709788764016e-03 3.353262648630331522e-05 3.957448924622656401e-05
4.400000000000000000e+01 -2.425447111349135487e-03 6.116078290442372896e-03 3.319629614901124397e-05 3.886008615132696177e-05
4.500000000000000000e+01 -2.997807215163257339e-03 5.106483951175127579e-03 3.261026749691523771e-05 3.789657051615688408e-05
4.600000000000000000e+01 -3.292070880792019420e-03 3.768466443071150779e-03 3.180782025432254230e-05 3.669031015723962259e-05
4.700000000000000000e+01 -2.922087116813972419e-03 2.231978922665316025e-03 3.091636268569559722e-05 3.534376328929430205e-05
