# freqs 	 pli 	 dpli 	 meanpower(thalamus)	 meanpower(scalp)	pli
8.000000000000000000e+00 1.359293387443303962e-02 4.646719881352539411e-02 6.557480382105932153e-05 1.316525570907114311e-04
9.000000000000000000e+00 1.626927182440160088e-02 4.563128715267648905e-02 6.781988931566050995e-05 1.108478965280554525e-04
1.000000000000000000e+01 1.693679326899644177e-02 2.805376256384704142e-02 8.262609799814053173e-05 1.018991693052252295e-04
1.100000000000000000e+01 9.164140827805773021e-03 -7.902577535703339540e-02 1.000952811974257600e-04 1.004577930058939600e-04
1.200000000000000000e+01 -1.775540251721681407e-03 -1.465470772493949470e-01 9.459519516590792821e-05 1.037490378773192270e-04
1.300000000000000000e+01 -1.322327635282748333e-02 -1.318318277764146118e-01 7.510045505119451606e-05 1.126873471242820235e-04
1.400000000000000000e+01 -1.950806282428555263e-02 -1.091040955703069526e-01 5.927271905598140817e-05 1.188410687115421080e-04
1.500000000000000000e+01 -2.255815271676973530e-02 -1.014171984800439907e-01 5.039454149062753664e-05 1.137430865422583433e-04
1.600000000000000000e+01 -2.400513819314453040e-02 -9.494748370297002860e-02 4.554850015757204776e-05 1.009937267366050581e-04
1.700000000000000000e+01 -2.170703699607784767e-02 -8.148581764433748820e-02 4.276061507768843845e-05 8.824505641733517900e-05
1.800000000000000000e+01 -1.707763004796712669e-02 -5.824997790078666887e-02 4.121705436543020973e-05 7.924795098394935261e-05
1.900000000000000000e+01 -1.021281410453258112e-02 -3.370736650570964332e-02 4.057772914257525091e-05 7.384018128876999084e-05
2.000000000000000000e+01 -6.457318900008776575e-04 -1.621381354651887929e-02 4.077055543240242099e-05 7.033352032492474028e-05
2.100000000000000000e+01 4.788761847822614083e-03 -4.726623575636921919e-03 4.147016238036044060e-05 6.742156255472101770e-05
2.200000000000000000e+01 5.176530365544136994e-03 4.556796311414668468e-03 4.194792855870641695e-05 6.455994811365509394e-05
2.300000000000000000e+01 7.593521525371455319e-03 1.299165642270283354e-02 4.165059502210424324e-05 6.173138701973698676e-05
2.400000000000000000e+01 9.265222739612308939e-03 1.934624795471301742e-02 4.058136616229750064e-05 5.920387405293254542e-05
2.500000000000000000e+01 1.131038567731421605e-02 2.159565439549591959e-02 3.912613845006795662e-05 5.720892858839991086e-05
2.600000000000000000e+01 1.209434815270559252e-02 1.965199328565520737e-02 3.768158701788269473e-05 5.577769995222179163e-05
2.700000000000000000e+01 9.945844507564494466e-03 1.610162812757225809e-02 3.649569963711765848e-05 5.480376667450903160e-05
2.800000000000000000e+01 8.566862202913355998e-03 1.395846621518636102e-02 3.562440590985245222e-05 5.411395920899026709e-05
2.900000000000000000e+01 1.109668828078142974e-02 1.433021687240565445e-02 3.503572756729715312e-05 5.356822516965767194e-05
3.000000000000000000e+01 1.157952302827115580e-02 1.654028941848521839e-02 3.467209929298900161e-05 5.311324413346682428e-05
3.100000000000000000e+01 1.208757786569139916e-02 1.914797366853135743e-02 3.446626045793143201e-05 5.274368145056921101e-05
3.200000000000000000e+01 1.197745083687849071e-02 2.086665253368910622e-02 3.435832358143810499e-05 5.245210411125830931e-05
3.300000000000000000e+01 1.097024001738337862e-02 2.091351687683445926e-02 3.431131777729045442e-05 5.224535421608923188e-05
3.400000000000000000e+01 1.060292177697900670e-02 1.920766836110253742e-02 3.429394670816140724e-05 5.211373282852291549e-05
3.500000000000000000e+01 9.161077470334266434e-03 1.633086112311665089e-02 3.427484872768993913e-05 5.202125534996077593e-05
3.600000000000000000e+01 7.790770880742320902e-03 1.306364653842997589e-02 3.424795875607821041e-05 5.194872276360179407e-05
3.700000000000000000e+01 6.781948990211309099e-03 1.013382031891021592e-02 3.422077884539399530e-05 5.187729547855373887e-05
3.800000000000000000e+01 6.366912638313104375e-03 8.030681413130780905e-03 3.420759351154703754e-05 5.179107514094699849e-05
3.900000000000000000e+01 6.074165242852578618e-03 7.090671699031916332e-03 3.421832417199266538e-05 5.167680239570239694e-05
4.000000000000000000e+01 6.017239065767472812e-03 7.270543698340819171e-03 3.424651784173961949e-05 5.154013656269308387e-05
4.100000000000000000e+01 5.720809137012982867e-03 8.249420628276828496e-03 3.426919776153398935e-05 5.136510254334846018e-05
4.200000000000000000e+01 6.423475286672786742e-03 9.534856011261267500e-03 3.423913886840728783e-05 5.109943114976397554e-05
4.300000000000000000e+01 7.603028096721822782e-03 1.069891945006861897e-02 3.408356563194911442e-05 5.064357568659859398e-05
4.400000000000000000e+01 7.444042505087044778e-03 1.140270341543700265e-02 3.372006634944276095e-05 4.990638444141288051e-05
4.500000000000000000e+01 6.778878714720225178e-03 1.159572415684640388e-02 3.309886867115807707e-05 4.882615276059897334e-05
4.600000000000000000e+01 6.689317906579364710e-03 1.132955062343848560e-02 3.224913556443034351e-05 4.745169408875396413e-05
4.700000000000000000e+01 6.207614249052338835e-03 1.073981387880124962e-02 3.129657190146517011e-05 4.596325198607049869e-05
