# freqs 	 pli 	 dpli 	 meanpower(thalamus)	 meanpower(scalp)	pli
8.000000000000000000e+00 -3.522864075286277069e-02 -9.211810291626712499e-02 4.455996691811897500e-05 2.697513283123165011e-04
9.000000000000000000e+00 -5.479955013505459493e-02 -1.274867938104301268e-01 4.236979530076012392e-05 2.524616050680629216e-04
1.000000000000000000e+01 -6.968385187349970811e-02 -1.559877924502955648e-01 4.096842115521997656e-05 2.436620420590537351e-04
1.100000000000000000e+01 -8.852303336544700696e-02 -2.281625761853727785e-01 4.062456519597178043e-05 2.497200970402196516e-04
1.200000000000000000e+01 -9.808783414284043267e-02 -2.721281249830235782e-01 3.952544634656840103e-05 2.549346260209634299e-04
1.300000000000000000e+01 -8.464078524412078919e-02 -2.175152362259047956e-01 3.762490053124521337e-05 2.509591912387471491e-04
1.400000000000000000e+01 -6.375608772559483717e-02 -1.527250225186508048e-01 3.570088210216453310e-05 2.311807321230867026e-04
1.500000000000000000e+01 -4.673584196466131629e-02 -1.158189787513717040e-01 3.416324866700643127e-05 1.999888213179256812e-04
1.600000000000000000e+01 -3.253430884563319331e-02 -8.569870285039109248e-02 3.312419410006177135e-05 1.705902101906921133e-04
1.700000000000000000e+01 -2.280105909548321361e-02 -5.939440874194912290e-02 3.251628121088127350e-05 1.496284025179198042e-04
1.800000000000000000e+01 -1.762893840371237281e-02 -4.013318428013526451e-02 3.214251598040195789e-05 1.360069938123989778e-04
1.900000000000000000e+01 -1.373570629879277381e-02 -2.757550241371086938e-02 3.188376764303418713e-05 1.268228458805897342e-04
2.000000000000000000e+01 -1.309981979862031437e-02 -2.223884186279655520e-02 3.169713221899582098e-05 1.201237251727377243e-04
2.100000000000000000e+01 -1.524297575063512933e-02 -2.519252953529241973e-02 3.157796104469101162e-05 1.149093339273687416e-04
2.200000000000000000e+01 -2.025782350789202824e-02 -3.537272237480051235e-02 3.149816416808236280e-05 1.104964295114223939e-04
2.300000000000000000e+01 -2.427278805739081433e-02 -4.799693723630259201e-02 3.140966753542736266e-05 1.063597428125417986e-04
2.400000000000000000e+01 -2.755344298925816240e-02 -5.655769384323698634e-02 3.127638791010352401e-05 1.022121698614803534e-04
2.500000000000000000e+01 -2.879563769045470276e-02 -5.725944466764715246e-02 3.109062273525813085e-05 9.804237578409381849e-05
2.600000000000000000e+01 -2.632195059268253867e-02 -5.097134434540727399e-02 3.087202957124884981e-05 9.392713129133274240e-05
2.700000000000000000e+01 -2.314784490021312355e-02 -4.132423115113563472e-02 3.065611371836604896e-05 8.990998460834474901e-05
2.800000000000000000e+01 -1.983102473979948474e-02 -3.165110606183074715e-02 3.047371431706510749e-05 8.603070104119956622e-05
2.900000000000000000e+01 -1.686006354003927177e-02 -2.374636372631506662e-02 3.033560458345972198e-05 8.233691643832535205e-05
3.000000000000000000e+01 -1.451746732678197739e-02 -1.806442414099890259e-02 3.023290665668570054e-05 7.885472916515879553e-05
3.100000000000000000e+01 -1.236748013132814641e-02 -1.443787461737369021e-02 3.014779728159564055e-05 7.560994306875621241e-05
3.200000000000000000e+01 -1.069021931991761751e-02 -1.263972047558267406e-02 3.006731239239124044e-05 7.261178175415313807e-05
3.300000000000000000e+01 -9.981500271122923512e-03 -1.246350386238960495e-02 2.998450401431995417e-05 6.985846778042311496e-05
3.400000000000000000e+01 -1.017991063344193294e-02 -1.359201110787464778e-02 2.989874787081773486e-05 6.733405835669060350e-05
3.500000000000000000e+01 -1.055029451194526048e-02 -1.556594618264567353e-02 2.980961963121563570e-05 6.500609949427884422e-05
3.600000000000000000e+01 -1.093410940862115342e-02 -1.787095189918413984e-02 2.971679575873052091e-05 6.285172346209592031e-05
3.700000000000000000e+01 -1.107664748925136187e-02 -2.006625159831405825e-02 2.962387093754378854e-05 6.085093268034932949e-05
3.800000000000000000e+01 -1.135752557735194603e-02 -2.185479541250802404e-02 2.953260592631297746e-05 5.898655848671068849e-05
3.900000000000000000e+01 -1.159907097810811485e-02 -2.311118248505862616e-02 2.944328885427090848e-05 5.723982863776362222e-05
4.000000000000000000e+01 -1.169722520688709112e-02 -2.383094822457682699e-02 2.935383061756850529e-05 5.559439161990531751e-05
4.100000000000000000e+01 -1.178493011345898948e-02 -2.410927819914399431e-02 2.925113828651655409e-05 5.402462827046706042e-05
4.200000000000000000e+01 -1.153477956216344968e-02 -2.407059576472242446e-02 2.910290318127197303e-05 5.248212896634958619e-05
4.300000000000000000e+01 -1.140771860373507481e-02 -2.382536393062853475e-02 2.885308802096507556e-05 5.088573270121737793e-05
4.400000000000000000e+01 -1.136272369943480340e-02 -2.344820619072853635e-02 2.844107757909497059e-05 4.914332730554674740e-05
4.500000000000000000e+01 -1.120257217063311966e-02 -2.296834644819605378e-02 2.783021416037140581e-05 4.718420384134565924e-05
4.600000000000000000e+01 -1.111507271753704208e-02 -2.239369397181041957e-02 2.704555146230312873e-05 4.501869115723047577e-05
4.700000000000000000e+01 -1.101613678254654942e-02 -2.171606742134194259e-02 2.619174130944936974e-05 4.276681466675523561e-05
