# freqs 	 pli 	 dpli 	 meanpower(thalamus)	 meanpower(scalp)	pli
8.000000000000000000e+00 6.328342014856777609e-02 1.593114362272816664e-01 1.537383988642506533e-04 4.248294901637557157e-04
9.000000000000000000e+00 3.897473204863274865e-02 9.116798293369872408e-02 1.448376815075831507e-04 3.892830506029416838e-04
1.000000000000000000e+01 2.488273229697809605e-02 4.644558024030815552e-02 1.348322368456377602e-04 3.402360340826541792e-04
1.100000000000000000e+01 2.845790018601628349e-02 4.804843625140452212e-02 1.212423727868463841e-04 2.886743090775738588e-04
1.200000000000000000e+01 2.486447779686084061e-02 3.964817371346632258e-02 1.027468105344562794e-04 2.439456564240585247e-04
1.300000000000000000e+01 1.859974326765412647e-02 1.378899686128202788e-02 8.928254698295766964e-05 2.120301542109199544e-04
1.400000000000000000e+01 1.140382550898426384e-02 1.023714662942451503e-02 8.709442653701445207e-05 1.930888221289432704e-04
1.500000000000000000e+01 1.004700374703496740e-02 2.790391237601332411e-02 8.764676873044486747e-05 1.807451933819549585e-04
1.600000000000000000e+01 1.276634285155153932e-02 3.904066933842652992e-02 8.312769978030807346e-05 1.676569062731894373e-04
1.700000000000000000e+01 1.352971297668777856e-02 3.944080583521060446e-02 7.424515242007874698e-05 1.528885245279434360e-04
1.800000000000000000e+01 1.293660903933717063e-02 3.481868435922419458e-02 6.489191318484993480e-05 1.394283476140128857e-04
1.900000000000000000e+01 1.206375122419755218e-02 2.895070705543025674e-02 5.755270494678799679e-05 1.288322137469013117e-04
2.000000000000000000e+01 1.055370587929454866e-02 2.256454760557735986e-02 5.266027938508937098e-05 1.206697791733621626e-04
2.100000000000000000e+01 8.148402144426932989e-03 1.568294498807028606e-02 4.961183037337746316e-05 1.140964745775597183e-04
2.200000000000000000e+01 6.774592946698796900e-03 9.564726843640996429e-03 4.765414469193305128e-05 1.085630253535436161e-04
2.300000000000000000e+01 4.697455456312990552e-03 6.010901644927883584e-03 4.630756664344686121e-05 1.036322345196615978e-04
2.400000000000000000e+01 4.881084491556391888e-03 5.390965038578819993e-03 4.531251864101806765e-05 9.909222887093269638e-05
2.500000000000000000e+01 4.679633141749169577e-03 6.519775150909688614e-03 4.456759977162622597e-05 9.482451786949052123e-05
2.600000000000000000e+01 5.468235594405246487e-03 8.019816785449626270e-03 4.406977503742681593e-05 9.083893409667942746e-05
2.700000000000000000e+01 4.693321473271651334e-03 9.684075166385188935e-03 4.381841869397442202e-05 8.717450646198614869e-05
2.800000000000000000e+01 6.354023820253514726e-03 1.244327934444498275e-02 4.375761265900213155e-05 8.385675701212201951e-05
2.900000000000000000e+01 7.790828293019345409e-03 1.689065801081840457e-02 4.375743402013095962e-05 8.090396756716303575e-05
3.000000000000000000e+01 1.090311023298820049e-02 2.232495219457551749e-02 4.369182124293341128e-05 7.825968264547695423e-05
3.100000000000000000e+01 1.268564156562296090e-02 2.719354767475327950e-02 4.348111837257404402e-05 7.585622210653028422e-05
3.200000000000000000e+01 1.418400394245331562e-02 3.022944502410008713e-02 4.311168764993505542e-05 7.363188135363872566e-05
3.300000000000000000e+01 1.466074635156724287e-02 3.115039640318508635e-02 4.261895509576263456e-05 7.155935538006307514e-05
3.400000000000000000e+01 1.436245609625278440e-02 3.049940165295696518e-02 4.204497828890535520e-05 6.962829503950375160e-05
3.500000000000000000e+01 1.291377936709792520e-02 2.898882062110706703e-02 4.143894351239817332e-05 6.783099650691204159e-05
3.600000000000000000e+01 1.151336237866755659e-02 2.707012670317084785e-02 4.084250273985141016e-05 6.614901025341887513e-05
3.700000000000000000e+01 1.048115581050311322e-02 2.493651533859155695e-02 4.028062720272696391e-05 6.456582565548501086e-05
3.800000000000000000e+01 1.016285484492020046e-02 2.276880861204066964e-02 3.976409359524669317e-05 6.308370588619210116e-05
3.900000000000000000e+01 9.845436296336856907e-03 2.080534201021495139e-02 3.929565935858963475e-05 6.169205657399260659e-05
4.000000000000000000e+01 8.637710171365841488e-03 1.928389864889938979e-02 3.886809098787095252e-05 6.037309628197793434e-05
4.100000000000000000e+01 8.207490084690105200e-03 1.829705812104312837e-02 3.846391922629007105e-05 5.909624830671921886e-05
4.200000000000000000e+01 8.511924563968173083e-03 1.778278959037534260e-02 3.803565505813074222e-05 5.779856168635057949e-05
4.300000000000000000e+01 8.201177100629310907e-03 1.759002936676371670e-02 3.750838164041652865e-05 5.638570713454355737e-05
4.400000000000000000e+01 7.918025527298906338e-03 1.755095203786356112e-02 3.679538581386091009e-05 5.475125239293058226e-05
4.500000000000000000e+01 7.991085474496846530e-03 1.754128994703493469e-02 3.584022028974821018e-05 5.282174612195149604e-05
4.600000000000000000e+01 7.953842640032260727e-03 1.746716478931929079e-02 3.466581597362100857e-05 5.062032818721554230e-05
4.700000000000000000e+01 8.018826494233941699e-03 1.725879201072100244e-02 3.339337088038084013e-05 4.829444080338909934e-05
