# freqs 	 pli 	 dpli 	 meanpower(thalamus)	 meanpower(scalp)	pli
8.000000000000000000e+00 -2.009548749720563299e-02 9.722757255366058435e-03 1.431059368570008919e-04 6.930862000633454317e-04
9.000000000000000000e+00 -4.263504022474779581e-02 -7.459236730322439668e-02 1.100662879125380891e-04 5.115942011583783471e-04
1.000000000000000000e+01 -1.993138115375409081e-02 -3.401555352253146647e-02 9.778678227397499660e-05 3.844534174916642731e-04
1.100000000000000000e+01 -3.217932354818123925e-02 -7.308159230596883438e-03 9.053727941853468718e-05 3.163113472868745520e-04
1.200000000000000000e+01 -2.435717475913992333e-02 4.846241645638668660e-02 8.749453237216005437e-05 2.832039628963066804e-04
1.300000000000000000e+01 -5.589933335459793678e-03 6.188017374270236848e-02 8.742207722110669702e-05 2.682095710723548707e-04
1.400000000000000000e+01 -1.116231602111272407e-04 6.117877520406429098e-02 8.618805124280815564e-05 2.557936551097063187e-04
1.500000000000000000e+01 6.792308428202429617e-03 5.728596526245707116e-02 8.206476480846953167e-05 2.414022698606723186e-04
1.600000000000000000e+01 2.046233559186927051e-02 4.474142583629827502e-02 7.789473232744056116e-05 2.237698868393182274e-04
1.700000000000000000e+01 8.496596579043853154e-03 2.066283858586211858e-02 7.544155787185852940e-05 2.048713999394378743e-04
1.800000000000000000e+01 -7.515621015047181490e-03 -1.094002315794631412e-02 7.415222145288134618e-05 1.873514019413636449e-04
1.900000000000000000e+01 -2.026585486364578317e-02 -3.284823316644958774e-02 7.309162853031113969e-05 1.737764893723796941e-04
2.000000000000000000e+01 -2.221690971392142888e-02 -4.300046101142934729e-02 7.233310754775396003e-05 1.633447719098639090e-04
2.100000000000000000e+01 -1.649428676154201731e-02 -4.704809165087731754e-02 7.178739092690453140e-05 1.546076444415279115e-04
2.200000000000000000e+01 -1.226255736868944388e-02 -4.452727840550454314e-02 7.125183472594251379e-05 1.460949611020089195e-04
2.300000000000000000e+01 -7.903752689028762865e-03 -3.632484162894376173e-02 7.080434854997908931e-05 1.374292092060715219e-04
2.400000000000000000e+01 -4.270371904777079883e-03 -2.919030349410881714e-02 7.066599763259811596e-05 1.290724869878637584e-04
2.500000000000000000e+01 -1.076305348863147542e-02 -3.413789067595931342e-02 7.102683265961823734e-05 1.213089928070042894e-04
2.600000000000000000e+01 -2.974682535888979046e-02 -6.230233055066519698e-02 7.230877102281871045e-05 1.143206494069562326e-04
2.700000000000000000e+01 -4.757352706879520998e-02 -1.166178391600909414e-01 7.466493876554040334e-05 1.083391295210335271e-04
2.800000000000000000e+01 -6.398164669895488321e-02 -1.817315915594784059e-01 7.740269381168952609e-05 1.033046617147679534e-04
2.900000000000000000e+01 -8.102596781902182688e-02 -2.310209725418607696e-01 7.938055748469747294e-05 9.880272067589043142e-05
3.000000000000000000e+01 -8.595529782861512091e-02 -2.479593387960455919e-01 7.972445791265927225e-05 9.448345087232666649e-05
3.100000000000000000e+01 -7.829002915266117246e-02 -2.323257296761276347e-01 7.831081953629595040e-05 9.014462080740244293e-05
3.200000000000000000e+01 -6.218239745121465628e-02 -1.935119249228027249e-01 7.566981473801108937e-05 8.584091844201111542e-05
3.300000000000000000e+01 -4.645087294507455056e-02 -1.459254855755388047e-01 7.251003985113880937e-05 8.180205946913060241e-05
3.400000000000000000e+01 -3.392908343687278672e-02 -1.030280021772592564e-01 6.942275804889290393e-05 7.821342926967436357e-05
3.500000000000000000e+01 -2.368626451520412790e-02 -7.229606264353671818e-02 6.678555641537164132e-05 7.513689588761049616e-05
3.600000000000000000e+01 -1.656578528193692126e-02 -5.460382427505124092e-02 6.468466034163535526e-05 7.255694555158680452e-05
3.700000000000000000e+01 -1.800704034660167985e-02 -4.631513416879073919e-02 6.310013833902109479e-05 7.041512748205019413e-05
3.800000000000000000e+01 -1.527483554465380693e-02 -4.298829780669282535e-02 6.197782419568309011e-05 6.863525549294733762e-05
3.900000000000000000e+01 -1.730536442405708475e-02 -4.115221164156802891e-02 6.116881682607434347e-05 6.714442324484342164e-05
4.000000000000000000e+01 -1.912080911045632020e-02 -3.912732811571388580e-02 6.053016971540273346e-05 6.584260033674765053e-05
4.100000000000000000e+01 -1.701016150097155524e-02 -3.626775424172378609e-02 5.993427035840922959e-05 6.461927107684467260e-05
4.200000000000000000e+01 -1.786197779795180643e-02 -3.244955296753435081e-02 5.926500153241287788e-05 6.337060466634201919e-05
4.300000000000000000e+01 -1.998821412075748108e-02 -2.772828939920163674e-02 5.839639678966875003e-05 6.198645169870293581e-05
4.400000000000000000e+01 -1.606198636682168446e-02 -2.238372606231970804e-02 5.721179657374022225e-05 6.032980884459877938e-05
4.500000000000000000e+01 -1.168198251286053230e-02 -1.669980321770182449e-02 5.565482807128255683e-05 5.832248285750085839e-05
4.600000000000000000e+01 -9.675107501194457962e-03 -1.111672052929540098e-02 5.378362380344106825e-05 5.599088876278250350e-05
4.700000000000000000e+01 -7.206446783774744791e-03 -6.195876846375986992e-03 5.181191273441668860e-05 5.351594720417469892e-05
