# freqs 	 pli 	 dpli 	 meanpower(thalamus)	 meanpower(scalp)	pli
8.000000000000000000e+00 -2.041923603111258506e-02 -3.334009848377964685e-02 3.245230123049950861e-05 1.669412621821598662e-04
9.000000000000000000e+00 -1.318150142279501079e-02 -7.304737615377772560e-03 3.163255405758151677e-05 1.575957106051216591e-04
1.000000000000000000e+01 7.947329704079447027e-03 2.019184219760082957e-02 3.081322482185638097e-05 1.448769354197924604e-04
1.100000000000000000e+01 1.744665901885371004e-02 4.759967821592597792e-02 3.086505877640646810e-05 1.351625304025973900e-04
1.200000000000000000e+01 1.429595358870270304e-02 7.130205604085732007e-02 3.086622021918643190e-05 1.303723863542969078e-04
1.300000000000000000e+01 2.084018096711468329e-02 6.567667802705509650e-02 3.033404522782933617e-05 1.263479505932875045e-04
1.400000000000000000e+01 1.920219471921948140e-02 4.591148589535281460e-02 2.979319262809269377e-05 1.228237858498237856e-04
1.500000000000000000e+01 1.532832700674468390e-02 3.075782397970639945e-02 2.965078258184405664e-05 1.206077828402769429e-04
1.600000000000000000e+01 1.503237853683388019e-02 2.876379368049182539e-02 2.977281075871663144e-05 1.196188081987832667e-04
1.700000000000000000e+01 1.845015755477904043e-02 3.233621030498032983e-02 2.996951257437125373e-05 1.196581298028911582e-04
1.800000000000000000e+01 1.885476804258967923e-02 3.452589935876230337e-02 3.015587728944828252e-05 1.203859708460653310e-04
1.900000000000000000e+01 1.607675229071476794e-02 3.463023416348239708e-02 3.034466185622424847e-05 1.211479017965614950e-04
2.000000000000000000e+01 1.831383015123520114e-02 3.486444598036586573e-02 3.055743881100383551e-05 1.213786438257739462e-04
2.100000000000000000e+01 1.925348937563919199e-02 3.702874861022716069e-02 3.076229581907060230e-05 1.209865567267222688e-04
2.200000000000000000e+01 2.095024112481430612e-02 3.963925171402256364e-02 3.094288693292043455e-05 1.198835561925688662e-04
2.300000000000000000e+01 2.019072898423817861e-02 4.005791208148324484e-02 3.107604926345810501e-05 1.178538433823228396e-04
2.400000000000000000e+01 1.962289206679718179e-02 3.837093800736263161e-02 3.115243017245588654e-05 1.147807591844076362e-04
2.500000000000000000e+01 1.956677765344583264e-02 3.704565147842811546e-02 3.121347077060643819e-05 1.106969188811086793e-04
2.600000000000000000e+01 1.988517193205154715e-02 3.753618155661064132e-02 3.130763962829094912e-05 1.059500466297438897e-04
2.700000000000000000e+01 2.056807721714106613e-02 3.903076518425212249e-02 3.146700980094123613e-05 1.009120468924717566e-04
2.800000000000000000e+01 2.114393329130076146e-02 3.996950137231786854e-02 3.172898874860570739e-05 9.587170264590678091e-05
2.900000000000000000e+01 2.098442111981036265e-02 3.939692810696630854e-02 3.209779221536211908e-05 9.102920977410638233e-05
3.000000000000000000e+01 1.901042236468794902e-02 3.706972084948837592e-02 3.252941652266114924e-05 8.651446596960132938e-05
3.100000000000000000e+01 1.634841428380963760e-02 3.339707421190594300e-02 3.293809613333740377e-05 8.235305306964506224e-05
3.200000000000000000e+01 1.555248407890074021e-02 2.923503111973346086e-02 3.324644699313270674e-05 7.853300493450229857e-05
3.300000000000000000e+01 1.479905701332099796e-02 2.566010633878826677e-02 3.340515433038627590e-05 7.505358340588554652e-05
3.400000000000000000e+01 1.420200457335309661e-02 2.355300265138042526e-02 3.341998914803966678e-05 7.191912079832498371e-05
3.500000000000000000e+01 1.434373793039018033e-02 2.314581240988212302e-02 3.332411125614401524e-05 6.912005944719071618e-05
3.600000000000000000e+01 1.486985120578862389e-02 2.405042238886887646e-02 3.315510558554171042e-05 6.664891367872952035e-05
3.700000000000000000e+01 1.469210424143883344e-02 2.545969672474923326e-02 3.294735540506749897e-05 6.447866823168664756e-05
3.800000000000000000e+01 1.482010730042021551e-02 2.651678114467543451e-02 3.272754106189176924e-05 6.256796037148230308e-05
3.900000000000000000e+01 1.480686959283386908e-02 2.661923093504263427e-02 3.251378309916700619e-05 6.088278631205138396e-05
4.000000000000000000e+01 1.427375055132116578e-02 2.569970036059178106e-02 3.231418839384457429e-05 5.938494615728678167e-05
4.100000000000000000e+01 1.245535468168155677e-02 2.410956719543430951e-02 3.211625237658392114e-05 5.802818738607674214e-05
4.200000000000000000e+01 1.086488038015918922e-02 2.235165895229895838e-02 3.188058706814911195e-05 5.673827738343501241e-05
4.300000000000000000e+01 9.983279191933917829e-03 2.078647262825810207e-02 3.154680320914286584e-05 5.540948864902853243e-05
4.400000000000000000e+01 9.693199042707753565e-03 1.952621851298974587e-02 3.104620522567211636e-05 5.392306096842986108e-05
4.500000000000000000e+01 9.245963120019389664e-03 1.846343710613516584e-02 3.033587738733258386e-05 5.219206647037810887e-05
4.600000000000000000e+01 9.549520656157122270e-03 1.740837865443792612e-02 2.944209316599912980e-05 5.022018189413316846e-05
4.700000000000000000e+01 9.672661077390400444e-03 1.617764121115031553e-02 2.847869694490202879e-05 4.814743789730730074e-05
