# freqs 	 pli 	 dpli 	 meanpower(thalamus)	 meanpower(scalp)	pli
8.000000000000000000e+00 4.021394695583340893e-04 -2.380139156579363230e-02 3.489322685678451677e-05 2.162115043978604548e-04
9.000000000000000000e+00 -1.102196835750341277e-03 -3.030113108922687440e-02 3.395686904050323373e-05 1.909826739780943312e-04
1.000000000000000000e+01 1.158265825315436294e-02 -8.765469227735789987e-03 3.557825086288041302e-05 1.659214320446295097e-04
1.100000000000000000e+01 -4.857885062907968919e-03 -7.813162236104978509e-02 3.948745045584037662e-05 1.531361877619664079e-04
1.200000000000000000e+01 -3.496542154300608801e-02 -1.595583325568324107e-01 4.435320392214162435e-05 1.575818457249803168e-04
1.300000000000000000e+01 -7.968073964624731997e-02 -2.358271755997797259e-01 4.904637086760996927e-05 1.732583934435535618e-04
1.400000000000000000e+01 -1.216922872816462164e-01 -2.947703434261297883e-01 5.218467264489545164e-05 1.915932628981677200e-04
1.500000000000000000e+01 -1.339083609615344117e-01 -3.040907969299904146e-01 5.279922145911380407e-05 2.051162292624680655e-04
1.600000000000000000e+01 -1.024162758306367549e-01 -2.362709108451468420e-01 5.157804729461388339e-05 2.119417051159412711e-04
1.700000000000000000e+01 -3.052990525931129767e-02 -9.366240781225972090e-02 5.034637834075106436e-05 2.137158938285120828e-04
1.800000000000000000e+01 4.927759600884180219e-02 6.279760304462303488e-02 5.033390029521750712e-05 2.119959393610402391e-04
1.900000000000000000e+01 9.981970899210255987e-02 1.651952489331200979e-01 5.147478116569730196e-05 2.061591396365693185e-04
2.000000000000000000e+01 1.167798235244707633e-01 2.019407223435644438e-01 5.348483022030402879e-05 1.947264657973781182e-04
2.100000000000000000e+01 1.090282675684713098e-01 1.900798840948817181e-01 5.707147452039728274e-05 1.783463174304427063e-04
2.200000000000000000e+01 8.985707416063777597e-02 1.544509148205385485e-01 6.214513997221901857e-05 1.599141125860397620e-04
2.300000000000000000e+01 6.795237752282243249e-02 1.155701899751242351e-01 6.610492279518545556e-05 1.422627345480835873e-04
2.400000000000000000e+01 4.729370152572922453e-02 8.112395416449780239e-02 6.637317071298335074e-05 1.269555365951997178e-04
2.500000000000000000e+01 2.874759131029970896e-02 5.039259392297793655e-02 6.302737903683076274e-05 1.146471093903437226e-04
2.600000000000000000e+01 1.328470300631123986e-02 2.259467048696943425e-02 5.795292306884620943e-05 1.053198369358683323e-04
2.700000000000000000e+01 3.834011376853051819e-03 1.017372755455632326e-04 5.296796351795670060e-05 9.865256327885720889e-05
2.800000000000000000e+01 -3.504618202297631155e-04 -1.316903742800902728e-02 4.885222473910446169e-05 9.383484650754512764e-05
2.900000000000000000e+01 -4.390486900811193518e-04 -1.594913434825704149e-02 4.567700895443472440e-05 9.026690726696921362e-05
3.000000000000000000e+01 2.091995695061267795e-03 -1.054879131228148546e-02 4.319541068744960609e-05 8.742443425948432420e-05
3.100000000000000000e+01 6.738700815330002543e-03 -9.393729927676616482e-04 4.120438582265765690e-05 8.513177027912883349e-05
3.200000000000000000e+01 1.035094527711799030e-02 9.141171363154872512e-03 3.954752281774061052e-05 8.315720029652252194e-05
3.300000000000000000e+01 1.396619621162129357e-02 1.722310834633414972e-02 3.815161857458939239e-05 8.137388626733173507e-05
3.400000000000000000e+01 1.559279848126776669e-02 2.214755848238615654e-02 3.700856900579722756e-05 7.995057786659995412e-05
3.500000000000000000e+01 1.613672393883566064e-02 2.400731040199175631e-02 3.607339814097398423e-05 7.885699171847099405e-05
3.600000000000000000e+01 1.554512359732748879e-02 2.354301704099987999e-02 3.533387843409826356e-05 7.820965275995255927e-05
3.700000000000000000e+01 1.411894331925074748e-02 2.178546098143365958e-02 3.475671934477342188e-05 7.788894856823272038e-05
3.800000000000000000e+01 1.263179684181009281e-02 1.966186492824306339e-02 3.431161049754986978e-05 7.768182747321340711e-05
3.900000000000000000e+01 1.157152664699377838e-02 1.791964106078600821e-02 3.394503781013137649e-05 7.712484819687748260e-05
4.000000000000000000e+01 1.024350353480608933e-02 1.677886936874242035e-02 3.362937201432343929e-05 7.610100739348078813e-05
4.100000000000000000e+01 9.641560391282669867e-03 1.619682239720785996e-02 3.332606339736582021e-05 7.459842557163459307e-05
4.200000000000000000e+01 9.298031807496959927e-03 1.596080566961853228e-02 3.298087217662980659e-05 7.270499844128494517e-05
4.300000000000000000e+01 9.241648244452371416e-03 1.582296904563299314e-02 3.251481601208242310e-05 7.042143607988258103e-05
4.400000000000000000e+01 8.828041222166608040e-03 1.565673226213631225e-02 3.187024808049748802e-05 6.795049867427938560e-05
4.500000000000000000e+01 8.006239530769006935e-03 1.534412346214106444e-02 3.099495412019803221e-05 6.523114939772353465e-05
4.600000000000000000e+01 7.944866373478676885e-03 1.481501193488274706e-02 2.991145892299186510e-05 6.233363113950490385e-05
4.700000000000000000e+01 8.208032446628111753e-03 1.402984637036967797e-02 2.872558512250690424e-05 5.944664045186608744e-05
