# freqs 	 pli 	 dpli 	 meanpower(thalamus)	 meanpower(scalp)	pli
8.000000000000000000e+00 2.211795764401884926e-02 3.212156693795181067e-02 4.745743866821920443e-05 2.046579274736631262e-04
9.000000000000000000e+00 -7.957417193856990839e-03 -4.667027168432333339e-02 4.382973678516521691e-05 1.901983398436874091e-04
1.000000000000000000e+01 -2.337382478176158393e-02 -8.700653510656934653e-02 4.186695259246097560e-05 1.842741349242813334e-04
1.100000000000000000e+01 -3.735438044241898986e-02 -1.255337076385296957e-01 4.163967349696480106e-05 1.898244799663691975e-04
1.200000000000000000e+01 -4.953260911552548329e-02 -1.548439248875697338e-01 4.179445688771797331e-05 1.975588995464382276e-04
1.300000000000000000e+01 -4.634204965432272422e-02 -1.222652726913292104e-01 4.092745151970405453e-05 2.011003883202185463e-04
1.400000000000000000e+01 -3.604520238324002840e-02 -8.779505824459678254e-02 3.900791755293869274e-05 1.893576030977228274e-04
1.500000000000000000e+01 -2.902197769578537812e-02 -7.263349065132260196e-02 3.686061356084200833e-05 1.639155492772644245e-04
1.600000000000000000e+01 -2.664000193720309981e-02 -6.160853618617524036e-02 3.512399122067317035e-05 1.377657731467675885e-04
1.700000000000000000e+01 -2.434358511702826300e-02 -5.230394716020759366e-02 3.385532689563802071e-05 1.186909610928172596e-04
1.800000000000000000e+01 -2.168168698875835854e-02 -4.635605195414053276e-02 3.284509190884678633e-05 1.065346082156505396e-04
1.900000000000000000e+01 -1.896989062265592302e-02 -4.317137211064647068e-02 3.198760266861487317e-05 9.867357270042479854e-05
2.000000000000000000e+01 -1.663066025298284845e-02 -4.324937336044117064e-02 3.129776756771530174e-05 9.319722275120064544e-05
2.100000000000000000e+01 -1.636115600929665195e-02 -4.737385446787585608e-02 3.080275967492440107e-05 8.910716310532510300e-05
2.200000000000000000e+01 -1.798955971630335215e-02 -5.497717329986413076e-02 3.049575636493146688e-05 8.581682671065176500e-05
2.300000000000000000e+01 -2.065667265669042865e-02 -6.256726590648505060e-02 3.030845369177925279e-05 8.289284711544584274e-05
2.400000000000000000e+01 -2.065832811694550200e-02 -6.426098221783396736e-02 3.015538549788201748e-05 8.009450863250306839e-05
2.500000000000000000e+01 -1.847326956305647694e-02 -5.610622260996123156e-02 2.998465866786842256e-05 7.733971416453705038e-05
2.600000000000000000e+01 -1.213251877820928706e-02 -3.958442082881901553e-02 2.979226650290063829e-05 7.459345755397746292e-05
2.700000000000000000e+01 -5.176873574128808102e-03 -2.004583856385975735e-02 2.960771312189915082e-05 7.183585357296337463e-05
2.800000000000000000e+01 9.078588977986852158e-04 -2.387105937397843419e-03 2.945463407432046365e-05 6.906986882352949056e-05
2.900000000000000000e+01 5.269328400819348404e-03 1.117433939646650040e-02 2.933562095415370637e-05 6.634146913582013750e-05
3.000000000000000000e+01 7.834194589447599291e-03 2.064009744694921683e-02 2.923752494436121198e-05 6.372643398315528610e-05
3.100000000000000000e+01 9.212677649113144157e-03 2.672455479928070518e-02 2.914866444897268256e-05 6.128240875312531463e-05
3.200000000000000000e+01 9.680700258145978968e-03 3.003510495566472788e-02 2.906030525135235886e-05 5.903515989825880434e-05
3.300000000000000000e+01 9.434894073445481560e-03 3.093770436034902829e-02 2.897009599028918202e-05 5.698026394887888038e-05
3.400000000000000000e+01 9.568827074020689119e-03 2.983086584252004486e-02 2.887635648825366002e-05 5.510179389009279112e-05
3.500000000000000000e+01 8.711017937956226295e-03 2.729528474891353834e-02 2.877875473269569375e-05 5.337469401963311852e-05
3.600000000000000000e+01 7.494939256819523922e-03 2.401660714336334435e-02 2.867979241297990642e-05 5.177888918404275953e-05
3.700000000000000000e+01 6.774089484411637170e-03 2.055102875184998054e-02 2.858056382936864523e-05 5.029696176399742284e-05
3.800000000000000000e+01 6.170032407411147127e-03 1.719637946055016520e-02 2.848192333594520200e-05 4.891728166776493060e-05
3.900000000000000000e+01 5.627570950551434581e-03 1.399233853084223475e-02 2.838520192431577592e-05 4.762767691546805171e-05
4.000000000000000000e+01 5.201824561670146882e-03 1.087519036652673417e-02 2.828755504707596032e-05 4.641901780241817398e-05
4.100000000000000000e+01 4.473047228878909709e-03 7.815284283929474149e-03 2.817592041041228483e-05 4.526899273702637404e-05
4.200000000000000000e+01 4.003299035167046452e-03 4.866730017496523862e-03 2.802024637443077101e-05 4.413481829871146678e-05
4.300000000000000000e+01 2.985121678033765720e-03 2.136987172260589388e-03 2.776943807990371406e-05 4.294773743544967370e-05
4.400000000000000000e+01 1.983886352433055205e-03 -2.652485582589627039e-04 2.736602329682684480e-05 4.162639377342249015e-05
4.500000000000000000e+01 1.653952322454973730e-03 -2.303099374975980679e-03 2.677620695009684591e-05 4.011105211787140910e-05
4.600000000000000000e+01 1.360255265651191684e-03 -4.001016801448825308e-03 2.602570480516929062e-05 3.841369680442431372e-05
4.700000000000000000e+01 1.491444014681323404e-03 -5.400897083298094974e-03 2.521676263521252628e-05 3.664287301632679106e-05
