# freqs 	 pli 	 dpli 	 meanpower(thalamus)	 meanpower(scalp)	pli
8.000000000000000000e+00 -1.171374505023704271e-01 -2.254210586701855812e-01 6.436331120139202836e-05 4.132313665250545711e-04
9.000000000000000000e+00 -6.970857089341510326e-02 -1.643947854509519024e-01 5.986022000664902021e-05 2.876798274454541631e-04
1.000000000000000000e+01 -2.140572206012154866e-02 -8.163338667816195937e-02 5.628422650271782524e-05 2.299701530614739996e-04
1.100000000000000000e+01 -1.632355072059921836e-02 -6.320118964531638850e-02 5.378025371981368975e-05 1.892040696527605014e-04
1.200000000000000000e+01 -4.195223835178742665e-03 -3.746635695834880236e-02 5.119556129848717513e-05 1.634143250368350032e-04
1.300000000000000000e+01 -1.088157829622746209e-02 -3.597985593423880506e-03 4.854916189063653568e-05 1.504984039421525894e-04
1.400000000000000000e+01 -1.965843738383153683e-02 -2.743882951114449357e-03 4.687767836563574427e-05 1.424934520211489650e-04
1.500000000000000000e+01 -1.972415031603808391e-02 -1.871248736542088786e-02 4.622907393398763563e-05 1.331231189671263173e-04
1.600000000000000000e+01 -2.571206495451505009e-02 -3.013480860855676999e-02 4.607717389537580033e-05 1.217246675767577510e-04
1.700000000000000000e+01 -1.944337309753512225e-02 -2.745737097594956599e-02 4.605353138780101117e-05 1.106368523014597711e-04
1.800000000000000000e+01 -1.067232130379161710e-02 -1.932484122850413460e-02 4.600955645666642300e-05 1.016236265782321152e-04
1.900000000000000000e+01 -4.889896980100315489e-03 -1.392114630183794582e-02 4.589793598713010509e-05 9.497678807003782280e-05
2.000000000000000000e+01 -1.261633394701673757e-03 -8.852614869328388758e-03 4.580389815577868130e-05 9.025868941956451629e-05
2.100000000000000000e+01 2.442540401747980358e-03 -4.748386734171161638e-03 4.583098100467032637e-05 8.724019363870715851e-05
2.200000000000000000e+01 4.062497924925463459e-03 -6.703138376429542897e-03 4.596614923081265050e-05 8.567838669572703635e-05
2.300000000000000000e+01 -2.412741820725730364e-03 -1.526720912228402179e-02 4.618825223178467908e-05 8.498889511619657099e-05
2.400000000000000000e+01 -1.056644275430707394e-02 -2.619585600809375484e-02 4.651614139663373383e-05 8.463176466654957232e-05
2.500000000000000000e+01 -1.766910254144987008e-02 -3.505331552202227419e-02 4.691555965271607738e-05 8.412163189252923074e-05
2.600000000000000000e+01 -2.189498516375163600e-02 -3.951219471916454784e-02 4.728226446443907591e-05 8.305216386555903799e-05
2.700000000000000000e+01 -1.918829267267756211e-02 -4.042348964367512010e-02 4.750081688596298951e-05 8.134924166049242202e-05
2.800000000000000000e+01 -1.878669173306903376e-02 -4.051433279255522990e-02 4.751545938538667956e-05 7.918924445374937433e-05
2.900000000000000000e+01 -1.695296804549410730e-02 -4.201517617074653627e-02 4.733988163573999434e-05 7.679888670964095322e-05
3.000000000000000000e+01 -1.346281347301356464e-02 -4.454516060486756607e-02 4.703396489852130742e-05 7.434840723798610417e-05
3.100000000000000000e+01 -1.026376116846563179e-02 -4.622768123936882995e-02 4.665774955342421546e-05 7.199157758962311158e-05
3.200000000000000000e+01 -9.787464746881304259e-03 -4.534213030504005704e-02 4.623346600198181730e-05 6.981689714166642723e-05
3.300000000000000000e+01 -7.605676717722750606e-03 -4.157868370586303292e-02 4.576552692146470570e-05 6.792129065199169408e-05
3.400000000000000000e+01 -4.905528923643245366e-03 -3.601726217173675804e-02 4.524980976308323364e-05 6.633991188033579753e-05
3.500000000000000000e+01 -1.438927401697103099e-03 -2.966593732971297900e-02 4.468811355488013561e-05 6.499383871247412501e-05
3.600000000000000000e+01 -1.738656563428526969e-04 -2.362776238545203494e-02 4.409825128701389229e-05 6.387063970091467287e-05
3.700000000000000000e+01 -1.043539582558240591e-03 -1.860491116221241539e-02 4.350000536804365632e-05 6.295437434494929266e-05
3.800000000000000000e+01 -1.971973137688754190e-03 -1.514498358437470910e-02 4.289802355308071135e-05 6.225545575486058790e-05
3.900000000000000000e+01 -2.330827553665268306e-03 -1.318314188261073688e-02 4.228842216892963541e-05 6.173348858288848899e-05
4.000000000000000000e+01 -4.501031297988936433e-03 -1.271938801140261831e-02 4.167217751949299184e-05 6.135180207985044287e-05
4.100000000000000000e+01 -6.052957897684237143e-03 -1.332158655956598367e-02 4.104045162187877643e-05 6.106976866404403045e-05
4.200000000000000000e+01 -6.638959217453630456e-03 -1.443968270743842784e-02 4.035793004433885174e-05 6.081197576780468186e-05
4.300000000000000000e+01 -5.837127638180590085e-03 -1.573729960540215175e-02 3.956100527163766218e-05 6.040650448169859353e-05
4.400000000000000000e+01 -5.801950640275196740e-03 -1.693909218265305869e-02 3.857628260165315659e-05 5.973021401899062549e-05
4.500000000000000000e+01 -4.631952754081907972e-03 -1.804708945614358351e-02 3.735887092553263737e-05 5.866163325739231761e-05
4.600000000000000000e+01 -6.605695628980738122e-03 -1.911420137000776828e-02 3.593385429254823167e-05 5.725751981528158236e-05
4.700000000000000000e+01 -6.506773233752007751e-03 -2.016277686083933762e-02 3.441726664041683769e-05 5.573084317599544469e-05
