# freqs 	 pli 	 dpli 	 meanpower(thalamus)	 meanpower(scalp)	pli
8.000000000000000000e+00 1.317791341179604114e-03 -7.129457211933182444e-03 1.389357320853724909e-04 1.601587523269575204e-04
9.000000000000000000e+00 -4.923818137915722190e-03 -2.669632198882545410e-02 1.369997905493464791e-04 1.449629367082207263e-04
1.000000000000000000e+01 -2.404534231169427883e-02 -6.939770021208906126e-02 1.387466466961642599e-04 1.396109991975839394e-04
1.100000000000000000e+01 -5.151828937466292058e-02 -1.256848532821454589e-01 1.467069242983926806e-04 1.433124254609533194e-04
1.200000000000000000e+01 -6.342111883385478932e-02 -1.534526927209766134e-01 1.551731354358482323e-04 1.638518490529783020e-04
1.300000000000000000e+01 -5.628909248003611393e-02 -1.302055649744554011e-01 1.611086672847012390e-04 2.086511318541785817e-04
1.400000000000000000e+01 -4.961182565418813945e-02 -9.976566134014565324e-02 1.596467234030227557e-04 2.300652115869071209e-04
1.500000000000000000e+01 -4.484441603156959916e-02 -7.652997162820222854e-02 1.483272247370303275e-04 2.050185718888828832e-04
1.600000000000000000e+01 -4.353526753261766080e-02 -5.937819995498522935e-02 1.341159572553768527e-04 1.633966501356418880e-04
1.700000000000000000e+01 -4.156776557748835532e-02 -4.899521959026990198e-02 1.226409930964203704e-04 1.327109561531531216e-04
1.800000000000000000e+01 -3.641312081185893446e-02 -4.275576947643696529e-02 1.143922942221477289e-04 1.167733679380898823e-04
1.900000000000000000e+01 -3.213470685212270472e-02 -3.963259414233170214e-02 1.079330206602854109e-04 1.089252968272237210e-04
2.000000000000000000e+01 -3.127755865662629892e-02 -3.879509941228700270e-02 1.023306181895487364e-04 1.041632212660037682e-04
2.100000000000000000e+01 -2.959376872378670018e-02 -3.687672965723429869e-02 9.727865901642121298e-05 1.006219430246315934e-04
2.200000000000000000e+01 -2.652953625470023946e-02 -3.316539496193419284e-02 9.269684745213228080e-05 9.762008567974425491e-05
2.300000000000000000e+01 -2.154503294935236277e-02 -2.910224590478984949e-02 8.845411120818882044e-05 9.479585618342072702e-05
2.400000000000000000e+01 -1.684039133729975379e-02 -2.530716782933526213e-02 8.453984410977618852e-05 9.213371465631446688e-05
2.500000000000000000e+01 -1.354740816390355776e-02 -2.134769916697380060e-02 8.092391031512880298e-05 9.017795688384352450e-05
2.600000000000000000e+01 -8.065481599126315612e-03 -1.729739576197301953e-02 7.755924625440419105e-05 9.012392531562029999e-05
2.700000000000000000e+01 -3.563966694501431200e-03 -1.437685614441137558e-02 7.438571817704886383e-05 9.238376439403072433e-05
2.800000000000000000e+01 -1.989306885857781808e-03 -1.400740053279273846e-02 7.136155720332083353e-05 9.500466659322686562e-05
2.900000000000000000e+01 -4.828944901224959622e-04 -1.638843104611161991e-02 6.846824248274558896e-05 9.531964840460741776e-05
3.000000000000000000e+01 -2.130126793872591778e-03 -2.088403621712280056e-02 6.573139675761344213e-05 9.218695116084145609e-05
3.100000000000000000e+01 -4.760347179105713609e-03 -2.637341376441960927e-02 6.318975093042647755e-05 8.630082714217559084e-05
3.200000000000000000e+01 -6.625864787682874193e-03 -3.165816189961059152e-02 6.086741630768646277e-05 7.922514907393594962e-05
3.300000000000000000e+01 -8.880055047524490833e-03 -3.553334433349558674e-02 5.875084689360338027e-05 7.245060595501604894e-05
3.400000000000000000e+01 -9.760341395090148600e-03 -3.707853435760231908e-02 5.681285466229819917e-05 6.686684823240847267e-05
3.500000000000000000e+01 -9.221872142859570409e-03 -3.610957333129279079e-02 5.504033050979229952e-05 6.265885888428893505e-05
3.600000000000000000e+01 -8.930087479794068805e-03 -3.332563275164150685e-02 5.341127560555151082e-05 5.957290393299858705e-05
3.700000000000000000e+01 -8.469772398326785162e-03 -2.984553778695143642e-02 5.191789525389957545e-05 5.723654420065917139e-05
3.800000000000000000e+01 -8.329259702985243249e-03 -2.674371807579416921e-02 5.055493984495385349e-05 5.536646817604580143e-05
3.900000000000000000e+01 -7.442236101836138124e-03 -2.461072488215213655e-02 4.931323947155667308e-05 5.377247772624119479e-05
4.000000000000000000e+01 -7.771552579559026785e-03 -2.358107331053555661e-02 4.817561467702094436e-05 5.234983010719752199e-05
4.100000000000000000e+01 -8.170839018232291598e-03 -2.340311259897544932e-02 4.711578530990763008e-05 5.102616720429489316e-05
4.200000000000000000e+01 -8.197245332279499627e-03 -2.368021605033963917e-02 4.608503661154594492e-05 4.973096328371761000e-05
4.300000000000000000e+01 -8.477442542165144340e-03 -2.413072367459085515e-02 4.500521745095530010e-05 4.836953487791838209e-05
4.400000000000000000e+01 -9.766742060318998192e-03 -2.446615139015095516e-02 4.377806505499877535e-05 4.685369356079263262e-05
4.500000000000000000e+01 -1.064015996363620355e-02 -2.465077255138216350e-02 4.233640744836604443e-05 4.511826281724721057e-05
4.600000000000000000e+01 -1.032301649018281184e-02 -2.466274077577816637e-02 4.068938400379449753e-05 4.318396685853547059e-05
4.700000000000000000e+01 -9.646198127030214398e-03 -2.442666898985541499e-02 3.895359599871429370e-05 4.119536565129140509e-05
