# freqs 	 pli 	 dpli 	 meanpower(thalamus)	 meanpower(scalp)	pli
8.000000000000000000e+00 -1.723560704089387441e-01 -3.282534451250486707e-01 1.212258042272443487e-04 2.803954802837149403e-04
9.000000000000000000e+00 -1.137169124557835947e-01 -2.460685927650780314e-01 9.125295197837667591e-05 2.443591435432159245e-04
1.000000000000000000e+01 -2.079290552821967328e-02 -7.149356495243520959e-02 7.522529468116698583e-05 2.074608602839466147e-04
1.100000000000000000e+01 1.972624318293017542e-02 3.019968346001903475e-02 7.492768263721060254e-05 1.766478954901123380e-04
1.200000000000000000e+01 2.508558873124286728e-02 2.712956904706108341e-02 7.391067127568193393e-05 1.568894998969902390e-04
1.300000000000000000e+01 3.179303889030720559e-02 3.063364607889938057e-02 6.621855032688646011e-05 1.459121021070801914e-04
1.400000000000000000e+01 2.727461365499552620e-02 4.430484154054168539e-02 5.899527295671772796e-05 1.409963521890217103e-04
1.500000000000000000e+01 2.559778599040550551e-02 4.677356390396115310e-02 5.580070089552943501e-05 1.405653657803529943e-04
1.600000000000000000e+01 2.281492858866185705e-02 3.272326281375318585e-02 5.529498325794322849e-05 1.418121534845761807e-04
1.700000000000000000e+01 1.117817487678872922e-02 9.690140295218658412e-03 5.541496406829598062e-05 1.440421610825564063e-04
1.800000000000000000e+01 -2.902999086658766825e-03 -1.004834018006219715e-02 5.560049765920639561e-05 1.463342208124683791e-04
1.900000000000000000e+01 -1.067429649767677111e-02 -2.063638659526719280e-02 5.579395954767664602e-05 1.471640076429816548e-04
2.000000000000000000e+01 -1.002643177785091620e-02 -2.492177095347290067e-02 5.602222288761105729e-05 1.453457815845772625e-04
2.100000000000000000e+01 -1.216376649367389116e-02 -2.658291429702877920e-02 5.630763964335498743e-05 1.410970255680748056e-04
2.200000000000000000e+01 -1.329358821754007651e-02 -2.688034243362469322e-02 5.652989465567427845e-05 1.353877986724269370e-04
2.300000000000000000e+01 -1.318524093832534883e-02 -2.614333245785585222e-02 5.627619685368161792e-05 1.290954484718667900e-04
2.400000000000000000e+01 -1.362605627357866937e-02 -2.464608896591953882e-02 5.530679350564423724e-05 1.226246565862039960e-04
2.500000000000000000e+01 -1.229773462783171484e-02 -2.086489969698343203e-02 5.376130608897957054e-05 1.160276299748757786e-04
2.600000000000000000e+01 -9.270082637907725576e-03 -1.246097321277303029e-02 5.197628877885907992e-05 1.095423948647524025e-04
2.700000000000000000e+01 -1.703842961909117146e-03 1.735328643339892872e-04 5.029758565502273133e-05 1.033846693929345268e-04
2.800000000000000000e+01 4.067560107429647222e-03 1.268707464779799191e-02 4.885684023682421070e-05 9.774136017810801283e-05
2.900000000000000000e+01 1.194330064474183155e-02 2.039866680869454468e-02 4.769940807948026048e-05 9.277043083393969906e-05
3.000000000000000000e+01 9.961501606639194817e-03 2.199263548133730331e-02 4.683991574398282362e-05 8.844265840322051173e-05
3.100000000000000000e+01 7.640823732933406387e-03 1.986855272999476715e-02 4.622442194668719502e-05 8.462783278066627322e-05
3.200000000000000000e+01 8.952839353229283259e-03 1.740874988604244888e-02 4.581050182592294885e-05 8.118732595783558642e-05
3.300000000000000000e+01 9.456376792954761593e-03 1.689825901217137383e-02 4.557445695389152215e-05 7.798922357408952764e-05
3.400000000000000000e+01 1.136671268848642342e-02 1.904783372675475026e-02 4.541647209639944891e-05 7.498955208071744207e-05
3.500000000000000000e+01 1.502349959565130524e-02 2.333542046584815080e-02 4.526690453762565841e-05 7.216309883044997491e-05
3.600000000000000000e+01 1.706917668712486583e-02 2.888033424530292437e-02 4.506581517631801147e-05 6.951724543622085878e-05
3.700000000000000000e+01 1.784922882264781616e-02 3.453553202711830833e-02 4.478789624468585757e-05 6.702409681896190601e-05
3.800000000000000000e+01 1.821828796801482769e-02 3.910092924006607074e-02 4.444193368385932337e-05 6.466455060911959418e-05
3.900000000000000000e+01 1.896084041912724644e-02 4.167145151730251157e-02 4.405156578892812128e-05 6.244343171616822442e-05
4.000000000000000000e+01 1.624690973901456517e-02 4.207202631467834436e-02 4.362756502756647697e-05 6.034958201305982479e-05
4.100000000000000000e+01 1.444987014392381738e-02 4.063869886228206607e-02 4.315965809148823658e-05 5.834904858601741134e-05
4.200000000000000000e+01 1.501333955507765279e-02 3.794327850778308336e-02 4.260901357698981806e-05 5.636853529325142222e-05
4.300000000000000000e+01 1.470563372185421450e-02 3.449966139792100261e-02 4.192026287705555082e-05 5.433938904613520133e-05
4.400000000000000000e+01 1.513379000682981562e-02 3.058526777024352800e-02 4.102435823779625141e-05 5.218248572001642270e-05
4.500000000000000000e+01 1.252590546575745381e-02 2.638696707212845327e-02 3.988700368536607154e-05 4.983244442515338970e-05
4.600000000000000000e+01 1.026327532351628720e-02 2.190832235796251123e-02 3.855870711885646255e-05 4.729198847138567434e-05
4.700000000000000000e+01 9.562698377822921939e-03 1.712803711212265018e-02 3.719368398624918470e-05 4.467186210119475283e-05
