# freqs 	 pli 	 dpli 	 meanpower(thalamus)	 meanpower(scalp)	pli
8.000000000000000000e+00 4.120845601125497359e-02 2.556747410155570943e-01 6.133497255972449125e+01 3.154745608672316735e+02
9.000000000000000000e+00 4.722469925531791457e-02 1.810073831365138219e-01 5.685576599722910629e+01 2.642637034853533464e+02
1.000000000000000000e+01 5.070042702691252012e-02 1.724549495040747227e-01 5.307362284739497937e+01 2.179095191211024201e+02
1.100000000000000000e+01 4.461467084492218294e-02 1.482981236248056556e-01 5.036260229697769120e+01 1.855187273634801670e+02
1.200000000000000000e+01 3.205656610933733941e-02 1.062122257027101890e-01 4.686407789151687098e+01 1.672084455845844673e+02
1.300000000000000000e+01 1.444115431335869608e-02 6.160379022590175419e-02 4.235440577633804793e+01 1.607598965153784718e+02
1.400000000000000000e+01 -1.928256140984144001e-03 8.511026637507220285e-03 3.834776358428512566e+01 1.560779150018529720e+02
1.500000000000000000e+01 -1.804386111574668092e-02 -3.460845338796820353e-02 3.556127453595578203e+01 1.455621515367661516e+02
1.600000000000000000e+01 -2.467345754286639006e-02 -5.154350376900224823e-02 3.367455181750800364e+01 1.302053142389933669e+02
1.700000000000000000e+01 -2.493479458678075564e-02 -4.991658419270230546e-02 3.235858437318660918e+01 1.145535859049037981e+02
1.800000000000000000e+01 -2.307203183161262230e-02 -4.344446968327685815e-02 3.150069892128862037e+01 1.013477304556070209e+02
1.900000000000000000e+01 -2.102952916128800198e-02 -3.859344417532551558e-02 3.095994941044098780e+01 9.106111575801458002e+01
2.000000000000000000e+01 -1.805058550387309349e-02 -3.451575479153606157e-02 3.063036310391606776e+01 8.315174467845639583e+01
2.100000000000000000e+01 -1.589253423533134799e-02 -3.028770561214440965e-02 3.042452116830671471e+01 7.698313097940044258e+01
2.200000000000000000e+01 -1.366704610543564152e-02 -2.650217198543465894e-02 3.028934511635116422e+01 7.209376611325541262e+01
2.300000000000000000e+01 -1.157372208733628734e-02 -2.355697965097449872e-02 3.019401063623391934e+01 6.812453131961471797e+01
2.400000000000000000e+01 -8.393211362860664507e-03 -2.085640008025438016e-02 3.010431101812039856e+01 6.481714689060392232e+01
2.500000000000000000e+01 -5.974071707525575523e-03 -1.771515300029813736e-02 2.999650422740026912e+01 6.197710945240569913e+01
2.600000000000000000e+01 -4.847048526838163007e-03 -1.422697772933017787e-02 2.987963528901714483e+01 5.949899665093819578e+01
2.700000000000000000e+01 -3.885004971197189572e-03 -1.098627548084908645e-02 2.976797913361440706e+01 5.731278405147815391e+01
2.800000000000000000e+01 -3.490755625605767177e-03 -8.445275916776595962e-03 2.966974957917727096e+01 5.533663862952387547e+01
2.900000000000000000e+01 -2.364559518657259520e-03 -6.535919969578919166e-03 2.958435890156171766e+01 5.353346514043187909e+01
3.000000000000000000e+01 -1.150571819304076161e-03 -4.948253257833595299e-03 2.950544444288760104e+01 5.190073715198025184e+01
3.100000000000000000e+01 -6.888155712778400944e-04 -3.408527318871201750e-03 2.942629663907024806e+01 5.045491473899767243e+01
3.200000000000000000e+01 -5.383708109134812585e-04 -1.891123765259344154e-03 2.934547663251399285e+01 4.917879062514673905e+01
3.300000000000000000e+01 -5.514568225415661905e-04 -5.493999062443115844e-04 2.926331212453899866e+01 4.804935540190624721e+01
3.400000000000000000e+01 -2.391525362861731741e-04 4.570859876254438074e-04 2.917928171379447733e+01 4.705748563497987647e+01
3.500000000000000000e+01 -3.644261576275439218e-05 9.990014099057827231e-04 2.908958960515648684e+01 4.618562155238947753e+01
3.600000000000000000e+01 1.369867993765282882e-04 1.087162122182077197e-03 2.899473033084480633e+01 4.542424523371729350e+01
3.700000000000000000e+01 -2.853365324017804517e-04 7.894509567930005399e-04 2.889884455557614018e+01 4.475784999650023366e+01
3.800000000000000000e+01 -5.996975545941160210e-04 1.735960956101724039e-04 2.880324949327967943e+01 4.417288612071410370e+01
3.900000000000000000e+01 -1.005040188860100315e-03 -6.834943914040188815e-04 2.870757518708854761e+01 4.364396734240422404e+01
4.000000000000000000e+01 -1.064514621725814406e-03 -1.683596917504414769e-03 2.860742386874286680e+01 4.315399548811038244e+01
4.100000000000000000e+01 -1.138543951610723921e-03 -2.697280639461762438e-03 2.848816236805260971e+01 4.266642505814361641e+01
4.200000000000000000e+01 -1.634505794329215757e-03 -3.597749978907650598e-03 2.831880218169633778e+01 4.212504271647715370e+01
4.300000000000000000e+01 -2.141622486279675958e-03 -4.320257114510302372e-03 2.804667360025504053e+01 4.145164004744444952e+01
4.400000000000000000e+01 -2.336646553388461740e-03 -4.850003421858218797e-03 2.761306535921577776e+01 4.057316936957762721e+01
4.500000000000000000e+01 -2.633986088147278592e-03 -5.245252521714425728e-03 2.698500453115040187e+01 3.943118393912133257e+01
4.600000000000000000e+01 -2.927201225015089395e-03 -5.592783852864577181e-03 2.618878517668334283e+01 3.805208242869084501e+01
4.700000000000000000e+01 -3.563201634689384164e-03 -5.986681685865000851e-03 2.532615925584629579e+01 3.656477579096981856e+01
