# freqs 	 pli 	 dpli 	 meanpower(thalamus)	 meanpower(scalp)	pli
8.000000000000000000e+00 -2.743630785466597520e-03 -2.418738951782309354e-03 1.802029426900307119e-04 7.224293927189064308e-05
9.000000000000000000e+00 -1.503584670028633094e-02 -2.912244130171553341e-02 1.705047582062118509e-04 6.519651189932973217e-05
1.000000000000000000e+01 -1.068018882052770152e-02 -1.599674046217963719e-02 1.609910441445208066e-04 5.640275128380545060e-05
1.100000000000000000e+01 -4.964309129819964757e-03 -3.531874866416341834e-03 1.546707463986417405e-04 5.044991195997309121e-05
1.200000000000000000e+01 -4.236184181336670983e-03 -8.782805983783419394e-04 1.512615378504563119e-04 4.688242948150763865e-05
1.300000000000000000e+01 -3.001136378403900830e-03 4.831445881512425196e-04 1.461865567860631365e-04 4.413419118018059486e-05
1.400000000000000000e+01 -4.499410288805533870e-03 -6.592275517731819093e-04 1.395090821350239701e-04 4.154252808529296589e-05
1.500000000000000000e+01 -4.163880924446531490e-03 -1.664135001569811952e-03 1.322745283434489212e-04 3.907515050013603633e-05
1.600000000000000000e+01 -4.546945524265991884e-03 -1.761488924124779811e-03 1.247810234237435188e-04 3.679505382636148178e-05
1.700000000000000000e+01 -5.209598151078919520e-03 -2.570066010161830335e-03 1.172126761497734341e-04 3.476616675570381483e-05
1.800000000000000000e+01 -6.470651817715455251e-03 -4.451930903935657872e-03 1.097177581511235529e-04 3.309928301501610204e-05
1.900000000000000000e+01 -7.631905998354325017e-03 -6.651315725931980852e-03 1.023480328520017484e-04 3.185394898486593098e-05
2.000000000000000000e+01 -7.631899290231769321e-03 -8.155502409506283287e-03 9.525923686082311403e-05 3.096272445731033691e-05
2.100000000000000000e+01 -8.007921098927141962e-03 -8.700148336770872903e-03 8.868545497276071480e-05 3.030952778459541341e-05
2.200000000000000000e+01 -6.934133050090196190e-03 -8.441634760723520578e-03 8.280366638176464252e-05 2.981212137567642835e-05
2.300000000000000000e+01 -5.489079334381742788e-03 -7.208223677344397298e-03 7.769482097695691353e-05 2.942881973671708433e-05
2.400000000000000000e+01 -4.476925485044767027e-03 -4.774579780891769799e-03 7.335024598138533325e-05 2.913914882295464139e-05
2.500000000000000000e+01 -3.663449459689738143e-03 -1.622284887695340291e-03 6.967818694891971627e-05 2.892137804780057009e-05
2.600000000000000000e+01 -2.535986322704103513e-03 1.094652759555275441e-03 6.654941847212452258e-05 2.876326141196238132e-05
2.700000000000000000e+01 -7.267226847319203193e-04 2.638335992957194665e-03 6.385235924160281244e-05 2.866063213817271593e-05
2.800000000000000000e+01 1.885083540127979631e-04 3.412685904378314795e-03 6.149305522892648272e-05 2.860117908544882170e-05
2.900000000000000000e+01 7.681768067892111480e-04 4.146216955429009657e-03 5.940623976392687261e-05 2.857010888210784094e-05
3.000000000000000000e+01 1.091642635249089749e-03 5.127193608656345318e-03 5.754377299252666457e-05 2.855070962548372670e-05
3.100000000000000000e+01 1.666489833767271535e-03 6.118273218321534923e-03 5.587909675001914749e-05 2.854184611992799421e-05
3.200000000000000000e+01 2.371528097673632554e-03 6.746205126566599992e-03 5.438488714825028762e-05 2.854068109644445280e-05
3.300000000000000000e+01 2.287564323444022611e-03 6.798980996303665911e-03 5.303242365371932745e-05 2.854738104197528198e-05
3.400000000000000000e+01 2.023397595820570528e-03 6.353893486389534766e-03 5.179760645404400519e-05 2.856286655716441277e-05
3.500000000000000000e+01 1.770318154849774171e-03 5.675550943187384657e-03 5.065503170700268707e-05 2.858423515260842746e-05
3.600000000000000000e+01 1.671460353409631250e-03 5.067281379414066006e-03 4.959047259674132061e-05 2.861138522345331643e-05
3.700000000000000000e+01 2.006448504906729793e-03 4.746755439723382777e-03 4.859892196775564445e-05 2.864072149522324634e-05
3.800000000000000000e+01 1.957329583607956940e-03 4.796101144130601214e-03 4.767741587563850312e-05 2.866885841418603405e-05
3.900000000000000000e+01 2.164473128732887722e-03 5.128165565267388086e-03 4.682130324003305717e-05 2.869057819854340055e-05
4.000000000000000000e+01 2.550665084173976086e-03 5.572188507511053636e-03 4.602068894638786404e-05 2.870181686585827549e-05
4.100000000000000000e+01 2.621794300930614403e-03 5.940932725188560574e-03 4.525297719816272679e-05 2.868896757627350123e-05
4.200000000000000000e+01 2.571696094107746820e-03 6.122976182761924978e-03 4.447133785488019604e-05 2.862045638820892620e-05
4.300000000000000000e+01 2.687019798962852601e-03 6.090487198221903632e-03 4.359887417309920839e-05 2.844131000054047031e-05
4.400000000000000000e+01 2.609274633811002348e-03 5.933796107448064197e-03 4.254584324883431846e-05 2.809198637254111582e-05
4.500000000000000000e+01 2.291452060514503376e-03 5.709502665523786234e-03 4.125448480078019043e-05 2.753430169590507235e-05
4.600000000000000000e+01 1.637638663439320262e-03 5.464132185506946626e-03 3.974928155664916553e-05 2.679189072480435424e-05
4.700000000000000000e+01 1.308345199772344321e-03 5.213075245929896413e-03 3.816294530651443356e-05 2.596589426689062722e-05
