# freqs 	 pli 	 dpli 	 meanpower(thalamus)	 meanpower(scalp)	pli
8.000000000000000000e+00 4.208023749340952802e-02 6.300171144960081682e-02 2.138505196096534753e-04 2.114383401231267835e-04
9.000000000000000000e+00 5.636139026467639618e-02 1.064349932144876137e-01 1.900935525717370488e-04 1.972460133610058120e-04
1.000000000000000000e+01 6.644528543038123736e-02 1.333797416630748411e-01 1.764313285503712407e-04 1.993696561671088967e-04
1.100000000000000000e+01 7.356391904157441597e-02 1.942050840941418333e-01 1.713613817296028442e-04 2.138824667864017506e-04
1.200000000000000000e+01 6.027990443281281557e-02 1.940327103284076871e-01 1.663506658219921365e-04 2.343343904647937138e-04
1.300000000000000000e+01 2.545661282301683176e-02 7.952750069052053061e-02 1.574338648042770267e-04 2.755806637988718680e-04
1.400000000000000000e+01 -7.260095079851433889e-03 -1.633314819630667450e-02 1.463635394931288758e-04 2.926239059752170951e-04
1.500000000000000000e+01 -2.150309744333490578e-02 -5.871210952121424381e-02 1.334775353331853968e-04 2.563635308943783297e-04
1.600000000000000000e+01 -1.883071348634676040e-02 -6.264485533388802763e-02 1.213557044656083175e-04 2.015961448406878502e-04
1.700000000000000000e+01 -1.158881097253012214e-02 -4.823947542654162535e-02 1.117353057184160774e-04 1.608184704062454412e-04
1.800000000000000000e+01 -7.448003049251594038e-03 -3.134388560739007068e-02 1.044893516917057145e-04 1.386461019755451688e-04
1.900000000000000000e+01 -5.965485937428158074e-03 -1.914577726947611774e-02 9.881310641406736779e-05 1.273937196826543776e-04
2.000000000000000000e+01 -3.307710007384823386e-03 -1.323287427819055083e-02 9.419975389796308377e-05 1.212307535000764914e-04
2.100000000000000000e+01 -4.326251917787391800e-03 -1.136156162756294698e-02 9.040589590228099060e-05 1.172846772822310689e-04
2.200000000000000000e+01 -6.148872395513941581e-03 -1.159043086912022250e-02 8.717604528913984983e-05 1.140372441952812438e-04
2.300000000000000000e+01 -9.008001819259375473e-03 -1.346477199638198945e-02 8.413717814555111052e-05 1.107914419723767641e-04
2.400000000000000000e+01 -1.034591171049195450e-02 -1.620519976499367604e-02 8.101189355319935597e-05 1.076343915167546377e-04
2.500000000000000000e+01 -1.037700722709280696e-02 -1.798478825784472282e-02 7.780092357375612238e-05 1.051430277485496529e-04
2.600000000000000000e+01 -1.010392785958464691e-02 -1.689986283072284282e-02 7.462270837541016047e-05 1.038809134146920021e-04
2.700000000000000000e+01 -8.261549340929040183e-03 -1.282395987147124695e-02 7.160025779015641474e-05 1.037358975940707207e-04
2.800000000000000000e+01 -7.242173403070449600e-03 -7.800552724468320064e-03 6.877656974114067950e-05 1.034257613421574022e-04
2.900000000000000000e+01 -6.066459130274475843e-03 -3.872834540530604563e-03 6.618275456978577552e-05 1.013316923312038641e-04
3.000000000000000000e+01 -4.501279500525867672e-03 -1.636965723993651697e-03 6.382745994156107153e-05 9.683465587816377971e-05
3.100000000000000000e+01 -3.972255669275536957e-03 -6.494452783230611178e-04 6.172157648395702094e-05 9.056033952899451953e-05
3.200000000000000000e+01 -4.614334140415617819e-03 -2.749801194574634793e-04 5.986647953805868865e-05 8.370477702251177322e-05
3.300000000000000000e+01 -3.805027241792261448e-03 -1.452016085817584143e-04 5.823581404876023153e-05 7.732495537257446142e-05
3.400000000000000000e+01 -3.915634919014804663e-03 -2.250718566857391940e-04 5.679446750268741281e-05 7.201189889488064785e-05
3.500000000000000000e+01 -3.423479193210408281e-03 -5.065978899702888857e-04 5.551285945234352853e-05 6.783411110173411017e-05
3.600000000000000000e+01 -2.405980693497362238e-03 -1.022381648274135703e-03 5.436163910705283308e-05 6.457083439924389903e-05
3.700000000000000000e+01 -2.053822581406181298e-03 -1.700411410640662079e-03 5.330924191304392562e-05 6.192697599568950306e-05
3.800000000000000000e+01 -2.370538324533151813e-03 -2.346088426823513245e-03 5.234124369445925098e-05 5.968994541258641024e-05
3.900000000000000000e+01 -2.411575729430619642e-03 -2.787160057728410491e-03 5.144657545700559627e-05 5.773259103430404717e-05
4.000000000000000000e+01 -1.721118312375512173e-03 -2.870791535754973946e-03 5.060857845761030369e-05 5.598275235482288504e-05
4.100000000000000000e+01 -1.679709789228524535e-04 -2.596248148463243220e-03 4.979657449977580442e-05 5.437788896280546511e-05
4.200000000000000000e+01 6.498790893745183279e-04 -2.095974650554110596e-03 4.895607590991803056e-05 5.284141413316784699e-05
4.300000000000000000e+01 1.214073483525772131e-03 -1.555287508007227463e-03 4.800389641163949826e-05 5.126734466058575229e-05
4.400000000000000000e+01 1.562110596933895127e-03 -1.142081650713963050e-03 4.684496111324464203e-05 4.955054756369417995e-05
4.500000000000000000e+01 2.108675205116870063e-03 -1.001437773620613304e-03 4.541139841861318097e-05 4.761129295739105472e-05
4.600000000000000000e+01 1.295940577148943203e-03 -1.237640783148631803e-03 4.372252912300780467e-05 4.546048405190234273e-05
4.700000000000000000e+01 1.022390222036574864e-03 -1.945328971438799268e-03 4.191782971759463035e-05 4.322725004756464238e-05
