# freqs 	 pli 	 dpli 	 meanpower(thalamus)	 meanpower(scalp)	pli
8.000000000000000000e+00 -5.205631048252875454e-02 -1.047498810123214108e-01 8.937302754909624980e+01 2.955687683642296406e+02
9.000000000000000000e+00 -2.504618204011845733e-02 -3.206292644098470562e-02 8.178064170379073516e+01 2.924617799642496152e+02
1.000000000000000000e+01 -8.041814836725804522e-03 -7.606640203627486850e-03 7.682045070105543516e+01 2.460547795706819443e+02
1.100000000000000000e+01 1.890721688468488442e-05 1.084806165306730769e-02 7.534077187402415632e+01 1.993880630788451924e+02
1.200000000000000000e+01 5.717587090939761467e-03 3.608631058532311975e-02 7.734735896927762155e+01 1.706247823182158072e+02
1.300000000000000000e+01 1.111776276404686549e-03 2.594293227021668424e-02 8.223524365874118303e+01 1.559403902450311534e+02
1.400000000000000000e+01 -1.034815634875552517e-02 4.172849112586007533e-03 8.933419857228695093e+01 1.491596339529163515e+02
1.500000000000000000e+01 -4.990370964490518750e-03 1.142756667138475520e-02 9.507888389418633324e+01 1.453483969907076983e+02
1.600000000000000000e+01 -4.191483723134002519e-03 2.822270687242586090e-02 9.504213729684857981e+01 1.415278768163044845e+02
1.700000000000000000e+01 -7.997903872221762481e-03 3.215181479728029118e-02 8.951110553466381248e+01 1.378665544424722214e+02
1.800000000000000000e+01 -1.641374145379157976e-02 2.204951459275223541e-02 8.222744089889334873e+01 1.350488487174583838e+02
1.900000000000000000e+01 -1.552107613363728697e-02 5.110406022931858298e-03 7.609831911422887174e+01 1.331427877362212939e+02
2.000000000000000000e+01 -1.605098095252313617e-02 -1.060711792744816091e-02 7.203572888483951431e+01 1.318940816480078411e+02
2.100000000000000000e+01 -1.409685762765138482e-02 -1.640603443101636832e-02 6.973235900771507545e+01 1.314495287678806505e+02
2.200000000000000000e+01 -6.205207902416118304e-03 -3.417993348616136205e-03 6.893928042474560414e+01 1.332498080795277815e+02
2.300000000000000000e+01 7.493721534073979548e-03 3.064926294096154136e-02 7.055997070300050211e+01 1.386498059768322264e+02
2.400000000000000000e+01 2.274405875074377026e-02 6.813337591805539162e-02 7.507982525519085470e+01 1.456602382805020568e+02
2.500000000000000000e+01 2.653075539797727228e-02 8.543796655726719480e-02 8.046722923094296220e+01 1.494107950107797649e+02
2.600000000000000000e+01 2.216487890798876995e-02 7.558322046160340091e-02 8.354370535174589918e+01 1.468723173666811590e+02
2.700000000000000000e+01 8.990769292836209292e-03 4.389883683950786958e-02 8.274017676140164212e+01 1.387893104203674852e+02
2.800000000000000000e+01 -5.310853954965189319e-03 1.617711329429064732e-03 7.878349382679351720e+01 1.278613116897854098e+02
2.900000000000000000e+01 -1.840467369772122788e-02 -3.659341167643109793e-02 7.367675482108388962e+01 1.164623428872860842e+02
3.000000000000000000e+01 -2.754192799859161642e-02 -5.878564988258452167e-02 6.921484670440464981e+01 1.058486395887462095e+02
3.100000000000000000e+01 -2.990775271536910696e-02 -6.280569629989664338e-02 6.628532954477677208e+01 9.663264603045213619e+01
3.200000000000000000e+01 -2.849707442468630419e-02 -5.567004835584658112e-02 6.498245105681743894e+01 8.910700190303337820e+01
3.300000000000000000e+01 -2.362036225339728471e-02 -4.576043765192491092e-02 6.488591381806223524e+01 8.330324186637152195e+01
3.400000000000000000e+01 -1.775157327606746022e-02 -3.712133489555252686e-02 6.538979532968207309e+01 7.902642855315920656e+01
3.500000000000000000e+01 -1.155176219557059805e-02 -3.001395344639564561e-02 6.587268423173213705e+01 7.594983658026600892e+01
3.600000000000000000e+01 -5.392778439894070804e-03 -2.325781511038118796e-02 6.590980302890663722e+01 7.370111592075637930e+01
3.700000000000000000e+01 -3.310618795235290793e-03 -1.608645503463839235e-02 6.530944775866986163e+01 7.197038945262254117e+01
3.800000000000000000e+01 -1.852646142471291385e-03 -8.555630876957577569e-03 6.408456376785986208e+01 7.055155674123606957e+01
3.900000000000000000e+01 -1.448797181084842366e-04 -1.238552007451174629e-03 6.239942477760948236e+01 6.933191834220426131e+01
4.000000000000000000e+01 2.092894045851243466e-03 5.238297608022710571e-03 6.049710752592583418e+01 6.826426063321524396e+01
4.100000000000000000e+01 3.171153496513845135e-03 1.038349498181330086e-02 5.857885361276210290e+01 6.728851319905756156e+01
4.200000000000000000e+01 4.160160636203912889e-03 1.398222137960070111e-02 5.675673614024867675e+01 6.631007559323771261e+01
4.300000000000000000e+01 6.063488289145166701e-03 1.607270758618439474e-02 5.501803501411981756e+01 6.518999548775818198e+01
4.400000000000000000e+01 8.635978223831749026e-03 1.685422022542325260e-02 5.326764531784610313e+01 6.379237617008586625e+01
4.500000000000000000e+01 8.943039619376797963e-03 1.665116551985566101e-02 5.139348226748123949e+01 6.201561951007914786e+01
4.600000000000000000e+01 8.773115633613907602e-03 1.577377218078835838e-02 4.937231461585668768e+01 5.986960886871263199e+01
4.700000000000000000e+01 8.546773908292044572e-03 1.446745345721993717e-02 4.731846133049656800e+01 5.752923770862647501e+01
