# freqs 	 pli 	 dpli 	 meanpower(thalamus)	 meanpower(scalp)	pli
8.000000000000000000e+00 2.669546260144960159e-02 4.580101288619904676e-02 1.173943196084538192e-04 1.828706211722784796e-04
9.000000000000000000e+00 9.809867768714671671e-03 1.869050234268041649e-02 1.250090046010347313e-04 1.812109587639653633e-04
1.000000000000000000e+01 1.375412573348373975e-02 1.961769234358583594e-02 1.276161635114667558e-04 1.681866332247536030e-04
1.100000000000000000e+01 2.341889464653594197e-02 4.683337141218153060e-02 1.283393180815759361e-04 1.645401021758861263e-04
1.200000000000000000e+01 3.763597680244329391e-02 7.348549874694734751e-02 1.341349877920302463e-04 1.737897826411444234e-04
1.300000000000000000e+01 2.893343257278272601e-02 5.834684174597878220e-02 1.424575868123528007e-04 1.874822600405184338e-04
1.400000000000000000e+01 1.201412623437431160e-02 4.148603447280083123e-02 1.479939269979182776e-04 2.001050460556346301e-04
1.500000000000000000e+01 7.781913368367558356e-03 5.272294348131854880e-02 1.519569613073077296e-04 2.105247439930109355e-04
1.600000000000000000e+01 2.791083833107354454e-04 6.206700837920137159e-02 1.515354700846083431e-04 2.145351221401183776e-04
1.700000000000000000e+01 -6.937873149370075120e-03 4.130560089778427535e-02 1.459370792261115743e-04 2.104480998350436219e-04
1.800000000000000000e+01 -6.717855710177353563e-03 8.764803065678800770e-03 1.431398162742988315e-04 2.018310964340784140e-04
1.900000000000000000e+01 -9.976880944622880387e-03 -5.539651084472031403e-03 1.536455884158372919e-04 1.935778260289127578e-04
2.000000000000000000e+01 -7.311344348960645105e-03 4.336165084759149277e-05 1.760152014159952524e-04 1.878054728494872214e-04
2.100000000000000000e+01 -2.137934043538414382e-03 1.210101471300646832e-02 1.953738976914211583e-04 1.821464330810772941e-04
2.200000000000000000e+01 4.612675858267096390e-03 2.683255728566152562e-02 2.018271930130900390e-04 1.737690200438230968e-04
2.300000000000000000e+01 1.483695369617055171e-02 4.216490724686311475e-02 1.984709818095261647e-04 1.621958790628776808e-04
2.400000000000000000e+01 2.086471839439526729e-02 5.064009209575215387e-02 1.910603591863629751e-04 1.495404242049657318e-04
2.500000000000000000e+01 2.249293676334018777e-02 4.613650133735550801e-02 1.796915466344638202e-04 1.381803914700860923e-04
2.600000000000000000e+01 1.557400033649262473e-02 3.004914533434482893e-02 1.631812955015640634e-04 1.290426362948314423e-04
2.700000000000000000e+01 5.554536017628822556e-03 9.047146628015211717e-03 1.436870476964100354e-04 1.222032808489494657e-04
2.800000000000000000e+01 7.000595050579299369e-06 -9.354361027057393058e-03 1.249992490746924714e-04 1.175095540159866946e-04
2.900000000000000000e+01 -3.071566806927887323e-03 -2.013513791866326091e-02 1.096344745709857679e-04 1.146155244921751276e-04
3.000000000000000000e+01 -6.021129913152475574e-03 -2.230661990525782332e-02 9.819790980210090729e-05 1.130433565081152738e-04
3.100000000000000000e+01 -6.926636931810237381e-03 -1.823364557190462060e-02 8.997250188424209055e-05 1.122568609978493148e-04
3.200000000000000000e+01 -5.628811465559164194e-03 -1.151858692224031443e-02 8.390225596028730510e-05 1.116700598556790000e-04
3.300000000000000000e+01 -1.655488047655703267e-03 -5.177169893879093703e-03 7.917991693345754274e-05 1.107900117161479236e-04
3.400000000000000000e+01 1.717409364767975084e-04 -8.737551327987373240e-04 7.536690597078845753e-05 1.093789590792756147e-04
3.500000000000000000e+01 5.053099420429038721e-04 5.963256064677946921e-04 7.222200513441502927e-05 1.072441890218522664e-04
3.600000000000000000e+01 1.854619593658289470e-03 -5.753608767173438174e-04 6.958560863133598205e-05 1.044120028527142018e-04
3.700000000000000000e+01 -2.260088785216229164e-04 -3.554934503001397524e-03 6.735637045716040105e-05 1.010154978031320704e-04
3.800000000000000000e+01 -3.234892216737778395e-03 -7.174905871604872996e-03 6.548253512857290409e-05 9.722911309054432154e-05
3.900000000000000000e+01 -7.684941111856109265e-03 -1.039761104428456318e-02 6.390111274218308564e-05 9.328154596197123314e-05
4.000000000000000000e+01 -8.484142402037977634e-03 -1.256950055180646765e-02 6.255775497145406425e-05 8.939779155929022589e-05
4.100000000000000000e+01 -7.683509085766909025e-03 -1.356410114512430869e-02 6.137227569883326437e-05 8.569697975137001401e-05
4.200000000000000000e+01 -6.301116484300136288e-03 -1.359341822625319447e-02 6.023640222578705765e-05 8.218114670403941070e-05
4.300000000000000000e+01 -6.362400552670870700e-03 -1.302389754321620768e-02 5.900639462759494898e-05 7.873342876317233918e-05
4.400000000000000000e+01 -7.214219573496341575e-03 -1.220586906914444651e-02 5.752863580477019683e-05 7.518229567974944229e-05
4.500000000000000000e+01 -6.837778167553406131e-03 -1.140365631315258185e-02 5.569203198426917747e-05 7.137523585477325259e-05
4.600000000000000000e+01 -9.564976571165346997e-03 -1.083285263905768743e-02 5.348679376047214156e-05 6.725988935785373363e-05
4.700000000000000000e+01 -1.094112605668683125e-02 -1.070417262749192092e-02 5.104663164759816392e-05 6.293386059527705020e-05
