# freqs 	 pli 	 dpli 	 meanpower(thalamus)	 meanpower(scalp)	pli
8.000000000000000000e+00 7.070612216852568965e-02 1.342472706853398701e-01 8.970055766957493227e-05 4.526208786799433537e-04
9.000000000000000000e+00 9.621196856739874792e-02 1.989711512690716388e-01 7.929459502771445492e-05 3.338346996202408933e-04
1.000000000000000000e+01 7.812307800446342820e-02 1.606144472223985931e-01 7.197437945521815462e-05 2.505484147173780746e-04
1.100000000000000000e+01 4.300170634843591966e-02 9.660848965984059067e-02 6.602623105745576910e-05 2.238387362830044486e-04
1.200000000000000000e+01 1.645845347675138626e-02 2.992949912786305178e-02 6.220595718040755802e-05 2.190798293823339776e-04
1.300000000000000000e+01 -7.555426546268866582e-04 -7.695284654753254371e-03 6.018914789927126279e-05 2.216836466723300222e-04
1.400000000000000000e+01 -3.204687100642903633e-03 -1.404687430183140101e-02 5.935358459383994231e-05 2.236678168762719322e-04
1.500000000000000000e+01 -1.167414011016586380e-02 -1.943974227317544698e-02 5.978205472691694542e-05 2.223450578014502985e-04
1.600000000000000000e+01 -1.527563842723956254e-02 -4.127103323613763586e-02 6.198265240083721461e-05 2.198390709296945658e-04
1.700000000000000000e+01 -2.554007783585408170e-02 -7.454148356170395284e-02 6.570375619687118449e-05 2.168016419695168524e-04
1.800000000000000000e+01 -3.562101037216115068e-02 -1.049839737467425788e-01 6.912816601677398347e-05 2.133211449388092856e-04
1.900000000000000000e+01 -4.400445149714671961e-02 -1.182704777566206678e-01 7.026320262011278737e-05 2.097129877431986211e-04
2.000000000000000000e+01 -3.872226908063788192e-02 -1.077895600125793052e-01 6.875722030924502832e-05 2.051704855419099981e-04
2.100000000000000000e+01 -2.579910009933968421e-02 -7.817723212764803031e-02 6.579498499457898410e-05 1.987397368702765706e-04
2.200000000000000000e+01 -9.509509994333234864e-03 -4.300912762598839423e-02 6.274944530626323661e-05 1.899678012992934712e-04
2.300000000000000000e+01 1.239844976026773654e-03 -1.353451464666049521e-02 6.032365728020684274e-05 1.792184271663618844e-04
2.400000000000000000e+01 6.857096874934139920e-03 5.850945088480724240e-03 5.860829711035634251e-05 1.671000155960389961e-04
2.500000000000000000e+01 8.057257103559423150e-03 1.565705130323249289e-02 5.746256957490515057e-05 1.544531656180439983e-04
2.600000000000000000e+01 1.005941525972115988e-02 1.927188872957373220e-02 5.670886111838249202e-05 1.420537283124309299e-04
2.700000000000000000e+01 8.611858897568871671e-03 2.083886865096842497e-02 5.623778006430431964e-05 1.304578137808373413e-04
2.800000000000000000e+01 1.108285412852052371e-02 2.335239786995617350e-02 5.596602917218081733e-05 1.200369171600175163e-04
2.900000000000000000e+01 1.662047788084228955e-02 2.730494941109771687e-02 5.578779674882488834e-05 1.111312769069099896e-04
3.000000000000000000e+01 2.245444266316095130e-02 3.120139662281045181e-02 5.564045789146670259e-05 1.037796378890081455e-04
3.100000000000000000e+01 2.138765946368133275e-02 3.297420368931146956e-02 5.550551149803937000e-05 9.794716417042431428e-05
3.200000000000000000e+01 1.811858562439120149e-02 3.207292379966664164e-02 5.537378113315917955e-05 9.336446876205794750e-05
3.300000000000000000e+01 1.456466320544555666e-02 2.953611431398864631e-02 5.524073746533384892e-05 8.974197159296182637e-05
3.400000000000000000e+01 1.039270744013336828e-02 2.641005257979951379e-02 5.510803093498580288e-05 8.693065204704386400e-05
3.500000000000000000e+01 8.366115076541736847e-03 2.336931794394418033e-02 5.497145569274459217e-05 8.468419603203938763e-05
3.600000000000000000e+01 7.703849726380510021e-03 2.051565362674730858e-02 5.482158064604368645e-05 8.292022642193974940e-05
3.700000000000000000e+01 8.374189727221875365e-03 1.792515417328864255e-02 5.464665072391535616e-05 8.155166284345959635e-05
3.800000000000000000e+01 7.577032864140261122e-03 1.575853168776585045e-02 5.443789818217187456e-05 8.051584964115177047e-05
3.900000000000000000e+01 8.131055620923578059e-03 1.411729493343835511e-02 5.418841581887150612e-05 7.960914176195258937e-05
4.000000000000000000e+01 7.406910882461373129e-03 1.297048803143583361e-02 5.388585955333878049e-05 7.878157235244776131e-05
4.100000000000000000e+01 8.186876596775315845e-03 1.220485863686474048e-02 5.351355503096856027e-05 7.796426993102267106e-05
4.200000000000000000e+01 8.136165363233260200e-03 1.171876418492907163e-02 5.302894122295308022e-05 7.705917700233059370e-05
4.300000000000000000e+01 1.034872628980400798e-02 1.138598420539519394e-02 5.235120635972715850e-05 7.588304159932662254e-05
4.400000000000000000e+01 1.118857594136858820e-02 1.124610102014510921e-02 5.138665666769661779e-05 7.439370627803908198e-05
4.500000000000000000e+01 1.122548966824236244e-02 1.120611060685096361e-02 5.008328881663345238e-05 7.241698626225046345e-05
4.600000000000000000e+01 1.110783886338226507e-02 1.117364873309251508e-02 4.849369721574275910e-05 6.997437799363607060e-05
4.700000000000000000e+01 9.509080015037365066e-03 1.099953964444418640e-02 4.680588966678488001e-05 6.728228808177356198e-05
