# freqs 	 pli 	 dpli 	 meanpower(thalamus)	 meanpower(scalp)	pli
8.000000000000000000e+00 -2.800813187814482630e-02 -9.063147141732258438e-02 1.309713666627457013e-04 2.267912222773517481e-04
9.000000000000000000e+00 -3.057900270033579726e-02 -9.010713115009852392e-02 1.247334680029359654e-04 2.486286479565163283e-04
1.000000000000000000e+01 -9.739220483711681642e-03 -3.103082189528040546e-02 1.113544993361014027e-04 1.964133997235612353e-04
1.100000000000000000e+01 1.167036740593983130e-02 4.442781563041766496e-02 1.001216326932097934e-04 1.522541400689303003e-04
1.200000000000000000e+01 2.818403034439594460e-02 9.265886973320566766e-02 9.318241791888580753e-05 1.242996061483962842e-04
1.300000000000000000e+01 3.805801738075600960e-02 1.060165773815401197e-01 8.896574128843619234e-05 1.048935836678246703e-04
1.400000000000000000e+01 4.130685713605223436e-02 1.022392635974325031e-01 8.648406417180933979e-05 9.325519555392090332e-05
1.500000000000000000e+01 3.699319600588470841e-02 8.812351850873134662e-02 8.480550284091698844e-05 8.695459519547375283e-05
1.600000000000000000e+01 3.011409386096400645e-02 6.837432685566624535e-02 8.325071628127613096e-05 8.358444283076579514e-05
1.700000000000000000e+01 2.012278700694172806e-02 4.818669867439931420e-02 8.158238751376763545e-05 8.109832468046739582e-05
1.800000000000000000e+01 1.293294123037576002e-02 3.497529140193699621e-02 7.992462756500265245e-05 7.735678937488623958e-05
1.900000000000000000e+01 1.011209219937201850e-02 2.995716705024201176e-02 7.861399941035891498e-05 7.217662691412514008e-05
2.000000000000000000e+01 8.465537625277436140e-03 2.564486534521268762e-02 7.785953139961422739e-05 6.705554017155475788e-05
2.100000000000000000e+01 4.326452793532235309e-03 1.641400393839024391e-02 7.769785819196517614e-05 6.318485186374028393e-05
2.200000000000000000e+01 -2.196140360818244278e-03 2.498599718160048142e-03 7.797749237086806491e-05 6.075889331445148760e-05
2.300000000000000000e+01 -7.944893891669285030e-03 -1.200164980958056023e-02 7.837561992721457768e-05 5.929711746800551546e-05
2.400000000000000000e+01 -1.130220498188774791e-02 -2.202780436529123281e-02 7.852310976545482974e-05 5.807867794085976314e-05
2.500000000000000000e+01 -1.148968066260687079e-02 -2.455395032640853709e-02 7.827076924575516927e-05 5.660625544222088287e-05
2.600000000000000000e+01 -1.004861610950231327e-02 -2.010031910416916826e-02 7.772636258979622175e-05 5.477924690280903491e-05
2.700000000000000000e+01 -7.210066784788318750e-03 -1.169628394585469668e-02 7.712282181390535017e-05 5.278574728412837984e-05
2.800000000000000000e+01 -2.997534825580190632e-03 -2.840232727218410316e-03 7.666702465582037073e-05 5.086082291894405852e-05
2.900000000000000000e+01 1.026585383300749861e-03 4.452183156056026790e-03 7.652997676880605473e-05 4.916946964206666035e-05
3.000000000000000000e+01 2.953301431375025300e-03 9.958229285670744738e-03 7.693543044648069971e-05 4.774599076930822745e-05
3.100000000000000000e+01 4.591556472966025829e-03 1.466651132559263632e-02 7.826196432358120767e-05 4.659495347667656805e-05
3.200000000000000000e+01 7.883813803585555668e-03 1.981823401837264423e-02 8.094346244587857493e-05 4.566023984381409367e-05
3.300000000000000000e+01 1.082646646966258820e-02 2.598182132291471103e-02 8.512851262516801093e-05 4.489250361544089096e-05
3.400000000000000000e+01 1.387852855013588932e-02 3.275383699894575396e-02 9.031924171548042250e-05 4.427466961166923713e-05
3.500000000000000000e+01 1.591292402865623901e-02 3.916300879842778832e-02 9.537457599371783540e-05 4.374718871075415589e-05
3.600000000000000000e+01 1.693423388003200900e-02 4.421103510352836913e-02 9.898520209675729965e-05 4.328833532925255469e-05
3.700000000000000000e+01 1.790309956339597094e-02 4.729201851998084821e-02 1.001866720359366442e-04 4.287909882875363271e-05
3.800000000000000000e+01 1.895614905421334068e-02 4.831459740996534025e-02 9.869240762057345385e-05 4.252404778264725905e-05
3.900000000000000000e+01 1.943689641298850662e-02 4.756291231200481667e-02 9.484437097924290551e-05 4.219739324282368963e-05
4.000000000000000000e+01 1.878538102489374015e-02 4.545228651666400471e-02 8.940960375000853524e-05 4.190262341413712586e-05
4.100000000000000000e+01 1.767881256295203776e-02 4.245331128005327276e-02 8.324577660784104405e-05 4.162017355509593829e-05
4.200000000000000000e+01 1.583778690247761300e-02 3.899544818445696559e-02 7.705769231225615215e-05 4.130167924205504056e-05
4.300000000000000000e+01 1.347285818089405222e-02 3.544967921705469149e-02 7.126430209544704726e-05 4.085598316410446473e-05
4.400000000000000000e+01 1.164356178418312314e-02 3.215959919675438067e-02 6.601803633598438256e-05 4.021322592987454305e-05
4.500000000000000000e+01 9.920630799854382106e-03 2.938745801734049534e-02 6.127888434501874214e-05 3.930234119847654702e-05
4.600000000000000000e+01 8.426351639773344004e-03 2.728202365084211878e-02 5.698197306945097953e-05 3.814245321539020658e-05
4.700000000000000000e+01 7.352653850966269465e-03 2.583057063245998430e-02 5.314678944181092909e-05 3.686103626790752583e-05
