# freqs 	 pli 	 dpli 	 meanpower(thalamus)	 meanpower(scalp)	pli
8.000000000000000000e+00 -1.243975388194437821e-02 -6.041103242126918266e-02 1.885588781526814780e-04 1.775869442318981045e-04
9.000000000000000000e+00 3.287884274680418634e-04 -4.402112928371658407e-02 1.677642481329684790e-04 1.599676858612357607e-04
1.000000000000000000e+01 -1.535496161763449984e-03 -4.854492184219350720e-02 1.560602886416334828e-04 1.502768996873805538e-04
1.100000000000000000e+01 -1.350008951787803370e-02 -6.649606588839522547e-02 1.503731918529327969e-04 1.498807454571585076e-04
1.200000000000000000e+01 -4.528568910130847253e-02 -1.374798852315683995e-01 1.480170526368789212e-04 1.662675351687790016e-04
1.300000000000000000e+01 -8.526947726839380348e-02 -2.117839441443994941e-01 1.462437320318750065e-04 2.067084185612000499e-04
1.400000000000000000e+01 -1.049806571760436985e-01 -2.448385009710195570e-01 1.401327083446839128e-04 2.238781603990863201e-04
1.500000000000000000e+01 -1.017807795296466616e-01 -2.310878100946986147e-01 1.295367656795736464e-04 1.972296561233330382e-04
1.600000000000000000e+01 -8.307458629635339209e-02 -1.927743231517014266e-01 1.193155987034681144e-04 1.563794609495278707e-04
1.700000000000000000e+01 -6.434007850625729497e-02 -1.566341379881674156e-01 1.118156642602653359e-04 1.270654534146503525e-04
1.800000000000000000e+01 -5.246364266898984746e-02 -1.351444219120050971e-01 1.060153014537637328e-04 1.124217094424952694e-04
1.900000000000000000e+01 -4.790137024766455420e-02 -1.272953802198112383e-01 1.006637568320211887e-04 1.056569918516107913e-04
2.000000000000000000e+01 -4.544973749487037085e-02 -1.250296131187449700e-01 9.545843785442281021e-05 1.017238474973772505e-04
2.100000000000000000e+01 -4.293594845713410990e-02 -1.219139799552673986e-01 9.045983409023970246e-05 9.864412509238139912e-05
2.200000000000000000e+01 -3.881449939628730389e-02 -1.163402019111300645e-01 8.577346640027558528e-05 9.592418289074780568e-05
2.300000000000000000e+01 -3.510324612115759552e-02 -1.091618557399997302e-01 8.146557468499102160e-05 9.337883865816910139e-05
2.400000000000000000e+01 -3.357344417736719128e-02 -1.005704699776000105e-01 7.761814723891101973e-05 9.088690116177688418e-05
2.500000000000000000e+01 -3.041351902056447024e-02 -9.053038083585523976e-02 7.416384653456332867e-05 8.883385049641794300e-05
2.600000000000000000e+01 -2.570887670577306008e-02 -7.987800936243351357e-02 7.102313314491996265e-05 8.802676616821669372e-05
2.700000000000000000e+01 -2.265656168160154818e-02 -6.996818006360727704e-02 6.810101005083608980e-05 8.874493276879203167e-05
2.800000000000000000e+01 -1.991979874493322866e-02 -6.209816454597823221e-02 6.533254821911897649e-05 8.975123504420405888e-05
2.900000000000000000e+01 -1.607482161055549114e-02 -5.630089903785762823e-02 6.273122536466800082e-05 8.916388970945155249e-05
3.000000000000000000e+01 -1.326698154506486017e-02 -5.191217354353811625e-02 6.032819327985247280e-05 8.613860732065837080e-05
3.100000000000000000e+01 -1.159996927636404614e-02 -4.824581947093933149e-02 5.815299565448813840e-05 8.117942932574004193e-05
3.200000000000000000e+01 -1.058127068475271486e-02 -4.495603164922873374e-02 5.621832042792668092e-05 7.546891563274771243e-05
3.300000000000000000e+01 -7.950668070129566362e-03 -4.197124209914517012e-02 5.451643513905674954e-05 7.010883547930500215e-05
3.400000000000000000e+01 -6.447145336642310862e-03 -3.947034594499369137e-02 5.301748083812379760e-05 6.569067282029908428e-05
3.500000000000000000e+01 -6.262562612237902900e-03 -3.731364484107946994e-02 5.167661457033036079e-05 6.228065807358605503e-05
3.600000000000000000e+01 -6.441020318959451291e-03 -3.534143384187176523e-02 5.046233611960579364e-05 5.965894919779610455e-05
3.700000000000000000e+01 -7.118497115618189174e-03 -3.336094677566980166e-02 4.935891723323397031e-05 5.755189004681578169e-05
3.800000000000000000e+01 -7.132000779385649220e-03 -3.123596329408291281e-02 4.835100720312545747e-05 5.577167882778169745e-05
3.900000000000000000e+01 -7.929691401178468046e-03 -2.920422429822916444e-02 4.742617470428409630e-05 5.419456164746371560e-05
4.000000000000000000e+01 -8.008470480570302474e-03 -2.734506494681180830e-02 4.657352047870750596e-05 5.274699906531517702e-05
4.100000000000000000e+01 -8.634950555872726932e-03 -2.572700116935474138e-02 4.576392861494184104e-05 5.137379815940669518e-05
4.200000000000000000e+01 -9.414036196124131450e-03 -2.435589343139020480e-02 4.494703234829698261e-05 5.001347821607337972e-05
4.300000000000000000e+01 -9.388817657578259895e-03 -2.326019194928942088e-02 4.404245327236417805e-05 4.858751513811535223e-05
4.400000000000000000e+01 -9.904158155395843474e-03 -2.226155175735344133e-02 4.295950074015654675e-05 4.700857239772564098e-05
4.500000000000000000e+01 -9.900749691574197570e-03 -2.133756402604419442e-02 4.164185398661331448e-05 4.521251185850599968e-05
4.600000000000000000e+01 -9.245539297400753864e-03 -2.037457414798856531e-02 4.010918508528514987e-05 4.321152735203821440e-05
4.700000000000000000e+01 -8.330056948523864233e-03 -1.923591321776475793e-02 3.848933769330688801e-05 4.113013604523834879e-05
