# freqs 	 pli 	 dpli 	 meanpower(thalamus)	 meanpower(scalp)	pli
8.000000000000000000e+00 2.154137972605218304e-02 6.538754069761740229e-02 5.960971615171015007e-05 2.486668761903107158e-04
9.000000000000000000e+00 -7.698385969960229620e-03 -1.572832651093874004e-02 5.405909752401945084e-05 1.994063214738922194e-04
1.000000000000000000e+01 -4.221833105192892427e-02 -1.087561282279259356e-01 5.333644374948646880e-05 1.851552353964810061e-04
1.100000000000000000e+01 -7.805655130352412430e-02 -2.093975694576078184e-01 5.706774818560238839e-05 1.948857132695723678e-04
1.200000000000000000e+01 -1.135782987354365114e-01 -2.908257842743091071e-01 6.270413218888965076e-05 2.092652135862741651e-04
1.300000000000000000e+01 -1.325898566365602826e-01 -3.139782703053582980e-01 6.769598096928416454e-05 2.184410976628828175e-04
1.400000000000000000e+01 -1.233216873833982569e-01 -2.746731950824460866e-01 7.022684774020571282e-05 2.207342939280955852e-04
1.500000000000000000e+01 -8.905582982272883252e-02 -1.930415714602617405e-01 6.950760191015019124e-05 2.187419004838602734e-04
1.600000000000000000e+01 -5.056735575590969034e-02 -1.035456233273694682e-01 6.595702202987838831e-05 2.161847329567577491e-04
1.700000000000000000e+01 -2.031253325937327006e-02 -3.155101462033686743e-02 6.118560636738321621e-05 2.150141026340886719e-04
1.800000000000000000e+01 1.744416584425179410e-03 2.272885334541394076e-02 5.696725481902553863e-05 2.150644593149198111e-04
1.900000000000000000e+01 2.075906709616557114e-02 6.659550516466139491e-02 5.426778125439876010e-05 2.153735305251760492e-04
2.000000000000000000e+01 2.927460405153261419e-02 9.046525243218747625e-02 5.285682822511285144e-05 2.145856552048632578e-04
2.100000000000000000e+01 2.517185079802958247e-02 8.252477887600161155e-02 5.175305260011212944e-05 2.109888687430047053e-04
2.200000000000000000e+01 1.181438954920628961e-02 5.122962019975502157e-02 5.008036742770879089e-05 2.026879049041531075e-04
2.300000000000000000e+01 -1.358400585336561181e-03 1.649816463096184446e-02 4.755718521283114797e-05 1.890024945590979292e-04
2.400000000000000000e+01 -1.118919248710056706e-02 -9.710662810282539095e-03 4.457161391526199412e-05 1.716655032624245084e-04
2.500000000000000000e+01 -1.747697372653532477e-02 -2.711876102759992746e-02 4.180900696043687132e-05 1.539304005022208905e-04
2.600000000000000000e+01 -2.100548776335630849e-02 -3.914644138299734621e-02 3.975136408457776626e-05 1.384673814847861442e-04
2.700000000000000000e+01 -2.407320150424141492e-02 -4.730402065374825910e-02 3.846337207024194032e-05 1.265202695535504347e-04
2.800000000000000000e+01 -2.654301326520256549e-02 -5.157400682839855671e-02 3.774091000791343289e-05 1.178212396012206278e-04
2.900000000000000000e+01 -2.692304595640263726e-02 -5.236156312517303846e-02 3.731215200157663359e-05 1.116440468510245421e-04
3.000000000000000000e+01 -2.555572554032375238e-02 -5.066388253078188408e-02 3.697118274435765316e-05 1.071421430454129562e-04
3.100000000000000000e+01 -2.385679698529513323e-02 -4.714610878226051932e-02 3.661074870554243901e-05 1.037944397306542356e-04
3.200000000000000000e+01 -2.076226334788229197e-02 -4.254750664123321813e-02 3.619899203276297857e-05 1.011853210380855888e-04
3.300000000000000000e+01 -1.861435421460617967e-02 -3.768672989634136439e-02 3.573934165210974505e-05 9.904481484339556661e-05
3.400000000000000000e+01 -1.575551329982250240e-02 -3.349235182272739669e-02 3.525770967820155165e-05 9.731126828747673830e-05
3.500000000000000000e+01 -1.454599278479341666e-02 -3.094715551297979803e-02 3.477946272398380425e-05 9.581909547827143294e-05
3.600000000000000000e+01 -1.478207055260507240e-02 -3.057144838205837212e-02 3.432721853130176327e-05 9.451898801924652795e-05
3.700000000000000000e+01 -1.569853224971632169e-02 -3.229516544927693578e-02 3.391390306528540546e-05 9.332712932880636786e-05
3.800000000000000000e+01 -1.792292957028970846e-02 -3.536775599505289497e-02 3.353994016087040480e-05 9.222205634954629811e-05
3.900000000000000000e+01 -2.013465115741351619e-02 -3.862958998129056160e-02 3.319820003141045169e-05 9.106446203512633911e-05
4.000000000000000000e+01 -2.096939608560503820e-02 -4.089926261657984841e-02 3.287494981170974888e-05 8.986504407842861835e-05
4.100000000000000000e+01 -2.124564444978458214e-02 -4.138167656423656637e-02 3.254411355779421598e-05 8.858881524639517142e-05
4.200000000000000000e+01 -2.028421672546327353e-02 -3.980423580421872665e-02 3.216966642890790439e-05 8.717600120143641825e-05
4.300000000000000000e+01 -1.869409455539881859e-02 -3.638830977502040265e-02 3.170359740624591665e-05 8.547669230365031285e-05
4.400000000000000000e+01 -1.661865951853137846e-02 -3.153124850032484189e-02 3.109528237216658961e-05 8.345414238074653362e-05
4.500000000000000000e+01 -1.370617517602627095e-02 -2.575557304329450722e-02 3.031455249332758552e-05 8.098966938507465242e-05
4.600000000000000000e+01 -1.041658918881633103e-02 -1.950079229503733427e-02 2.938548136224877110e-05 7.814232612513678181e-05
4.700000000000000000e+01 -7.111900485116120878e-03 -1.319843457274005524e-02 2.840333267807834862e-05 7.515194199359858860e-05
