# freqs 	 pli 	 dpli 	 meanpower(thalamus)	 meanpower(scalp)	pli
8.000000000000000000e+00 -5.086971758846597219e-02 -6.280843303827313151e-02 6.186281275571251825e+01 5.237593696100810803e+02
9.000000000000000000e+00 -9.394581686799016729e-02 -2.910302553400697101e-01 6.122856335932580407e+01 4.170624349947742644e+02
1.000000000000000000e+01 -1.351260615581929836e-01 -3.966573572799581004e-01 6.069989003865663335e+01 3.318482412039297174e+02
1.100000000000000000e+01 -1.272455486841946593e-01 -3.583357611808745680e-01 6.020524367558877543e+01 2.813164366193699948e+02
1.200000000000000000e+01 -9.037927802943759859e-02 -2.474229316026028136e-01 6.009285189236371849e+01 2.550754034844867988e+02
1.300000000000000000e+01 -5.742457342829105499e-02 -1.442461359248995711e-01 6.013391036010687429e+01 2.452531518385181641e+02
1.400000000000000000e+01 -4.258293858843975599e-02 -8.905139598033358361e-02 6.048407747820244396e+01 2.359311717955377787e+02
1.500000000000000000e+01 -3.352662661729954169e-02 -5.625548912251828598e-02 6.116198641795786273e+01 2.167090761755609378e+02
1.600000000000000000e+01 -2.439011968895317059e-02 -1.431844565579364417e-02 6.097995952973376887e+01 1.909997482655559793e+02
1.700000000000000000e+01 -1.495860606784197612e-02 2.410036869005435095e-02 5.884306017761539920e+01 1.662600330794133754e+02
1.800000000000000000e+01 -7.906316544202041108e-03 4.132191690850526428e-02 5.492963776417372657e+01 1.464043408941682856e+02
1.900000000000000000e+01 -3.002692506854741285e-03 3.860420529978372123e-02 5.029182263972864320e+01 1.315260055373846342e+02
2.000000000000000000e+01 -1.897641439089599574e-03 2.747776008664327627e-02 4.592092094885785514e+01 1.203101688455024316e+02
2.100000000000000000e+01 -1.158454838465370652e-03 1.636094907891066930e-02 4.235087119688905233e+01 1.115712009762390124e+02
2.200000000000000000e+01 -1.025647481713406334e-03 8.421012270133268474e-03 3.971170139820759459e+01 1.045723762423507708e+02
2.300000000000000000e+01 -9.934938047030539439e-05 5.085872265530695484e-03 3.787560826499250055e+01 9.885721336556294148e+01
2.400000000000000000e+01 6.909538106731356183e-04 6.287949810098709610e-03 3.661990962358066071e+01 9.404859756028383799e+01
2.500000000000000000e+01 2.766458705288131134e-03 9.880575588290281888e-03 3.572343935168043316e+01 8.983010021017128111e+01
2.600000000000000000e+01 4.067255544569090865e-03 1.327526666413848117e-02 3.503448220958077997e+01 8.597932694497093564e+01
2.700000000000000000e+01 4.476670710853548202e-03 1.497844065649575791e-02 3.449432837521205641e+01 8.235547123720068896e+01
2.800000000000000000e+01 4.914276358422675628e-03 1.444673731203263180e-02 3.407389818810266036e+01 7.887803271448854048e+01
2.900000000000000000e+01 4.301258150893372961e-03 1.187721814989653631e-02 3.375050108762919621e+01 7.556362813514739685e+01
3.000000000000000000e+01 3.078818298952125301e-03 7.888927917122461747e-03 3.349033452827912782e+01 7.246183748605166386e+01
3.100000000000000000e+01 1.914203894239833613e-03 3.343005986988014776e-03 3.325887999894892744e+01 6.964538298395477511e+01
3.200000000000000000e+01 1.113848348718486127e-03 -9.296030083998050317e-04 3.302048372507331209e+01 6.713694126915764571e+01
3.300000000000000000e+01 6.733064540272829272e-04 -4.193095010299368111e-03 3.274554494588208797e+01 6.492382102381763787e+01
3.400000000000000000e+01 9.004137781094944532e-04 -5.998062074373681878e-03 3.242825545144619781e+01 6.299745660431206318e+01
3.500000000000000000e+01 9.005130382824509151e-04 -6.164116678632773107e-03 3.207445029970516259e+01 6.131663682499742407e+01
3.600000000000000000e+01 1.124409295971446612e-03 -4.952378211567757572e-03 3.170322287025338781e+01 5.984412547276376415e+01
3.700000000000000000e+01 2.190930432923886631e-03 -2.834958164931468058e-03 3.133689088797481759e+01 5.853797518166637559e+01
3.800000000000000000e+01 2.665630070875305620e-03 -3.098780005773874523e-04 3.099187915191152953e+01 5.737981040702773328e+01
3.900000000000000000e+01 3.629796024750154854e-03 2.293173956466549104e-03 3.067376198385433739e+01 5.634174668351815285e+01
4.000000000000000000e+01 4.721692386005230807e-03 4.765643725892179661e-03 3.038450816321062220e+01 5.540391823442350727e+01
4.100000000000000000e+01 5.656249697597551251e-03 7.003166528627967694e-03 3.011291886978247945e+01 5.452663278876523378e+01
4.200000000000000000e+01 6.609011437906007168e-03 8.936414984956285099e-03 2.982311897099004128e+01 5.364096877467680002e+01
4.300000000000000000e+01 6.940079047914761608e-03 1.052619233070850938e-02 2.945378828340986033e+01 5.263821844918794568e+01
4.400000000000000000e+01 7.179738230824703714e-03 1.172595115705135117e-02 2.893850895377149257e+01 5.141142968642216715e+01
4.500000000000000000e+01 7.346629366020484241e-03 1.255360219846703845e-02 2.823370892312580338e+01 4.987490347095015153e+01
4.600000000000000000e+01 7.233293290886969908e-03 1.302137104125532588e-02 2.735843369828736726e+01 4.804875147314023565e+01
4.700000000000000000e+01 6.798691280847380010e-03 1.313826880665091082e-02 2.641261745767101132e+01 4.608319435900830996e+01
