# freqs 	 pli 	 dpli 	 meanpower(thalamus)	 meanpower(scalp)	pli
8.000000000000000000e+00 4.277593215359591812e-03 2.002334155728870049e-03 1.237440791558434871e-04 1.104138019188284755e-04
9.000000000000000000e+00 -2.605209314503970433e-04 -2.284454301444329132e-03 1.165258360167076437e-04 1.057265358994289694e-04
1.000000000000000000e+01 -1.422532915175846006e-02 -2.707025307179627971e-02 1.104822999374142510e-04 8.685200441383718979e-05
1.100000000000000000e+01 -1.753071994524891403e-02 -3.109062994269936459e-02 1.044450751035719282e-04 7.633466882692784635e-05
1.200000000000000000e+01 -1.592623637887678051e-02 -3.294224592971307930e-02 9.970050755652381212e-05 7.079836008928187395e-05
1.300000000000000000e+01 -1.695280789247059078e-02 -3.887577033790270975e-02 9.626577670326478826e-05 6.565244352480806777e-05
1.400000000000000000e+01 -2.007037738037353164e-02 -3.836126509694137710e-02 9.400920748236028638e-05 6.000823876942679570e-05
1.500000000000000000e+01 -1.396692310608969867e-02 -2.761913174168631815e-02 9.293774606180648518e-05 5.501186709537599523e-05
1.600000000000000000e+01 -6.778831470503508469e-03 -1.572106681267016956e-02 9.274124719621226938e-05 5.129806131135949531e-05
1.700000000000000000e+01 -3.673973994495729339e-03 -1.203003319634323234e-02 9.294106349498047640e-05 4.829937828573760677e-05
1.800000000000000000e+01 -2.312540089763100680e-03 -1.333660187344800317e-02 9.328329860073000617e-05 4.556979740207140573e-05
1.900000000000000000e+01 -2.334000269099273817e-03 -1.167199102365356136e-02 9.361109309572010657e-05 4.320697456680546323e-05
2.000000000000000000e+01 8.806630157846955529e-04 -4.908005023326475307e-03 9.344743289762530024e-05 4.138357694288197143e-05
2.100000000000000000e+01 4.266555991007136596e-03 3.562989011419354958e-03 9.225947801841464504e-05 4.005996919676951568e-05
2.200000000000000000e+01 6.849224549813206359e-03 1.069963694920716274e-02 8.987541424060097083e-05 3.907957610521826198e-05
2.300000000000000000e+01 7.782098473237165047e-03 1.565763183729869737e-02 8.655998730502269928e-05 3.832449762853626574e-05
2.400000000000000000e+01 9.875898874029913690e-03 1.783756175616810560e-02 8.276988516298795751e-05 3.773358060382205216e-05
2.500000000000000000e+01 8.478739823374638329e-03 1.707267052417597158e-02 7.892683991828807399e-05 3.728304622498966511e-05
2.600000000000000000e+01 7.117090633979823895e-03 1.439937618017213955e-02 7.531946399577541060e-05 3.694350827743475053e-05
2.700000000000000000e+01 5.715332669549011771e-03 1.099006225452940806e-02 7.210605139839709830e-05 3.669756854210663423e-05
2.800000000000000000e+01 5.426775815377981281e-03 7.366654862857003119e-03 6.933113674836895320e-05 3.652067642194730632e-05
2.900000000000000000e+01 2.543461021397910252e-03 3.685738303437295291e-03 6.697280415060527135e-05 3.640582441213507687e-05
3.000000000000000000e+01 8.384212319103705744e-04 4.221176172113412376e-04 6.498599623523807812e-05 3.635459404210546175e-05
3.100000000000000000e+01 -1.267057381903194217e-03 -1.919152180288712702e-03 6.330588190773149884e-05 3.637661738651171817e-05
3.200000000000000000e+01 -6.791970560089738082e-04 -3.134764857068530683e-03 6.185360806700037598e-05 3.645880748676175035e-05
3.300000000000000000e+01 -9.810996785683879281e-04 -3.522227944461146613e-03 6.056067641657961810e-05 3.657888438470167599e-05
3.400000000000000000e+01 -2.301562415334747983e-03 -3.695294056123794423e-03 5.937302338361784569e-05 3.674031549353834849e-05
3.500000000000000000e+01 -2.763298011471698994e-03 -3.815254276285153737e-03 5.825654173387294284e-05 3.691401822034964645e-05
3.600000000000000000e+01 -2.973043476529285516e-03 -3.919740117688323179e-03 5.720259539160129519e-05 3.708972741166087755e-05
3.700000000000000000e+01 -2.708693636701131353e-03 -3.893451505211106920e-03 5.621313771707928911e-05 3.725704757188544244e-05
3.800000000000000000e+01 -2.628344670902468903e-03 -3.710888261531156834e-03 5.528882651120448484e-05 3.742243496503371941e-05
3.900000000000000000e+01 -1.979036096107544222e-03 -3.325592970654709431e-03 5.442563841977598977e-05 3.757236825158796089e-05
4.000000000000000000e+01 -2.123630867409729162e-03 -2.879511854597426642e-03 5.361065443080941954e-05 3.770375733449235419e-05
4.100000000000000000e+01 -2.672991368068877022e-03 -2.462003520336503853e-03 5.281643941298400319e-05 3.779213436960350407e-05
4.200000000000000000e+01 -2.988530140094992123e-03 -2.152302925663486435e-03 5.198747684980302035e-05 3.779521466280992727e-05
4.300000000000000000e+01 -2.254497532628644586e-03 -1.965051306411628486e-03 5.103376750518108399e-05 3.763132655062420735e-05
4.400000000000000000e+01 -1.194111548322512916e-03 -1.944310120796144230e-03 4.985467185349729560e-05 3.724127080815720797e-05
4.500000000000000000e+01 1.961604740559287814e-04 -1.997461078946547505e-03 4.838385653994030757e-05 3.657048837554361623e-05
4.600000000000000000e+01 -1.421610343767085074e-04 -2.001448674578705685e-03 4.665002069789699155e-05 3.565403752420307241e-05
4.700000000000000000e+01 -1.375437459508529071e-04 -1.802338006289398590e-03 4.481224473400963925e-05 3.463174933503380243e-05
