# freqs 	 pli 	 dpli 	 meanpower(thalamus)	 meanpower(scalp)	pli
8.000000000000000000e+00 1.062476794983591155e-01 2.085755192932093605e-01 8.632405906091496759e-05 3.101166177304908746e-04
9.000000000000000000e+00 7.158558062965263147e-02 1.324956690873181075e-01 7.317615695477311779e-05 2.519920985966778420e-04
1.000000000000000000e+01 2.575812597643737517e-02 5.291273937277662931e-02 7.185778056016047953e-05 2.237805551378183933e-04
1.100000000000000000e+01 -1.702580473530194288e-02 -6.579986122618369793e-02 7.764121243138720279e-05 2.072575748186413055e-04
1.200000000000000000e+01 -2.672648492475828558e-02 -9.763619840917681092e-02 7.672587577541192902e-05 1.999490183469574095e-04
1.300000000000000000e+01 -1.373039838925597597e-02 -1.808353797834669902e-02 6.896945066160408669e-05 2.106347897620831401e-04
1.400000000000000000e+01 1.892584605394789961e-03 3.890359002798013388e-02 6.125421084654360054e-05 2.222821210823844860e-04
1.500000000000000000e+01 8.905804324078937101e-03 4.086406834062515647e-02 5.567370200017833845e-05 2.127228710123735690e-04
1.600000000000000000e+01 9.348647750372940726e-03 2.220504898107975716e-02 5.198301482143317736e-05 1.869512198568460597e-04
1.700000000000000000e+01 1.660919624971299823e-03 3.415289935955553684e-03 4.991407801935668511e-05 1.606937088844839648e-04
1.800000000000000000e+01 -2.725596769210878421e-03 -8.950150997652270290e-03 4.908090040836528999e-05 1.424211393930658535e-04
1.900000000000000000e+01 -3.982298014741603338e-03 -1.368753155230144000e-02 4.902756055302155192e-05 1.317700599316360365e-04
2.000000000000000000e+01 -3.284110805358872714e-03 -1.236485614387099717e-02 4.953966228165072552e-05 1.252407848986506454e-04
2.100000000000000000e+01 -1.526861411844157102e-03 -6.991507070193047658e-03 5.042997283140639560e-05 1.201053422575682909e-04
2.200000000000000000e+01 1.372041824778861803e-03 -6.336710325970753600e-04 5.127550342276803071e-05 1.150063689063103421e-04
2.300000000000000000e+01 3.921350385178565788e-03 4.070708089586591756e-03 5.154183994025125591e-05 1.096405215985282586e-04
2.400000000000000000e+01 6.539041730103891184e-03 6.855611151085869680e-03 5.106554048979915683e-05 1.043090962290116233e-04
2.500000000000000000e+01 8.114948450273053518e-03 9.241733124070282065e-03 5.008006929207331508e-05 9.935806735409855560e-05
2.600000000000000000e+01 7.897850158857366160e-03 1.232164253495343989e-02 4.895717982010410493e-05 9.500466300662730173e-05
2.700000000000000000e+01 9.571141488863260660e-03 1.567558514535761713e-02 4.795819496142318276e-05 9.123913382623564114e-05
2.800000000000000000e+01 1.073790302079633344e-02 1.835318761208720728e-02 4.717344334639363146e-05 8.784310360041591736e-05
2.900000000000000000e+01 1.174983205292979074e-02 2.024243890454497860e-02 4.660256649643788597e-05 8.464597259992586299e-05
3.000000000000000000e+01 1.321957822119373092e-02 2.189462717522842536e-02 4.622608446502933207e-05 8.155267921149445573e-05
3.100000000000000000e+01 1.358112338739219521e-02 2.384047991033082931e-02 4.601989259768122771e-05 7.853973545826724572e-05
3.200000000000000000e+01 1.457996286756260175e-02 2.607855702956655281e-02 4.596312654465104663e-05 7.567709573047935756e-05
3.300000000000000000e+01 1.515092278101448295e-02 2.830224762356114976e-02 4.600842345406482638e-05 7.303406723722741538e-05
3.400000000000000000e+01 1.472580533710982596e-02 3.014267861306222859e-02 4.609597443390677879e-05 7.064110219582900546e-05
3.500000000000000000e+01 1.425075039761826770e-02 3.135908614713938530e-02 4.617395618609778198e-05 6.848886900220339292e-05
3.600000000000000000e+01 1.496694906324860103e-02 3.182813245343786568e-02 4.620237549202485240e-05 6.654681234782241518e-05
3.700000000000000000e+01 1.568662404517206371e-02 3.155175334770884965e-02 4.616088442723329828e-05 6.478241143023511363e-05
3.800000000000000000e+01 1.520478319499415573e-02 3.064719693232396264e-02 4.604595077543226542e-05 6.317395433730202750e-05
3.900000000000000000e+01 1.418439221678728136e-02 2.938941954161247011e-02 4.586090581067313673e-05 6.170062551574530220e-05
4.000000000000000000e+01 1.310620422164195630e-02 2.806429282258418936e-02 4.560107696090444547e-05 6.034520816848485639e-05
4.100000000000000000e+01 1.265059337896383418e-02 2.692442258145903364e-02 4.525130900321506215e-05 5.907041900364614625e-05
4.200000000000000000e+01 1.319761919286106464e-02 2.612144091476141863e-02 4.477621279203496194e-05 5.780647318251458936e-05
4.300000000000000000e+01 1.244573032043293746e-02 2.573974929386754762e-02 4.411701682212408170e-05 5.644463258236969577e-05
4.400000000000000000e+01 1.204852870905533981e-02 2.574727161558164334e-02 4.321384377105460736e-05 5.486987209736392127e-05
4.500000000000000000e+01 1.269620448583891510e-02 2.607831590277587958e-02 4.204821648256293587e-05 5.300383760884418252e-05
4.600000000000000000e+01 1.349737672963886165e-02 2.659171586621501479e-02 4.068845511338263640e-05 5.086951849103248796e-05
4.700000000000000000e+01 1.388409354822188815e-02 2.713197783513246128e-02 3.930996616461729750e-05 4.862055145347157623e-05
