# freqs 	 pli 	 dpli 	 meanpower(thalamus)	 meanpower(scalp)	pli
8.000000000000000000e+00 1.969394935841593461e-02 4.122836881617025079e-02 1.069629000791058502e+02 5.223082662012755861e+01
9.000000000000000000e+00 6.007786200532439815e-03 9.007864913709109217e-03 1.047975058913607995e+02 5.192313632408350088e+01
1.000000000000000000e+01 -3.349836397257563349e-03 -1.782504616206155232e-02 1.065890640646992011e+02 4.850323813123048211e+01
1.100000000000000000e+01 1.485500311981673843e-03 -1.133582316444062439e-02 1.176793193686446131e+02 4.555705307392852887e+01
1.200000000000000000e+01 -1.144582902189756647e-02 -6.148739614879401849e-02 1.447062977582803853e+02 4.594944592137584038e+01
1.300000000000000000e+01 -6.683681932015590743e-02 -2.876160559903629399e-01 1.896759045676821529e+02 5.099524554526934139e+01
1.400000000000000000e+01 -1.089708023114575736e-01 -4.217633510555467424e-01 2.177451392053390862e+02 5.383956585751606383e+01
1.500000000000000000e+01 -1.173921776754063423e-01 -4.048624084582274074e-01 2.033680233162558864e+02 4.981051445678460254e+01
1.600000000000000000e+01 -9.207080462273412036e-02 -2.895564401153274958e-01 1.639873169481628565e+02 4.332867323741306365e+01
1.700000000000000000e+01 -5.607127531703338941e-02 -1.581279349340407314e-01 1.261025750365890445e+02 3.880939897630004509e+01
1.800000000000000000e+01 -3.076096025485437063e-02 -7.731346374821645995e-02 1.009487497626963517e+02 3.661415739767646471e+01
1.900000000000000000e+01 -1.726500385093903550e-02 -4.135335047838444716e-02 8.719952481682774703e+01 3.555130742500845997e+01
2.000000000000000000e+01 -1.218174572071292934e-02 -2.427192087428439726e-02 7.980735501861647663e+01 3.488300374144085225e+01
2.100000000000000000e+01 -7.271112888407923330e-03 -1.360300809533291667e-02 7.507220720146192150e+01 3.435035691507264488e+01
2.200000000000000000e+01 -4.002023846521182530e-03 -6.060350529705179831e-03 7.152350193351904295e+01 3.389382393930191739e+01
2.300000000000000000e+01 -2.708549552293527626e-04 2.122267759639537201e-04 6.902240794839791249e+01 3.350694345006898800e+01
2.400000000000000000e+01 2.997793358097864194e-03 8.052850494710847226e-03 6.801930510528993068e+01 3.319175702437908626e+01
2.500000000000000000e+01 7.040778779066050527e-03 1.889907035294948259e-02 6.880010816980238531e+01 3.294076565312121829e+01
2.600000000000000000e+01 9.353307183610019490e-03 3.072847696655236008e-02 7.073961219705040548e+01 3.272851269915925343e+01
2.700000000000000000e+01 1.230861011813167219e-02 3.952022293266030384e-02 7.250537103221319057e+01 3.252056082715701280e+01
2.800000000000000000e+01 1.281871134170946280e-02 4.248819998476857651e-02 7.289731064248725545e+01 3.229395906079255241e+01
2.900000000000000000e+01 1.165423435982472326e-02 3.954529467575787494e-02 7.147581009148208864e+01 3.205115109934777706e+01
3.000000000000000000e+01 8.879865296212473627e-03 3.244071612036773106e-02 6.853975317391275723e+01 3.180928900459360165e+01
3.100000000000000000e+01 5.498939773512258149e-03 2.352055883670572597e-02 6.478040507967529038e+01 3.158212403224567666e+01
3.200000000000000000e+01 3.104736069036290007e-03 1.477260777084159378e-02 6.091387449747587368e+01 3.138227987864419077e+01
3.300000000000000000e+01 1.075665759866422126e-03 7.401869168289246410e-03 5.746434358850561352e+01 3.121473323886193540e+01
3.400000000000000000e+01 -1.003265914494864103e-05 1.828034766620944109e-03 5.468771922883762215e+01 3.107238258418194832e+01
3.500000000000000000e+01 -1.248919640974407259e-03 -2.064676745577545113e-03 5.260148987951045285e+01 3.094968264238180211e+01
3.600000000000000000e+01 -1.643042819526212023e-03 -4.621975797881349053e-03 5.109847976579585094e+01 3.083973831787739783e+01
3.700000000000000000e+01 -2.356245640832001480e-03 -6.157996500678425585e-03 5.004004909542663171e+01 3.073968377347108571e+01
3.800000000000000000e+01 -2.174174710684115795e-03 -6.912695698680496222e-03 4.931160024880906434e+01 3.064834500689688568e+01
3.900000000000000000e+01 -2.177585488895052157e-03 -7.074456742798659187e-03 4.881228167520459493e+01 3.056325387971691399e+01
4.000000000000000000e+01 -2.207868125155295399e-03 -6.801084256443904949e-03 4.844159671129995104e+01 3.047815649797502857e+01
4.100000000000000000e+01 -2.061026168305120799e-03 -6.187373356246876101e-03 4.809060222862017753e+01 3.037576538776712454e+01
4.200000000000000000e+01 -2.265775847518243340e-03 -5.286304529110109375e-03 4.764346042117855973e+01 3.021823767351185808e+01
4.300000000000000000e+01 -1.918737856508684293e-03 -4.149491638500414810e-03 4.698559967326670517e+01 2.994818449444977304e+01
4.400000000000000000e+01 -1.988762606683948993e-03 -2.851157697825431551e-03 4.601803020365688468e+01 2.950183337870283395e+01
4.500000000000000000e+01 -1.395982906872349390e-03 -1.470816463688644563e-03 4.469412345336000669e+01 2.884030797312559358e+01
4.600000000000000000e+01 -5.877527760274061600e-04 -5.400710182359108282e-05 4.306190124103164152e+01 2.798485164102813982e+01
4.700000000000000000e+01 4.192518322402388428e-04 1.402221786900208775e-03 4.128579897503433926e+01 2.703810049199675802e+01
