# freqs 	 pli 	 dpli 	 meanpower(thalamus)	 meanpower(scalp)	pli
8.000000000000000000e+00 2.244592406782007846e-02 4.133998803793881988e-02 6.393609518610630373e-05 2.088301396198722140e-04
9.000000000000000000e+00 4.419207046088242247e-02 8.201314879583038175e-02 6.092253050671965974e-05 1.888200517784456784e-04
1.000000000000000000e+01 4.538466729611412287e-02 8.141478043699837408e-02 5.859686965483486607e-05 1.819860076455391518e-04
1.100000000000000000e+01 4.349281223447921951e-02 7.839782503033648764e-02 6.101392424582824083e-05 2.010553240366044119e-04
1.200000000000000000e+01 3.595739017871737997e-02 8.667561235958551324e-02 6.791230417384750990e-05 2.381198247621440123e-04
1.300000000000000000e+01 2.178492734343697237e-02 6.208819778321363753e-02 7.274942115277144771e-05 2.604559746960924860e-04
1.400000000000000000e+01 9.558183797899414552e-03 2.678165627132142804e-02 7.157723729514027966e-05 2.449368189897818768e-04
1.500000000000000000e+01 3.787175056431805239e-03 -2.715310722596291689e-03 6.609863497425347821e-05 2.060689653804831335e-04
1.600000000000000000e+01 3.749000349475978700e-03 -1.249304781111155137e-02 5.947780278225133258e-05 1.682562465590165673e-04
1.700000000000000000e+01 5.945638092837796963e-03 -3.465538262858631775e-03 5.342468874485810463e-05 1.421112206024196275e-04
1.800000000000000000e+01 7.309543107355051875e-03 8.598386167975830691e-03 4.835035359806244754e-05 1.263819437047692589e-04
1.900000000000000000e+01 7.526647459319807908e-03 1.450742972064957524e-02 4.428388250897381275e-05 1.168550108080499626e-04
2.000000000000000000e+01 8.197772509958048751e-03 1.694606865179953611e-02 4.114133003799472742e-05 1.105335298375176442e-04
2.100000000000000000e+01 9.043948036931476545e-03 1.962609345294095281e-02 3.880272881891739986e-05 1.058775178697725399e-04
2.200000000000000000e+01 1.152072743688217077e-02 2.281465185009294225e-02 3.710951118965665808e-05 1.021784341283608471e-04
2.300000000000000000e+01 1.430920716242233340e-02 2.580892159549171352e-02 3.586184534094610869e-05 9.917175062195484085e-05
2.400000000000000000e+01 1.656093154689794109e-02 2.809653515320170367e-02 3.488505458891474388e-05 9.668539732412957080e-05
2.500000000000000000e+01 1.747724609605069354e-02 2.964554576381073919e-02 3.404211988718611301e-05 9.457350822696989853e-05
2.600000000000000000e+01 1.815072823923085180e-02 3.074006753811181145e-02 3.324735381037789559e-05 9.271129352793129098e-05
2.700000000000000000e+01 1.859211154988594031e-02 3.171483461722698211e-02 3.246562655129179431e-05 9.103521109110523295e-05
2.800000000000000000e+01 1.939131588067596543e-02 3.269293498394235109e-02 3.169542490247333444e-05 8.948073650950631361e-05
2.900000000000000000e+01 1.956595274379344107e-02 3.375529656492314706e-02 3.096501855911434783e-05 8.808014272173386933e-05
3.000000000000000000e+01 1.982472043245033302e-02 3.497833405907155996e-02 3.029881639609786713e-05 8.685518122566101835e-05
3.100000000000000000e+01 2.052114091101838941e-02 3.644605312619931398e-02 2.971160764708605066e-05 8.585078954253627615e-05
3.200000000000000000e+01 2.131886125663404186e-02 3.797717688781748757e-02 2.920729429043886059e-05 8.504746384667411082e-05
3.300000000000000000e+01 2.143681598502716196e-02 3.933666149351327385e-02 2.878131704940236813e-05 8.439906959564844741e-05
3.400000000000000000e+01 2.129467818187559883e-02 4.047326054991937788e-02 2.843170627378310253e-05 8.390838980563842110e-05
3.500000000000000000e+01 2.070961936652889607e-02 4.119521242168055347e-02 2.814607660228217654e-05 8.352164620376512831e-05
3.600000000000000000e+01 2.012712429694087091e-02 4.146165733336583392e-02 2.791389488860614840e-05 8.322994683590277166e-05
3.700000000000000000e+01 2.026756897165699414e-02 4.125696433648468747e-02 2.772443060332756564e-05 8.300841889251915748e-05
3.800000000000000000e+01 2.028389743434720269e-02 4.069224766300211932e-02 2.756980460839885899e-05 8.284511464766844467e-05
3.900000000000000000e+01 2.047726556847761017e-02 3.998365100966299462e-02 2.744050251367216491e-05 8.268505825172441982e-05
4.000000000000000000e+01 2.020018232737803496e-02 3.934783644587830365e-02 2.732703222645448067e-05 8.251464639255251022e-05
4.100000000000000000e+01 1.998281357708522887e-02 3.891228902474975354e-02 2.720972185737488292e-05 8.228697591358746842e-05
4.200000000000000000e+01 1.985668561702131490e-02 3.869836966342673351e-02 2.705223010350367246e-05 8.190057417836625533e-05
4.300000000000000000e+01 2.014907553074684818e-02 3.864583312532388071e-02 2.680117911038839930e-05 8.117793322914584225e-05
4.400000000000000000e+01 2.026252593193773530e-02 3.873739627316008516e-02 2.640029423664500219e-05 7.998851914148561229e-05
4.500000000000000000e+01 2.020584581866517737e-02 3.898873252849333060e-02 2.581516250498969544e-05 7.821398044316516353e-05
4.600000000000000000e+01 2.039837236803725834e-02 3.946555678584953014e-02 2.506768689586457853e-05 7.592693095261247535e-05
4.700000000000000000e+01 2.054221133221173501e-02 4.029840912601883457e-02 2.425272160631084217e-05 7.341854919818468551e-05
