# freqs 	 pli 	 dpli 	 meanpower(thalamus)	 meanpower(scalp)	pli
8.000000000000000000e+00 -2.089558550136749737e-02 -2.680392396771839533e-02 9.324402542811439758e-05 2.820570917617086374e-04
9.000000000000000000e+00 6.049924097859035906e-03 2.527799713613131756e-04 8.807787677888417302e-05 2.576379727470015060e-04
1.000000000000000000e+01 1.818995473027584797e-02 2.438484248328298340e-02 8.062226815025232986e-05 1.939725889606513183e-04
1.100000000000000000e+01 1.161442957901677973e-02 3.790276500414366950e-02 7.589813723271031387e-05 1.548217207436015745e-04
1.200000000000000000e+01 -1.015680031399288910e-03 3.673188959717439694e-02 7.299472891458995481e-05 1.404010693586801081e-04
1.300000000000000000e+01 -8.673968727714866447e-03 -3.312471769687696382e-03 7.140571049887137786e-05 1.382814593700220555e-04
1.400000000000000000e+01 -8.664989184895327892e-03 -2.465319918601818761e-02 7.119447857444875674e-05 1.406220998047258679e-04
1.500000000000000000e+01 -3.981133984968911535e-03 -1.243082059422231586e-02 7.208651294681933859e-05 1.430425142085141918e-04
1.600000000000000000e+01 -5.030596412730276631e-04 3.101794923546678318e-04 7.323938927522968042e-05 1.441310744868614822e-04
1.700000000000000000e+01 5.852820683761557688e-04 2.273934971823628973e-03 7.399218474691471239e-05 1.436734303557576269e-04
1.800000000000000000e+01 -5.961978677529659702e-04 -4.848569514945921897e-04 7.424761607608367149e-05 1.415293382821125471e-04
1.900000000000000000e+01 -1.792670387249292426e-03 -2.315169532212146917e-03 7.437543331693238975e-05 1.383185071794249086e-04
2.000000000000000000e+01 -1.648786529315325741e-04 -8.613926662064696517e-04 7.470658461389382025e-05 1.350652863223859889e-04
2.100000000000000000e+01 1.835550837612452083e-03 4.714036147793929446e-03 7.537084942544964759e-05 1.323597186567138345e-04
2.200000000000000000e+01 6.359923408592154867e-03 1.302277407487275294e-02 7.631176926542529426e-05 1.302091084469341852e-04
2.300000000000000000e+01 1.089554372625391003e-02 2.235713380968022690e-02 7.747531338423408972e-05 1.285074039630831801e-04
2.400000000000000000e+01 1.671372397120853004e-02 3.350097299582024957e-02 7.893225587100817422e-05 1.271582276868295593e-04
2.500000000000000000e+01 2.453971807767666921e-02 4.888545849580971936e-02 8.091395051213158475e-05 1.260073946557990364e-04
2.600000000000000000e+01 3.358295684847974194e-02 6.785534387675581924e-02 8.352231688780472436e-05 1.249091161453200660e-04
2.700000000000000000e+01 4.067140409130159950e-02 8.399041980709395783e-02 8.634618900277370764e-05 1.238515362029022737e-04
2.800000000000000000e+01 4.226459623963171874e-02 8.977962429551920864e-02 8.864083520181584796e-05 1.227557002709098622e-04
2.900000000000000000e+01 3.804139789439127395e-02 8.251251580786757300e-02 8.993787204025432773e-05 1.217486572898458021e-04
3.000000000000000000e+01 2.978990948542955056e-02 6.552582191199668449e-02 9.030172900556181052e-05 1.209184591097206421e-04
3.100000000000000000e+01 1.910132416080105588e-02 4.480830623043411537e-02 9.010077458580358707e-05 1.204207284553568424e-04
3.200000000000000000e+01 9.090049805195002039e-03 2.517352094771978938e-02 8.963517732550278360e-05 1.202207258247128032e-04
3.300000000000000000e+01 1.311009812963908998e-03 8.773071005849914644e-03 8.897243107793109717e-05 1.202203134163934759e-04
3.400000000000000000e+01 -4.732558126605685561e-03 -4.020214244927129178e-03 8.803845604869888581e-05 1.204111435160726794e-04
3.500000000000000000e+01 -9.180078002183679822e-03 -1.335725157909139690e-02 8.675999250539381661e-05 1.206217886456406097e-04
3.600000000000000000e+01 -1.178469960457772039e-02 -1.937110378107718620e-02 8.516615502816888173e-05 1.208247962429129333e-04
3.700000000000000000e+01 -1.277167145745484664e-02 -2.226432542913059018e-02 8.337817651292466544e-05 1.209756970056783255e-04
3.800000000000000000e+01 -1.315843633637651770e-02 -2.250763382810385196e-02 8.155377565198481716e-05 1.211171080337137559e-04
3.900000000000000000e+01 -1.240048207273612008e-02 -2.084693624197003423e-02 7.981374790952608920e-05 1.211898859633415168e-04
4.000000000000000000e+01 -1.105729263152411580e-02 -1.812215567877576913e-02 7.822507372067354493e-05 1.212621161217597828e-04
4.100000000000000000e+01 -9.409338285622162804e-03 -1.505393866398751015e-02 7.678069845788467569e-05 1.213145357864369432e-04
4.200000000000000000e+01 -7.735570866063367496e-03 -1.213281321199735467e-02 7.539165208880348364e-05 1.212245159557408497e-04
4.300000000000000000e+01 -6.185628139039971683e-03 -9.650437919328300543e-03 7.389621643889353970e-05 1.207045446389147801e-04
4.400000000000000000e+01 -5.385176451163696011e-03 -7.714952529874452222e-03 7.211585234400411581e-05 1.195560822387508893e-04
4.500000000000000000e+01 -4.677358508311483566e-03 -6.391924888718861740e-03 6.992667157223199619e-05 1.175266498893343635e-04
4.600000000000000000e+01 -4.065456219542672514e-03 -5.739523001806126276e-03 6.735206521534039951e-05 1.146656584069876631e-04
4.700000000000000000e+01 -4.019967089128649931e-03 -5.838153890640954656e-03 6.460510248070288795e-05 1.113622838188479898e-04
