# freqs 	 pli 	 dpli 	 meanpower(thalamus)	 meanpower(scalp)	pli
8.000000000000000000e+00 6.938860035259664105e-02 1.575689371269490269e-01 8.888239228853473913e-05 1.843415773339523219e-04
9.000000000000000000e+00 6.980652558510629102e-02 1.580790183460232534e-01 8.252266543289463890e-05 1.549998526894606364e-04
1.000000000000000000e+01 5.673463574408097593e-02 1.377427806742980987e-01 7.902670591245180946e-05 1.458457559241463006e-04
1.100000000000000000e+01 3.486707946917094736e-02 8.357498215156897170e-02 7.889439623968363621e-05 1.531234611721920863e-04
1.200000000000000000e+01 8.045067953684384432e-03 2.167854933096884096e-02 8.091020410268709938e-05 1.678847617393305826e-04
1.300000000000000000e+01 -1.092088368255884380e-02 -1.387058118199958022e-02 8.319152813386876096e-05 1.840570752064565440e-04
1.400000000000000000e+01 -4.091159991774387036e-03 -4.198151163051126213e-03 8.353406913806353680e-05 1.975092968110418181e-04
1.500000000000000000e+01 1.121937973919163653e-02 3.204031943781315145e-02 8.159840268925478530e-05 2.049723401457666846e-04
1.600000000000000000e+01 3.371431166482539987e-02 6.846389052134650710e-02 7.893331082384501306e-05 2.067841022765911176e-04
1.700000000000000000e+01 4.332558109249565192e-02 8.911968229152429644e-02 7.666739598560876751e-05 2.064067900588542376e-04
1.800000000000000000e+01 4.811571527640093326e-02 9.722988774939642087e-02 7.496640937597102928e-05 2.066286924823449182e-04
1.900000000000000000e+01 4.779003891022688688e-02 9.123575920581308840e-02 7.366820795453149745e-05 2.078047524602623028e-04
2.000000000000000000e+01 3.681403172627747966e-02 6.841282816050799076e-02 7.241471904551467342e-05 2.089670485794457844e-04
2.100000000000000000e+01 2.426540275881254941e-02 4.043691680236981278e-02 7.102058757240730855e-05 2.090963794460477755e-04
2.200000000000000000e+01 1.706264975911158874e-02 1.947574223253387485e-02 6.922561428108047203e-05 2.074135716053478401e-04
2.300000000000000000e+01 1.190017307799676183e-02 8.426294440041654996e-03 6.679118208564502855e-05 2.031639768860366284e-04
2.400000000000000000e+01 7.779348416523873717e-03 4.598262329974648829e-03 6.385278242223069492e-05 1.968048241028448251e-04
2.500000000000000000e+01 7.017485953208136944e-03 4.225015663506550417e-03 6.089566719263584136e-05 1.901369002920778775e-04
2.600000000000000000e+01 5.428858414998040220e-03 4.050762609161337111e-03 5.831674656528061993e-05 1.849709674296349767e-04
2.700000000000000000e+01 4.238651116332573313e-03 2.492378602291773267e-03 5.625177279771117328e-05 1.821000002136710487e-04
2.800000000000000000e+01 2.001664565549727496e-03 1.056401717164831398e-04 5.464730962895972646e-05 1.812258007900567158e-04
2.900000000000000000e+01 3.005759146690215305e-03 -1.500180480225277776e-03 5.336738153904434901e-05 1.815537975182069253e-04
3.000000000000000000e+01 1.393720780590435590e-03 -1.241079308033318004e-03 5.231696842889493616e-05 1.823377102356248689e-04
3.100000000000000000e+01 2.035752203100196431e-03 9.766061183068112678e-04 5.143689899109672763e-05 1.832423295635682129e-04
3.200000000000000000e+01 2.333054149262118494e-03 4.210758400411839311e-03 5.069607375234663418e-05 1.841758081391962865e-04
3.300000000000000000e+01 2.448030464379112332e-03 7.090868440810160246e-03 5.006281466535653275e-05 1.851693402326218089e-04
3.400000000000000000e+01 3.104702987560309553e-03 8.614957739658856209e-03 4.950070521387880642e-05 1.863392061895419681e-04
3.500000000000000000e+01 2.255658131227874716e-03 8.545242539162938022e-03 4.900043958820116542e-05 1.877441167760671658e-04
3.600000000000000000e+01 1.725390321830139184e-03 7.267865985733891303e-03 4.855474234327156668e-05 1.894088346716854055e-04
3.700000000000000000e+01 2.203462507845729227e-03 5.363682837824723486e-03 4.814328336156980712e-05 1.912662888784588547e-04
3.800000000000000000e+01 8.092395278016369315e-04 3.317568188872005615e-03 4.774651783774641769e-05 1.932085645076814825e-04
3.900000000000000000e+01 -7.744352965075896071e-04 1.586477409780482533e-03 4.734942121875374146e-05 1.950283485387516559e-04
4.000000000000000000e+01 -1.898340980352769547e-03 4.694647866097384492e-04 4.693753323736442844e-05 1.965813547698368874e-04
4.100000000000000000e+01 -2.244971423606246987e-03 1.475310932374978082e-04 4.648594431361319175e-05 1.976661333162441536e-04
4.200000000000000000e+01 -3.146758617021748299e-03 5.941179262787667052e-04 4.595200099907140715e-05 1.980229387249856656e-04
4.300000000000000000e+01 -2.411923999131317456e-03 1.626785231747377965e-03 4.526525149307906228e-05 1.972452642851121320e-04
4.400000000000000000e+01 -4.572696570566190223e-04 2.988560785013866759e-03 4.434566505070960154e-05 1.950120188830683089e-04
4.500000000000000000e+01 1.021944565155278369e-03 4.505237905633461062e-03 4.314301397255809262e-05 1.911072411209700989e-04
4.600000000000000000e+01 2.694362564480471539e-03 6.086964891915850467e-03 4.169507325931999682e-05 1.857555989383072206e-04
4.700000000000000000e+01 3.617665328545199236e-03 7.710834472934928810e-03 4.015444958323428383e-05 1.796847025824925873e-04
