# freqs 	 pli 	 dpli 	 meanpower(thalamus)	 meanpower(scalp)	pli
8.000000000000000000e+00 -4.510786738727333434e-02 -8.560068458034718331e-02 2.250387416479267768e-05 8.194850587838183671e-05
9.000000000000000000e+00 -3.097804597108326161e-02 -6.630231191214808195e-02 2.200014051228878155e-05 7.655288702669631141e-05
1.000000000000000000e+01 -2.046715288327364407e-02 -5.399899066365523859e-02 2.282861429399232062e-05 7.431828214166634212e-05
1.100000000000000000e+01 -2.600160104995894242e-02 -1.148026073152989407e-01 2.444288577268291762e-05 7.500480221774366574e-05
1.200000000000000000e+01 -4.574556145948897867e-02 -1.316322577893993817e-01 2.467054719662164854e-05 7.591466508489066285e-05
1.300000000000000000e+01 -3.642179435670797605e-02 -7.978034131048546140e-02 2.403556441324676386e-05 7.567785766542849211e-05
1.400000000000000000e+01 -2.265033851055356373e-02 -4.976439927569926286e-02 2.369188013936475798e-05 7.507762653521627241e-05
1.500000000000000000e+01 -3.035098257959323656e-02 -6.021211120409085404e-02 2.370237657990872333e-05 7.338245113176830451e-05
1.600000000000000000e+01 -3.004557716199798140e-02 -7.090936428159216875e-02 2.381576204160159557e-05 7.029811680046193145e-05
1.700000000000000000e+01 -2.436551184560902666e-02 -6.668998524621569390e-02 2.399643044895006925e-05 6.662821190695441295e-05
1.800000000000000000e+01 -2.296177669202535340e-02 -6.150961242987346839e-02 2.422420522599414805e-05 6.363289123354622199e-05
1.900000000000000000e+01 -2.911513889448753140e-02 -6.104554750050895928e-02 2.451796564900480516e-05 6.163420713746901500e-05
2.000000000000000000e+01 -2.913958512173724438e-02 -5.982939653391215057e-02 2.492333946512574310e-05 6.006323399211374126e-05
2.100000000000000000e+01 -2.631716596767098501e-02 -5.683147927616495620e-02 2.547355005617995429e-05 5.846788377447528832e-05
2.200000000000000000e+01 -2.738862732757888982e-02 -5.567603029780343604e-02 2.609979433116981851e-05 5.669830816386610032e-05
2.300000000000000000e+01 -2.891603658165413024e-02 -6.259301044317090723e-02 2.681117320111439829e-05 5.495008676254806097e-05
2.400000000000000000e+01 -3.951161927427008363e-02 -8.896446948228141360e-02 2.789263926251799527e-05 5.342825476836371082e-05
2.500000000000000000e+01 -6.315765110491815271e-02 -1.442588173851043210e-01 2.971381904446259440e-05 5.216743071083917023e-05
2.600000000000000000e+01 -8.970467599906395417e-02 -2.162624607795562703e-01 3.208963213273542225e-05 5.100300095320837751e-05
2.700000000000000000e+01 -1.100079111550714972e-01 -2.760274956636044053e-01 3.423348869658143453e-05 4.965976512598523372e-05
2.800000000000000000e+01 -1.200676741800205116e-01 -3.015429977851278864e-01 3.542492629926905753e-05 4.796795855722169901e-05
2.900000000000000000e+01 -1.138943476625069590e-01 -2.887110120751700815e-01 3.546492959339186453e-05 4.603115186304367919e-05
3.000000000000000000e+01 -9.526360128104814640e-02 -2.454987754083632068e-01 3.462610495560812545e-05 4.408009351140892111e-05
3.100000000000000000e+01 -7.123471506542453091e-02 -1.868702296955540298e-01 3.339076957409335201e-05 4.230245409770274099e-05
3.200000000000000000e+01 -5.002240832509981250e-02 -1.285036841078554537e-01 3.218623741802775583e-05 4.076962342594221982e-05
3.300000000000000000e+01 -3.170418000920303264e-02 -8.167723358401839107e-02 3.123666679910384436e-05 3.947895697714768297e-05
3.400000000000000000e+01 -1.901261881280166474e-02 -4.973281190725407919e-02 3.061661744357240531e-05 3.840143884506328251e-05
3.500000000000000000e+01 -1.222434810474193681e-02 -3.085214225971025584e-02 3.028840701821361602e-05 3.749369870358031234e-05
3.600000000000000000e+01 -9.093269198639050699e-03 -2.131991169512673784e-02 3.017138866910659651e-05 3.672916657851670058e-05
3.700000000000000000e+01 -8.308222458503869076e-03 -1.763668178317524815e-02 3.019323242065503207e-05 3.608737758113609803e-05
3.800000000000000000e+01 -9.855065510526320530e-03 -1.710574568442908491e-02 3.030589988399525389e-05 3.553643075271208421e-05
3.900000000000000000e+01 -8.283593789489285264e-03 -1.788475663950955807e-02 3.048237389218413427e-05 3.505059096412290463e-05
4.000000000000000000e+01 -8.064067055206262588e-03 -1.888202083097367812e-02 3.068906367391224311e-05 3.460787359891763444e-05
4.100000000000000000e+01 -8.668670709590535484e-03 -1.956884176103083559e-02 3.088586580435277929e-05 3.418711016890328659e-05
4.200000000000000000e+01 -8.137324525822449417e-03 -1.979957926903016738e-02 3.102326907024974826e-05 3.375376727641896850e-05
4.300000000000000000e+01 -8.353200489661510852e-03 -1.959498339894511984e-02 3.103249317629094693e-05 3.325427022980024426e-05
4.400000000000000000e+01 -7.232515567083873040e-03 -1.900269157652879209e-02 3.083729497491500068e-05 3.262304162561078418e-05
4.500000000000000000e+01 -7.288865741474408189e-03 -1.809494955811594488e-02 3.039727065772785549e-05 3.180646910796221943e-05
4.600000000000000000e+01 -7.206446313131356814e-03 -1.698758484698966592e-02 2.974669352673633735e-05 3.080582102385561892e-05
4.700000000000000000e+01 -6.407944789401236706e-03 -1.589150601579242608e-02 2.901004785835038856e-05 2.970816749364280668e-05
