# freqs 	 pli 	 dpli 	 meanpower(thalamus)	 meanpower(scalp)	pli
8.000000000000000000e+00 -2.003827216237717354e-02 -4.379959028504239876e-02 2.851551473197051103e-05 9.641483073165981528e-05
9.000000000000000000e+00 -3.982065447706218536e-02 -7.847066052418465165e-02 2.847996027649099743e-05 9.128720729282741616e-05
1.000000000000000000e+01 -4.288045285470138551e-02 -9.969104374979714800e-02 3.129769861197441097e-05 8.779616889370698738e-05
1.100000000000000000e+01 -4.239257127200046077e-02 -1.281823501196928949e-01 3.444726172560743830e-05 8.475603730047795935e-05
1.200000000000000000e+01 -4.508691168350974915e-02 -1.481778885719316208e-01 3.366858419747024896e-05 8.260122996690171318e-05
1.300000000000000000e+01 -4.512071480264033541e-02 -1.480651840535759656e-01 3.149783380752036339e-05 8.116997187982261358e-05
1.400000000000000000e+01 -4.581818806030357738e-02 -1.584363393476619364e-01 3.049439103694064437e-05 7.966342147072758061e-05
1.500000000000000000e+01 -3.945675838259814217e-02 -1.329230329497290419e-01 2.983900520778210198e-05 7.710498148147686050e-05
1.600000000000000000e+01 -2.662984117505235934e-02 -7.916955794259786239e-02 2.895656285530786547e-05 7.395009107343956988e-05
1.700000000000000000e+01 -1.739693651263441929e-02 -3.443025293509051343e-02 2.826284902719423728e-05 7.099377216973115341e-05
1.800000000000000000e+01 -4.458710182122613275e-03 -2.321421109459465091e-03 2.792191248362199994e-05 6.887422579364935345e-05
1.900000000000000000e+01 5.300362448733144695e-03 2.312855255619657852e-02 2.787816710249666841e-05 6.735718244038292255e-05
2.000000000000000000e+01 1.184997916091376328e-02 3.963377855197782601e-02 2.808518053189511715e-05 6.584775279418363298e-05
2.100000000000000000e+01 1.712745177062557217e-02 4.663523955102142488e-02 2.854982875310637064e-05 6.408452648699654189e-05
2.200000000000000000e+01 2.039461951078978819e-02 4.736637320690453151e-02 2.922415407389909945e-05 6.220834756950288050e-05
2.300000000000000000e+01 2.218834717390074165e-02 4.662758053559776239e-02 3.024474373767896724e-05 6.055772910034231196e-05
2.400000000000000000e+01 2.937243027669854747e-02 5.349490938403574786e-02 3.233172266217118558e-05 5.955446106873090329e-05
2.500000000000000000e+01 3.871732052756914066e-02 7.544852999949611116e-02 3.591295386608974995e-05 5.928159951294557082e-05
2.600000000000000000e+01 5.200159778093600693e-02 1.064989872349148964e-01 4.020325304546823383e-05 5.920124655107683430e-05
2.700000000000000000e+01 6.348117952392544339e-02 1.348104324418050726e-01 4.356205877493075094e-05 5.851085430671254447e-05
2.800000000000000000e+01 6.780268228131042241e-02 1.525773212620347985e-01 4.478728305698417958e-05 5.681649372212568914e-05
2.900000000000000000e+01 6.583318192569942440e-02 1.558842023721229708e-01 4.376096066415279500e-05 5.431631405746262567e-05
3.000000000000000000e+01 5.958394251914114759e-02 1.448331969151392395e-01 4.120381817284955072e-05 5.155280685202616095e-05
3.100000000000000000e+01 4.973271472374236890e-02 1.225932493953955787e-01 3.810856026771058404e-05 4.902047734930110672e-05
3.200000000000000000e+01 4.077540450634031116e-02 9.570377765343214549e-02 3.528038968038998079e-05 4.695624262586688255e-05
3.300000000000000000e+01 3.340508376977707056e-02 7.149028106790596138e-02 3.313555524194176656e-05 4.538009397744487432e-05
3.400000000000000000e+01 2.630009562424811750e-02 5.425829528042860200e-02 3.173025260632324505e-05 4.420562219071627407e-05
3.500000000000000000e+01 2.286526067219719210e-02 4.423964713759818285e-02 3.091098454874908758e-05 4.330968723463952491e-05
3.600000000000000000e+01 1.901933635385321883e-02 3.915472464966644750e-02 3.049564153929747363e-05 4.260444692006278022e-05
3.700000000000000000e+01 1.653246604144426035e-02 3.636365843248264701e-02 3.032939547311478364e-05 4.204857645530982505e-05
3.800000000000000000e+01 1.545555328995954457e-02 3.416632840762462431e-02 3.030645756624259011e-05 4.160359306612489768e-05
3.900000000000000000e+01 1.543630830808876905e-02 3.187056523533045999e-02 3.037205374922255109e-05 4.121565300112697112e-05
4.000000000000000000e+01 1.442501272190514945e-02 2.937244752178071183e-02 3.048636147284974942e-05 4.085371353280916235e-05
4.100000000000000000e+01 1.393976568309306455e-02 2.681101660221470173e-02 3.061739023230937228e-05 4.049300370619408380e-05
4.200000000000000000e+01 1.318898211143644701e-02 2.426228668794379664e-02 3.071629005034692210e-05 4.009204850885706882e-05
4.300000000000000000e+01 1.186802794049367053e-02 2.164210010866883180e-02 3.070973312293921444e-05 3.957448924622656401e-05
4.400000000000000000e+01 1.057592807066837573e-02 1.884325482791813361e-02 3.050880691526927581e-05 3.886008615132696177e-05
4.500000000000000000e+01 8.888142689982336808e-03 1.578225890365782605e-02 3.006469765661772702e-05 3.789657051615688408e-05
4.600000000000000000e+01 6.597409005094961171e-03 1.252480249723582871e-02 2.940693226715025336e-05 3.669031015723962259e-05
4.700000000000000000e+01 7.131734075230115356e-03 9.326016070199479382e-03 2.865280201049953917e-05 3.534376328929430205e-05
