# freqs 	 pli 	 dpli 	 meanpower(thalamus)	 meanpower(scalp)	pli
8.000000000000000000e+00 -5.124597723399622155e-03 -2.078787671935066611e-02 3.876375575762598370e-05 9.641483073165981528e-05
9.000000000000000000e+00 -4.639385376436206201e-03 -1.395384496723859257e-03 3.793386596525752722e-05 9.128720729282741616e-05
1.000000000000000000e+01 -4.519676475411958314e-03 1.809019600812947215e-02 4.056698382322569701e-05 8.779616889370698738e-05
1.100000000000000000e+01 4.681622088006902847e-03 -2.666147539234144798e-02 4.290609569113974396e-05 8.475603730047795935e-05
1.200000000000000000e+01 -1.089866552585457352e-02 -6.953694834562008931e-02 4.192269325064038824e-05 8.260122996690171318e-05
1.300000000000000000e+01 -3.412120564122550492e-02 -1.019989547571118482e-01 4.031245006690295892e-05 8.116997187982261358e-05
1.400000000000000000e+01 -3.706896403098476622e-02 -1.401046354380817982e-01 3.993565265856990529e-05 7.966342147072758061e-05
1.500000000000000000e+01 -3.390008721942407849e-02 -1.323056965775890603e-01 3.896348072897873229e-05 7.710498148147686050e-05
1.600000000000000000e+01 -2.546078085012882034e-02 -8.578924456737764548e-02 3.684173908596415748e-05 7.395009107343956988e-05
1.700000000000000000e+01 -1.186146007612424481e-02 -3.529253263220220871e-02 3.473549902366180811e-05 7.099377216973115341e-05
1.800000000000000000e+01 -4.354353966338388691e-03 -4.102143305338956311e-03 3.346927728794388881e-05 6.887422579364935345e-05
1.900000000000000000e+01 2.874030972700581613e-03 1.204363339207741024e-02 3.290891425907049969e-05 6.735718244038292255e-05
2.000000000000000000e+01 9.573461266535254061e-03 2.115141732323401816e-02 3.281567395699263440e-05 6.584775279418363298e-05
2.100000000000000000e+01 5.136153266602087701e-03 1.962937993228498421e-02 3.307473931171838079e-05 6.408452648699654189e-05
2.200000000000000000e+01 -3.792565194669228999e-03 -3.674735825501040942e-03 3.388645013141940957e-05 6.220834756950288050e-05
2.300000000000000000e+01 -2.243732949032834975e-02 -7.158559045557626177e-02 3.599432872948711402e-05 6.055772910034231196e-05
2.400000000000000000e+01 -5.562284206149786109e-02 -1.953211106741595815e-01 4.019148470777591880e-05 5.955446106873090329e-05
2.500000000000000000e+01 -9.202991546788752419e-02 -3.297815085584140937e-01 4.605421022141380693e-05 5.928159951294557082e-05
2.600000000000000000e+01 -1.187533297357125789e-01 -4.193937374282618591e-01 5.185588601816371458e-05 5.920124655107683430e-05
2.700000000000000000e+01 -1.341641515782878713e-01 -4.551169700823127773e-01 5.564545488474440779e-05 5.851085430671254447e-05
2.800000000000000000e+01 -1.362985872490123096e-01 -4.490472266258459522e-01 5.640972887687643156e-05 5.681649372212568914e-05
2.900000000000000000e+01 -1.262275939631590516e-01 -4.120081398791956562e-01 5.435441443206031286e-05 5.431631405746262567e-05
3.000000000000000000e+01 -1.103567731659907680e-01 -3.519335784567603209e-01 5.044167720397558862e-05 5.155280685202616095e-05
3.100000000000000000e+01 -8.717914301619546225e-02 -2.765447154391922346e-01 4.585441569658117332e-05 4.902047734930110672e-05
3.200000000000000000e+01 -6.234217864237712875e-02 -1.963856969302333888e-01 4.154652438996191908e-05 4.695624262586688255e-05
3.300000000000000000e+01 -3.934023144551498236e-02 -1.228516279723538690e-01 3.804326896639357208e-05 4.538009397744487432e-05
3.400000000000000000e+01 -1.993343192084781959e-02 -6.435771792643014966e-02 3.549726592214281530e-05 4.420562219071627407e-05
3.500000000000000000e+01 -6.392505516342568243e-03 -2.362851665063385107e-02 3.382253698374860704e-05 4.330968723463952491e-05
3.600000000000000000e+01 2.787978573597559191e-03 1.247590828336841420e-03 3.282388085048113831e-05 4.260444692006278022e-05
3.700000000000000000e+01 7.240261946604251153e-03 1.409183092175683022e-02 3.228789772997769475e-05 4.204857645530982505e-05
3.800000000000000000e+01 7.478932976890569941e-03 1.881803465815357068e-02 3.204961620989962563e-05 4.160359306612489768e-05
3.900000000000000000e+01 6.615145768018337522e-03 1.886452683375849926e-02 3.198795778654833880e-05 4.121565300112697112e-05
4.000000000000000000e+01 6.086846579986943812e-03 1.662526894672820832e-02 3.201827635138957079e-05 4.085371353280916235e-05
4.100000000000000000e+01 4.031110159309267242e-03 1.345008540860208150e-02 3.207931272724672266e-05 4.049300370619408380e-05
4.200000000000000000e+01 2.537964107287681102e-03 9.950346526276344222e-03 3.210686467534312023e-05 4.009204850885706882e-05
4.300000000000000000e+01 2.634288058496159560e-03 6.372536585378638617e-03 3.202253790336689443e-05 3.957448924622656401e-05
4.400000000000000000e+01 2.374483887307906119e-03 2.985425477896465774e-03 3.174825889001915176e-05 3.886008615132696177e-05
4.500000000000000000e+01 5.753279756453090520e-04 9.471326356630158203e-05 3.123834793858385687e-05 3.789657051615688408e-05
4.600000000000000000e+01 -1.521261107398970240e-03 -1.886648841021885915e-03 3.052757696703122729e-05 3.669031015723962259e-05
4.700000000000000000e+01 -1.577969312581532085e-03 -2.541068914507729586e-03 2.974011317139975180e-05 3.534376328929430205e-05
