# freqs 	 pli 	 dpli 	 meanpower(thalamus)	 meanpower(scalp)	pli
8.000000000000000000e+00 4.565725207050329304e-02 9.774921633810297605e-02 2.414337483166786313e+01 2.503054417051597511e+02
9.000000000000000000e+00 4.991929451596394118e-02 4.679113983445785246e-02 2.539584890297986774e+01 2.186659848491206333e+02
1.000000000000000000e+01 -1.431024613623354397e-02 -1.003911292781080322e-01 2.622157877429132355e+01 1.987367801570825634e+02
1.100000000000000000e+01 -1.838190623318463474e-02 -1.318310270055964573e-01 2.638397361759443527e+01 1.813928499259716887e+02
1.200000000000000000e+01 2.217804866028157910e-03 -8.820477868306680902e-02 2.641241261802636231e+01 1.726000455287098703e+02
1.300000000000000000e+01 2.103782432010002992e-02 -1.681617911152497383e-02 2.621179371899923183e+01 1.661048013617905781e+02
1.400000000000000000e+01 2.792513560231268954e-02 1.990122731868763581e-02 2.579076146448998230e+01 1.598047093717964913e+02
1.500000000000000000e+01 4.344397447845723889e-03 -6.869075313183379064e-03 2.534315654346209712e+01 1.539790119840340594e+02
1.600000000000000000e+01 -1.380762930025743011e-02 -1.498726690048773208e-02 2.499385290794755576e+01 1.445863011302253085e+02
1.700000000000000000e+01 -2.142012934411643629e-02 -4.786907267808436853e-03 2.476997719062214998e+01 1.320880568390467431e+02
1.800000000000000000e+01 -1.851756464407128960e-02 6.848664110695798632e-04 2.463686335405783723e+01 1.192183927476431791e+02
1.900000000000000000e+01 -7.038562336203669015e-03 -8.000110567293369345e-04 2.453507254557489503e+01 1.092424492122770516e+02
2.000000000000000000e+01 -7.750428889510762101e-03 -4.211654852456231043e-03 2.445973783456679129e+01 1.017192699330850303e+02
2.100000000000000000e+01 -2.537288658082568430e-03 2.212744250272093843e-03 2.442801860309935691e+01 9.665211610363998318e+01
2.200000000000000000e+01 9.915491647970986130e-03 1.502579719797833384e-02 2.445663328123755420e+01 9.327941012789827369e+01
2.300000000000000000e+01 5.695539253656536644e-04 1.788415822863632584e-02 2.451108967597149757e+01 9.059542798222339854e+01
2.400000000000000000e+01 -5.456066945606694377e-03 1.142610766188824345e-02 2.456853223925574525e+01 8.794228350266590155e+01
2.500000000000000000e+01 -6.073051380636140979e-03 6.273462197174789999e-03 2.462975122029441621e+01 8.554322962291720955e+01
2.600000000000000000e+01 -6.921644401864430855e-03 4.515224325059788088e-03 2.470456444678478647e+01 8.360377155594416365e+01
2.700000000000000000e+01 1.021515001527007003e-03 -4.686487788864039986e-04 2.478835664771962755e+01 8.206411971604526912e+01
2.800000000000000000e+01 2.344836172729347634e-03 -7.417311778251885895e-03 2.487091100487922546e+01 8.073295465173710284e+01
2.900000000000000000e+01 1.318357877954807848e-03 -9.329849247364598724e-03 2.494125016146522000e+01 7.970958353732559942e+01
3.000000000000000000e+01 3.194888178913737886e-03 -1.636183233620445510e-03 2.500177556644601395e+01 7.868421001564024664e+01
3.100000000000000000e+01 1.279451863245473046e-02 1.092828663952539851e-02 2.505860478687591453e+01 7.770703873131485295e+01
3.200000000000000000e+01 1.565696302124311434e-02 2.192199197815456260e-02 2.512051435153096079e+01 7.655660762453796053e+01
3.300000000000000000e+01 1.690979167683075504e-02 2.808614684783859033e-02 2.519608969861727843e+01 7.521864369023600716e+01
3.400000000000000000e+01 1.289672060306333058e-02 2.911901525892355083e-02 2.528665434987101435e+01 7.408863081506778769e+01
3.500000000000000000e+01 9.688205538567060821e-03 2.667819018724201449e-02 2.539420797825896869e+01 7.308968049298856329e+01
3.600000000000000000e+01 6.009865250505546513e-03 2.202051440912165467e-02 2.551782588931872553e+01 7.221786314885318347e+01
3.700000000000000000e+01 2.867961310639573994e-03 1.609573368806141436e-02 2.565138348265367796e+01 7.141444763414580166e+01
3.800000000000000000e+01 2.147920757395577022e-03 9.434411980554419097e-03 2.578365928091905701e+01 7.078010088534138333e+01
3.900000000000000000e+01 1.334576500484469484e-03 2.731875334262347330e-03 2.590019214708210527e+01 7.018105005046889744e+01
4.000000000000000000e+01 1.594896331738437012e-03 -3.357784527944259433e-03 2.597827001285318360e+01 6.975247355763130486e+01
4.100000000000000000e+01 1.841488281846518629e-03 -8.393456653136384046e-03 2.599418349508283654e+01 6.941222145836491109e+01
4.200000000000000000e+01 6.954152457104187737e-03 -1.236234874612228592e-02 2.591544970515365875e+01 6.904884027366681210e+01
4.300000000000000000e+01 8.610327049961266979e-03 -1.502559046538504139e-02 2.570062001297659293e+01 6.833906532481736917e+01
4.400000000000000000e+01 5.118791259222649345e-04 -1.820825978262036876e-02 2.530811805520513857e+01 6.734080868787528118e+01
4.500000000000000000e+01 -9.971485051519339560e-04 -2.133577249469505860e-02 2.471807005063573826e+01 6.584378312371798359e+01
4.600000000000000000e+01 -3.710060505192350894e-03 -2.436858308167401746e-02 2.396195935873724281e+01 6.387493846444074563e+01
4.700000000000000000e+01 -8.667267963750375712e-03 -2.659078666221453835e-02 2.313944485308095267e+01 6.165805709745698948e+01
