# freqs 	 pli 	 dpli 	 meanpower(thalamus)	 meanpower(scalp)	pli
8.000000000000000000e+00 -3.971298034775807423e-02 -8.445167479641349506e-02 2.641401347508778367e-05 1.740740950517918233e-04
9.000000000000000000e+00 -3.081628114204873481e-02 -7.787083905160328834e-02 2.593436739234648446e-05 1.622708238185933429e-04
1.000000000000000000e+01 -3.118950656035088601e-02 -9.293179254729017069e-02 2.639088196398582854e-05 1.636497802709632157e-04
1.100000000000000000e+01 -4.090164297849720881e-02 -1.213500361110530223e-01 2.794001795809859408e-05 1.740966697187889384e-04
1.200000000000000000e+01 -4.544880589951558886e-02 -1.357250429960794313e-01 2.948404240112590221e-05 1.879704776133240575e-04
1.300000000000000000e+01 -5.227245511224698493e-02 -1.486698546391561626e-01 3.035187901525457119e-05 1.994194588153629501e-04
1.400000000000000000e+01 -5.439180052846759317e-02 -1.449567094049805105e-01 3.031853702853087745e-05 1.998608355559987402e-04
1.500000000000000000e+01 -3.849800489132192832e-02 -9.817693795745426055e-02 2.941513433951088873e-05 1.875979269243134681e-04
1.600000000000000000e+01 -1.185022520904222866e-02 -2.988863743295659334e-02 2.808524215257149277e-05 1.712324826835047952e-04
1.700000000000000000e+01 9.599831522311405574e-03 2.229822177515377798e-02 2.673233418616326727e-05 1.579406920813963377e-04
1.800000000000000000e+01 2.033948551970417989e-02 4.756784387118656587e-02 2.558569919770759866e-05 1.489374484873062939e-04
1.900000000000000000e+01 2.348625956219217367e-02 5.557133046959242262e-02 2.475453930503787050e-05 1.427807388865382290e-04
2.000000000000000000e+01 2.334975684606518942e-02 5.483361054016344660e-02 2.422618423563863141e-05 1.380739436058866284e-04
2.100000000000000000e+01 1.984003209241685939e-02 4.855594262322183302e-02 2.391612319586149772e-05 1.338927307795570508e-04
2.200000000000000000e+01 1.589994913294976928e-02 3.905351104202201690e-02 2.373651412072374736e-05 1.295676858353274417e-04
2.300000000000000000e+01 1.205282265378643421e-02 2.884618686786195527e-02 2.362840974314631826e-05 1.248512200430778761e-04
2.400000000000000000e+01 8.838448261689868177e-03 2.003308874907123310e-02 2.357111590747988793e-05 1.200005100301964651e-04
2.500000000000000000e+01 7.799557914386540808e-03 1.364215945564986945e-02 2.356656951749947255e-05 1.154852687203872062e-04
2.600000000000000000e+01 5.603475097133965924e-03 9.568247176049654232e-03 2.359376805202523808e-05 1.116710209600947932e-04
2.700000000000000000e+01 3.926539482880186949e-03 7.032697186662652429e-03 2.363443312823929288e-05 1.087478866919297537e-04
2.800000000000000000e+01 2.300960352058154228e-03 5.213054622804792933e-03 2.368052598382733819e-05 1.067076464133788179e-04
2.900000000000000000e+01 6.275455657169991481e-04 3.551962839809198833e-03 2.371638275795089494e-05 1.054754500799383007e-04
3.000000000000000000e+01 8.651726104937208870e-04 1.829828018194491843e-03 2.373633108680613858e-05 1.049527787176428935e-04
3.100000000000000000e+01 1.483084808667557469e-04 2.739782309197385428e-04 2.374437268716908785e-05 1.050323041430931636e-04
3.200000000000000000e+01 -4.070425809457481423e-04 -7.840392707143978854e-04 2.374511967249795551e-05 1.055015161409006137e-04
3.300000000000000000e+01 -4.669261001251547439e-04 -1.312380061417242963e-03 2.374795556212461024e-05 1.061347115735372865e-04
3.400000000000000000e+01 -2.404218282147384299e-04 -1.619489855534879483e-03 2.376121078108731180e-05 1.067990342646523729e-04
3.500000000000000000e+01 2.658092490603676961e-04 -2.025902854817335837e-03 2.378619894522185073e-05 1.073629985566170928e-04
3.600000000000000000e+01 6.386113709730166846e-05 -2.616357477351049891e-03 2.381886654141448159e-05 1.077855987252171357e-04
3.700000000000000000e+01 -6.082126874171267039e-04 -3.223654581233479158e-03 2.385408144567212186e-05 1.080480369141961528e-04
3.800000000000000000e+01 -8.179614245567492104e-04 -3.597012826660844938e-03 2.388936142051390309e-05 1.081811006644858072e-04
3.900000000000000000e+01 -1.054382699393541538e-03 -3.556981098203272629e-03 2.392456162656281523e-05 1.081471585885201845e-04
4.000000000000000000e+01 -1.008983711319997667e-03 -3.124660198101699132e-03 2.395181830235362742e-05 1.079634409302963129e-04
4.100000000000000000e+01 -1.430232269604720741e-03 -2.446541273478040988e-03 2.395556515603489611e-05 1.076070771160980141e-04
4.200000000000000000e+01 -1.267793224971703507e-03 -1.709804399781821678e-03 2.390629458573015285e-05 1.069771158146912951e-04
4.300000000000000000e+01 -1.039567274329523429e-03 -1.061128456598665936e-03 2.375872886635206453e-05 1.058666335625895773e-04
4.400000000000000000e+01 -9.450485633331197170e-04 -5.661367377370102229e-04 2.346461808787148409e-05 1.041108905063025048e-04
4.500000000000000000e+01 -2.976730538321062337e-04 -2.388921917651237346e-04 2.299904415406755958e-05 1.015714511876356405e-04
4.600000000000000000e+01 -4.410570661250704416e-05 -5.413130826740354093e-05 2.239111886246252894e-05 9.833798633373692509e-05
4.700000000000000000e+01 1.010365266826658906e-04 2.567070850697151954e-05 2.173757219077764418e-05 9.477354749216833655e-05
