# freqs 	 pli 	 dpli 	 meanpower(thalamus)	 meanpower(scalp)	pli
8.000000000000000000e+00 4.218582758482608552e-02 9.977617670551774953e-02 1.216745622927403920e-04 2.697513283123165011e-04
9.000000000000000000e+00 5.063191072560144224e-02 1.361128737379479758e-01 1.163108343950647360e-04 2.524616050680629216e-04
1.000000000000000000e+01 1.054021138363805676e-01 3.469975833675419952e-01 1.355733291558984446e-04 2.436620420590537351e-04
1.100000000000000000e+01 1.317270478923327492e-01 5.488912662533933506e-01 1.668698765991407057e-04 2.497200970402196516e-04
1.200000000000000000e+01 9.620102299943994462e-02 4.936188443885986543e-01 1.687540738427134829e-04 2.549346260209634299e-04
1.300000000000000000e+01 4.026024757414676386e-02 2.663666403637394153e-01 1.419099487421733780e-04 2.509591912387471491e-04
1.400000000000000000e+01 2.343203160862000235e-03 5.130294144105245618e-02 1.099371978098109587e-04 2.311807321230867026e-04
1.500000000000000000e+01 -1.331005586722164985e-02 -5.107000883365770544e-02 8.601732691611558396e-05 1.999888213179256812e-04
1.600000000000000000e+01 -1.470026316517947587e-02 -6.758582867658170790e-02 7.120885310094343028e-05 1.705902101906921133e-04
1.700000000000000000e+01 -1.181719235871393943e-02 -5.040159053488692253e-02 6.242070055037982046e-05 1.496284025179198042e-04
1.800000000000000000e+01 -8.678570682795119090e-03 -3.222581496616921948e-02 5.735304426773802592e-05 1.360069938123989778e-04
1.900000000000000000e+01 -7.672536515378622357e-03 -2.130377676286945507e-02 5.501212843475093380e-05 1.268228458805897342e-04
2.000000000000000000e+01 -6.429854737457478368e-03 -7.937770456105011641e-03 5.485805208554180772e-05 1.201237251727377243e-04
2.100000000000000000e+01 -5.222323429079647967e-04 1.996441297102443183e-02 5.601745696491455969e-05 1.149093339273687416e-04
2.200000000000000000e+01 6.249921271137276121e-03 5.841176065886864721e-02 5.720089334354535953e-05 1.104964295114223939e-04
2.300000000000000000e+01 1.113867673213861896e-02 9.024633696234102276e-02 5.734609830010807367e-05 1.063597428125417986e-04
2.400000000000000000e+01 1.254805418512375433e-02 1.027611928127793450e-01 5.615433554583758687e-05 1.022121698614803534e-04
2.500000000000000000e+01 1.051732554165478797e-02 9.481850559092665220e-02 5.401092873946614428e-05 9.804237578409381849e-05
2.600000000000000000e+01 6.654384294398529159e-03 7.332416640985633949e-02 5.154922106688051040e-05 9.392713129133274240e-05
2.700000000000000000e+01 2.045422066102079404e-03 4.737334833885568225e-02 4.929558451360400344e-05 8.990998460834474901e-05
2.800000000000000000e+01 -2.537712622744066945e-03 2.376743779713911750e-02 4.753258202468275387e-05 8.603070104119956622e-05
2.900000000000000000e+01 -6.303418153277557182e-03 5.482858610149780702e-03 4.631252126186398118e-05 8.233691643832535205e-05
3.000000000000000000e+01 -8.809978644066615572e-03 -7.378464452579587898e-03 4.555940581324556521e-05 7.885472916515879553e-05
3.100000000000000000e+01 -1.023465049760307992e-02 -1.598021299136451884e-02 4.513790386195123895e-05 7.560994306875621241e-05
3.200000000000000000e+01 -1.112635111862645895e-02 -2.166380964475995985e-02 4.490332497168415875e-05 7.261178175415313807e-05
3.300000000000000000e+01 -1.241831798620283978e-02 -2.550779170299031368e-02 4.473426159746125852e-05 6.985846778042311496e-05
3.400000000000000000e+01 -1.303790228488134646e-02 -2.820217803411106949e-02 4.455114813604484059e-05 6.733405835669060350e-05
3.500000000000000000e+01 -1.351880617530759263e-02 -3.006257602758545533e-02 4.431467841035993530e-05 6.500609949427884422e-05
3.600000000000000000e+01 -1.358732195436176959e-02 -3.120237481001955290e-02 4.401333537929249379e-05 6.285172346209592031e-05
3.700000000000000000e+01 -1.386251086509387651e-02 -3.168754720792996832e-02 4.366350055770188776e-05 6.085093268034932949e-05
3.800000000000000000e+01 -1.407397175362249883e-02 -3.162713139672477386e-02 4.329502235392839870e-05 5.898655848671068849e-05
3.900000000000000000e+01 -1.397540047596675279e-02 -3.119573499164511252e-02 4.293423318542938650e-05 5.723982863776362222e-05
4.000000000000000000e+01 -1.368968421056541290e-02 -3.054390991393898108e-02 4.259407391637533215e-05 5.559439161990531751e-05
4.100000000000000000e+01 -1.369828162370060470e-02 -2.976713408743716580e-02 4.226277237470962346e-05 5.402462827046706042e-05
4.200000000000000000e+01 -1.344555393952460293e-02 -2.889670038349807443e-02 4.189451528450890511e-05 5.248212896634958619e-05
4.300000000000000000e+01 -1.271112102734815556e-02 -2.792442579396063954e-02 4.140753499334753397e-05 5.088573270121737793e-05
4.400000000000000000e+01 -1.211593175949518889e-02 -2.684432299731961263e-02 4.070950927775578984e-05 4.914332730554674740e-05
4.500000000000000000e+01 -1.169537272820789751e-02 -2.566517523363700745e-02 3.974224950880597728e-05 4.718420384134565924e-05
4.600000000000000000e+01 -1.110601686584587917e-02 -2.437966995621242833e-02 3.853389870158420530e-05 4.501869115723047577e-05
4.700000000000000000e+01 -1.073142998994505715e-02 -2.293739553438528186e-02 3.722611619744703546e-05 4.276681466675523561e-05
