# freqs 	 pli 	 dpli 	 meanpower(thalamus)	 meanpower(scalp)	pli
8.000000000000000000e+00 2.605392351922066613e-02 5.276291013319539536e-02 6.199195008797751274e-05 1.746334751634912562e-04
9.000000000000000000e+00 1.022968226477396006e-02 2.219587786737611118e-02 6.139121502941195568e-05 1.492733488218482021e-04
1.000000000000000000e+01 4.124691277055090449e-03 3.207034293535300767e-03 6.234287757366322737e-05 1.262343941230242535e-04
1.100000000000000000e+01 1.830247670536746911e-03 1.788264454954478951e-03 6.147270452483281130e-05 1.116840801118427747e-04
1.200000000000000000e+01 5.673229244286534696e-03 1.905165093050323333e-02 5.858634894335636487e-05 1.024548647420736342e-04
1.300000000000000000e+01 1.056771190118391442e-02 3.664371420369657434e-02 5.646668872293047722e-05 9.699959057793895343e-05
1.400000000000000000e+01 1.557434846090120090e-02 4.158435377551805007e-02 5.587850256026659807e-05 9.378048988147979614e-05
1.500000000000000000e+01 1.829835624935387262e-02 4.240379254590406072e-02 5.601739125250785223e-05 9.134907357769620460e-05
1.600000000000000000e+01 1.714569407258994052e-02 4.247935884995909794e-02 5.637820389891541264e-05 8.933262076144982979e-05
1.700000000000000000e+01 1.690966692537756999e-02 3.980565278608785146e-02 5.684354746050401791e-05 8.781519321845501476e-05
1.800000000000000000e+01 1.729669899312005418e-02 3.536933712418036113e-02 5.738491815054539780e-05 8.673735029559722308e-05
1.900000000000000000e+01 1.636849110197257165e-02 3.169149686646697411e-02 5.804964523955020479e-05 8.585571687513078760e-05
2.000000000000000000e+01 1.383160703609391876e-02 2.879192269141155058e-02 5.874702810774736991e-05 8.485978273686333015e-05
2.100000000000000000e+01 1.302448917320669398e-02 2.565369562538011641e-02 5.935784101101088784e-05 8.355215196117614807e-05
2.200000000000000000e+01 1.016748261771234507e-02 2.204092767140836129e-02 5.990028775842427925e-05 8.190554947383695049e-05
2.300000000000000000e+01 8.433029239364578378e-03 1.848356137538939223e-02 6.054325177886881734e-05 8.012056465877356751e-05
2.400000000000000000e+01 7.714189743719003685e-03 1.620363090717538007e-02 6.151686106574246946e-05 7.835771779505183981e-05
2.500000000000000000e+01 6.916774397764840696e-03 1.610514747190181645e-02 6.276694974825077682e-05 7.660477547652702818e-05
2.600000000000000000e+01 8.080440187854373915e-03 1.744767397788436064e-02 6.397652009580825699e-05 7.475366509501348120e-05
2.700000000000000000e+01 7.634438900813759858e-03 1.834141504290683067e-02 6.494761355623538638e-05 7.271333249012788466e-05
2.800000000000000000e+01 7.093265462284277338e-03 1.756563187030544398e-02 6.577553859838651160e-05 7.056135008365447983e-05
2.900000000000000000e+01 5.886620260384651734e-03 1.524632774969577470e-02 6.676943446404896300e-05 6.851330860155218955e-05
3.000000000000000000e+01 3.935491661373378101e-03 1.208171583594292754e-02 6.822140051828034840e-05 6.671762356993749855e-05
3.100000000000000000e+01 3.471002997343434343e-03 8.754045905489477031e-03 7.018400083222318356e-05 6.524942722112566187e-05
3.200000000000000000e+01 2.168891365240769968e-03 6.071102244125433506e-03 7.240506767471423016e-05 6.408292826495918962e-05
3.300000000000000000e+01 2.450368519568126447e-03 4.853179332886600229e-03 7.442935780951219135e-05 6.315511248795806329e-05
3.400000000000000000e+01 3.456915858264485598e-03 5.487900956865981832e-03 7.579486931234228481e-05 6.241435874934056667e-05
3.500000000000000000e+01 5.414747366541688631e-03 7.700938132345348276e-03 7.619813035122737529e-05 6.181184663382361679e-05
3.600000000000000000e+01 7.797591471334117119e-03 1.079223579295342933e-02 7.559274431135506686e-05 6.135736719567252495e-05
3.700000000000000000e+01 9.550151909485903035e-03 1.404309340055863442e-02 7.414767938789916253e-05 6.103881002822771496e-05
3.800000000000000000e+01 9.624293939099151651e-03 1.698119067030980783e-02 7.214578318781608127e-05 6.085045361228479392e-05
3.900000000000000000e+01 1.115169843865512767e-02 1.949557166645038420e-02 6.989650556209405657e-05 6.076377683933637582e-05
4.000000000000000000e+01 1.198108255758481566e-02 2.163932009518442640e-02 6.766267425775267545e-05 6.074770907648244602e-05
4.100000000000000000e+01 1.159735469309617836e-02 2.355216902694629022e-02 6.559118633500176591e-05 6.075160722197175538e-05
4.200000000000000000e+01 1.168049809191466087e-02 2.533190867583699768e-02 6.370489073978509800e-05 6.068505677514541592e-05
4.300000000000000000e+01 1.248709577544463226e-02 2.704964245822729513e-02 6.191551529191524964e-05 6.039634794869890852e-05
4.400000000000000000e+01 1.325056119226143518e-02 2.864868787193068991e-02 6.007454806562396586e-05 5.975270519203384307e-05
4.500000000000000000e+01 1.412098681504756446e-02 3.011890509852857903e-02 5.806127494081006696e-05 5.865446767893289797e-05
4.600000000000000000e+01 1.520361829486962212e-02 3.139169009999386029e-02 5.587246675002660514e-05 5.714180993109407608e-05
4.700000000000000000e+01 1.580155737334945978e-02 3.238330725582484748e-02 5.366224180309663147e-05 5.542869061520986810e-05
