# freqs 	 pli 	 dpli 	 meanpower(thalamus)	 meanpower(scalp)	pli
8.000000000000000000e+00 -5.621003584146944815e-02 -8.986144786118278882e-02 6.894203471940308454e-05 1.552469433111569402e-04
9.000000000000000000e+00 -4.602411667234312942e-02 -8.270455670869618359e-02 6.966028422964713632e-05 1.277438409759512714e-04
1.000000000000000000e+01 -3.693133887352776507e-02 -7.528169181634580820e-02 7.423976067020348030e-05 1.139108117230632215e-04
1.100000000000000000e+01 -2.953896016906231575e-02 -9.668923596750252092e-02 7.868615064593637053e-05 1.113711390333034940e-04
1.200000000000000000e+01 -1.059629035471255053e-02 -5.821600075749014391e-02 7.579050385111261068e-05 1.152707592591089799e-04
1.300000000000000000e+01 -3.803425673580439290e-03 -3.365221844798203105e-02 6.919726825639644773e-05 1.248265435963562156e-04
1.400000000000000000e+01 -1.888722309381983197e-02 -8.159163648883821507e-02 6.324537325288078729e-05 1.306615664881364170e-04
1.500000000000000000e+01 -3.231984076894720698e-02 -1.238647003319990753e-01 5.833313908140983303e-05 1.233710907881711112e-04
1.600000000000000000e+01 -3.837616308324773989e-02 -1.225959522246646560e-01 5.444406132799128542e-05 1.069179640300810437e-04
1.700000000000000000e+01 -3.426955586128171971e-02 -9.591249523411800315e-02 5.176959651371900665e-05 9.031191015504326112e-05
1.800000000000000000e+01 -2.581306796061190109e-02 -6.654897298769009428e-02 5.007033433201578052e-05 7.850493111330507584e-05
1.900000000000000000e+01 -1.887913522691011051e-02 -4.373112246733804054e-02 4.892819154097795335e-05 7.150476637196802765e-05
2.000000000000000000e+01 -1.543638832613881962e-02 -2.910178344418230811e-02 4.812235379830593702e-05 6.721890353124631429e-05
2.100000000000000000e+01 -1.193384607650932461e-02 -2.191001305421164808e-02 4.746733464258670376e-05 6.383001802805242982e-05
2.200000000000000000e+01 -8.694537406119876022e-03 -1.865624985570644989e-02 4.666541157146568452e-05 6.053645075106551914e-05
2.300000000000000000e+01 -5.685816816215593164e-03 -1.585196867746178906e-02 4.551045452426379708e-05 5.735074500829844555e-05
2.400000000000000000e+01 -3.561609822620799906e-03 -1.242729071409772248e-02 4.403504753659113992e-05 5.454723432729634107e-05
2.500000000000000000e+01 -3.348589450275758425e-03 -9.380336130999105196e-03 4.247040073844039521e-05 5.228218818632944661e-05
2.600000000000000000e+01 -4.490736057101913856e-03 -7.873154409735934681e-03 4.104629402721709705e-05 5.050911257713497213e-05
2.700000000000000000e+01 -5.254837357622696263e-03 -8.028602608665651869e-03 3.986569414804406997e-05 4.906097445336764831e-05
2.800000000000000000e+01 -5.167881835002339878e-03 -9.232796760513650031e-03 3.894865065404335308e-05 4.778797810194345471e-05
2.900000000000000000e+01 -4.577913705758667080e-03 -1.060256196067314340e-02 3.827955720491259880e-05 4.661579349286298918e-05
3.000000000000000000e+01 -4.953066645666047429e-03 -1.137070455041945538e-02 3.781792902490861848e-05 4.552918317795684959e-05
3.100000000000000000e+01 -4.949095183206237217e-03 -1.117362299108555154e-02 3.751434138051964442e-05 4.453313891541709466e-05
3.200000000000000000e+01 -4.640449382919770160e-03 -1.031350889122109246e-02 3.732077886064399084e-05 4.363150022260865155e-05
3.300000000000000000e+01 -5.059312290772137975e-03 -9.467207766809192585e-03 3.717732656384663622e-05 4.282745779156419362e-05
3.400000000000000000e+01 -6.516364313290223809e-03 -9.132287476597156922e-03 3.703324362026032035e-05 4.211530537721488814e-05
3.500000000000000000e+01 -7.497303475272745071e-03 -9.514390379772707379e-03 3.686139313677097242e-05 4.147814947104063192e-05
3.600000000000000000e+01 -7.707285075353521517e-03 -1.045714569721685125e-02 3.666340278676164449e-05 4.091658432908441948e-05
3.700000000000000000e+01 -8.134152907852335371e-03 -1.170189720926989238e-02 3.645788993122316222e-05 4.041675372477945594e-05
3.800000000000000000e+01 -7.876728517970157592e-03 -1.302931862685600961e-02 3.626746058380855679e-05 3.996424499758934669e-05
3.900000000000000000e+01 -8.229523657186247135e-03 -1.436534160487216473e-02 3.611119317792920623e-05 3.954157541986732621e-05
4.000000000000000000e+01 -8.889459408721732403e-03 -1.570218773065621548e-02 3.599441883749155958e-05 3.914679108076144534e-05
4.100000000000000000e+01 -9.515049127218485128e-03 -1.707216227493706454e-02 3.589686562345722803e-05 3.875762869881221677e-05
4.200000000000000000e+01 -9.549274471752418336e-03 -1.846562046073361649e-02 3.576733122322666689e-05 3.832806074974369882e-05
4.300000000000000000e+01 -1.009326235658651594e-02 -1.982250533432329195e-02 3.552229885602770353e-05 3.778375715215215362e-05
4.400000000000000000e+01 -1.070160196118861984e-02 -2.100259077008095540e-02 3.507469536536568088e-05 3.705339639763900966e-05
4.500000000000000000e+01 -1.113577075800949341e-02 -2.186114318987689847e-02 3.437253689830182049e-05 3.608873828451153942e-05
4.600000000000000000e+01 -1.109725822440089243e-02 -2.223373769286001930e-02 3.344316457767794736e-05 3.491427159896982066e-05
4.700000000000000000e+01 -1.080442969525250568e-02 -2.196736675170907899e-02 3.241382050206784865e-05 3.364741728055208330e-05
