# freqs 	 pli 	 dpli 	 meanpower(thalamus)	 meanpower(scalp)	pli
8.000000000000000000e+00 -2.431470157857162570e-02 -8.008341265874624471e-02 1.103370826643870653e-04 2.913957137036925107e-04
9.000000000000000000e+00 2.919216370593407869e-02 2.705184315136059323e-02 9.307770996853501533e-05 2.392164903516555690e-04
1.000000000000000000e+01 2.836025996452801526e-02 5.210503785938352950e-02 8.572349830197047930e-05 2.147566854717155237e-04
1.100000000000000000e+01 3.048861394905528696e-02 7.283768132839585352e-02 8.158683241140980843e-05 2.000131407187593963e-04
1.200000000000000000e+01 3.506984085900265863e-02 1.038213178068755072e-01 7.736658867019824415e-05 1.946932269904595920e-04
1.300000000000000000e+01 2.519033709327874251e-02 1.013477337828789793e-01 7.228142920330472756e-05 2.093090358239088600e-04
1.400000000000000000e+01 1.636254667384397232e-02 6.959254832658814949e-02 6.676533456127773151e-05 2.239692061915754475e-04
1.500000000000000000e+01 1.388533804153907654e-02 3.626197062375928482e-02 6.155048880186446826e-05 2.141648811759724717e-04
1.600000000000000000e+01 1.372277104249377232e-02 2.220436876001609383e-02 5.755406364179802003e-05 1.861668530211101611e-04
1.700000000000000000e+01 1.217421035277913358e-02 2.397843208182035696e-02 5.502142640229396069e-05 1.576572225145202763e-04
1.800000000000000000e+01 1.376779225127304149e-02 2.891763622651895294e-02 5.356335286394849153e-05 1.380267653016372981e-04
1.900000000000000000e+01 1.347845046435939588e-02 3.180720531507537363e-02 5.267067483937452860e-05 1.270016217958762480e-04
2.000000000000000000e+01 1.496038813059310559e-02 3.231915160589565739e-02 5.204248675575372604e-05 1.206110492366248152e-04
2.100000000000000000e+01 1.564573372598603365e-02 3.139779573674125746e-02 5.150190704254528737e-05 1.157579423607322773e-04
2.200000000000000000e+01 1.561617264313753216e-02 3.053459407391082361e-02 5.096317319300302292e-05 1.108899106062100125e-04
2.300000000000000000e+01 1.563404225008317369e-02 2.962432958963549801e-02 5.045238377506631598e-05 1.057123895497255188e-04
2.400000000000000000e+01 1.504503645452576546e-02 2.756078945517250606e-02 5.000013555341250481e-05 1.005591794356504716e-04
2.500000000000000000e+01 1.407292918527038549e-02 2.416765219397673872e-02 4.959123194355317011e-05 9.585868251382994708e-05
2.600000000000000000e+01 1.293890172375747848e-02 2.058126079732195204e-02 4.921731066169581062e-05 9.178394914525768141e-05
2.700000000000000000e+01 1.074858971081195901e-02 1.823961884660609684e-02 4.887544940174679551e-05 8.828942869982503677e-05
2.800000000000000000e+01 1.101051071922598892e-02 1.766245651899115907e-02 4.855471015268366389e-05 8.510237536909526256e-05
2.900000000000000000e+01 1.169587396328556142e-02 1.843984314874960381e-02 4.825393019294740127e-05 8.196983117952864732e-05
3.000000000000000000e+01 1.190548066413365906e-02 2.012977076832083920e-02 4.799140639498072550e-05 7.880375859695241004e-05
3.100000000000000000e+01 1.149091918333362307e-02 2.259693884106863532e-02 4.777181646859193434e-05 7.563882090706326960e-05
3.200000000000000000e+01 1.247332162543059175e-02 2.573759316014537918e-02 4.759977327268898674e-05 7.257144023283730616e-05
3.300000000000000000e+01 1.503708546565367399e-02 2.922455186565617660e-02 4.746609126033884740e-05 6.970355238913281430e-05
3.400000000000000000e+01 1.693201359776593320e-02 3.261527596306817295e-02 4.735974470158740905e-05 6.709844679215412340e-05
3.500000000000000000e+01 1.873950445238337092e-02 3.560106640374142289e-02 4.726991735966529305e-05 6.476735831848992207e-05
3.600000000000000000e+01 1.927978273449290972e-02 3.809064736619781344e-02 4.717530582266818933e-05 6.269049294766259966e-05
3.700000000000000000e+01 1.995257006887411061e-02 4.006573832504954635e-02 4.706342506724843505e-05 6.083732815902125843e-05
3.800000000000000000e+01 2.122499303719291644e-02 4.148727775815486130e-02 4.692880661037850132e-05 5.918480264736739499e-05
3.900000000000000000e+01 2.180176589347451385e-02 4.226163594101938620e-02 4.677102509142344236e-05 5.769957882992112543e-05
4.000000000000000000e+01 2.150422113478520081e-02 4.239530280184309469e-02 4.657983886924953193e-05 5.634175285524078991e-05
4.100000000000000000e+01 2.144445002746267481e-02 4.198306976454683342e-02 4.633385838599635517e-05 5.506066035382116289e-05
4.200000000000000000e+01 2.084657257994657065e-02 4.118342547541384291e-02 4.598675457477284691e-05 5.378341387546289626e-05
4.300000000000000000e+01 2.060090298303181994e-02 4.016921721218944669e-02 4.546333803442667110e-05 5.240873383232166086e-05
4.400000000000000000e+01 1.977101735992613241e-02 3.905690408748915127e-02 4.467802273230935645e-05 5.083128634121624259e-05
4.500000000000000000e+01 1.908643686125064895e-02 3.793784727108021754e-02 4.358042519582026371e-05 4.898355769249768013e-05
4.600000000000000000e+01 1.813316336162923426e-02 3.684711581697028976e-02 4.221860155981143253e-05 4.688272412822530773e-05
4.700000000000000000e+01 1.702003110484549830e-02 3.582331966246077304e-02 4.075984502769346309e-05 4.466179045310643718e-05
