# freqs 	 pli 	 dpli 	 meanpower(thalamus)	 meanpower(scalp)	pli
8.000000000000000000e+00 -3.899648981942042264e-02 -8.586182391116566059e-02 1.083457971045857402e-04 2.372542269351100017e-04
9.000000000000000000e+00 -1.408037182368441879e-02 -4.271680676459765208e-02 1.009100726322709738e-04 2.180516219927737228e-04
1.000000000000000000e+01 1.909751282952942136e-02 4.954139094555026768e-02 9.770277711879713607e-05 2.093940776956977026e-04
1.100000000000000000e+01 3.850416809066913026e-02 1.191178073867093234e-01 9.986726184426575001e-05 2.242372608873230443e-04
1.200000000000000000e+01 1.154747900863992149e-02 7.797563536561764874e-02 9.416316895145940323e-05 2.591388526862593942e-04
1.300000000000000000e+01 -3.171113563903249499e-02 -1.941202887402730670e-02 8.259775932670185294e-05 2.822922962781018925e-04
1.400000000000000000e+01 -5.469261855802839967e-02 -8.839112180481663306e-02 7.168680262566125066e-05 2.651467086934122894e-04
1.500000000000000000e+01 -5.249602525426335514e-02 -1.179007046335549119e-01 6.423533040471552042e-05 2.208465315546946487e-04
1.600000000000000000e+01 -4.172437011949388375e-02 -1.171459600601583023e-01 5.963391070341530494e-05 1.762896548404979810e-04
1.700000000000000000e+01 -3.028538047166948535e-02 -9.199800955271059122e-02 5.657670186648534281e-05 1.446113035946005785e-04
1.800000000000000000e+01 -1.978945338746476365e-02 -6.119172587597267871e-02 5.449948074265908857e-05 1.253391862036726527e-04
1.900000000000000000e+01 -1.227745611867742809e-02 -3.774161352342532416e-02 5.328073270909258199e-05 1.137473323059951197e-04
2.000000000000000000e+01 -5.794399839683810755e-03 -2.037257266780221135e-02 5.272860093776644770e-05 1.061021824564435711e-04
2.100000000000000000e+01 5.669035676963965682e-05 -6.186850072747913411e-03 5.247263381735273657e-05 1.003625243696606474e-04
2.200000000000000000e+01 4.818829918142421634e-03 4.487632658998692500e-03 5.209829329424537123e-05 9.562193075541750671e-05
2.300000000000000000e+01 6.865579663914335093e-03 1.124257062728827548e-02 5.135740085621839338e-05 9.157745741727158872e-05
2.400000000000000000e+01 8.035551691230526095e-03 1.478421655076613515e-02 5.019962960280064524e-05 8.812412938171951574e-05
2.500000000000000000e+01 8.592345885976368156e-03 1.615742558653098307e-02 4.874809736095287881e-05 8.511796133732627749e-05
2.600000000000000000e+01 9.049265774570240325e-03 1.622174822150351803e-02 4.721810724694420255e-05 8.240936523791759073e-05
2.700000000000000000e+01 8.067557098592309170e-03 1.556400973839763661e-02 4.581972004800194577e-05 7.987320792768696240e-05
2.800000000000000000e+01 7.907532624263890683e-03 1.460048486694699027e-02 4.469947993343567172e-05 7.745428159740939283e-05
2.900000000000000000e+01 8.102531398916274635e-03 1.367082472088870446e-02 4.389510321837843706e-05 7.517683500209749483e-05
3.000000000000000000e+01 7.969743424839238061e-03 1.306836255796789935e-02 4.336246987201984203e-05 7.307636244027927589e-05
3.100000000000000000e+01 7.653027724154908527e-03 1.292800785114955886e-02 4.301583871223045195e-05 7.120901539475430755e-05
3.200000000000000000e+01 7.866445731950657758e-03 1.330971585541890038e-02 4.275523337272374701e-05 6.958313658457276809e-05
3.300000000000000000e+01 8.365639211329536570e-03 1.419200842273210875e-02 4.250373764730312602e-05 6.818594014830382398e-05
3.400000000000000000e+01 9.231185464121560019e-03 1.542418956872313764e-02 4.222147470242149678e-05 6.700187486063019287e-05
3.500000000000000000e+01 9.381701394056821131e-03 1.680823313494658397e-02 4.190221246629601448e-05 6.599244689849816201e-05
3.600000000000000000e+01 9.672509473408830508e-03 1.811111530617154700e-02 4.156037428636901701e-05 6.513787610414448258e-05
3.700000000000000000e+01 1.047872032497818885e-02 1.916802887472913997e-02 4.121574625125683152e-05 6.440587255325223046e-05
3.800000000000000000e+01 1.097210074800932141e-02 1.989535110041871363e-02 4.088875837271227671e-05 6.377531863655932229e-05
3.900000000000000000e+01 1.097673804190044643e-02 2.033119897476127688e-02 4.058677233625379008e-05 6.321267784233781906e-05
4.000000000000000000e+01 1.162669298359043056e-02 2.057622209381941569e-02 4.030593674013858356e-05 6.270114963788260543e-05
4.100000000000000000e+01 1.212244820589156342e-02 2.074841227454321882e-02 4.002612376397555522e-05 6.220084834258438012e-05
4.200000000000000000e+01 1.207478333786064784e-02 2.091405984405833238e-02 3.969753102840975826e-05 6.163692552425419123e-05
4.300000000000000000e+01 1.209701692515157377e-02 2.108993469831463990e-02 3.924062448489255280e-05 6.088499844445483520e-05
4.400000000000000000e+01 1.250588100268698946e-02 2.126220382647657850e-02 3.856964572260226291e-05 5.982237955941660225e-05
4.500000000000000000e+01 1.269270964889685112e-02 2.143083516282262915e-02 3.763214264720665686e-05 5.835865782032714007e-05
4.600000000000000000e+01 1.282009817961274334e-02 2.161118759667438743e-02 3.645597682067101760e-05 5.653261751623777677e-05
4.700000000000000000e+01 1.308409740120609031e-02 2.185185421877951922e-02 3.517055320137522879e-05 5.454099293018931235e-05
