# freqs 	 pli 	 dpli 	 meanpower(thalamus)	 meanpower(scalp)	pli
8.000000000000000000e+00 6.274200356456513354e-03 1.595642319063379083e-02 6.486927071575985940e-05 3.032222246977997731e-04
9.000000000000000000e+00 -2.432126564459578116e-02 -3.326349173305603868e-02 6.266040914144767706e-05 2.855159136456917289e-04
1.000000000000000000e+01 -2.282948114104629833e-02 -2.917352217009689178e-02 5.979203796072831019e-05 2.172715784135120472e-04
1.100000000000000000e+01 -1.354816239572481130e-02 8.475853654756258099e-03 5.755739404523576316e-05 1.760061264688419179e-04
1.200000000000000000e+01 -7.016517646071050718e-03 5.565401982020369565e-02 5.611968616366459962e-05 1.662860851990838990e-04
1.300000000000000000e+01 -1.754302243416335817e-03 7.353809394391919163e-02 5.636478424499264078e-05 1.703093857419246205e-04
1.400000000000000000e+01 1.553927620515815032e-03 5.449953357406801813e-02 5.884850050154698925e-05 1.783521697021648667e-04
1.500000000000000000e+01 5.881165802345118994e-03 3.240487248960578770e-02 6.335334267503872326e-05 1.851344925794554347e-04
1.600000000000000000e+01 7.577441824953191560e-03 2.140845448822756639e-02 6.801811190663326382e-05 1.882539320297735243e-04
1.700000000000000000e+01 6.881041999482244431e-03 1.467593921769573713e-02 7.049887172554002081e-05 1.882131077199166813e-04
1.800000000000000000e+01 4.093090053053702673e-03 8.529360573465547338e-03 7.005732306887595606e-05 1.864787726956624312e-04
1.900000000000000000e+01 9.346694354330353912e-04 3.773869029482923489e-03 6.793167880583468631e-05 1.845589639990252761e-04
2.000000000000000000e+01 -1.784752958897643273e-03 2.606397604205443587e-04 6.581091606006552624e-05 1.831651869028007708e-04
2.100000000000000000e+01 -2.637440228127684722e-03 -2.640304674755126341e-03 6.459862874442166001e-05 1.824751617338257715e-04
2.200000000000000000e+01 -4.546812952251223089e-03 -5.268056593617433982e-03 6.435382645260926847e-05 1.821332867587211379e-04
2.300000000000000000e+01 -8.076171602651701156e-03 -8.741978237673799987e-03 6.479522005485949894e-05 1.819466420885633851e-04
2.400000000000000000e+01 -1.239450098234900696e-02 -1.514886241554228540e-02 6.570965784606096790e-05 1.819130134634107973e-04
2.500000000000000000e+01 -1.858685037428150014e-02 -2.631327039637780529e-02 6.706838618417383451e-05 1.822109324345475207e-04
2.600000000000000000e+01 -2.686085686433758307e-02 -4.148196917486703800e-02 6.883076605218471601e-05 1.827762711834530530e-04
2.700000000000000000e+01 -3.266906504599715461e-02 -5.586407876562086983e-02 7.070581722136595846e-05 1.837480053200151971e-04
2.800000000000000000e+01 -3.486728074312043374e-02 -6.380060070349780066e-02 7.222863581419381601e-05 1.847372515269862000e-04
2.900000000000000000e+01 -3.338172090358636213e-02 -6.286033107045317647e-02 7.311630012780705645e-05 1.858519625290059956e-04
3.000000000000000000e+01 -2.825047717150988916e-02 -5.474564830978172203e-02 7.342582421554850927e-05 1.870414782408178921e-04
3.100000000000000000e+01 -2.152834240625960821e-02 -4.313626276589745123e-02 7.343001292612194445e-05 1.886564080731447377e-04
3.200000000000000000e+01 -1.529560627161205728e-02 -3.138947854663544368e-02 7.335210967017120399e-05 1.905574349462594273e-04
3.300000000000000000e+01 -1.075629950384885541e-02 -2.131322737422338548e-02 7.325877835749832303e-05 1.925004923386025482e-04
3.400000000000000000e+01 -6.893856401907158885e-03 -1.329179527373452671e-02 7.309277909226693484e-05 1.946580365459636079e-04
3.500000000000000000e+01 -4.063903770063897851e-03 -7.224028749283232208e-03 7.276117574863378928e-05 1.966874863852789723e-04
3.600000000000000000e+01 -1.771652517447182620e-03 -2.848319829789063614e-03 7.222892487275416106e-05 1.987255409685098617e-04
3.700000000000000000e+01 -3.383331932906562820e-04 2.750812866376682359e-05 7.152804673595338815e-05 2.007590069308789733e-04
3.800000000000000000e+01 9.364075278624025460e-04 1.688453085274299039e-03 7.072977043222380251e-05 2.029628440983967559e-04
3.900000000000000000e+01 1.455420741063281724e-03 2.413882079068204248e-03 6.988360026912217727e-05 2.049973318476001557e-04
4.000000000000000000e+01 1.652898328041965638e-03 2.702778394520597045e-03 6.901181642743850649e-05 2.069410712416237211e-04
4.100000000000000000e+01 2.197861833179573249e-03 2.988256149580542295e-03 6.809047076542068511e-05 2.086159388959936336e-04
4.200000000000000000e+01 2.816316244011848186e-03 3.546614012866858203e-03 6.705087732258246480e-05 2.097192045293803594e-04
4.300000000000000000e+01 3.140675565809828134e-03 4.456214204275220879e-03 6.578207917258916749e-05 2.096144696217230494e-04
4.400000000000000000e+01 3.609336112902506236e-03 5.675437812932952047e-03 6.416774331784982823e-05 2.081726096604658406e-04
4.500000000000000000e+01 3.921576464587875517e-03 7.113087787979294370e-03 6.213778001815802000e-05 2.049388568895807439e-04
4.600000000000000000e+01 4.620977719847041421e-03 8.752158043029719878e-03 5.974143453874035425e-05 2.001063411854302481e-04
4.700000000000000000e+01 6.262970919488985468e-03 1.065296394645798284e-02 5.718432795960245486e-05 1.944683095907573226e-04
