# freqs 	 pli 	 dpli 	 meanpower(thalamus)	 meanpower(scalp)	pli
8.000000000000000000e+00 -1.230948297843357034e-02 5.273346279341365600e-02 7.448122874305160713e-05 5.391256186158275079e-04
9.000000000000000000e+00 -6.760818999600466672e-02 -1.231782090050740630e-01 6.930846160068303231e-05 4.906065657770971407e-04
1.000000000000000000e+01 -7.445056047842572855e-02 -1.585668961198945237e-01 6.406803190332168352e-05 4.128002700338071688e-04
1.100000000000000000e+01 -5.480286112257577030e-02 -1.055158090268347032e-01 6.091905030225879523e-05 3.335520586599751325e-04
1.200000000000000000e+01 -3.974033830332453221e-02 -7.140229153328314649e-02 5.968752334572548641e-05 2.821049002385924201e-04
1.300000000000000000e+01 -3.036235006624705968e-02 -6.034424271434968290e-02 5.869085081197450497e-05 2.540692521262552538e-04
1.400000000000000000e+01 -2.635495519020729718e-02 -5.415620362309962743e-02 5.744504620925903787e-05 2.385139209453660675e-04
1.500000000000000000e+01 -2.562935485858795076e-02 -5.384001264478500970e-02 5.674282601966008807e-05 2.297000054155557260e-04
1.600000000000000000e+01 -2.538852762795760359e-02 -5.437287517776721174e-02 5.775949279294035900e-05 2.246023833088077242e-04
1.700000000000000000e+01 -2.280764573446761312e-02 -4.668244000449146142e-02 6.106912725202285090e-05 2.204767885859416042e-04
1.800000000000000000e+01 -1.615929574806200184e-02 -3.461076713200660765e-02 6.500175102431479657e-05 2.152439640377855801e-04
1.900000000000000000e+01 -1.140179753159709965e-02 -2.471430510365968738e-02 6.642440376966552915e-05 2.082429550260984084e-04
2.000000000000000000e+01 -9.066187790088973270e-03 -1.824024831624729975e-02 6.407335375302342377e-05 1.999466411561788754e-04
2.100000000000000000e+01 -8.064762674118257368e-03 -1.424158180442768908e-02 5.953611932093478610e-05 1.913420331923572002e-04
2.200000000000000000e+01 -6.322394599814539461e-03 -1.219554128652432061e-02 5.508605232843076033e-05 1.830794816809859504e-04
2.300000000000000000e+01 -5.223319846715573228e-03 -1.095864102728032544e-02 5.188215055836001847e-05 1.751398125165114206e-04
2.400000000000000000e+01 -3.643363811563678396e-03 -9.379958297755112973e-03 4.991866318476249626e-05 1.672245036328740898e-04
2.500000000000000000e+01 -2.156876976129196849e-03 -7.340175992665003146e-03 4.876138622262469249e-05 1.592138037141534255e-04
2.600000000000000000e+01 -1.658037800427981500e-03 -5.345230288619631960e-03 4.802288822675867305e-05 1.512979717859126976e-04
2.700000000000000000e+01 -1.057162333584814665e-03 -3.762143176336470943e-03 4.747938200105325724e-05 1.440839824086452201e-04
2.800000000000000000e+01 -4.323330184172079942e-04 -2.332031060992294583e-03 4.703292049959138555e-05 1.379089305181880644e-04
2.900000000000000000e+01 1.530529898826465658e-04 -8.700381383579465803e-04 4.665157448041667206e-05 1.329841757446957053e-04
3.000000000000000000e+01 1.316459937628273492e-03 5.687272968514633237e-04 4.633159814882193030e-05 1.291613571962213372e-04
3.100000000000000000e+01 1.097818478248048990e-03 1.686930252861995778e-03 4.607863791370948772e-05 1.264215078593547913e-04
3.200000000000000000e+01 9.687042133527284157e-04 2.374842309492541676e-03 4.589628643649899982e-05 1.244976027724497083e-04
3.300000000000000000e+01 1.406225130933910729e-03 2.539967239396527521e-03 4.577931962339601787e-05 1.231014042612146452e-04
3.400000000000000000e+01 1.564554934083077498e-03 2.071705404054313519e-03 4.571545533078217140e-05 1.222212817786977269e-04
3.500000000000000000e+01 1.226465483110748171e-03 1.068900517360559573e-03 4.568313746355235082e-05 1.215303717013448441e-04
3.600000000000000000e+01 1.081704853578359209e-03 -2.651841600239915222e-04 4.565628419770522990e-05 1.210002749957298824e-04
3.700000000000000000e+01 9.555525661322892975e-04 -1.629636379004879626e-03 4.560794259804982391e-05 1.205682214050256761e-04
3.800000000000000000e+01 3.621214728771997705e-04 -2.777345820200131411e-03 4.551623130676777561e-05 1.203162966065770049e-04
3.900000000000000000e+01 1.548380696723453370e-04 -3.549419113471017576e-03 4.536554625677091315e-05 1.200302306318229125e-04
4.000000000000000000e+01 -2.374249346565642709e-04 -3.907152957864332664e-03 4.514745435415444498e-05 1.198022456727060986e-04
4.100000000000000000e+01 -3.646566612278913291e-04 -3.849339264940871124e-03 4.484624662645949304e-05 1.195756563689720113e-04
4.200000000000000000e+01 -1.504141475002250739e-05 -3.424185711897925321e-03 4.442764733791872215e-05 1.192089061003943830e-04
4.300000000000000000e+01 3.883714930779193003e-04 -2.730450748157338750e-03 4.383140053116929444e-05 1.183408153404635698e-04
4.400000000000000000e+01 6.169703853674911699e-04 -1.880967232065547433e-03 4.298605804269727416e-05 1.169412565392512042e-04
4.500000000000000000e+01 1.109592834424163402e-03 -9.861973091117503740e-04 4.185119633969658592e-05 1.147315700547687394e-04
4.600000000000000000e+01 1.740439343336939700e-03 -1.029807681010732983e-04 4.047050255077311494e-05 1.118054828083703413e-04
4.700000000000000000e+01 2.675499146516793075e-03 7.413224423422063629e-04 3.899705235291181369e-05 1.085868436038460878e-04
