# freqs 	 pli 	 dpli 	 meanpower(thalamus)	 meanpower(scalp)	pli
8.000000000000000000e+00 -7.580745499748725580e-02 -1.782408350170330003e-01 3.274541689146862211e+01 1.937573988105930312e+02
9.000000000000000000e+00 -4.900346849305420999e-02 -1.108878049205599542e-01 3.219202125104248324e+01 1.799866545358643748e+02
1.000000000000000000e+01 -2.365197541587846924e-02 -4.760699748826278943e-02 3.184253207781448580e+01 1.695520530069118763e+02
1.100000000000000000e+01 -2.441919194673921809e-02 -3.674644603019422417e-02 3.145578247811714689e+01 1.610352811914848985e+02
1.200000000000000000e+01 -4.639776627912160084e-02 -9.322320493227626015e-02 3.103243856388650812e+01 1.524085132607320077e+02
1.300000000000000000e+01 -5.091600669656410477e-02 -1.167455251425144752e-01 3.022688373922870397e+01 1.416948364086765650e+02
1.400000000000000000e+01 -4.536172569243149266e-02 -8.934045357843729829e-02 2.918467929637068536e+01 1.302319787894239198e+02
1.500000000000000000e+01 -3.674341785679587774e-02 -6.031852543241449788e-02 2.835149021425272764e+01 1.201096077446865991e+02
1.600000000000000000e+01 -2.513725726795549079e-02 -4.741566541557835218e-02 2.781250495257014776e+01 1.115477856907860996e+02
1.700000000000000000e+01 -2.649042236251976379e-02 -5.118961067269586079e-02 2.753348445606583184e+01 1.047077897378942026e+02
1.800000000000000000e+01 -2.812697683060555454e-02 -5.708481182957624717e-02 2.748529680103241191e+01 9.914140356393544096e+01
1.900000000000000000e+01 -2.628175291763277729e-02 -5.346315307774743286e-02 2.760515574151431295e+01 9.413516602685930934e+01
2.000000000000000000e+01 -2.417761818859613318e-02 -4.757093987530604251e-02 2.773668605028507628e+01 8.933958881684961284e+01
2.100000000000000000e+01 -2.415370030751189112e-02 -4.693101254765275065e-02 2.780802594925022930e+01 8.491839054491686056e+01
2.200000000000000000e+01 -2.089856674467059292e-02 -4.848997136799834684e-02 2.783404244718526854e+01 8.095828189442160294e+01
2.300000000000000000e+01 -2.012169787439933508e-02 -4.682429293584925573e-02 2.785239240159272001e+01 7.766868252724268018e+01
2.400000000000000000e+01 -1.913160770386559267e-02 -4.101817868889107849e-02 2.790968322735172791e+01 7.492027768963319545e+01
2.500000000000000000e+01 -1.742553313985845467e-02 -3.347169548170537967e-02 2.801879157410848720e+01 7.244589776921392854e+01
2.600000000000000000e+01 -1.204688332445391641e-02 -2.758200759605876698e-02 2.814153295854616132e+01 7.006970072443736797e+01
2.700000000000000000e+01 -1.221482940331079965e-02 -2.536485073273102991e-02 2.822953870184152692e+01 6.770966254601924561e+01
2.800000000000000000e+01 -1.236590656894234926e-02 -2.623676435565838391e-02 2.825480062008882953e+01 6.546602592651768759e+01
2.900000000000000000e+01 -1.654439128123338584e-02 -2.795503264446872957e-02 2.824643066716388873e+01 6.336277703903102321e+01
3.000000000000000000e+01 -1.763199013594957468e-02 -2.874739942588741895e-02 2.823638209658381371e+01 6.139882164184896851e+01
3.100000000000000000e+01 -1.966495639334162049e-02 -2.834705707406406233e-02 2.823186353357951361e+01 5.961658390571219002e+01
3.200000000000000000e+01 -1.742343011837146211e-02 -2.770634389371594633e-02 2.824359669622830893e+01 5.802496908014970955e+01
3.300000000000000000e+01 -1.514263881813550719e-02 -2.757209760221920880e-02 2.826178153124927661e+01 5.660152980585819904e+01
3.400000000000000000e+01 -1.535390561526990202e-02 -2.776959598715902922e-02 2.828142995160615314e+01 5.536784234132871063e+01
3.500000000000000000e+01 -1.555061212112215409e-02 -2.733880495917322476e-02 2.827843224198895200e+01 5.430147272142580306e+01
3.600000000000000000e+01 -1.341946097438430525e-02 -2.594926179897923471e-02 2.825268726431113819e+01 5.337687816570388577e+01
3.700000000000000000e+01 -1.076615612197970133e-02 -2.400228916076414809e-02 2.821349344730262487e+01 5.259096751314750406e+01
3.800000000000000000e+01 -9.384908321878422319e-03 -2.222588485836689623e-02 2.815997427850017942e+01 5.190669161718231805e+01
3.900000000000000000e+01 -9.135306068218895098e-03 -2.089592562455759236e-02 2.809339468076728252e+01 5.128635359235523339e+01
4.000000000000000000e+01 -9.564228072496362351e-03 -1.998459473379391588e-02 2.800818691688512274e+01 5.071423529645333872e+01
4.100000000000000000e+01 -9.361239306201821209e-03 -1.920869059228630729e-02 2.789511836080881224e+01 5.015595296331619579e+01
4.200000000000000000e+01 -9.451343981960371593e-03 -1.843620918270210893e-02 2.772482548664445190e+01 4.953759616070460936e+01
4.300000000000000000e+01 -8.334443887404624149e-03 -1.779488291792925142e-02 2.745114354519163058e+01 4.875062250701353150e+01
4.400000000000000000e+01 -7.320987889284332091e-03 -1.735052029066733517e-02 2.702226565828182459e+01 4.769728302929320307e+01
4.500000000000000000e+01 -6.117914666294603163e-03 -1.724657873885340059e-02 2.640927219696798645e+01 4.630933887952059536e+01
4.600000000000000000e+01 -6.439301081177037887e-03 -1.741908485283655966e-02 2.564046219881118205e+01 4.462156164229224942e+01
4.700000000000000000e+01 -7.765023276056031570e-03 -1.766756214396245084e-02 2.481048712208299989e+01 4.278841497044039244e+01
