# freqs 	 pli 	 dpli 	 meanpower(thalamus)	 meanpower(scalp)	pli
8.000000000000000000e+00 9.831740849286270401e-02 3.455191093318775164e-01 7.238297204659414774e+01 5.489389110332268729e+02
9.000000000000000000e+00 5.558399761797162136e-02 1.236944288339811571e-01 6.523021509733980849e+01 4.270495791434050261e+02
1.000000000000000000e+01 -3.858774130091579581e-03 -4.711496923078162952e-02 5.919481462516500159e+01 3.330846963157893583e+02
1.100000000000000000e+01 -3.564905524673887827e-02 -1.179039282462798488e-01 5.614350085846687222e+01 2.810637898283638947e+02
1.200000000000000000e+01 -3.895276560433263979e-02 -1.218536299899586201e-01 5.462759690647021671e+01 2.550434692745760117e+02
1.300000000000000000e+01 -2.657783805018030035e-02 -7.794923356964633676e-02 5.247094721833559561e+01 2.445913483674197835e+02
1.400000000000000000e+01 -1.843541165254181449e-02 -5.063116675509112680e-02 4.910829966604862307e+01 2.353312602692100484e+02
1.500000000000000000e+01 -1.859064754833303704e-02 -5.206447070569907715e-02 4.517366922622593250e+01 2.167819968312721528e+02
1.600000000000000000e+01 -1.745111581193592096e-02 -4.936007449640668343e-02 4.145398653964821278e+01 1.914208155755800078e+02
1.700000000000000000e+01 -1.142609315910251763e-02 -3.263185146831092120e-02 3.842171333448474968e+01 1.667586430363177783e+02
1.800000000000000000e+01 -3.443102908828319427e-03 -1.253452581277087093e-02 3.616780633718197180e+01 1.470922619148961701e+02
1.900000000000000000e+01 4.310020568177084718e-03 3.478035594815837624e-03 3.454809465370760080e+01 1.327475810421861411e+02
2.000000000000000000e+01 9.251477811590826800e-03 1.487131658979058517e-02 3.338547329343789727e+01 1.223518409655723076e+02
2.100000000000000000e+01 1.340608532529668009e-02 2.329903717330397694e-02 3.255220834667368024e+01 1.146070880159816028e+02
2.200000000000000000e+01 1.523719261668462534e-02 2.981695253842232829e-02 3.195954444858103827e+01 1.085784811051583745e+02
2.300000000000000000e+01 1.601834271752787531e-02 3.411351723120968626e-02 3.152679200773408041e+01 1.036830205569884953e+02
2.400000000000000000e+01 1.615049600774256036e-02 3.559221589829673210e-02 3.117897653890238985e+01 9.947589637408337637e+01
2.500000000000000000e+01 1.643542652024036418e-02 3.487058061732668107e-02 3.086967127741740669e+01 9.562581943670880946e+01
2.600000000000000000e+01 1.602588524051723473e-02 3.356803076645641093e-02 3.058585130427187337e+01 9.191309357668610858e+01
2.700000000000000000e+01 1.491834779009537128e-02 3.281238023505756579e-02 3.032371365431361454e+01 8.824420162148170732e+01
2.800000000000000000e+01 1.475443810672180667e-02 3.271840518728214020e-02 3.008040252476212473e+01 8.459236628886111475e+01
2.900000000000000000e+01 1.538171155352682090e-02 3.270521904095249205e-02 2.985262074132947419e+01 8.103617919363027511e+01
3.000000000000000000e+01 1.590438500464537788e-02 3.220558424816881427e-02 2.964549209684270892e+01 7.764399810085745912e+01
3.100000000000000000e+01 1.536336633717681928e-02 3.114258126979424154e-02 2.945967548533869262e+01 7.450403520899651255e+01
3.200000000000000000e+01 1.461060256449715766e-02 2.991461104956577924e-02 2.928870679962200896e+01 7.165868946252727767e+01
3.300000000000000000e+01 1.418235775228971103e-02 2.907216437769267331e-02 2.913155846836396989e+01 6.911414801336967173e+01
3.400000000000000000e+01 1.443591843708821355e-02 2.897456070117734178e-02 2.898630258054228293e+01 6.686701967256416879e+01
3.500000000000000000e+01 1.542743740896070949e-02 2.962119746478028559e-02 2.884728382900406984e+01 6.487306391591828003e+01
3.600000000000000000e+01 1.637235169690290718e-02 3.074913988158662140e-02 2.870795987167907271e+01 6.310332703655551967e+01
3.700000000000000000e+01 1.744154694180914678e-02 3.202440538852112384e-02 2.856618343057576581e+01 6.152905876054079926e+01
3.800000000000000000e+01 1.781115675364294479e-02 3.317781488483013269e-02 2.842153501790712866e+01 6.013646986160934915e+01
3.900000000000000000e+01 1.729223307095269571e-02 3.412228843503448822e-02 2.827447798046675587e+01 5.889819497009082028e+01
4.000000000000000000e+01 1.726290441067726555e-02 3.488136893370717001e-02 2.812238906945167116e+01 5.779368855005905914e+01
4.100000000000000000e+01 1.742665610964325498e-02 3.553269892257394924e-02 2.795379638638988595e+01 5.677505627358149809e+01
4.200000000000000000e+01 1.807580938883956989e-02 3.614462588076101240e-02 2.774022628806801549e+01 5.576675435005381587e+01
4.300000000000000000e+01 1.852704368152279651e-02 3.673625207385337876e-02 2.743331820337166960e+01 5.465107234501604694e+01
4.400000000000000000e+01 1.870378974744371994e-02 3.728843311307428882e-02 2.697715657837524006e+01 5.331598747029695318e+01
4.500000000000000000e+01 1.902953242221317592e-02 3.777079250694943824e-02 2.633884156812812805e+01 5.167196046982166280e+01
4.600000000000000000e+01 1.893400923485562964e-02 3.815941642505273762e-02 2.554273732739824254e+01 4.973887289400533973e+01
4.700000000000000000e+01 1.939001653960397559e-02 3.844772889286401929e-02 2.468618011273047586e+01 4.766913342227678640e+01
