# freqs 	 pli 	 dpli 	 meanpower(thalamus)	 meanpower(scalp)	pli
8.000000000000000000e+00 -4.265989192840943800e-02 -7.422083275649030143e-02 6.198700169006108338e-05 2.454446202163472371e-04
9.000000000000000000e+00 -3.048175560041137960e-02 -7.439059502071881935e-02 5.516429449324509993e-05 1.959255046318989630e-04
1.000000000000000000e+01 -2.539964172650450297e-02 -4.159828719551760673e-02 5.142083119094454903e-05 1.645078007346551657e-04
1.100000000000000000e+01 -2.934263499861534865e-03 5.053402930039684396e-03 5.210529640197466368e-05 1.399160441245147449e-04
1.200000000000000000e+01 -4.597492837888838071e-03 4.770309881386000650e-02 5.306220227866644039e-05 1.227069238448317580e-04
1.300000000000000000e+01 2.952516586196116469e-03 4.684986264714597476e-02 5.132189835665155239e-05 1.124233001017190599e-04
1.400000000000000000e+01 7.735095249119932140e-03 2.260382022401088292e-02 4.844981948413695826e-05 1.062978606485771881e-04
1.500000000000000000e+01 1.192011930976419332e-02 1.523553593276428045e-02 4.549004799537008858e-05 9.997711702107546906e-05
1.600000000000000000e+01 1.098459635842316540e-02 1.711251536738281689e-02 4.320101660793986524e-05 9.258155823188695820e-05
1.700000000000000000e+01 1.065043406488127772e-02 2.030542990058442285e-02 4.189201470092225382e-05 8.601397770819777303e-05
1.800000000000000000e+01 1.389150462200040848e-02 2.360249337999553373e-02 4.126449463398429435e-05 8.144288699733882940e-05
1.900000000000000000e+01 1.419825860806147796e-02 2.380532940398483524e-02 4.097207386711964895e-05 7.870262189834267114e-05
2.000000000000000000e+01 1.305975257264218453e-02 2.242368962368258140e-02 4.094782864333983065e-05 7.691225017358078347e-05
2.100000000000000000e+01 1.309102200193919437e-02 2.232446410952051638e-02 4.117824903903726734e-05 7.561049934949838549e-05
2.200000000000000000e+01 9.248638356976762384e-03 2.251991993558870656e-02 4.161971317671509418e-05 7.455948264453691478e-05
2.300000000000000000e+01 8.809963189514566015e-03 2.010885299906537901e-02 4.215532906895171289e-05 7.356582851238556062e-05
2.400000000000000000e+01 5.190525271813978096e-03 1.317761301175797428e-02 4.265447499984597002e-05 7.236488152661335680e-05
2.500000000000000000e+01 1.114170380567935286e-03 3.919458859005860163e-03 4.304119539040765334e-05 7.081472935649227860e-05
2.600000000000000000e+01 -2.036307676763358682e-03 -2.475754336883382017e-03 4.339316806029833309e-05 6.905424783804338883e-05
2.700000000000000000e+01 -1.429496143854088516e-03 -2.963653698188766471e-03 4.387265505966322660e-05 6.727962106614701480e-05
2.800000000000000000e+01 1.224811599150099021e-03 1.045062942060294604e-03 4.454684823178516170e-05 6.555418831352768396e-05
2.900000000000000000e+01 6.677785002650375897e-03 5.988639434994370847e-03 4.533661891209229923e-05 6.391647525594702610e-05
3.000000000000000000e+01 9.572761512112710688e-03 9.527911776700231927e-03 4.603440359324569025e-05 6.236107979820068896e-05
3.100000000000000000e+01 1.292765065238413690e-02 1.142979877429487964e-02 4.638559484701819749e-05 6.090677088842777497e-05
3.200000000000000000e+01 1.205732962794940286e-02 1.253424582329966223e-02 4.624307275749363095e-05 5.960476475092506250e-05
3.300000000000000000e+01 1.340952822982237336e-02 1.370176076090550039e-02 4.562788745091189262e-05 5.846727062389113619e-05
3.400000000000000000e+01 1.132517384881023305e-02 1.502855452705437016e-02 4.467167220482003880e-05 5.747029951156346978e-05
3.500000000000000000e+01 1.135092636772287895e-02 1.617495012561328410e-02 4.354116962934185213e-05 5.658595219382265841e-05
3.600000000000000000e+01 1.282493190707500140e-02 1.672169285808090128e-02 4.240395385145155291e-05 5.581266122461530429e-05
3.700000000000000000e+01 1.368781512280620519e-02 1.685252786660740298e-02 4.136739623270173165e-05 5.514117446612934128e-05
3.800000000000000000e+01 1.508662052177737155e-02 1.725379369581269903e-02 4.048083790284157812e-05 5.456434301271440463e-05
3.900000000000000000e+01 1.462881338284801984e-02 1.854658912444358959e-02 3.975234382262971103e-05 5.404786765677147600e-05
4.000000000000000000e+01 1.496737361189680142e-02 2.069045364391674732e-02 3.915980097159695250e-05 5.359155385884701900e-05
4.100000000000000000e+01 1.574304028915866904e-02 2.316063479238978512e-02 3.864561893871173857e-05 5.316659886284573239e-05
4.200000000000000000e+01 1.725384833908718413e-02 2.528141459555586015e-02 3.814325256907141477e-05 5.271753269632643179e-05
4.300000000000000000e+01 1.692450658924246620e-02 2.664181147363962540e-02 3.756021138208569683e-05 5.214923417779039795e-05
4.400000000000000000e+01 1.768345744803739503e-02 2.724538752307746614e-02 3.680126594523786627e-05 5.137004501756301899e-05
4.500000000000000000e+01 1.674247723998833690e-02 2.721338809161278835e-02 3.580785909692420579e-05 5.028325434624795402e-05
4.600000000000000000e+01 1.561751516445716685e-02 2.668454126591382133e-02 3.460525222859280747e-05 4.888290614261918155e-05
4.700000000000000000e+01 1.486647480603197485e-02 2.568281877516456410e-02 3.331613005633827531e-05 4.730003422843972143e-05
