# freqs 	 pli 	 dpli 	 meanpower(thalamus)	 meanpower(scalp)	pli
8.000000000000000000e+00 1.205661764186768542e-01 4.213347485067572840e-01 5.306965271877943735e+01 5.413723164863870352e+02
9.000000000000000000e+00 7.123943048990356852e-02 1.686750922062670022e-01 4.811059974886818935e+01 4.200323204058464057e+02
1.000000000000000000e+01 -8.115634771166551666e-04 -5.159086878499791196e-02 4.462683114787753880e+01 3.259837562753111797e+02
1.100000000000000000e+01 -3.304436726233824645e-02 -1.187441599243208579e-01 4.259429337723982911e+01 2.744728952177623569e+02
1.200000000000000000e+01 -3.480958448938451660e-02 -1.069962760235748794e-01 4.103886290268597037e+01 2.488983200309048982e+02
1.300000000000000000e+01 -2.560679236266969611e-02 -6.682869721596187973e-02 3.921276494807915469e+01 2.399215471100148136e+02
1.400000000000000000e+01 -2.313178126566210052e-02 -5.148327607474969397e-02 3.725010784681307285e+01 2.320568260709230515e+02
1.500000000000000000e+01 -2.791790071487823544e-02 -6.841724475815337547e-02 3.543540701235777135e+01 2.141426342850826927e+02
1.600000000000000000e+01 -2.952245519419766442e-02 -7.460440664538589561e-02 3.370536682254223138e+01 1.890948058570565138e+02
1.700000000000000000e+01 -2.018468834805401887e-02 -5.613111801428554565e-02 3.200377952480117472e+01 1.646791434678677319e+02
1.800000000000000000e+01 -9.068050061764214645e-03 -2.833491853242923325e-02 3.049411695514670129e+01 1.451576028306357671e+02
1.900000000000000000e+01 2.451332881458653757e-04 -5.637453799831020594e-03 2.931566457839522855e+01 1.308334164333954561e+02
2.000000000000000000e+01 6.923870200416889185e-03 8.550980835494589871e-03 2.845671787282522303e+01 1.203692112852549343e+02
2.100000000000000000e+01 9.683416365379541105e-03 1.586583287089647978e-02 2.784195428843079512e+01 1.125042502519927012e+02
2.200000000000000000e+01 1.049842996037562981e-02 1.910945940381340857e-02 2.739756395291450275e+01 1.063535791063570315e+02
2.300000000000000000e+01 1.055542336290276988e-02 2.059884635694901947e-02 2.707728345535878134e+01 1.013384354314187306e+02
2.400000000000000000e+01 1.228940225523637853e-02 2.190349703335997891e-02 2.684199887076205115e+01 9.707258443686802707e+01
2.500000000000000000e+01 1.294086790872740235e-02 2.403493777053339331e-02 2.665527033620322328e+01 9.326863827715374100e+01
2.600000000000000000e+01 1.460204571070512942e-02 2.702584641718016809e-02 2.649456611201401302e+01 8.968224786950412408e+01
2.700000000000000000e+01 1.724481092057464360e-02 3.011647141492703947e-02 2.635084020665809135e+01 8.615556646051562950e+01
2.800000000000000000e+01 1.933067561527214429e-02 3.233452946369450021e-02 2.621976335782313328e+01 8.262770480556139319e+01
2.900000000000000000e+01 1.895684751760780620e-02 3.331760257534905484e-02 2.610023288417116305e+01 7.916862354273784774e+01
3.000000000000000000e+01 1.818980506440711145e-02 3.335078514371587338e-02 2.599394703502754211e+01 7.587265303446248765e+01
3.100000000000000000e+01 1.801776785362538269e-02 3.308976887305227488e-02 2.590082800765627269e+01 7.283739260050867870e+01
3.200000000000000000e+01 1.883010256416138214e-02 3.301716602941800333e-02 2.582137820427461250e+01 7.010935716789441585e+01
3.300000000000000000e+01 1.873716030053028739e-02 3.323446916579103627e-02 2.575015789230945629e+01 6.769162059177088508e+01
3.400000000000000000e+01 1.877092904220358655e-02 3.361326150601053747e-02 2.568032263244752045e+01 6.557448626580563200e+01
3.500000000000000000e+01 1.829248681271391369e-02 3.389499224577474656e-02 2.561160425904168747e+01 6.371264325449887167e+01
3.600000000000000000e+01 1.810286740119740681e-02 3.391878665900586315e-02 2.554195538386809616e+01 6.207354820228637493e+01
3.700000000000000000e+01 1.698298982541734947e-02 3.366500467407097102e-02 2.547029538651529634e+01 6.061657739333094241e+01
3.800000000000000000e+01 1.740146312548553412e-02 3.328420875320150379e-02 2.539744308654206506e+01 5.932151186405992860e+01
3.900000000000000000e+01 1.762639155823235090e-02 3.296340349585154955e-02 2.532425149049569768e+01 5.815829973742668102e+01
4.000000000000000000e+01 1.711871408806427824e-02 3.285589896591292747e-02 2.524667410599620254e+01 5.711332489885928965e+01
4.100000000000000000e+01 1.691169039485882972e-02 3.300821842431139741e-02 2.515398763108617786e+01 5.614462419029656104e+01
4.200000000000000000e+01 1.713451429103914070e-02 3.338838240953306835e-02 2.501795858570762476e+01 5.517841577106744921e+01
4.300000000000000000e+01 1.744014869327185566e-02 3.392195630654355060e-02 2.479100107988842083e+01 5.410047662928679557e+01
4.400000000000000000e+01 1.782155874789678393e-02 3.452292435638620177e-02 2.442018347823178814e+01 5.280070713101564195e+01
4.500000000000000000e+01 1.814238618030159997e-02 3.511172780455263515e-02 2.387569442415584220e+01 5.119060572655868668e+01
4.600000000000000000e+01 1.846522684923736224e-02 3.559137672717904016e-02 2.318005197263899930e+01 4.929113312154800752e+01
4.700000000000000000e+01 1.839987054984623324e-02 3.586267244198557136e-02 2.242248707733686075e+01 4.725473263179257799e+01
