# freqs 	 pli 	 dpli 	 meanpower(thalamus)	 meanpower(scalp)	pli
8.000000000000000000e+00 5.730062626646015289e-02 1.229766443605435772e-01 6.199195008797751274e-05 2.064145307961095729e-04
9.000000000000000000e+00 4.204025329614102802e-02 8.344043380195038939e-02 6.139121502941195568e-05 1.822021266152205204e-04
1.000000000000000000e+01 3.095647736451004675e-02 5.773448865569531796e-02 6.234287757366322737e-05 1.570535402062091810e-04
1.100000000000000000e+01 2.104335966970079935e-02 4.355862101955393362e-02 6.147270452483281130e-05 1.393906791776807895e-04
1.200000000000000000e+01 1.337162495431398930e-02 3.474368204862426229e-02 5.858634894335636487e-05 1.281411423931968347e-04
1.300000000000000000e+01 1.352803411507741589e-02 3.521905706015647508e-02 5.646668872293047722e-05 1.213467315394193321e-04
1.400000000000000000e+01 1.706309930466409427e-02 3.455458191735306939e-02 5.587850256026659807e-05 1.173492220511064018e-04
1.500000000000000000e+01 1.482032658576706158e-02 3.402263123359193508e-02 5.601739125250785223e-05 1.148227114475259793e-04
1.600000000000000000e+01 1.412285947472741512e-02 3.226899481586450319e-02 5.637820389891541264e-05 1.132025647044516075e-04
1.700000000000000000e+01 1.261954189371010220e-02 2.798891835763032271e-02 5.684354746050401791e-05 1.123800894023207700e-04
1.800000000000000000e+01 1.162850221641027748e-02 2.356091970739643271e-02 5.738491815054539780e-05 1.119715094615496775e-04
1.900000000000000000e+01 1.077812424063378204e-02 2.146189764442218637e-02 5.804964523955020479e-05 1.116575502291687242e-04
2.000000000000000000e+01 1.057174435034060299e-02 2.107660886888170285e-02 5.874702810774736991e-05 1.112657144824020611e-04
2.100000000000000000e+01 1.052479457021117393e-02 2.100365802039188406e-02 5.935784101101088784e-05 1.104536311200880153e-04
2.200000000000000000e+01 1.049759452851131529e-02 2.110025759014296648e-02 5.990028775842427925e-05 1.089566056271183253e-04
2.300000000000000000e+01 1.106667467666772563e-02 2.103948912892922296e-02 6.054325177886881734e-05 1.069185981904284202e-04
2.400000000000000000e+01 1.080751672736587898e-02 2.023031215096836657e-02 6.151686106574246946e-05 1.046972378114504405e-04
2.500000000000000000e+01 9.707505823556211028e-03 1.911036540576667442e-02 6.276694974825077682e-05 1.022969435828302630e-04
2.600000000000000000e+01 9.615929341764464441e-03 1.837294700826137828e-02 6.397652009580825699e-05 9.944745524338624012e-05
2.700000000000000000e+01 9.676030842225466846e-03 1.801030087426147910e-02 6.494761355623538638e-05 9.610335396766026136e-05
2.800000000000000000e+01 8.673675665023786521e-03 1.756363034604754153e-02 6.577553859838651160e-05 9.253022739197089080e-05
2.900000000000000000e+01 7.957021401945605157e-03 1.674189221902343608e-02 6.676943446404896300e-05 8.915285375306426026e-05
3.000000000000000000e+01 7.070738104747812010e-03 1.571795305492709738e-02 6.822140051828034840e-05 8.628807521480124981e-05
3.100000000000000000e+01 6.015047799965636197e-03 1.500236255295384936e-02 7.018400083222318356e-05 8.402298951324932289e-05
3.200000000000000000e+01 5.591971619578775705e-03 1.511775828948177386e-02 7.240506767471423016e-05 8.230734552419276360e-05
3.300000000000000000e+01 7.940751153487498118e-03 1.627404303392383789e-02 7.442935780951219135e-05 8.103049252112075871e-05
3.400000000000000000e+01 1.079605481999701064e-02 1.819073147269015256e-02 7.579486931234228481e-05 8.006766205716351790e-05
3.500000000000000000e+01 1.199642920906980950e-02 2.028067004370082138e-02 7.619813035122737529e-05 7.930223077815420310e-05
3.600000000000000000e+01 1.317415727829655131e-02 2.196236112443301913e-02 7.559274431135506686e-05 7.869419263920936919e-05
3.700000000000000000e+01 1.443938981996686390e-02 2.294921745144705080e-02 7.414767938789916253e-05 7.822377308003516830e-05
3.800000000000000000e+01 1.510731590206670916e-02 2.328246488991979682e-02 7.214578318781608127e-05 7.788877812075737262e-05
3.900000000000000000e+01 1.518687126677796886e-02 2.323810877764445615e-02 6.989650556209405657e-05 7.768389260678797072e-05
4.000000000000000000e+01 1.403852129265263475e-02 2.311971258545969174e-02 6.766267425775267545e-05 7.758853233117260809e-05
4.100000000000000000e+01 1.287871203242726449e-02 2.319323576212067167e-02 6.559118633500176591e-05 7.753929886946283299e-05
4.200000000000000000e+01 1.338434647296425466e-02 2.361269470686588531e-02 6.370489073978509800e-05 7.741831286821925710e-05
4.300000000000000000e+01 1.425554335150260032e-02 2.441501138014987721e-02 6.191551529191524964e-05 7.705137254535337663e-05
4.400000000000000000e+01 1.500640597843736976e-02 2.549429770226613323e-02 6.007454806562396586e-05 7.624749951573457890e-05
4.500000000000000000e+01 1.579821197092690782e-02 2.674709818031484679e-02 5.806127494081006696e-05 7.487924857320559728e-05
4.600000000000000000e+01 1.642827194304932389e-02 2.803854600758863211e-02 5.587246675002660514e-05 7.298720746286135451e-05
4.700000000000000000e+01 1.758882410587155748e-02 2.925022146776452836e-02 5.366224180309663147e-05 7.081739833855435799e-05
