# freqs 	 pli 	 dpli 	 meanpower(thalamus)	 meanpower(scalp)	pli
8.000000000000000000e+00 4.653824741120142494e-02 1.510631666506530579e-01 1.022114473910866217e-04 1.836758799120672596e-04
9.000000000000000000e+00 -1.442456087791273676e-02 -6.241265225566399941e-03 8.649932673530482730e-05 1.386843065167226233e-04
1.000000000000000000e+01 -2.821685240697181449e-02 -3.754582647242625526e-02 8.313968696233816128e-05 1.129566560588759474e-04
1.100000000000000000e+01 -1.396201170928853923e-02 -2.551806265717436115e-02 9.798571770119334791e-05 9.916906703038339910e-05
1.200000000000000000e+01 -1.140835359316416664e-02 -9.840330180018250217e-02 1.167775165527440298e-04 9.427945797602337984e-05
1.300000000000000000e+01 -2.042189978807618794e-02 -1.770236769455275361e-01 1.171111646315972247e-04 9.641046311394281792e-05
1.400000000000000000e+01 -2.884468599700205221e-02 -1.845606184257340132e-01 1.007020172131720218e-04 9.806025993597536556e-05
1.500000000000000000e+01 -2.762020735463140489e-02 -1.428428449901220365e-01 8.052677252238467961e-05 9.178746157857395392e-05
1.600000000000000000e+01 -1.777264174105523675e-02 -8.296890802392563324e-02 6.490169539842007528e-05 8.003335789170877936e-05
1.700000000000000000e+01 -7.067264903153586825e-03 -3.745909686666449440e-02 5.517828212415287574e-05 6.871534131711527261e-05
1.800000000000000000e+01 -1.516738780534684309e-03 -1.952275092146061458e-02 4.970427647088334765e-05 6.059949103073073833e-05
1.900000000000000000e+01 -2.205236368675342166e-03 -1.534334880699160172e-02 4.671409057218941753e-05 5.541160583353191651e-05
2.000000000000000000e+01 -3.902378252210889835e-04 -9.264171326857396915e-03 4.532219941829446311e-05 5.207493268217499856e-05
2.100000000000000000e+01 4.286740039404533277e-03 2.581617506488560862e-04 4.532477498580415648e-05 4.976974371213020747e-05
2.200000000000000000e+01 8.464250540937332673e-03 7.871816961046744152e-03 4.655501657474463259e-05 4.801664632981750893e-05
2.300000000000000000e+01 1.015845863282331500e-02 1.208888052003299039e-02 4.831936846923024821e-05 4.664040424629054270e-05
2.400000000000000000e+01 1.029034452001745779e-02 1.518804948960855890e-02 4.963673261661172807e-05 4.556484161991954812e-05
2.500000000000000000e+01 1.027106625513402385e-02 1.908525305314270545e-02 4.987605684347896104e-05 4.470072884655750466e-05
2.600000000000000000e+01 1.170713407939088894e-02 2.426651004797390418e-02 4.897184474204079225e-05 4.392083288766392737e-05
2.700000000000000000e+01 1.511380538474204303e-02 3.001672744731985823e-02 4.722392248675883386e-05 4.312084055689015103e-05
2.800000000000000000e+01 1.704124096146267600e-02 3.502602294689827200e-02 4.507517953058244196e-05 4.223085228231103760e-05
2.900000000000000000e+01 1.839341512852412167e-02 3.803007256226615534e-02 4.290961362076566168e-05 4.125942950378364612e-05
3.000000000000000000e+01 1.812904010546051783e-02 3.852900933461612942e-02 4.098005526265702372e-05 4.025634735667092180e-05
3.100000000000000000e+01 1.780187383725080966e-02 3.681595313254628493e-02 3.942325356992599378e-05 3.928671399930196633e-05
3.200000000000000000e+01 1.601579363855166679e-02 3.376907844032756012e-02 3.828351104097144823e-05 3.840369090472474644e-05
3.300000000000000000e+01 1.474691184743053343e-02 3.039221901522793853e-02 3.752054852930812974e-05 3.763647116887572873e-05
3.400000000000000000e+01 1.349507373971346388e-02 2.733667982376740760e-02 3.704034361443184800e-05 3.697728039768407730e-05
3.500000000000000000e+01 1.212224601184291352e-02 2.497384420460788471e-02 3.673069894176533406e-05 3.640846997134663052e-05
3.600000000000000000e+01 1.181933990549125305e-02 2.323480772006239134e-02 3.648286772484076612e-05 3.591466325685110879e-05
3.700000000000000000e+01 1.202414167474113137e-02 2.190670397925389631e-02 3.621991203897653423e-05 3.548275679445478463e-05
3.800000000000000000e+01 1.180753655241232117e-02 2.075553221723241970e-02 3.590575819814475323e-05 3.510766277637002869e-05
3.900000000000000000e+01 1.151684148666682651e-02 1.968023802480694737e-02 3.553427264050469810e-05 3.478046298560353894e-05
4.000000000000000000e+01 1.104426951014811538e-02 1.865956843200557158e-02 3.511755042819474559e-05 3.449345909409924030e-05
4.100000000000000000e+01 1.064526748791155657e-02 1.775315497041899879e-02 3.466544558573061996e-05 3.422541717884729933e-05
4.200000000000000000e+01 9.618830116667547239e-03 1.704386855671779707e-02 3.416275815297211338e-05 3.393451945197540888e-05
4.300000000000000000e+01 9.373866542240724339e-03 1.656983900270029078e-02 3.356572373644984062e-05 3.355614547157084678e-05
4.400000000000000000e+01 9.379020117009494173e-03 1.636711305067757236e-02 3.281452081939045091e-05 3.301851801196279367e-05
4.500000000000000000e+01 9.392918758213427907e-03 1.638638175879043174e-02 3.186873495107697387e-05 3.227149917183834806e-05
4.600000000000000000e+01 9.283286822462445340e-03 1.658756393184710257e-02 3.074783085672830931e-05 3.133023815491349414e-05
4.700000000000000000e+01 8.827922905964222244e-03 1.692794899751941251e-02 2.955083046471171140e-05 3.029773841630679709e-05
