# freqs 	 pli 	 dpli 	 meanpower(thalamus)	 meanpower(scalp)	pli
8.000000000000000000e+00 6.769271897496610679e-02 1.444784585516727116e-01 1.098626771038270944e-04 2.014735618663196926e-04
9.000000000000000000e+00 4.535412220909611908e-02 8.119487661342608686e-02 9.930591111133458399e-05 1.539351180969723962e-04
1.000000000000000000e+01 2.331813029201547718e-02 4.134252136758019558e-02 9.243500521880594276e-05 1.267444297300285576e-04
1.100000000000000000e+01 1.585293364517418105e-02 1.362216002799921527e-02 8.811718014465109191e-05 1.131981944791433296e-04
1.200000000000000000e+01 6.264053024298889619e-03 -2.779908261836420806e-03 8.883526236604833315e-05 1.076171909704576243e-04
1.300000000000000000e+01 7.638250786214394010e-03 4.880917214649059185e-03 9.379369411595853243e-05 1.081079398488503569e-04
1.400000000000000000e+01 5.948249013494812977e-03 8.758251712974554279e-03 9.490773207764987543e-05 1.111292757177764632e-04
1.500000000000000000e+01 9.539124192390524906e-03 5.683092589849109491e-03 9.175865475535689123e-05 1.124173326680574667e-04
1.600000000000000000e+01 7.354106571147811348e-04 -1.138768069032070280e-03 8.893709745086286907e-05 1.111681419215881868e-04
1.700000000000000000e+01 -2.133593860796394702e-03 -1.327616562609361395e-02 8.787644554071239356e-05 1.087512326536197338e-04
1.800000000000000000e+01 -1.183639397951318645e-02 -2.630425169413170769e-02 8.799670912431864815e-05 1.066224026471174132e-04
1.900000000000000000e+01 -1.380445416067720837e-02 -3.024043718215379747e-02 8.846458820160371498e-05 1.061584010103192255e-04
2.000000000000000000e+01 -7.252584373802236847e-03 -1.846624834113869476e-02 8.892339724849961384e-05 1.078988539163775113e-04
2.100000000000000000e+01 4.210151362609799476e-03 5.966356370869963996e-03 8.962401772210107050e-05 1.114200266358752686e-04
2.200000000000000000e+01 1.067497229881048115e-02 2.495131247372613797e-02 9.155165595821824923e-05 1.151486496594646006e-04
2.300000000000000000e+01 -3.831836419885757379e-04 6.910451834160563286e-03 9.750158534403127525e-05 1.174255762875563120e-04
2.400000000000000000e+01 -3.781410547813536527e-02 -5.995568354731135863e-02 1.112218173777031850e-04 1.174510307373824176e-04
2.500000000000000000e+01 -8.602058125622097373e-02 -1.402768132329989814e-01 1.313116721441489362e-04 1.151812425562880233e-04
2.600000000000000000e+01 -1.207793613215680101e-01 -1.970581482195755130e-01 1.487834245549827378e-04 1.109624411776110307e-04
2.700000000000000000e+01 -1.315520158511580273e-01 -2.193220798933706583e-01 1.548396058281140879e-04 1.051632273106664742e-04
2.800000000000000000e+01 -1.241640995042422313e-01 -2.110902632744987295e-01 1.475649682643918274e-04 9.825836103083823443e-05
2.900000000000000000e+01 -1.009121711552521811e-01 -1.822023920002787678e-01 1.312977807133532051e-04 9.068038545283851708e-05
3.000000000000000000e+01 -7.377061011224603226e-02 -1.429764268222847856e-01 1.124683630888290983e-04 8.280415389622164184e-05
3.100000000000000000e+01 -5.004431725638402301e-02 -1.041313908576106256e-01 9.603280420272409927e-05 7.519646767430160491e-05
3.200000000000000000e+01 -3.413519897150715798e-02 -7.292788176946612966e-02 8.405685756792653860e-05 6.844119518160093408e-05
3.300000000000000000e+01 -2.305766476136567739e-02 -5.182410319891347233e-02 7.628101828222051521e-05 6.291577314258836530e-05
3.400000000000000000e+01 -1.796993224217558610e-02 -3.934457692258026135e-02 7.148535463834037934e-05 5.871295273896775250e-05
3.500000000000000000e+01 -1.536711248907040618e-02 -3.199318127657993505e-02 6.850442587693104457e-05 5.562564121798230639e-05
3.600000000000000000e+01 -1.150960181988568143e-02 -2.726993577609855557e-02 6.655710192276800233e-05 5.338095985837012125e-05
3.700000000000000000e+01 -1.037359397091885613e-02 -2.370812225528544717e-02 6.520085595959270060e-05 5.171557684154378515e-05
3.800000000000000000e+01 -8.740062874580453028e-03 -2.062612935796174704e-02 6.416761917895302076e-05 5.044734739753911412e-05
3.900000000000000000e+01 -7.921010464037574889e-03 -1.786109025471716363e-02 6.327204292262102387e-05 4.939644106279916406e-05
4.000000000000000000e+01 -7.883436540072811735e-03 -1.544064926010894553e-02 6.238436834180408378e-05 4.849461883218426054e-05
4.100000000000000000e+01 -7.486691371494140317e-03 -1.341445319191781130e-02 6.142113704496899446e-05 4.767520313842522309e-05
4.200000000000000000e+01 -7.804783577031083538e-03 -1.179191468025766153e-02 6.032037023629553170e-05 4.686113739674707359e-05
4.300000000000000000e+01 -6.611090081604267636e-03 -1.054695151197237134e-02 5.901681631829877031e-05 4.593470974200499239e-05
4.400000000000000000e+01 -7.279802809623050174e-03 -9.717939540041110880e-03 5.743621088601729791e-05 4.484192759113451125e-05
4.500000000000000000e+01 -6.451605355943783142e-03 -9.244760741749610822e-03 5.553831953984238325e-05 4.348889715705194452e-05
4.600000000000000000e+01 -5.579317694115586493e-03 -9.116088838010147008e-03 5.337400615600942574e-05 4.189705823503817251e-05
4.700000000000000000e+01 -4.646906239981347421e-03 -9.280352414772924732e-03 5.112501437894602775e-05 4.020325878740768947e-05
