# freqs 	 pli 	 dpli 	 meanpower(thalamus)	 meanpower(scalp)	pli
8.000000000000000000e+00 -5.217066223262536084e-04 -7.496562147047465541e-02 1.329313242931860057e-04 1.942018460997630260e-04
9.000000000000000000e+00 2.464719503670045539e-02 1.427435638410492341e-02 1.354052983975317090e-04 2.236671400146460209e-04
1.000000000000000000e+01 1.912421613263465270e-02 -2.116942440224271055e-02 1.402019030683470259e-04 1.971066150225896660e-04
1.100000000000000000e+01 1.461144030073519527e-02 -2.949038850584743618e-02 1.485736414232834265e-04 1.832162110391472466e-04
1.200000000000000000e+01 1.583055672876875278e-02 -8.089406480660503093e-03 1.551381068210995777e-04 1.930284466141568263e-04
1.300000000000000000e+01 2.162839377597211912e-02 2.558895944548148643e-02 1.560652129039967776e-04 2.040944004192592881e-04
1.400000000000000000e+01 1.304685028522445563e-02 4.867160138136937542e-02 1.544310092731881871e-04 2.074081499453402598e-04
1.500000000000000000e+01 2.319568720606948395e-02 9.339158874773309527e-02 1.543424736865459546e-04 2.050313338540250688e-04
1.600000000000000000e+01 2.527693276120207902e-02 1.412780765063667843e-01 1.559523478863537307e-04 2.016645403834496024e-04
1.700000000000000000e+01 2.333488484389895437e-02 1.183610766430078232e-01 1.587913658767115010e-04 1.971049518400340124e-04
1.800000000000000000e+01 7.397477784070813876e-03 4.626066441496778231e-02 1.635153804289097104e-04 1.890338086234106803e-04
1.900000000000000000e+01 -8.944455911695613345e-04 -1.971692225527054646e-03 1.692447495989049284e-04 1.774270220186882716e-04
2.000000000000000000e+01 -1.390840982143948376e-03 9.817409507147456874e-03 1.777436129767115804e-04 1.650482471883655297e-04
2.100000000000000000e+01 9.620457512685047854e-03 6.057850722723193138e-02 1.991037899905985801e-04 1.539793899559547044e-04
2.200000000000000000e+01 3.139360893335334940e-02 1.127630655588422320e-01 2.352021592975750788e-04 1.444523254479070052e-04
2.300000000000000000e+01 4.886910775121093564e-02 1.438465297748910687e-01 2.650686115909415500e-04 1.361809750460878023e-04
2.400000000000000000e+01 5.684330818114378264e-02 1.496499991960470455e-01 2.679794375957212727e-04 1.286827069076378397e-04
2.500000000000000000e+01 6.053058082775963911e-02 1.365566682431666179e-01 2.437399624671489535e-04 1.218515099817202340e-04
2.600000000000000000e+01 5.786006425718126511e-02 1.148203975720652609e-01 2.070237412514916919e-04 1.156450245192884092e-04
2.700000000000000000e+01 5.018436525675887272e-02 9.233884703462288956e-02 1.734466366909532750e-04 1.101559402897157099e-04
2.800000000000000000e+01 3.989893971867770200e-02 7.047832929614045172e-02 1.504268730661062535e-04 1.055308774127776747e-04
2.900000000000000000e+01 2.746685157145485265e-02 4.990439549424025012e-02 1.372384830209017891e-04 1.015919920573986562e-04
3.000000000000000000e+01 1.907702162031051779e-02 3.204708958308767619e-02 1.302222110220710612e-04 9.806442771048760713e-05
3.100000000000000000e+01 1.295902412913949205e-02 1.920498684843036097e-02 1.264012823291541399e-04 9.471570962960088036e-05
3.200000000000000000e+01 7.791052810185239777e-03 1.215897069059627446e-02 1.239914351241135516e-04 9.152911552089417163e-05
3.300000000000000000e+01 7.804467707262361352e-03 9.888505569849475457e-03 1.220407536358045230e-04 8.855800922722448188e-05
3.400000000000000000e+01 1.028781184274577681e-02 9.920062115163014865e-03 1.201034377011518650e-04 8.577691098974974131e-05
3.500000000000000000e+01 9.954772175004941714e-03 1.044910652136681051e-02 1.180111388641774054e-04 8.304856987659153572e-05
3.600000000000000000e+01 1.357619430115564879e-02 1.021569169155727222e-02 1.158080779291497460e-04 8.032240891077800800e-05
3.700000000000000000e+01 1.380606614025776599e-02 9.217568966789529278e-03 1.136162223810338937e-04 7.768299153976378029e-05
3.800000000000000000e+01 1.231585123043022270e-02 8.289943640970633479e-03 1.115491637283019924e-04 7.524381783293781687e-05
3.900000000000000000e+01 1.256465065013823677e-02 8.380438088374147013e-03 1.096775871854425760e-04 7.303082140342720646e-05
4.000000000000000000e+01 1.099148993962161674e-02 9.902295871013541001e-03 1.080289910551831401e-04 7.105104930363950755e-05
4.100000000000000000e+01 1.123672962911898519e-02 1.270901850835427435e-02 1.065352095715164270e-04 6.923432783959860279e-05
4.200000000000000000e+01 1.074469646920648939e-02 1.611691766542576107e-02 1.050396010727984219e-04 6.746205463132642552e-05
4.300000000000000000e+01 1.141451956250458775e-02 1.934596660557457923e-02 1.032820247120807753e-04 6.556957829814039453e-05
4.400000000000000000e+01 1.326768948935195744e-02 2.168949469534688437e-02 1.009759249806621481e-04 6.346219983597106381e-05
4.500000000000000000e+01 1.529008647390810334e-02 2.308576347908913168e-02 9.786446298603108842e-05 6.100862336819490891e-05
4.600000000000000000e+01 1.562549913521259215e-02 2.387022182829824299e-02 9.384439498617079653e-05 5.821109044719013144e-05
4.700000000000000000e+01 1.495263669761964960e-02 2.473627118249993595e-02 8.904011898440537820e-05 5.523317454212937769e-05
