# freqs 	 pli 	 dpli 	 meanpower(thalamus)	 meanpower(scalp)	pli
8.000000000000000000e+00 -7.845321017193086777e-02 -1.878041690286118004e-01 4.244997452223723937e-05 2.522156405360353147e-04
9.000000000000000000e+00 -3.001190228209092703e-02 -7.400699212511861746e-02 3.910534363637858826e-05 2.345344188790895914e-04
1.000000000000000000e+01 -1.682310596775300033e-04 2.127498721019104033e-03 3.885086376584023457e-05 2.000239556742415309e-04
1.100000000000000000e+01 6.708305294883172912e-03 1.261588832805606714e-02 4.000518024568854681e-05 1.808372120771882931e-04
1.200000000000000000e+01 1.496259816004424622e-03 3.227032070567187414e-03 4.241683359491716206e-05 1.776470587531217679e-04
1.300000000000000000e+01 -8.429530796372450589e-04 5.752750710996114465e-03 4.590200470358704984e-05 1.841890486116369542e-04
1.400000000000000000e+01 2.906982878555160275e-03 1.857851966595729445e-02 4.964625264095215684e-05 1.956083102661387916e-04
1.500000000000000000e+01 6.679806585639153430e-03 2.560528882825830951e-02 5.244072677664608686e-05 2.083875802267093260e-04
1.600000000000000000e+01 1.008549840625595946e-02 2.568180056433551003e-02 5.325951647033587183e-05 2.205782930535023104e-04
1.700000000000000000e+01 1.093095013117694435e-02 2.507808341097516464e-02 5.189056479443086194e-05 2.310058718432658775e-04
1.800000000000000000e+01 9.931440945944050233e-03 2.411365548734880487e-02 4.899170539920393199e-05 2.387778110068763688e-04
1.900000000000000000e+01 9.875092996149460040e-03 2.176644220693341528e-02 4.553832539479893193e-05 2.433542233421675019e-04
2.000000000000000000e+01 8.365402440320445984e-03 1.831900040606655386e-02 4.229683628751057842e-05 2.449102965110200943e-04
2.100000000000000000e+01 8.067614562478201898e-03 1.625070522012821844e-02 3.966188578611882983e-05 2.441512836457109372e-04
2.200000000000000000e+01 7.346137904269826532e-03 1.718604782805747966e-02 3.771964607346565068e-05 2.416260906427050866e-04
2.300000000000000000e+01 8.073514016192547688e-03 1.980897970279298786e-02 3.636400508850233895e-05 2.380470576616252774e-04
2.400000000000000000e+01 9.075531604086172974e-03 2.214675619109259669e-02 3.541698584471591457e-05 2.340233660313895841e-04
2.500000000000000000e+01 1.068897485250310496e-02 2.329063961288910939e-02 3.472575075492507552e-05 2.301538197650571907e-04
2.600000000000000000e+01 1.203462374523495311e-02 2.339227104354671405e-02 3.418069842992994020e-05 2.269491621430708595e-04
2.700000000000000000e+01 1.263546723150699505e-02 2.326857363274321619e-02 3.370489231833829997e-05 2.251566877595404101e-04
2.800000000000000000e+01 1.312553213869373063e-02 2.393652386673946961e-02 3.325395861705704654e-05 2.246450404887181333e-04
2.900000000000000000e+01 1.394571374366479662e-02 2.562703515322090758e-02 3.280775802971187577e-05 2.254914323391369842e-04
3.000000000000000000e+01 1.385761899938727643e-02 2.774165028630610694e-02 3.236237068411333418e-05 2.273568794304749857e-04
3.100000000000000000e+01 1.401591817901666134e-02 2.963108531401949242e-02 3.192407101176270132e-05 2.302603234368570033e-04
3.200000000000000000e+01 1.495258820168633533e-02 3.085267189009001029e-02 3.150183621178557461e-05 2.337383842598652641e-04
3.300000000000000000e+01 1.443237147627307593e-02 3.131597481739745170e-02 3.110138575985075881e-05 2.373009516176963402e-04
3.400000000000000000e+01 1.345899717589385709e-02 3.142508948037969069e-02 3.072346747149658843e-05 2.410991705551551940e-04
3.500000000000000000e+01 1.269084028442422386e-02 3.139554682257381102e-02 3.037145022943858462e-05 2.445871285683857499e-04
3.600000000000000000e+01 1.254889571998823311e-02 3.150412026870679644e-02 3.005464302110528904e-05 2.478024293825004587e-04
3.700000000000000000e+01 1.232743385667507165e-02 3.175348686832960704e-02 2.978193376755891599e-05 2.506658132368767247e-04
3.800000000000000000e+01 1.216732707746174397e-02 3.209467343446132520e-02 2.955690761625041552e-05 2.533435581271611904e-04
3.900000000000000000e+01 1.197002679582109992e-02 3.244059921447739470e-02 2.937747018096942855e-05 2.553806091647677664e-04
4.000000000000000000e+01 1.185840099890033902e-02 3.285766700753164210e-02 2.923467619664128807e-05 2.569971313125839815e-04
4.100000000000000000e+01 1.153634314406561286e-02 3.342669131636216706e-02 2.910506428631445130e-05 2.580859515270684211e-04
4.200000000000000000e+01 1.148511930885799844e-02 3.420564561600898668e-02 2.894620731055070481e-05 2.583959182859879621e-04
4.300000000000000000e+01 1.157831227409434650e-02 3.504406756929967504e-02 2.869547741002650870e-05 2.572422386224745101e-04
4.400000000000000000e+01 1.175126913302967403e-02 3.603317568034145046e-02 2.828805674152779802e-05 2.546130491170723849e-04
4.500000000000000000e+01 1.207628099832217840e-02 3.699342530434519827e-02 2.768529580936846210e-05 2.499850140780252982e-04
4.600000000000000000e+01 1.212197439061112221e-02 3.786718081576852246e-02 2.691111917870821996e-05 2.436180451514917823e-04
4.700000000000000000e+01 1.236515968033808852e-02 3.864195641844537371e-02 2.606835337335152407e-05 2.364514656685199560e-04
