# freqs 	 pli 	 dpli 	 meanpower(thalamus)	 meanpower(scalp)	pli
8.000000000000000000e+00 1.175860584552053563e-02 2.494400216858950678e-02 3.409343113096681741e-05 4.704464700918069135e-04
9.000000000000000000e+00 -1.276116333638104006e-02 -3.560554009979280399e-02 3.193667458685363586e-05 3.094697514460932174e-04
1.000000000000000000e+01 -2.580898056733191281e-02 -6.649996273590519369e-02 3.223334650970229389e-05 2.300931380448977318e-04
1.100000000000000000e+01 -4.579961963480885107e-02 -1.184572754537693423e-01 3.448112282603869129e-05 1.935024968625803947e-04
1.200000000000000000e+01 -3.842094552847699629e-02 -1.559449273760551979e-01 3.683482243797326803e-05 1.867374940967842639e-04
1.300000000000000000e+01 -2.300999933216360711e-03 -3.245744975874662042e-02 3.734016459959405763e-05 1.973016018072656290e-04
1.400000000000000000e+01 2.238948218015439015e-02 9.024469343411432865e-02 3.484646748122291970e-05 2.009544079364402843e-04
1.500000000000000000e+01 2.939210014525411516e-02 1.218188255494511568e-01 3.019311944653395627e-05 1.820603966339396696e-04
1.600000000000000000e+01 2.960153606780371524e-02 9.821631797426091937e-02 2.566618212472143994e-05 1.503269345129106557e-04
1.700000000000000000e+01 2.442648282420064113e-02 6.597790178154187835e-02 2.260115293892997937e-05 1.215248454852279692e-04
1.800000000000000000e+01 2.042109396871247956e-02 4.583736162928874619e-02 2.088968800403810566e-05 1.023745755665630443e-04
1.900000000000000000e+01 1.885672978873697420e-02 4.040285238719150407e-02 1.991829809227013470e-05 9.152156354632759786e-05
2.000000000000000000e+01 2.006897726461004741e-02 4.295851866505821098e-02 1.925325177491374329e-05 8.551624060253844794e-05
2.100000000000000000e+01 2.049468075660330901e-02 4.434743253829736415e-02 1.870635764229957822e-05 8.203961912032972919e-05
2.200000000000000000e+01 2.116035983537895709e-02 4.190848173440803182e-02 1.822419384152040427e-05 7.990034017520998566e-05
2.300000000000000000e+01 1.855131869199453873e-02 3.716134490390296530e-02 1.779900663270706212e-05 7.852706823931322299e-05
2.400000000000000000e+01 1.464396921852923784e-02 2.988523817997069260e-02 1.745903714753406212e-05 7.764459531206814569e-05
2.500000000000000000e+01 1.179414879894657639e-02 1.951328530509419817e-02 1.721935417451441564e-05 7.696432747732427366e-05
2.600000000000000000e+01 1.040975096149627903e-02 8.582836652504814007e-03 1.703683599765810406e-05 7.613207777870227035e-05
2.700000000000000000e+01 9.675640373898173816e-03 1.221746744073726144e-03 1.685484750681744284e-05 7.493565648276062218e-05
2.800000000000000000e+01 9.175418122400779905e-03 -3.770183034566688247e-04 1.664475362984657608e-05 7.333202144797862864e-05
2.900000000000000000e+01 9.198511931289333338e-03 3.055593200408283829e-03 1.640947943539319885e-05 7.141249065702205137e-05
3.000000000000000000e+01 1.062120866790560759e-02 9.286781861071341862e-03 1.617473342899027134e-05 6.936162664737667799e-05
3.100000000000000000e+01 1.250357181004269763e-02 1.617641474298691165e-02 1.596611731894567146e-05 6.738893518116889918e-05
3.200000000000000000e+01 1.436881010772728638e-02 2.249361087918926722e-02 1.579942094684430237e-05 6.561481793107031197e-05
3.300000000000000000e+01 1.641721822998050070e-02 2.771528462513647706e-02 1.567756885918911307e-05 6.405519998182682975e-05
3.400000000000000000e+01 1.838634667001453823e-02 3.167034947564952713e-02 1.559359184923023674e-05 6.266178835654648196e-05
3.500000000000000000e+01 1.923444293390254994e-02 3.437002708701263759e-02 1.553639088524091130e-05 6.135852869624406952e-05
3.600000000000000000e+01 1.947537337285619799e-02 3.590346961594816089e-02 1.549609212525719296e-05 6.010697217222324748e-05
3.700000000000000000e+01 1.995392945822239625e-02 3.652928451669407162e-02 1.546298603937439352e-05 5.888781221368882991e-05
3.800000000000000000e+01 1.924836454099092958e-02 3.659407973463552066e-02 1.543416639386181190e-05 5.771728370921360958e-05
3.900000000000000000e+01 1.937062429544706213e-02 3.647167357044472230e-02 1.540918129056984088e-05 5.662634399226906655e-05
4.000000000000000000e+01 1.904103961855564686e-02 3.641259703731671710e-02 1.538652337690479813e-05 5.563902568969847682e-05
4.100000000000000000e+01 1.893301116240590429e-02 3.653888809891235601e-02 1.535692309806916788e-05 5.474482850829195723e-05
4.200000000000000000e+01 1.929110520187212949e-02 3.681876295098896607e-02 1.530202933154259658e-05 5.389530040121435920e-05
4.300000000000000000e+01 2.024809568009029725e-02 3.715162007823184787e-02 1.519176047833697084e-05 5.298999286993409978e-05
4.400000000000000000e+01 2.081538814285094699e-02 3.742132510939517182e-02 1.499198212290519440e-05 5.191585265920750858e-05
4.500000000000000000e+01 2.094553221268096246e-02 3.753630226506576156e-02 1.468285131882009504e-05 5.059280557683864079e-05
4.600000000000000000e+01 2.073416903154659194e-02 3.737377632491730578e-02 1.427651192138440469e-05 4.904912320386983993e-05
4.700000000000000000e+01 1.914454526125270589e-02 3.681754049257025124e-02 1.382691025455702819e-05 4.745240407749224320e-05
