# freqs 	 pli 	 dpli 	 meanpower(thalamus)	 meanpower(scalp)	pli
8.000000000000000000e+00 -2.625785703653033681e-02 -1.048258138591214306e-01 1.225886783274601462e-04 8.851199708548019001e-04
9.000000000000000000e+00 1.663018713911529681e-02 2.236507624288448445e-02 1.120493577271178227e-04 7.794997958680432472e-04
1.000000000000000000e+01 1.772778578882943518e-02 3.289820729815798317e-02 1.039121348566174135e-04 5.862394325961310182e-04
1.100000000000000000e+01 2.383838911274955771e-03 7.146936039567585970e-04 9.908247024956557617e-05 4.313022100849756729e-04
1.200000000000000000e+01 -8.959641547562308822e-03 -1.673454735996288481e-02 9.573887761606181062e-05 3.659163124439032536e-04
1.300000000000000000e+01 -2.162841233192992069e-02 -3.691789334295734332e-02 9.255270954411345052e-05 3.470861931788867634e-04
1.400000000000000000e+01 -2.171341773650134130e-02 -5.447807398684641200e-02 8.980244209503782939e-05 3.404095427979546545e-04
1.500000000000000000e+01 -2.338035602388524939e-02 -5.762874050133430515e-02 8.737830674719807944e-05 3.311620988239058982e-04
1.600000000000000000e+01 -1.916783505757251385e-02 -4.308877845198266082e-02 8.511269276942818901e-05 3.153169938243785878e-04
1.700000000000000000e+01 -9.442355292837340680e-03 -2.083347101279480612e-02 8.308881493281339823e-05 2.950223007410378490e-04
1.800000000000000000e+01 -1.088651153186875642e-04 -2.814471495117730915e-03 8.143159183016617344e-05 2.724165795988488302e-04
1.900000000000000000e+01 9.856798808821912172e-03 5.993495417303706940e-03 8.034720270770802234e-05 2.494000015157032978e-04
2.000000000000000000e+01 5.508467322810038647e-03 9.422926793230122083e-03 7.975354538253034953e-05 2.284334214616363966e-04
2.100000000000000000e+01 5.909240472707522930e-03 1.135625079842087458e-02 7.961214942834945085e-05 2.113163816869572352e-04
2.200000000000000000e+01 2.678791236452425159e-03 1.207584950562078444e-02 8.000387233735618559e-05 1.980557623098318904e-04
2.300000000000000000e+01 3.719246697952504222e-03 1.152997595035446660e-02 8.132880606485411038e-05 1.876004332860709012e-04
2.400000000000000000e+01 7.977772308262409684e-03 1.141564850613714828e-02 8.441903298660885253e-05 1.788297710332037601e-04
2.500000000000000000e+01 8.213184441817213133e-03 1.327051894226646649e-02 9.067902383908614506e-05 1.710830604063189866e-04
2.600000000000000000e+01 5.277515504482629266e-03 1.629675970813394131e-02 1.024141090074956559e-04 1.638354099699965692e-04
2.700000000000000000e+01 1.068853953631652975e-02 1.901357586658472196e-02 1.219449690810310214e-04 1.568954465653948731e-04
2.800000000000000000e+01 1.048013516145880619e-02 2.107415388298364625e-02 1.487342401414433273e-04 1.501323782678005243e-04
2.900000000000000000e+01 1.240963365702307461e-02 2.264891655625457176e-02 1.775745718732367581e-04 1.436943389402416875e-04
3.000000000000000000e+01 8.734686460288706641e-03 2.347888561653947367e-02 2.008014439678476647e-04 1.378682107380668374e-04
3.100000000000000000e+01 1.043898506760366184e-02 2.324066568023528193e-02 2.125043421838365199e-04 1.328601764984590756e-04
3.200000000000000000e+01 1.341498182646437727e-02 2.167945536203473578e-02 2.108798679255678124e-04 1.287390815146507983e-04
3.300000000000000000e+01 8.371244419970941611e-03 1.882003053914732549e-02 1.980281923346853101e-04 1.254364824750947983e-04
3.400000000000000000e+01 1.075563913088640328e-02 1.491479034181198565e-02 1.782381261049203666e-04 1.229305142106924896e-04
3.500000000000000000e+01 5.420895540671263196e-03 1.032553203516899630e-02 1.559871265055346812e-04 1.210213759741698801e-04
3.600000000000000000e+01 2.273983684511143334e-03 5.510516373774678768e-03 1.348076095257220216e-04 1.196257176245737048e-04
3.700000000000000000e+01 -1.355433647132131591e-03 9.217691745587187338e-04 1.167987127638962466e-04 1.186299110382059674e-04
3.800000000000000000e+01 3.343062830464940682e-03 -3.103860203278623487e-03 1.027281344921810873e-04 1.179430146927498300e-04
3.900000000000000000e+01 1.224155916164144106e-03 -6.254504134908627812e-03 9.238483638293154250e-05 1.173751720150272834e-04
4.000000000000000000e+01 1.304905929802441288e-03 -8.432919062133814245e-03 8.508630419676612951e-05 1.168678762942702105e-04
4.100000000000000000e+01 1.335358557615544915e-03 -9.707873283370955717e-03 8.000495097156270163e-05 1.163210357540496096e-04
4.200000000000000000e+01 1.367223302029853260e-03 -1.028583846994423831e-02 7.636396296294855777e-05 1.155778019077896779e-04
4.300000000000000000e+01 -5.502979107616001904e-03 -1.037369425771909534e-02 7.350611989922123174e-05 1.144028415852303579e-04
4.400000000000000000e+01 -5.159858021644702329e-03 -1.036289187863909805e-02 7.094501379199340512e-05 1.126586581827273051e-04
4.500000000000000000e+01 -4.490191938804375532e-03 -1.027349464792274084e-02 6.835918556995660496e-05 1.101787714948137544e-04
4.600000000000000000e+01 -1.868360888576447781e-03 -1.004953824697129086e-02 6.564434574320023410e-05 1.070792710762064536e-04
4.700000000000000000e+01 1.612612877252366699e-03 -9.491203154695215111e-03 6.292980210393304388e-05 1.037864454355679866e-04
