# freqs 	 pli 	 dpli 	 meanpower(thalamus)	 meanpower(scalp)	pli
8.000000000000000000e+00 -2.510040160642570050e-04 9.537892091940006201e-02 3.720958107137695947e+01 3.831074309397993716e+02
9.000000000000000000e+00 -6.044296445442576965e-02 -1.093484849927211788e-01 4.153343416224782914e+01 3.636901132379448995e+02
1.000000000000000000e+01 -7.372469341847470714e-02 -1.962807558508643802e-01 4.471555270688842398e+01 3.116217907449720315e+02
1.100000000000000000e+01 -7.269630386646226683e-02 -2.114835240512074332e-01 4.719338948762280239e+01 2.709374721925981930e+02
1.200000000000000000e+01 -4.061428502438788751e-02 -1.537650981459719735e-01 4.984345998614664097e+01 2.542794980031460170e+02
1.300000000000000000e+01 -5.813064096680434223e-03 -1.066017839775206845e-02 5.115035574995010847e+01 2.429038916017428562e+02
1.400000000000000000e+01 2.544299370482629857e-02 5.083463053367869022e-02 5.029569741465506638e+01 2.284822154602625517e+02
1.500000000000000000e+01 1.838719623286711249e-02 3.374130548195704987e-02 4.777674877866611070e+01 2.140695502958358531e+02
1.600000000000000000e+01 -2.261019274483166627e-02 -1.988546688587439215e-02 4.447476410920754120e+01 1.996226937314180248e+02
1.700000000000000000e+01 -5.735673789229232128e-02 -5.819312334166576450e-02 4.121711317946860476e+01 1.846475075272825279e+02
1.800000000000000000e+01 -5.483002440804207039e-02 -5.621581747878560270e-02 3.859359229447198913e+01 1.709202378059988803e+02
1.900000000000000000e+01 -3.624125064019705772e-02 -3.876889647551839957e-02 3.684222385990435100e+01 1.598350676820118963e+02
2.000000000000000000e+01 -3.451637833660305826e-02 -3.786049196461554328e-02 3.588535447844206772e+01 1.515512685827255268e+02
2.100000000000000000e+01 -2.201673271686481817e-02 -4.875118378043343664e-02 3.548976717219522925e+01 1.452584041414534681e+02
2.200000000000000000e+01 -1.650929997386690190e-02 -5.157821438222558869e-02 3.540144902804708238e+01 1.403128123380743659e+02
2.300000000000000000e+01 -1.904231625835189207e-02 -4.289855772293954539e-02 3.543263343555675249e+01 1.366354743725429159e+02
2.400000000000000000e+01 -1.743475604433970469e-02 -3.229754397719957620e-02 3.546135076066900638e+01 1.338991288907996022e+02
2.500000000000000000e+01 1.634597920962382964e-03 -2.290027272201330955e-02 3.539714710617656834e+01 1.320194388352582848e+02
2.600000000000000000e+01 8.066724235978010513e-03 -1.208567398266968684e-02 3.522442966023071165e+01 1.308446650344720013e+02
2.700000000000000000e+01 1.337647883259821154e-02 2.689812801250583002e-03 3.496630753013806725e+01 1.305579066976696083e+02
2.800000000000000000e+01 2.458442072768260780e-02 1.710296126941855677e-02 3.465964022315181126e+01 1.301481796005672322e+02
2.900000000000000000e+01 2.382953181272508963e-02 2.558808715369080902e-02 3.434815763164677094e+01 1.287837183431737174e+02
3.000000000000000000e+01 2.142701114045713479e-02 2.624359428904764549e-02 3.406601916001423547e+01 1.262774054937340793e+02
3.100000000000000000e+01 9.916288530746362323e-03 2.036231633889285658e-02 3.382581185447395455e+01 1.234211548781018735e+02
3.200000000000000000e+01 6.269803815816085701e-03 1.078757391789335156e-02 3.362544294660865773e+01 1.203449812320554031e+02
3.300000000000000000e+01 3.898933527005848509e-03 1.993661290113696825e-03 3.346433333792062115e+01 1.173017100315976222e+02
3.400000000000000000e+01 2.840748753645000284e-03 -4.084251162165996457e-03 3.335280259639360878e+01 1.146752758092797251e+02
3.500000000000000000e+01 3.135615364515286028e-03 -5.126439525099442222e-03 3.330366472127980870e+01 1.123304921759773265e+02
3.600000000000000000e+01 8.221004295659901581e-03 -1.167589200743744888e-03 3.331575369097942740e+01 1.105023708224363332e+02
3.700000000000000000e+01 1.149763067993975728e-02 5.840637456538818120e-03 3.337890538825321585e+01 1.092466828861625885e+02
3.800000000000000000e+01 1.518641985346595551e-02 1.363233447436009056e-02 3.346971073117926210e+01 1.083921428471668520e+02
3.900000000000000000e+01 1.807887334038092708e-02 1.865769651180786137e-02 3.354918480446632856e+01 1.075143909832690525e+02
4.000000000000000000e+01 1.236388183255466948e-02 2.070402625920726714e-02 3.357395397975065521e+01 1.067099416962021081e+02
4.100000000000000000e+01 8.532408181954264162e-03 2.036465040171570734e-02 3.350585877347339192e+01 1.059582116941533627e+02
4.200000000000000000e+01 -8.466957045468432403e-04 1.931652482637025506e-02 3.330080831714349898e+01 1.052299772389343389e+02
4.300000000000000000e+01 -1.300594432757522061e-03 1.812760613710721197e-02 3.290561096760025350e+01 1.042074345444577546e+02
4.400000000000000000e+01 1.695853810479684438e-03 1.925395374973853588e-02 3.227177653775456179e+01 1.028612295505195249e+02
4.500000000000000000e+01 5.282656421514818866e-03 2.156201226676478927e-02 3.137709606811424123e+01 1.008304039108215449e+02
4.600000000000000000e+01 3.671658535756174620e-03 2.441387034261200198e-02 3.025948550068159548e+01 9.811047497499113490e+01
4.700000000000000000e+01 2.307834846621632970e-03 2.709926995613675185e-02 2.903402560344980898e+01 9.494177561027495926e+01
