# freqs 	 pli 	 dpli 	 meanpower(thalamus)	 meanpower(scalp)	pli
8.000000000000000000e+00 8.744540799764309591e-02 1.638099322537763247e-01 1.098626771038270944e-04 2.079101693283842201e-04
9.000000000000000000e+00 3.406133866510229619e-02 6.905289443035905750e-02 9.930591111133458399e-05 1.417557208136377824e-04
1.000000000000000000e+01 1.319577862810735434e-02 2.589999327833192658e-02 9.243500521880594276e-05 1.173386380344964728e-04
1.100000000000000000e+01 -8.155871272835945760e-04 -5.477795709699059649e-03 8.811718014465109191e-05 1.105453368920939129e-04
1.200000000000000000e+01 -1.147398653518873993e-03 -1.071207738302505999e-02 8.883526236604833315e-05 1.136362424212950683e-04
1.300000000000000000e+01 7.338001009460456319e-04 -8.264458308915165934e-04 9.379369411595853243e-05 1.235512278863460886e-04
1.400000000000000000e+01 -3.428446667715513881e-03 -4.156835628211471775e-03 9.490773207764987543e-05 1.279026411900595123e-04
1.500000000000000000e+01 -5.457765015553959868e-03 -1.852766067195645711e-02 9.175865475535689123e-05 1.226399845437293557e-04
1.600000000000000000e+01 -1.502139664627381334e-02 -3.162959238831109660e-02 8.893709745086286907e-05 1.153928608574292686e-04
1.700000000000000000e+01 -1.782953309906872008e-02 -3.959511057351277480e-02 8.787644554071239356e-05 1.102061092128324708e-04
1.800000000000000000e+01 -2.016382678086835190e-02 -4.385256304608162875e-02 8.799670912431864815e-05 1.070779600064451390e-04
1.900000000000000000e+01 -2.025560014374700596e-02 -4.341368600808291622e-02 8.846458820160371498e-05 1.060861554515081794e-04
2.000000000000000000e+01 -1.598674594088227499e-02 -3.225647748212757959e-02 8.892339724849961384e-05 1.074456704100040940e-04
2.100000000000000000e+01 -6.620722750896079582e-03 -8.362441724975376578e-03 8.962401772210107050e-05 1.105680346494183333e-04
2.200000000000000000e+01 5.521749901705456237e-03 1.844352946050917610e-02 9.155165595821824923e-05 1.138875820263181890e-04
2.300000000000000000e+01 9.803114840874396080e-03 2.954269981093269465e-02 9.750158534403127525e-05 1.157920184261154430e-04
2.400000000000000000e+01 1.229164920404076560e-03 1.589691020678499558e-02 1.112218173777031850e-04 1.154888051830812637e-04
2.500000000000000000e+01 -1.455243417271164137e-02 -9.402331987945853481e-03 1.313116721441489362e-04 1.128335506914041888e-04
2.600000000000000000e+01 -2.534359090339815407e-02 -3.086484350612491573e-02 1.487834245549827378e-04 1.079626307973841287e-04
2.700000000000000000e+01 -3.059292874608959129e-02 -4.317239887013355620e-02 1.548396058281140879e-04 1.012103251502704523e-04
2.800000000000000000e+01 -2.979075990624749024e-02 -4.662214816525929451e-02 1.475649682643918274e-04 9.320074307099025269e-05
2.900000000000000000e+01 -2.469836199451468789e-02 -4.343109651451236564e-02 1.312977807133532051e-04 8.481549162887692494e-05
3.000000000000000000e+01 -1.749243433872030989e-02 -3.610005472523114545e-02 1.124683630888290983e-04 7.686056905310434016e-05
3.100000000000000000e+01 -1.197705337620733057e-02 -2.773307222792125229e-02 9.603280420272409927e-05 6.988134326284388030e-05
3.200000000000000000e+01 -8.145424103806021138e-03 -2.078841781264582564e-02 8.405685756792653860e-05 6.409784232389739256e-05
3.300000000000000000e+01 -9.465602181990577166e-03 -1.629082767791140834e-02 7.628101828222051521e-05 5.950638730541488099e-05
3.400000000000000000e+01 -6.886509513598594069e-03 -1.407948414481848508e-02 7.148535463834037934e-05 5.598661694732081544e-05
3.500000000000000000e+01 -3.972398281222973108e-03 -1.305251045819483952e-02 6.850442587693104457e-05 5.328794079439808063e-05
3.600000000000000000e+01 -3.701613290910483068e-03 -1.228350023166256688e-02 6.655710192276800233e-05 5.119393181156649465e-05
3.700000000000000000e+01 -3.916911695862769667e-03 -1.115414943729752147e-02 6.520085595959270060e-05 4.953240523819830315e-05
3.800000000000000000e+01 -4.295602678017642825e-03 -9.503013190720646999e-03 6.416761917895302076e-05 4.819848660350074728e-05
3.900000000000000000e+01 -5.407471144721951069e-03 -7.686621452103865014e-03 6.327204292262102387e-05 4.706207049730825183e-05
4.000000000000000000e+01 -4.483708212163301995e-03 -6.096104402560743180e-03 6.238436834180408378e-05 4.606552560108340193e-05
4.100000000000000000e+01 -3.628129643911890290e-03 -4.995011994316466558e-03 6.142113704496899446e-05 4.514566244821914580e-05
4.200000000000000000e+01 -3.356309292205486832e-03 -4.406739217786769316e-03 6.032037023629553170e-05 4.423247843429909488e-05
4.300000000000000000e+01 -3.619227033577764735e-03 -4.182744557352758089e-03 5.901681631829877031e-05 4.321957307622684104e-05
4.400000000000000000e+01 -3.968298143225506419e-03 -4.107386552234436328e-03 5.743621088601729791e-05 4.204462193591764185e-05
4.500000000000000000e+01 -4.375159389162238885e-03 -4.006939475288639335e-03 5.553831953984238325e-05 4.063541455901627209e-05
4.600000000000000000e+01 -3.539115075252178850e-03 -3.817212596246822263e-03 5.337400615600942574e-05 3.901572150665259201e-05
4.700000000000000000e+01 -2.374748622890618301e-03 -3.514071962012967672e-03 5.112501437894602775e-05 3.731006062541591543e-05
