# freqs 	 pli 	 dpli 	 meanpower(thalamus)	 meanpower(scalp)	pli
8.000000000000000000e+00 -1.049510977189923311e-01 -2.092356919119219560e-01 8.906986389021685996e-05 3.462945138261403020e-04
9.000000000000000000e+00 -7.802255964115305253e-02 -1.550729840814435989e-01 8.334146849358959914e-05 4.113779889021443510e-04
1.000000000000000000e+01 -2.327985957642523043e-02 -4.540809662337227243e-02 7.499953387715025679e-05 3.362886066334216809e-04
1.100000000000000000e+01 1.019995389359860428e-02 3.949856489994841430e-02 6.903175446443269778e-05 2.672647607193246312e-04
1.200000000000000000e+01 3.159473927555647016e-02 9.676475537151633943e-02 6.431774476363314428e-05 2.248643518092305587e-04
1.300000000000000000e+01 4.576847985799706309e-02 1.136229835199783905e-01 6.099817664329038909e-05 1.910706992785351946e-04
1.400000000000000000e+01 4.317280176467371000e-02 9.330345983913833352e-02 5.907989428913777995e-05 1.666522601053012191e-04
1.500000000000000000e+01 2.571512423831866928e-02 5.507125146869960158e-02 5.793861944195277577e-05 1.506746077004664740e-04
1.600000000000000000e+01 8.596625779755014130e-03 2.164079373989781507e-02 5.689600615715636713e-05 1.407799546779199985e-04
1.700000000000000000e+01 5.985392049447759225e-04 3.632341090626706528e-03 5.577290590295011486e-05 1.344575848272669535e-04
1.800000000000000000e+01 -3.849052238504753758e-05 -1.206077670172031428e-03 5.469196770902497526e-05 1.284782189265769661e-04
1.900000000000000000e+01 9.309330148744203795e-04 -4.774393755929564427e-04 5.385558692392375374e-05 1.218324031122922801e-04
2.000000000000000000e+01 1.128061970956480880e-03 1.677462718431151165e-03 5.340333707912466661e-05 1.159060315069065922e-04
2.100000000000000000e+01 1.470564945804025752e-03 5.577123430615405983e-03 5.336051032191164523e-05 1.120646385651620139e-04
2.200000000000000000e+01 2.017277825614485244e-03 1.159066176045254158e-02 5.362935157834782614e-05 1.104671761437944809e-04
2.300000000000000000e+01 6.064767627354495597e-04 1.729393574585833329e-02 5.403547901415384311e-05 1.101040837751817667e-04
2.400000000000000000e+01 -1.898061908576667827e-03 1.933309857864306744e-02 5.441044856210520720e-05 1.094162236759475934e-04
2.500000000000000000e+01 -5.442989057478745361e-03 1.614535876941228590e-02 5.465132287404289997e-05 1.073350555126960040e-04
2.600000000000000000e+01 -8.379939302280732874e-03 8.587064889420233799e-03 5.476815970505152591e-05 1.037078216364429933e-04
2.700000000000000000e+01 -1.070727178973884287e-02 -2.159989096508000393e-04 5.484379696806193503e-05 9.921325315326350253e-05
2.800000000000000000e+01 -1.181452746384971907e-02 -7.491678573346681642e-03 5.495206330365989269e-05 9.455861001823042615e-05
2.900000000000000000e+01 -1.225576129451226570e-02 -1.134018144590858736e-02 5.516419965990290497e-05 9.041767431743514020e-05
3.000000000000000000e+01 -1.136194723525480593e-02 -1.203592122536066393e-02 5.559511671736307501e-05 8.708565311369331936e-05
3.100000000000000000e+01 -9.644703875339164997e-03 -1.114359644978991579e-02 5.648424286680426692e-05 8.469903702090875544e-05
3.200000000000000000e+01 -8.180614848516549673e-03 -1.069117052116847454e-02 5.813062336988608620e-05 8.312584657780327634e-05
3.300000000000000000e+01 -7.702020733373292176e-03 -1.188610801886863001e-02 6.069660618162733075e-05 8.215547555279736544e-05
3.400000000000000000e+01 -7.955445266854538691e-03 -1.481133417538529895e-02 6.394600572171395617e-05 8.168671613075341540e-05
3.500000000000000000e+01 -8.528041770783305331e-03 -1.866339039110789799e-02 6.718954278260459831e-05 8.146017341262819299e-05
3.600000000000000000e+01 -9.772531719043379625e-03 -2.223410753058900277e-02 6.957283606257175788e-05 8.139872906038990831e-05
3.700000000000000000e+01 -1.076864112852783315e-02 -2.444595963626353466e-02 7.044891313529522885e-05 8.142994128334272920e-05
3.800000000000000000e+01 -1.196283234289606534e-02 -2.469621041869468972e-02 6.961739739672871826e-05 8.155221596734014294e-05
3.900000000000000000e+01 -1.185119753502881200e-02 -2.290565393719464979e-02 6.730630910406438855e-05 8.163229265021869504e-05
4.000000000000000000e+01 -1.039511274564832236e-02 -1.948275058793099909e-02 6.402697172022723214e-05 8.171513755695055726e-05
4.100000000000000000e+01 -8.290290549326558706e-03 -1.505177531201538736e-02 6.033971884658313571e-05 8.177171374429457009e-05
4.200000000000000000e+01 -5.561742312146102096e-03 -1.030390756302543287e-02 5.668191934081451668e-05 8.171130942874104341e-05
4.300000000000000000e+01 -4.012346045830594496e-03 -5.908381167397554028e-03 5.328378793817482818e-05 8.129978585662232522e-05
4.400000000000000000e+01 -2.351239065194993694e-03 -1.991621774238140023e-03 5.018874441588908064e-05 8.047903155462074606e-05
4.500000000000000000e+01 -9.262781239750089669e-04 1.273108494239016692e-03 4.733102110683510226e-05 7.906355335103396477e-05
4.600000000000000000e+01 -1.257620747386044042e-04 3.982811703048847601e-03 4.466183262424816504e-05 7.710532961456758856e-05
4.700000000000000000e+01 8.351763252458618196e-05 6.273046599127108172e-03 4.222385261786723749e-05 7.488046336291665460e-05
