# freqs 	 pli 	 dpli 	 meanpower(thalamus)	 meanpower(scalp)	pli
8.000000000000000000e+00 -4.597988258609729539e-02 -3.383644423645257304e-01 1.609082512877673939e-04 2.680012599422608292e-04
9.000000000000000000e+00 -2.943302358233632759e-02 -1.699589757687278990e-01 1.439044553741425923e-04 2.636629732868746084e-04
1.000000000000000000e+01 -2.914672505060400196e-02 -6.868441487415637148e-02 1.301935543189785410e-04 2.574361199920790913e-04
1.100000000000000000e+01 -3.301589817419749856e-02 -7.253118289311594191e-02 1.274865890474879840e-04 2.809892666047221748e-04
1.200000000000000000e+01 -4.959526742746744876e-02 -1.008305583183154303e-01 1.326108916975834670e-04 3.171046657242274449e-04
1.300000000000000000e+01 -6.263042848259521567e-02 -1.075465868390799440e-01 1.378630176761919221e-04 3.412546224710865392e-04
1.400000000000000000e+01 -2.622616693813202907e-02 -3.181967682473755415e-02 1.429714512296935945e-04 3.514869003690061062e-04
1.500000000000000000e+01 2.539722075800668333e-02 1.335184060685944141e-01 1.550728680738170881e-04 3.519779376479921355e-04
1.600000000000000000e+01 7.184481727488363501e-02 2.574238446370582523e-01 1.670064135661114037e-04 3.439091942783822713e-04
1.700000000000000000e+01 8.825797709400970414e-02 2.648087762562995606e-01 1.698794108706530700e-04 3.275943621107604386e-04
1.800000000000000000e+01 7.608823910321903250e-02 2.012214191982167333e-01 1.683100916247089250e-04 3.071563755867422608e-04
1.900000000000000000e+01 6.539110699331336651e-02 1.402003283398796651e-01 1.732155719026696452e-04 2.881783975434126766e-04
2.000000000000000000e+01 4.587919220491223915e-02 1.125009755908217141e-01 1.920388660887584436e-04 2.715843419026307262e-04
2.100000000000000000e+01 3.494812711899608626e-02 1.044245025781901232e-01 2.187033730258529059e-04 2.554777487306459987e-04
2.200000000000000000e+01 3.696560131522278608e-02 1.034454791518453765e-01 2.371629972521242943e-04 2.387007431320869013e-04
2.300000000000000000e+01 3.942473025297404260e-02 1.070805901348622774e-01 2.367424988087959352e-04 2.217524087704595662e-04
2.400000000000000000e+01 4.094908207235480047e-02 1.130671028202270556e-01 2.183605203956265372e-04 2.056156897826227328e-04
2.500000000000000000e+01 4.331851919467375606e-02 1.174490096617006318e-01 1.899018655477989850e-04 1.910997282182912724e-04
2.600000000000000000e+01 4.788821522332156050e-02 1.161761789314938453e-01 1.603844222095629263e-04 1.789910316603888910e-04
2.700000000000000000e+01 4.769430088697162312e-02 1.077494083798197361e-01 1.363958918281845279e-04 1.693675821344599330e-04
2.800000000000000000e+01 4.411760521501108256e-02 9.364491842369869479e-02 1.200231155721364007e-04 1.619923526802223915e-04
2.900000000000000000e+01 3.777377814551648172e-02 7.709044797742689581e-02 1.100881728149435691e-04 1.562621746335826893e-04
3.000000000000000000e+01 3.552618489305763017e-02 6.132378820613738207e-02 1.044260527597339793e-04 1.513979050535614742e-04
3.100000000000000000e+01 3.501790801444002593e-02 4.914755859623016337e-02 1.011910151940507031e-04 1.468606374901690380e-04
3.200000000000000000e+01 3.073246464262298708e-02 4.252265605196699216e-02 9.910444122061991398e-05 1.422672222592306446e-04
3.300000000000000000e+01 2.799766213279312674e-02 4.166907838255204388e-02 9.744720207051650574e-05 1.375719332349534414e-04
3.400000000000000000e+01 2.755222391072603000e-02 4.478870160768277237e-02 9.588865399613476822e-05 1.328912110388921980e-04
3.500000000000000000e+01 2.683093422212397272e-02 4.933886788654168881e-02 9.435604270285222965e-05 1.283024009123487894e-04
3.600000000000000000e+01 2.832850756163483169e-02 5.288110554329383817e-02 9.287650316080505028e-05 1.239298456464103988e-04
3.700000000000000000e+01 3.125522171212683636e-02 5.434040135186487402e-02 9.151469771722713857e-05 1.198638971379090064e-04
3.800000000000000000e+01 3.289967086178741812e-02 5.399279798842186034e-02 9.030672189186289577e-05 1.161454114014959932e-04
3.900000000000000000e+01 3.171378941591177641e-02 5.309630769238864179e-02 8.926438183300490264e-05 1.127907519445710174e-04
4.000000000000000000e+01 2.953328751898326096e-02 5.260481192441574666e-02 8.835607343816668645e-05 1.098059982895531375e-04
4.100000000000000000e+01 2.987888999457210051e-02 5.301745790451301010e-02 8.749400873688933109e-05 1.071051828766672587e-04
4.200000000000000000e+01 2.991620861652371718e-02 5.434593053782339062e-02 8.652809429683807436e-05 1.045442439264100432e-04
4.300000000000000000e+01 2.941600373034152296e-02 5.642166430686012396e-02 8.520797602803985586e-05 1.018585916486087264e-04
4.400000000000000000e+01 3.082077619765976814e-02 5.903271967027447220e-02 8.326736814823475783e-05 9.875157045966467145e-05
4.500000000000000000e+01 3.370567578672698655e-02 6.213574070445770231e-02 8.053338030664187390e-05 9.500107619408212477e-05
4.600000000000000000e+01 3.539009845089805678e-02 6.566754586431870766e-02 7.699264848766884835e-05 9.056478006256266252e-05
4.700000000000000000e+01 3.640168131491355874e-02 6.952288062002358326e-02 7.282564433795189870e-05 8.562356154656910838e-05
