# freqs 	 pli 	 dpli 	 meanpower(thalamus)	 meanpower(scalp)	pli
8.000000000000000000e+00 6.143901567102341005e-03 -1.268198782599121513e-02 5.487349819223079708e-05 2.674394380471676702e-04
9.000000000000000000e+00 1.733130445609217972e-03 -1.185928668139570909e-02 5.283517263741641155e-05 2.387782818704474843e-04
1.000000000000000000e+01 -2.204841538597683212e-02 -8.947134908230607031e-02 5.359480805531955148e-05 2.330043424721160760e-04
1.100000000000000000e+01 -8.563316919836586050e-02 -2.677328954702381525e-01 5.591905665047766194e-05 2.704564897112166468e-04
1.200000000000000000e+01 -1.430155169243390867e-01 -3.942821316254542796e-01 5.631171593084407839e-05 3.241687780882938864e-04
1.300000000000000000e+01 -1.664685107906371531e-01 -4.148533803861843006e-01 5.447598292561754257e-05 3.457518049695303131e-04
1.400000000000000000e+01 -1.611633454323928571e-01 -3.895670518518321579e-01 5.133498100614174473e-05 3.149682634363105234e-04
1.500000000000000000e+01 -1.352245858350812346e-01 -3.424305703643800158e-01 4.749997887876661893e-05 2.551709357339710326e-04
1.600000000000000000e+01 -1.010257346802882761e-01 -2.767377382042420231e-01 4.377744162619004914e-05 1.986587364345096681e-04
1.700000000000000000e+01 -6.826460196966679939e-02 -1.960630382942652739e-01 4.088896397376921501e-05 1.595298686320279294e-04
1.800000000000000000e+01 -4.328704190828087939e-02 -1.215162087100227217e-01 3.907961747856126633e-05 1.362352345764209632e-04
1.900000000000000000e+01 -2.721899892580110711e-02 -7.170003756607226664e-02 3.813721474142062017e-05 1.228372729807422755e-04
2.000000000000000000e+01 -1.742914357818656917e-02 -4.418321994604013786e-02 3.764044385501208971e-05 1.145174180986808273e-04
2.100000000000000000e+01 -1.349909502018455457e-02 -3.058246382751136222e-02 3.727716323963138222e-05 1.085903989974399076e-04
2.200000000000000000e+01 -1.093110630584257816e-02 -2.532363050432955356e-02 3.690843539588016325e-05 1.038693161099197930e-04
2.300000000000000000e+01 -1.039810842055574613e-02 -2.370035009337126755e-02 3.651613832737203200e-05 9.991072290950139562e-05
2.400000000000000000e+01 -9.804492456007072101e-03 -2.176050648866272030e-02 3.611897873584233334e-05 9.645855251715965942e-05
2.500000000000000000e+01 -8.427013861731252886e-03 -1.783871261555739635e-02 3.573665750236334386e-05 9.333402255035798173e-05
2.600000000000000000e+01 -5.678972508597615425e-03 -1.240650302331232357e-02 3.538358269613190869e-05 9.037519798908664743e-05
2.700000000000000000e+01 -3.828686226317411408e-03 -6.718266095592974156e-03 3.506829634978514231e-05 8.749183388434016617e-05
2.800000000000000000e+01 -1.770925825814890879e-03 -1.828763675092816678e-03 3.479159527692138310e-05 8.466946958492821884e-05
2.900000000000000000e+01 6.143742172959279111e-05 1.764711931641982064e-03 3.454770190937471176e-05 8.195861603971329090e-05
3.000000000000000000e+01 1.316603052131366022e-03 4.018102070989961264e-03 3.432791838497411266e-05 7.942722677914325845e-05
3.100000000000000000e+01 2.345839326128767392e-03 5.098060263569507110e-03 3.412643113278002139e-05 7.716037854608052212e-05
3.200000000000000000e+01 2.557731976417959661e-03 5.256968469461453103e-03 3.393809443003793254e-05 7.518824407177648764e-05
3.300000000000000000e+01 2.462801138041089549e-03 4.812873380362259548e-03 3.375576489071724964e-05 7.349983340789037001e-05
3.400000000000000000e+01 2.077670878360258003e-03 4.127065958812609243e-03 3.357402772372129578e-05 7.207265143984261822e-05
3.500000000000000000e+01 2.157192654861648465e-03 3.469857947949554159e-03 3.339153446308926345e-05 7.085235249530719983e-05
3.600000000000000000e+01 1.887323957840313570e-03 3.031803727979802757e-03 3.321409883292055052e-05 6.980749473477299645e-05
3.700000000000000000e+01 1.726347162246605511e-03 2.865408643974015450e-03 3.305020754899414204e-05 6.890187744557042197e-05
3.800000000000000000e+01 1.950969072612162040e-03 2.922067263329871344e-03 3.290587691872501683e-05 6.810065288889223002e-05
3.900000000000000000e+01 1.775573878366566022e-03 3.089160227548105007e-03 3.278000665088434619e-05 6.736257214629858318e-05
4.000000000000000000e+01 1.796051525632267427e-03 3.270890110347833557e-03 3.266304743734770586e-05 6.666212655750765781e-05
4.100000000000000000e+01 1.810431909823504229e-03 3.394466781367706711e-03 3.253461754732675607e-05 6.596053521694167409e-05
4.200000000000000000e+01 1.876653944453948470e-03 3.440246476328005787e-03 3.235366565296327154e-05 6.518698772378955406e-05
4.300000000000000000e+01 1.637197594173221433e-03 3.455628668175694113e-03 3.205632265011325066e-05 6.422168209588683286e-05
4.400000000000000000e+01 1.444572975067318424e-03 3.456391999452002994e-03 3.157476556075487838e-05 6.294356974205462477e-05
4.500000000000000000e+01 1.643925777195192174e-03 3.530425565616263691e-03 3.086983765401399472e-05 6.126743488798794767e-05
4.600000000000000000e+01 1.786202031875315510e-03 3.743436781598809705e-03 2.996826469887952632e-05 5.923518514282666568e-05
4.700000000000000000e+01 1.740265815594584228e-03 4.154019394436267616e-03 2.898231476133325747e-05 5.704831468753441957e-05
