# freqs 	 pli 	 dpli 	 meanpower(thalamus)	 meanpower(scalp)	pli
8.000000000000000000e+00 -3.204935595891929279e-02 -9.176890212460524221e-02 8.741044613862593900e-05 3.776532355479039738e-04
9.000000000000000000e+00 -3.085247050637637128e-02 -7.810117703048935489e-02 7.865086400578430426e-05 3.787403832328731929e-04
1.000000000000000000e+01 -1.244766709656748051e-02 -3.099969501323422347e-02 7.071381572764119509e-05 3.454201557776369206e-04
1.100000000000000000e+01 -4.502066816978384130e-03 -1.658309282667965942e-02 6.640571241450486943e-05 2.994427793590169083e-04
1.200000000000000000e+01 -5.920682867176052348e-03 -2.356247033546077230e-02 6.447972848399954079e-05 2.692738987479313239e-04
1.300000000000000000e+01 -8.443917714682730533e-04 -1.465324383644309690e-02 6.337656202022683681e-05 2.542587219579797719e-04
1.400000000000000000e+01 1.460685787255973714e-02 1.565888605035116454e-02 6.221453735516018965e-05 2.463038983288328332e-04
1.500000000000000000e+01 2.340611085481210385e-02 3.978014150929525677e-02 6.094266302298007899e-05 2.422754980767125174e-04
1.600000000000000000e+01 2.114145907494237309e-02 4.003095355008243206e-02 5.984103972849664788e-05 2.399374804594254086e-04
1.700000000000000000e+01 1.433000068542248859e-02 2.596390553803844953e-02 5.908003279031637771e-05 2.373953585828497464e-04
1.800000000000000000e+01 6.316826339178498867e-03 1.167331511514771436e-02 5.854667880992392513e-05 2.341480747041684918e-04
1.900000000000000000e+01 2.993729031110830153e-03 3.619277707193739937e-03 5.797375297534617967e-05 2.298997118843714544e-04
2.000000000000000000e+01 1.362982148266598864e-03 1.397072121616272896e-03 5.728420098261301457e-05 2.242553038801666085e-04
2.100000000000000000e+01 1.698959449389923814e-03 2.943455135722066601e-03 5.660704154919620769e-05 2.171836335844107367e-04
2.200000000000000000e+01 3.772531517371699710e-03 6.880391327459938963e-03 5.609582845882056539e-05 2.088649480846662332e-04
2.300000000000000000e+01 6.548953074750249112e-03 1.194707770300678859e-02 5.579249770155515038e-05 1.996710490556123077e-04
2.400000000000000000e+01 8.426364852259209809e-03 1.684973378828693788e-02 5.564602775756917426e-05 1.899757457641621449e-04
2.500000000000000000e+01 1.047292424648024398e-02 2.063494071825430765e-02 5.558564648741983524e-05 1.801277946251093160e-04
2.600000000000000000e+01 1.128056891143567643e-02 2.292778500601203029e-02 5.555968972818805081e-05 1.705189359318689624e-04
2.700000000000000000e+01 1.162672208915627170e-02 2.371823079544307933e-02 5.555062977322538533e-05 1.617986071656596803e-04
2.800000000000000000e+01 1.181951442220283838e-02 2.334827584336305467e-02 5.555274387248470018e-05 1.543307357378690878e-04
2.900000000000000000e+01 1.146214956397222789e-02 2.229786288799888785e-02 5.556428366541118667e-05 1.483548432823522147e-04
3.000000000000000000e+01 1.152213529772041188e-02 2.119031047068148724e-02 5.558436161556106478e-05 1.437446517948108712e-04
3.100000000000000000e+01 1.055225465302301810e-02 2.030812900044787206e-02 5.562210320165975974e-05 1.404654039764322937e-04
3.200000000000000000e+01 1.082563640484323492e-02 1.957147217017455795e-02 5.567993006657760013e-05 1.382282240909438317e-04
3.300000000000000000e+01 1.061995750919609779e-02 1.875220302539803291e-02 5.575802962202839903e-05 1.367183037055089850e-04
3.400000000000000000e+01 1.030717061800033411e-02 1.788627385212662388e-02 5.585694610585860968e-05 1.359049216257583541e-04
3.500000000000000000e+01 9.579254059842419802e-03 1.717957233432062039e-02 5.597474656108965106e-05 1.354719957030671613e-04
3.600000000000000000e+01 8.672267830012887410e-03 1.683050765183951442e-02 5.610637691984624709e-05 1.353757942894598311e-04
3.700000000000000000e+01 8.559223192745050307e-03 1.681964861931474139e-02 5.624230059377612881e-05 1.355157733853386054e-04
3.800000000000000000e+01 8.527467252658448363e-03 1.701353475658673106e-02 5.636897519886522999e-05 1.359064995674440625e-04
3.900000000000000000e+01 8.321392437127301742e-03 1.710941506967081707e-02 5.646774757377152280e-05 1.362466449207765822e-04
4.000000000000000000e+01 8.415751728268040452e-03 1.706721467937170542e-02 5.651389129354391960e-05 1.365640145157436306e-04
4.100000000000000000e+01 8.625448024224102728e-03 1.690512729152616328e-02 5.646757631140542441e-05 1.367516118054589748e-04
4.200000000000000000e+01 8.798085355572780181e-03 1.669753918319498431e-02 5.626141073204652765e-05 1.366273051709105193e-04
4.300000000000000000e+01 9.072575919353443458e-03 1.645634645416512581e-02 5.579512141229204153e-05 1.357960754869134989e-04
4.400000000000000000e+01 8.884678735533873412e-03 1.626970719403661100e-02 5.496140973280880937e-05 1.342248625801632832e-04
4.500000000000000000e+01 8.297381735621776541e-03 1.611254398242999153e-02 5.369983082841731705e-05 1.316308967247133220e-04
4.600000000000000000e+01 7.884799271311391383e-03 1.601670196778657088e-02 5.206413992886828513e-05 1.281447620462292450e-04
4.700000000000000000e+01 8.168038244760323849e-03 1.604669645328798272e-02 5.025277331452601400e-05 1.242678838026663949e-04
