# freqs 	 pli 	 dpli 	 meanpower(thalamus)	 meanpower(scalp)	pli
8.000000000000000000e+00 -3.158258206597545220e-02 -6.816205384554688274e-02 4.255827705138719093e-05 2.148201632704002716e-04
9.000000000000000000e+00 -9.849661463845910472e-03 -1.810468919232328250e-02 4.214322716543246721e-05 2.037560167040474660e-04
1.000000000000000000e+01 2.048905901130932544e-02 4.496920591007534662e-02 4.280832269892833681e-05 1.903810042487820908e-04
1.100000000000000000e+01 2.702325291629416662e-02 3.973040777667685708e-02 4.465624043428614235e-05 1.881382833552127406e-04
1.200000000000000000e+01 1.047993929702224422e-02 -3.234464523772484501e-02 4.356824351275803367e-05 1.914521846441950305e-04
1.300000000000000000e+01 6.162805321823639068e-04 -3.759580574675801951e-02 3.971700408486789389e-05 1.870765899786455504e-04
1.400000000000000000e+01 -2.178322429928364074e-03 -2.557683747556342008e-02 3.600163693960950419e-05 1.701179755846756369e-04
1.500000000000000000e+01 -4.297422296164479620e-03 -3.901222803620776197e-02 3.373868825202963552e-05 1.463632330843563892e-04
1.600000000000000000e+01 -5.334815750049465809e-03 -4.744848207639827675e-02 3.261450885951806323e-05 1.249212207713636255e-04
1.700000000000000000e+01 -2.579430259636655669e-03 -4.149332747903733409e-02 3.204296161139238405e-05 1.096128660687232143e-04
1.800000000000000000e+01 -1.460352809567263968e-03 -3.040948831156923063e-02 3.167983251758645048e-05 9.947023433622252675e-05
1.900000000000000000e+01 -8.905745767771530447e-04 -2.072408768291701675e-02 3.143978193451086250e-05 9.251140953660621537e-05
2.000000000000000000e+01 -2.290920419211304234e-03 -1.553209308871466091e-02 3.133992582389301303e-05 8.735984501092302495e-05
2.100000000000000000e+01 -5.230588006349508150e-03 -1.652102833039479843e-02 3.135401890038932212e-05 8.325111389022761814e-05
2.200000000000000000e+01 -8.614813998889478755e-03 -2.345007538503755470e-02 3.139492674373397016e-05 7.982425893051953592e-05
2.300000000000000000e+01 -1.318296916767280023e-02 -3.317580585517695274e-02 3.136629406985398904e-05 7.687458738793029724e-05
2.400000000000000000e+01 -1.548000062746223739e-02 -4.151010608122083362e-02 3.121483471866186272e-05 7.423729662687205951e-05
2.500000000000000000e+01 -1.561647519774958873e-02 -4.633548602833246349e-02 3.097070229555578592e-05 7.180445080085613632e-05
2.600000000000000000e+01 -1.541241318963599075e-02 -4.840721749137435331e-02 3.070422831952709908e-05 6.949406008086422956e-05
2.700000000000000000e+01 -1.436078451727376519e-02 -4.983519413830076600e-02 3.048176126306391021e-05 6.725236123504358592e-05
2.800000000000000000e+01 -1.346654974507900150e-02 -5.202761023943799218e-02 3.033945935953610184e-05 6.505846169706557480e-05
2.900000000000000000e+01 -1.341327448897667619e-02 -5.473460087165830240e-02 3.027381724472452321e-05 6.292982413360918219e-05
3.000000000000000000e+01 -1.403080478261526341e-02 -5.656878711672876786e-02 3.026144085067803571e-05 6.089594276494764407e-05
3.100000000000000000e+01 -1.403516275759356981e-02 -5.619894629916743350e-02 3.027786985460874093e-05 5.898373427075627923e-05
3.200000000000000000e+01 -1.382156921789685217e-02 -5.302754006194698028e-02 3.030301247140116777e-05 5.720961444623769219e-05
3.300000000000000000e+01 -1.350498795887055542e-02 -4.732553300522616968e-02 3.032256094637362243e-05 5.557963041521866206e-05
3.400000000000000000e+01 -1.245522416220578264e-02 -3.990843274786795569e-02 3.032725242963205711e-05 5.408991985040851306e-05
3.500000000000000000e+01 -1.045381222754193304e-02 -3.182644411621452646e-02 3.031235654520501575e-05 5.272335724647464087e-05
3.600000000000000000e+01 -9.315802707581354383e-03 -2.407299470007160519e-02 3.027734289989022958e-05 5.146249297414086154e-05
3.700000000000000000e+01 -8.377037742689281974e-03 -1.735997028306198592e-02 3.022319731050218078e-05 5.028442162188952988e-05
3.800000000000000000e+01 -7.259832043584667910e-03 -1.198608506150432296e-02 3.015421130380310506e-05 4.917457793012588210e-05
3.900000000000000000e+01 -6.150862493437565109e-03 -7.887907970941444857e-03 3.007663320253207233e-05 4.811913369856789393e-05
4.000000000000000000e+01 -4.974602325297384359e-03 -4.782477993560513632e-03 2.999290932455443977e-05 4.710191321084264095e-05
4.100000000000000000e+01 -4.270953874157194623e-03 -2.350043179233016460e-03 2.989170491805663080e-05 4.609839082899617850e-05
4.200000000000000000e+01 -3.125310433967542524e-03 -3.557587614172241027e-04 2.974066913212007366e-05 4.506527387709404809e-05
4.300000000000000000e+01 -2.073095891422100257e-03 1.329170304008857762e-03 2.948557301245928599e-05 4.393496101860378981e-05
4.400000000000000000e+01 -1.222766173389086422e-03 2.775438490449481238e-03 2.906470814179268005e-05 4.263018360152136640e-05
4.500000000000000000e+01 -6.952843351427833232e-04 4.036129819387720280e-03 2.844090531943498044e-05 4.109740581474436734e-05
4.600000000000000000e+01 -3.870796583903788625e-04 5.179539014397137493e-03 2.764014704910974557e-05 3.935590824887091996e-05
4.700000000000000000e+01 2.397067263111934379e-05 6.282066139895414909e-03 2.676961718166581095e-05 3.752253098982902838e-05
