# freqs 	 pli 	 dpli 	 meanpower(thalamus)	 meanpower(scalp)	pli
8.000000000000000000e+00 -5.060887490388338295e-02 -1.586424652184387496e-01 2.671473142827650449e+01 2.615199171672856551e+02
9.000000000000000000e+00 -5.837673399061307777e-02 -1.435986676958445063e-01 2.627275845818273226e+01 2.416442869785399239e+02
1.000000000000000000e+01 -4.085549232999415720e-02 -9.027339841146783672e-02 2.695961464275281472e+01 2.269636503820117923e+02
1.100000000000000000e+01 -2.919070469617728036e-02 -4.861222959288474116e-02 2.763274885026457284e+01 2.129232620613206564e+02
1.200000000000000000e+01 -3.135036300080666638e-02 -5.680103438480033767e-02 2.778311347760848804e+01 1.983797961527937161e+02
1.300000000000000000e+01 -2.757187027451670630e-02 -7.633907496421464545e-02 2.730436383258276223e+01 1.818272117872561466e+02
1.400000000000000000e+01 -4.246082792348632173e-02 -8.733562338605312114e-02 2.665747032294047614e+01 1.654497988294158120e+02
1.500000000000000000e+01 -4.166127502301920221e-02 -9.287258898783043448e-02 2.601375725703710629e+01 1.513090511683043928e+02
1.600000000000000000e+01 -4.049321340406085434e-02 -8.722479933680704622e-02 2.554075209485908005e+01 1.394627985577791378e+02
1.700000000000000000e+01 -3.365656315777126872e-02 -7.602721599458361901e-02 2.535020967104846079e+01 1.300521746864944248e+02
1.800000000000000000e+01 -2.920347855724015826e-02 -6.375551696113931910e-02 2.533556426720048194e+01 1.226770402576873948e+02
1.900000000000000000e+01 -2.309860953009138657e-02 -5.360065911480282885e-02 2.532589329251497645e+01 1.162167710466675459e+02
2.000000000000000000e+01 -2.170835299669655535e-02 -4.778006865168665795e-02 2.524157166772073424e+01 1.101491000367701645e+02
2.100000000000000000e+01 -2.133972165765122761e-02 -4.364603540804075366e-02 2.510080503579522215e+01 1.044287227037701484e+02
2.200000000000000000e+01 -1.499065670472958522e-02 -3.928381310889671879e-02 2.498981832143614668e+01 9.930453300317103071e+01
2.300000000000000000e+01 -1.111168842736577969e-02 -3.564948853855130079e-02 2.493454818924935168e+01 9.481992435108665518e+01
2.400000000000000000e+01 -9.824739864793268981e-03 -3.329270468253807402e-02 2.492658632711714972e+01 9.076779799122837744e+01
2.500000000000000000e+01 -1.041051216077422403e-02 -3.019382915164234293e-02 2.493886550099254507e+01 8.687928036972535040e+01
2.600000000000000000e+01 -8.623207731677271642e-03 -2.419869924595851110e-02 2.494500769381538774e+01 8.305444287296309369e+01
2.700000000000000000e+01 -8.291154902885617198e-03 -1.638133850918047432e-02 2.493412029634536964e+01 7.936291974965085672e+01
2.800000000000000000e+01 -2.922663058701660977e-03 -1.011358973825497373e-02 2.490777758081991422e+01 7.587911760414141327e+01
2.900000000000000000e+01 -4.051654099671747437e-03 -7.855651538646741747e-03 2.488570287725432451e+01 7.265312730268993846e+01
3.000000000000000000e+01 -5.647664727075308103e-03 -9.216769526178178809e-03 2.488668028001793786e+01 6.968581133601475130e+01
3.100000000000000000e+01 -5.361921803987395284e-03 -1.186982835114896474e-02 2.493005980000199173e+01 6.704069754162819095e+01
3.200000000000000000e+01 -8.830788418783442825e-03 -1.374806681161582986e-02 2.502526257804057863e+01 6.474134239639863608e+01
3.300000000000000000e+01 -8.991046930036931950e-03 -1.440102200970891019e-02 2.514581949998916599e+01 6.276226619930501727e+01
3.400000000000000000e+01 -1.009157383634801293e-02 -1.447466511558341551e-02 2.527153453782612758e+01 6.107045840977391293e+01
3.500000000000000000e+01 -6.142406427653583981e-03 -1.479705094302245956e-02 2.539723922247023680e+01 5.960199905459269587e+01
3.600000000000000000e+01 -2.566164358875187498e-03 -1.561215274644444338e-02 2.550859672888243068e+01 5.831218954379210118e+01
3.700000000000000000e+01 -3.088113974690319310e-03 -1.665539472406732044e-02 2.557891049614102030e+01 5.717563100659016584e+01
3.800000000000000000e+01 -2.869638383440554358e-03 -1.729656951044050012e-02 2.558847213762432560e+01 5.615097005249234030e+01
3.900000000000000000e+01 -3.734324942069007676e-03 -1.703842923810346480e-02 2.553415890549658585e+01 5.520528863379788476e+01
4.000000000000000000e+01 -2.310334193261823470e-03 -1.529241807149636471e-02 2.542458804540337525e+01 5.434113711592907237e+01
4.100000000000000000e+01 -1.483707627519935445e-03 -1.191237222203631561e-02 2.526342597214260977e+01 5.351992752474387061e+01
4.200000000000000000e+01 1.702143775392765982e-03 -7.180279819471494483e-03 2.504087567334379472e+01 5.266224690054184521e+01
4.300000000000000000e+01 3.921873915120044178e-03 -1.698570474445863614e-03 2.472717815718392487e+01 5.164828610539776577e+01
4.400000000000000000e+01 5.832921403855660311e-03 3.997031242878331010e-03 2.428189634243370776e+01 5.037691308470537876e+01
4.500000000000000000e+01 7.717753145457566070e-03 9.361091140481192854e-03 2.367845097354341277e+01 4.878898373014592948e+01
4.600000000000000000e+01 9.490171344475981097e-03 1.406135587221209356e-02 2.293541667024680919e+01 4.691444430354675887e+01
4.700000000000000000e+01 9.232314888670998046e-03 1.785218483581043139e-02 2.214356229159876577e+01 4.489914700650349744e+01
