# freqs 	 pli 	 dpli 	 meanpower(thalamus)	 meanpower(scalp)	pli
8.000000000000000000e+00 1.802683782746479632e-03 2.057611338462854086e-03 9.758052657427502652e+01 3.012688264002445067e+02
9.000000000000000000e+00 8.975900732663617473e-03 2.929203395105104205e-02 8.562525945898156010e+01 3.010599997384045423e+02
1.000000000000000000e+01 2.177601061260539539e-02 4.320185882032846064e-02 8.033870933114039303e+01 2.739413867552701731e+02
1.100000000000000000e+01 2.541766677549600617e-03 -1.422523156209220402e-02 8.846774177632396174e+01 2.551089540874690726e+02
1.200000000000000000e+01 -3.277886297137812960e-02 -2.240723070036723386e-01 1.028314407692796379e+02 2.700138707281573147e+02
1.300000000000000000e+01 -5.157336959621423161e-02 -2.975987178428285418e-01 1.023353933957110229e+02 3.157946153913438252e+02
1.400000000000000000e+01 -6.870803336185868360e-02 -2.637671065860894837e-01 8.898985471228591848e+01 3.294514201240602347e+02
1.500000000000000000e+01 -6.812751608138613302e-02 -2.125615046358903804e-01 7.458486070305941951e+01 2.818333816125612543e+02
1.600000000000000000e+01 -4.940937118912458459e-02 -1.417956719237526142e-01 6.520006763948245521e+01 2.139860046847079502e+02
1.700000000000000000e+01 -3.175509438681096974e-02 -7.775907696109882195e-02 6.031405079922426893e+01 1.637718734579884767e+02
1.800000000000000000e+01 -1.744093421390338974e-02 -4.221958234623730821e-02 5.755225415556137847e+01 1.374554017356832958e+02
1.900000000000000000e+01 -7.958727501038039692e-03 -2.238324459648683568e-02 5.551489434279189794e+01 1.252560755328230471e+02
2.000000000000000000e+01 -2.038885221845201760e-03 -6.692944274472195122e-03 5.377165304583823513e+01 1.184626558420933122e+02
2.100000000000000000e+01 2.061186086697868510e-03 4.510850193016751296e-03 5.239620250862154194e+01 1.135404640159910770e+02
2.200000000000000000e+01 2.570542538974965232e-03 8.730615240207245317e-03 5.186060478948312635e+01 1.096303890139916177e+02
2.300000000000000000e+01 3.230569381718520917e-03 3.333224234926181456e-03 5.265950928652816287e+01 1.065174570754367238e+02
2.400000000000000000e+01 4.319823224375934911e-03 -1.118732316497202291e-02 5.432613472947132749e+01 1.038778258192152606e+02
2.500000000000000000e+01 5.133965570019736156e-03 -2.578844517491503049e-02 5.566553209313116213e+01 1.012195410539339804e+02
2.600000000000000000e+01 6.576360270727363982e-03 -2.975335174995282980e-02 5.583518024600682850e+01 9.817108092067944369e+01
2.700000000000000000e+01 6.994744983110264859e-03 -2.041446381350647474e-02 5.477538972418098950e+01 9.456374004136266365e+01
2.800000000000000000e+01 7.988737226115007889e-03 -3.851037020343849732e-03 5.288249680151798771e+01 9.040309301776740369e+01
2.900000000000000000e+01 9.539876716574221052e-03 1.163907582002365534e-02 5.065994267161601528e+01 8.593824891830841750e+01
3.000000000000000000e+01 1.058943440238814364e-02 2.106512073666744200e-02 4.850115520434682992e+01 8.155525345526224612e+01
3.100000000000000000e+01 1.117894821963607774e-02 2.424377992195969264e-02 4.663901074801825075e+01 7.758747389029407771e+01
3.200000000000000000e+01 1.108377301315048580e-02 2.351755829405534348e-02 4.516691775472030912e+01 7.420103635116045382e+01
3.300000000000000000e+01 1.033192555744512527e-02 2.101186009963166082e-02 4.407699606399921777e+01 7.139459654948093714e+01
3.400000000000000000e+01 9.465118776323482724e-03 1.763811532808346946e-02 4.331053819448918318e+01 6.907239425326112325e+01
3.500000000000000000e+01 8.654376200077806836e-03 1.371933346366984233e-02 4.278228216346231960e+01 6.712209994993699524e+01
3.600000000000000000e+01 7.559776606922022010e-03 9.554894504605252956e-03 4.240118194133118124e+01 6.545646051292688128e+01
3.700000000000000000e+01 5.953429253721973652e-03 5.662876757123091499e-03 4.208575918434403462e+01 6.400904326491112784e+01
3.800000000000000000e+01 4.777928377134319296e-03 2.562208820912409944e-03 4.178190777622312879e+01 6.273089520104549166e+01
3.900000000000000000e+01 4.866090230070524263e-03 5.831391413570845544e-04 4.145939818691766732e+01 6.158927388935821767e+01
4.000000000000000000e+01 5.174620886254765323e-03 -3.007264498324723444e-04 4.110638800118238123e+01 6.054677019531977322e+01
4.100000000000000000e+01 5.097870081021474258e-03 -3.252833414321030722e-04 4.070773956107007052e+01 5.954363991749510632e+01
4.200000000000000000e+01 5.328099877682910927e-03 2.048037192942514235e-04 4.023039552519401951e+01 5.849931213047376843e+01
4.300000000000000000e+01 6.215786062276033343e-03 1.067790408671583655e-03 3.961359018551492994e+01 5.730333987834720233e+01
4.400000000000000000e+01 6.584722266957708861e-03 2.065506387437255828e-03 3.878873886203564325e+01 5.583741704579740173e+01
4.500000000000000000e+01 6.424954941102433044e-03 3.189182465722320125e-03 3.771113661679431317e+01 5.402663105873189409e+01
4.600000000000000000e+01 6.746733449951855706e-03 4.510728093237800600e-03 3.641033622457876362e+01 5.190064192235579554e+01
4.700000000000000000e+01 7.490775021007377993e-03 6.174687142869605787e-03 3.501291240343694966e+01 4.962392567673664701e+01
