# freqs 	 pli 	 dpli 	 meanpower(thalamus)	 meanpower(scalp)	pli
8.000000000000000000e+00 -3.235456077112913720e-02 -6.365687884927309637e-02 8.193905054567460411e+01 9.129508170672288259e+01
9.000000000000000000e+00 -2.360559660375755389e-02 -5.099826180711249796e-02 8.174365164695321084e+01 1.077892770590391649e+02
1.000000000000000000e+01 -9.710739324903657280e-03 -2.680640600066244023e-02 8.074298424851185985e+01 9.927839831845113849e+01
1.100000000000000000e+01 -4.765902672585386503e-03 -1.245115172117889323e-02 8.032781334536018392e+01 7.227371756057465291e+01
1.200000000000000000e+01 -4.110472862058222113e-03 -1.713336285174212352e-03 8.037930445912770949e+01 5.589591446199847269e+01
1.300000000000000000e+01 9.006957912832023409e-04 9.619177732856216273e-03 8.062184851408058250e+01 5.076242759590720510e+01
1.400000000000000000e+01 8.999512039298064245e-03 2.432194497498578120e-02 8.129895499582622165e+01 4.918117290459210977e+01
1.500000000000000000e+01 9.892240637123302094e-03 3.134145412416650817e-02 8.222942537025417664e+01 4.803291446444006141e+01
1.600000000000000000e+01 6.479416649908013685e-03 2.454908947638430317e-02 8.318574712801292037e+01 4.673974610690562059e+01
1.700000000000000000e+01 1.544147446877576014e-03 1.284961149460155799e-02 8.399208256759077074e+01 4.559859016760209727e+01
1.800000000000000000e+01 -1.691458026183256151e-03 4.587848585451090658e-03 8.468508522259014626e+01 4.470744122655295882e+01
1.900000000000000000e+01 -1.620086006382067800e-03 1.387802294667485553e-03 8.550654400417028000e+01 4.376085233248035422e+01
2.000000000000000000e+01 -2.500273107657205538e-03 8.209293062719180646e-04 8.662339918465822564e+01 4.258882863730621438e+01
2.100000000000000000e+01 -2.317458155544143642e-03 1.812880010197063683e-03 8.814441288020996979e+01 4.130463962988542193e+01
2.200000000000000000e+01 2.807271620582810472e-03 8.477655148564777407e-03 9.047379382603369891e+01 4.016942411795844947e+01
2.300000000000000000e+01 1.400334231128849867e-02 3.126916305717419159e-02 9.532198602566356271e+01 3.948264792393030120e+01
2.400000000000000000e+01 3.186156291322369410e-02 7.188996881528147975e-02 1.053316056616266252e+02 3.937779164736708992e+01
2.500000000000000000e+01 4.522521670702477070e-02 1.084469906289908109e-01 1.200600476611046474e+02 3.956426601775126528e+01
2.600000000000000000e+01 4.637272091026501536e-02 1.219794472783815725e-01 1.339443462641636984e+02 3.950076523258448447e+01
2.700000000000000000e+01 4.160354770757312276e-02 1.129540203342753318e-01 1.405921076648136818e+02 3.886488864184003234e+01
2.800000000000000000e+01 3.373879396930079544e-02 8.968467551100196833e-02 1.375950300986752666e+02 3.777325793389254471e+01
2.900000000000000000e+01 2.435963584663364614e-02 6.148017715868071831e-02 1.272640530605164315e+02 3.655206597791541867e+01
3.000000000000000000e+01 1.475682438339508649e-02 3.601831273478352941e-02 1.142170850307745837e+02 3.547072390703150546e+01
3.100000000000000000e+01 8.053410103784710422e-03 1.828971003671219300e-02 1.025994090575155298e+02 3.463284455947206908e+01
3.200000000000000000e+01 4.465956068224751462e-03 9.001883962052410412e-03 9.458927283121442997e+01 3.402592531960439715e+01
3.300000000000000000e+01 3.389530174880727061e-03 5.790983633131122597e-03 9.044317703221881288e+01 3.359520710250830433e+01
3.400000000000000000e+01 3.691032388922922854e-03 5.526109476964300923e-03 8.928276478473988220e+01 3.327296321424712744e+01
3.500000000000000000e+01 3.750081995772851489e-03 6.116567438632398469e-03 8.988093507273110561e+01 3.301463939230661992e+01
3.600000000000000000e+01 3.604583629105860467e-03 6.534864255089627844e-03 9.108177738471611917e+01 3.279534508714773011e+01
3.700000000000000000e+01 3.327320751680377595e-03 6.522231743025349443e-03 9.200538063063110883e+01 3.260444753303127641e+01
3.800000000000000000e+01 2.912206075968405260e-03 6.117585181121004516e-03 9.211983748779016423e+01 3.243401909979149877e+01
3.900000000000000000e+01 2.831526036371851286e-03 5.552239396640393752e-03 9.125507706865313651e+01 3.228182423576240723e+01
4.000000000000000000e+01 2.258649258636988722e-03 4.924712243694917904e-03 8.953376855362945719e+01 3.213592881901541176e+01
4.100000000000000000e+01 1.909921250613842800e-03 4.328559239988286240e-03 8.722075599882045083e+01 3.197707758354044216e+01
4.200000000000000000e+01 1.912333757749201061e-03 3.851939479946109302e-03 8.457916361943873085e+01 3.176603848692097642e+01
4.300000000000000000e+01 1.724350688044769308e-03 3.566853635699251089e-03 8.175027529718533970e+01 3.144371198156775904e+01
4.400000000000000000e+01 1.025097028652122546e-03 3.486012875571348202e-03 7.874988826437500222e+01 3.093887081687996599e+01
4.500000000000000000e+01 7.254453319108914756e-04 3.642713403263925405e-03 7.554426429375422458e+01 3.021100601030176946e+01
4.600000000000000000e+01 1.098494816744846440e-03 4.022984544791093596e-03 7.217065396327001281e+01 2.928453412673484735e+01
4.700000000000000000e+01 1.694817231262663254e-03 4.597060848644497592e-03 6.882183135134347651e+01 2.826876194005557608e+01
