# freqs 	 pli 	 dpli 	 meanpower(thalamus)	 meanpower(scalp)	pli
8.000000000000000000e+00 -5.970850004082632438e-03 3.219883299052452713e-02 3.078520584180543764e-05 1.500034475036678909e-04
9.000000000000000000e+00 -3.516389122806359152e-02 -5.639123341284835167e-02 2.811630911555200606e-05 1.329653989097888530e-04
1.000000000000000000e+01 -4.967867494008985224e-02 -1.000047533700503116e-01 2.658102547202651826e-05 1.231579950018392086e-04
1.100000000000000000e+01 -5.521565329201586630e-02 -1.305942465381415007e-01 2.626094926702762650e-05 1.224269967711459791e-04
1.200000000000000000e+01 -7.432791137653302349e-02 -1.598541185048465429e-01 2.627367507876252121e-05 1.233649008820084981e-04
1.300000000000000000e+01 -7.054784218374156313e-02 -1.471417802693886223e-01 2.609466411476590102e-05 1.182929178562433737e-04
1.400000000000000000e+01 -5.527319379684964007e-02 -1.117043352124740818e-01 2.586528187671026363e-05 1.099898139979895708e-04
1.500000000000000000e+01 -3.724223947913569976e-02 -8.329086841542251984e-02 2.576460842876948651e-05 1.013205227465306993e-04
1.600000000000000000e+01 -2.997272374234640283e-02 -7.071028514098773310e-02 2.580750015285911963e-05 9.287497195500692213e-05
1.700000000000000000e+01 -2.990306925400736809e-02 -6.993538889233323619e-02 2.595291721118254917e-05 8.523181220805867359e-05
1.800000000000000000e+01 -3.028722440470733510e-02 -7.365923703435564573e-02 2.616045007818233828e-05 7.912612200617866632e-05
1.900000000000000000e+01 -3.300931975256733014e-02 -7.688473735930700936e-02 2.641823094341006969e-05 7.518226973310557454e-05
2.000000000000000000e+01 -3.763739326369034549e-02 -8.006645165615236537e-02 2.671238638609742128e-05 7.312770010555826353e-05
2.100000000000000000e+01 -4.112005995520163354e-02 -8.164496376093556551e-02 2.703509785952753011e-05 7.176773332972203961e-05
2.200000000000000000e+01 -3.679123071481412571e-02 -7.914526900920960950e-02 2.738201744102556918e-05 7.009499857650419686e-05
2.300000000000000000e+01 -3.267068817596251867e-02 -7.321922534800788529e-02 2.772424291688260057e-05 6.774406089215764294e-05
2.400000000000000000e+01 -2.956730396746866038e-02 -6.561044687138700704e-02 2.805545357254283110e-05 6.497296833014603484e-05
2.500000000000000000e+01 -2.683085713907801609e-02 -5.734842067686853756e-02 2.840393830469499487e-05 6.220479872312128242e-05
2.600000000000000000e+01 -2.329983221043109218e-02 -4.889978160531025658e-02 2.876902667301829152e-05 5.971650042261161535e-05
2.700000000000000000e+01 -1.734972094433444301e-02 -4.051596695253484315e-02 2.912599957847331381e-05 5.759266359313125748e-05
2.800000000000000000e+01 -1.574306411282092727e-02 -3.277311790885283072e-02 2.943322012381798813e-05 5.583248357287789760e-05
2.900000000000000000e+01 -1.314332388473838861e-02 -2.628370632628252920e-02 2.967662342058202557e-05 5.440275287784343425e-05
3.000000000000000000e+01 -1.186646612096209710e-02 -2.152640520590050691e-02 2.987072708870346441e-05 5.327567336922953064e-05
3.100000000000000000e+01 -1.035610839183951151e-02 -1.833524293014737391e-02 3.005515697016532665e-05 5.240486722788194270e-05
3.200000000000000000e+01 -9.614215879851742419e-03 -1.607643054156798063e-02 3.025444788551146340e-05 5.171675986115794715e-05
3.300000000000000000e+01 -9.063786335652997475e-03 -1.404297786975733896e-02 3.046810622307688428e-05 5.114223710503300796e-05
3.400000000000000000e+01 -7.587377460734730066e-03 -1.160033159215047988e-02 3.068649853534984696e-05 5.067517016083263417e-05
3.500000000000000000e+01 -6.512172397775755142e-03 -8.452436477356533445e-03 3.090390184635265452e-05 5.030740054635546727e-05
3.600000000000000000e+01 -4.628877482465439119e-03 -4.717212977112012103e-03 3.112054138988217097e-05 5.004271467757739873e-05
3.700000000000000000e+01 -3.723984041903921800e-03 -9.224588376523120119e-04 3.134092976204328363e-05 4.987037847566509643e-05
3.800000000000000000e+01 -1.623532576325244486e-03 2.326782967964458049e-03 3.156954924661573367e-05 4.978997999309532076e-05
3.900000000000000000e+01 9.325191819195720517e-05 4.307978524649864853e-03 3.180696343377348799e-05 4.975462461340147231e-05
4.000000000000000000e+01 9.331762788079604135e-04 4.876249596857158350e-03 3.204410041419429367e-05 4.973701601488730753e-05
4.100000000000000000e+01 -9.768452096073974682e-04 4.178907215493158842e-03 3.225892285876066451e-05 4.969706376795243448e-05
4.200000000000000000e+01 -2.153158513832717762e-03 2.676709519670402836e-03 3.240374909407972261e-05 4.956669593786024338e-05
4.300000000000000000e+01 -2.531817424886057769e-03 9.611528749566498322e-04 3.240655122147117210e-05 4.923952348344624137e-05
4.400000000000000000e+01 -2.506045377794415257e-03 -4.995265582031381459e-04 3.219076090019150929e-05 4.864910861165936074e-05
4.500000000000000000e+01 -2.261992551653411315e-03 -1.425422624330821173e-03 3.171344719973367803e-05 4.772134233158706107e-05
4.600000000000000000e+01 -1.941649193231302205e-03 -1.798302745861602185e-03 3.101053516831149076e-05 4.649148278345139934e-05
4.700000000000000000e+01 -1.757747048818578996e-03 -1.803708090061365704e-03 3.020659443439995933e-05 4.512219195567688466e-05
