# freqs 	 pli 	 dpli 	 meanpower(thalamus)	 meanpower(scalp)	pli
8.000000000000000000e+00 -1.428620525724025314e-02 -3.389594351053876881e-02 4.255827705138719093e-05 2.146577245568069016e-04
9.000000000000000000e+00 -4.473996349109674378e-03 -3.330961047277741956e-03 4.214322716543246721e-05 2.009301653038694584e-04
1.000000000000000000e+01 1.729225308880572368e-02 5.016723397995542788e-02 4.280832269892833681e-05 1.861135765228687634e-04
1.100000000000000000e+01 3.423166122486649005e-02 1.048273988015989977e-01 4.465624043428614235e-05 1.797871172570956804e-04
1.200000000000000000e+01 3.140522876125836221e-02 1.042399443660603081e-01 4.356824351275803367e-05 1.803271386222275578e-04
1.300000000000000000e+01 2.269974495220261623e-02 8.495875841131356188e-02 3.971700408486789389e-05 1.794268448473790398e-04
1.400000000000000000e+01 1.137738196673188963e-02 4.374153283355460692e-02 3.600163693960950419e-05 1.667043018655810292e-04
1.500000000000000000e+01 9.496557975036851477e-04 1.366938567459125746e-03 3.373868825202963552e-05 1.445334877640377035e-04
1.600000000000000000e+01 -4.708337651814232735e-03 -1.313571329874342088e-02 3.261450885951806323e-05 1.230783603398032599e-04
1.700000000000000000e+01 -4.338224738187805053e-03 -5.930197496385645160e-03 3.204296161139238405e-05 1.076322925019880463e-04
1.800000000000000000e+01 -1.178918397668706495e-03 7.887181809736461963e-03 3.167983251758645048e-05 9.753139592053927177e-05
1.900000000000000000e+01 1.482817019288475537e-03 1.943990496790304334e-02 3.143978193451086250e-05 9.069014092726105898e-05
2.000000000000000000e+01 3.880584732761610360e-03 2.611477797026489148e-02 3.133992582389301303e-05 8.560596188839646626e-05
2.100000000000000000e+01 3.383646492047368264e-03 2.825268477632349173e-02 3.135401890038932212e-05 8.152424885549793617e-05
2.200000000000000000e+01 1.044074629766568625e-03 2.651164074314774424e-02 3.139492674373397016e-05 7.808835097482625732e-05
2.300000000000000000e+01 -9.466271416558223956e-04 2.236148972460866302e-02 3.136629406985398904e-05 7.512612057384909434e-05
2.400000000000000000e+01 -1.383986318317416723e-03 1.796636163121040700e-02 3.121483471866186272e-05 7.249588089126976151e-05
2.500000000000000000e+01 -1.382185906492902627e-03 1.447282991558404737e-02 3.097070229555578592e-05 7.008787956420744624e-05
2.600000000000000000e+01 -1.383426484988860370e-03 1.140086272614711585e-02 3.070422831952709908e-05 6.782671671016796372e-05
2.700000000000000000e+01 -1.257682651079955558e-03 7.787116661491940393e-03 3.048176126306391021e-05 6.562382444622330503e-05
2.800000000000000000e+01 -1.835326088155054625e-03 3.235253453502001143e-03 3.033945935953610184e-05 6.342681731632305870e-05
2.900000000000000000e+01 -2.889238146162573934e-03 -1.797523243827625931e-03 3.027381724472452321e-05 6.124140222837675047e-05
3.000000000000000000e+01 -3.859017792066544474e-03 -6.340172699783695222e-03 3.026144085067803571e-05 5.911518660337057867e-05
3.100000000000000000e+01 -5.442058570578629101e-03 -9.425631498841704342e-03 3.027786985460874093e-05 5.709026303797304607e-05
3.200000000000000000e+01 -5.746178397021324026e-03 -1.061585676249465759e-02 3.030301247140116777e-05 5.518851735071258411e-05
3.300000000000000000e+01 -5.784168123086017195e-03 -1.012792909264779301e-02 3.032256094637362243e-05 5.342589298734671052e-05
3.400000000000000000e+01 -5.288558784642605724e-03 -8.657949212501724404e-03 3.032725242963205711e-05 5.180647514910200120e-05
3.500000000000000000e+01 -4.763178117531974461e-03 -6.991328054221141244e-03 3.031235654520501575e-05 5.032249707813406958e-05
3.600000000000000000e+01 -4.346818436074276204e-03 -5.699769616044970608e-03 3.027734289989022958e-05 4.896495596323402933e-05
3.700000000000000000e+01 -4.042212667174286192e-03 -4.994209702376890478e-03 3.022319731050218078e-05 4.771325040163932625e-05
3.800000000000000000e+01 -3.806040017583350258e-03 -4.758314971243909550e-03 3.015421130380310506e-05 4.654674211579806493e-05
3.900000000000000000e+01 -3.379624636694333883e-03 -4.670783274498101732e-03 3.007663320253207233e-05 4.544239896381705753e-05
4.000000000000000000e+01 -3.348240479133563711e-03 -4.383012329834819545e-03 2.999290932455443977e-05 4.438532132586182238e-05
4.100000000000000000e+01 -2.739460384620519013e-03 -3.658101611843503787e-03 2.989170491805663080e-05 4.335423496730280856e-05
4.200000000000000000e+01 -1.676677130267260852e-03 -2.453526618896923004e-03 2.974066913212007366e-05 4.231176549044580646e-05
4.300000000000000000e+01 -8.740977480426238323e-04 -8.514192284690022495e-04 2.948557301245928599e-05 4.119642070712384535e-05
4.400000000000000000e+01 3.801767826722559718e-04 9.723282975010545583e-04 2.906470814179268005e-05 3.993982747122506283e-05
4.500000000000000000e+01 9.699703473967951533e-04 2.957442455427354046e-03 2.844090531943498044e-05 3.848868286729319649e-05
4.600000000000000000e+01 1.224636320938715141e-03 5.164678418379040417e-03 2.764014704910974557e-05 3.685645667784682512e-05
4.700000000000000000e+01 1.529628547273303172e-03 7.771405959344755005e-03 2.676961718166581095e-05 3.514751659243075290e-05
