# freqs 	 pli 	 dpli 	 meanpower(thalamus)	 meanpower(scalp)	pli
8.000000000000000000e+00 7.952013810318080828e-03 3.183782042915337535e-03 2.903911390330040751e-05 1.642042186711511619e-04
9.000000000000000000e+00 6.176148363072063961e-03 4.848795214842656180e-03 2.706012242227763933e-05 1.479777577167293225e-04
1.000000000000000000e+01 8.349602654745458610e-03 2.891840069687298675e-02 2.676037270515772943e-05 1.315410759080623266e-04
1.100000000000000000e+01 1.580537919716935163e-02 4.177111374805436705e-02 2.719659550998118635e-05 1.200113639952613952e-04
1.200000000000000000e+01 2.043966007149878791e-02 4.795270779637094555e-02 2.835823181413283617e-05 1.155001127604056427e-04
1.300000000000000000e+01 1.702121855521052454e-02 3.407368713776900981e-02 2.966994277663124161e-05 1.148218763338552581e-04
1.400000000000000000e+01 9.025522801071965071e-03 1.689213138709253284e-02 3.052444971834428466e-05 1.138942932939287394e-04
1.500000000000000000e+01 3.141603368348495993e-03 7.546958116997360029e-03 3.078994387589095223e-05 1.120486509388735313e-04
1.600000000000000000e+01 -2.965926735794083237e-04 -2.306730975858684116e-03 3.073144707777270560e-05 1.103470864548391567e-04
1.700000000000000000e+01 -6.047404587393009380e-03 -1.388872199494183175e-02 3.050507004640862853e-05 1.095223273211117155e-04
1.800000000000000000e+01 -1.035101449970459928e-02 -2.367681688749271457e-02 3.008147215142296187e-05 1.095139688458998353e-04
1.900000000000000000e+01 -1.306728071993470963e-02 -2.906971454749633990e-02 2.947352024681906807e-05 1.096917288350518987e-04
2.000000000000000000e+01 -1.338703475972298496e-02 -2.930275211540647740e-02 2.876811316159938052e-05 1.092197256311106852e-04
2.100000000000000000e+01 -9.282809532612592424e-03 -2.489083579643654870e-02 2.807709390411333215e-05 1.075320844812076331e-04
2.200000000000000000e+01 -6.027462130669278273e-03 -1.692499128408733039e-02 2.746844737094519896e-05 1.047212818264680760e-04
2.300000000000000000e+01 -2.715940312858749345e-03 -7.725431923930630405e-03 2.695299271762367614e-05 1.011250756812348165e-04
2.400000000000000000e+01 1.198165717211105912e-04 5.093831539069457529e-04 2.652797664348555151e-05 9.708301574062518514e-05
2.500000000000000000e+01 3.845893432792526611e-03 7.102068203733117625e-03 2.617359461290933386e-05 9.296958193778093313e-05
2.600000000000000000e+01 7.067407827566647531e-03 1.199210090410236795e-02 2.587538771445440242e-05 8.906958824174932108e-05
2.700000000000000000e+01 9.496444346117401819e-03 1.545993929840882262e-02 2.563121826196323696e-05 8.552953338349018094e-05
2.800000000000000000e+01 1.063471660324963146e-02 1.851760907821690602e-02 2.543320235555940093e-05 8.243909494050421724e-05
2.900000000000000000e+01 1.229706468053508479e-02 2.182992861567347592e-02 2.527945705739774077e-05 7.978744446801260665e-05
3.000000000000000000e+01 1.362941301035447764e-02 2.492390425567335768e-02 2.518280764274541704e-05 7.751687673247165046e-05
3.100000000000000000e+01 1.394338998544278688e-02 2.691606568946534189e-02 2.514547906078352233e-05 7.557573120959934661e-05
3.200000000000000000e+01 1.368308680626615682e-02 2.768410119911068890e-02 2.515912782972388819e-05 7.391113610481405544e-05
3.300000000000000000e+01 1.380938774214324205e-02 2.787085402093086167e-02 2.519933800787803159e-05 7.249766628352090347e-05
3.400000000000000000e+01 1.369877924072484751e-02 2.829373804203766038e-02 2.524163293265446287e-05 7.133102751627061911e-05
3.500000000000000000e+01 1.415412992354237419e-02 2.926610857173996341e-02 2.527476065855983038e-05 7.036192991271066294e-05
3.600000000000000000e+01 1.480317725846543031e-02 3.051296533334855315e-02 2.529720489258278427e-05 6.955750595409052538e-05
3.700000000000000000e+01 1.464988382940508177e-02 3.148031052463159257e-02 2.530754561383100171e-05 6.888453441898813442e-05
3.800000000000000000e+01 1.498719764560739638e-02 3.182448974002693998e-02 2.530800920244243656e-05 6.832768048982450822e-05
3.900000000000000000e+01 1.456130544281523595e-02 3.165713445353901534e-02 2.530185696367780911e-05 6.785598841895808383e-05
4.000000000000000000e+01 1.430592565764620024e-02 3.127655088527155069e-02 2.528592062111505309e-05 6.745305991985302112e-05
4.100000000000000000e+01 1.388643809444359278e-02 3.097092361731703172e-02 2.524906647436201716e-05 6.706285204534412662e-05
4.200000000000000000e+01 1.445223710997330276e-02 3.081222721201658937e-02 2.516527784186092158e-05 6.658382282032855094e-05
4.300000000000000000e+01 1.522622446140962232e-02 3.066851065231755713e-02 2.498967111193359434e-05 6.587587758962171593e-05
4.400000000000000000e+01 1.619288126876635911e-02 3.035507583149547189e-02 2.466965539820075156e-05 6.480411655255163871e-05
4.500000000000000000e+01 1.653205172608256113e-02 2.980051390119378696e-02 2.417288251031704329e-05 6.327681127873042868e-05
4.600000000000000000e+01 1.627536146214606655e-02 2.903158744016260187e-02 2.351927015303551430e-05 6.134483091788252816e-05
4.700000000000000000e+01 1.576520956153396047e-02 2.814109465370656649e-02 2.279854911714431038e-05 5.923280506631404017e-05
