# freqs 	 pli 	 dpli 	 meanpower(thalamus)	 meanpower(scalp)	pli
8.000000000000000000e+00 8.736712298830838497e-02 1.582956086082869251e-01 1.760179404590959810e-04 1.289207362432841448e-04
9.000000000000000000e+00 6.136079924400041768e-02 1.087252242521814238e-01 1.540815238598167766e-04 1.274011826270175893e-04
1.000000000000000000e+01 3.175512744810013444e-02 5.612002210168801075e-02 1.376951248074762457e-04 1.214257154861309918e-04
1.100000000000000000e+01 3.706182645416260940e-02 7.051608788544609652e-02 1.227323918422911614e-04 1.117273628839528634e-04
1.200000000000000000e+01 5.202061055586337107e-02 9.559624613652588365e-02 1.093366748113193973e-04 1.012098593953457393e-04
1.300000000000000000e+01 5.387611615531832238e-02 1.018789671377160477e-01 9.902421013937266498e-05 8.996296473964428123e-05
1.400000000000000000e+01 4.703256100377184445e-02 8.667982950413527510e-02 9.189743725205096387e-05 8.078390821716454934e-05
1.500000000000000000e+01 3.831242347414411109e-02 6.107833430632502586e-02 8.686137652266476587e-05 7.421354892134464679e-05
1.600000000000000000e+01 3.063790898863029757e-02 4.111685590379601102e-02 8.304600216396864764e-05 6.943647880585128093e-05
1.700000000000000000e+01 2.338793202654494002e-02 3.176470557193392108e-02 7.991249248443061336e-05 6.581705884444767618e-05
1.800000000000000000e+01 1.491610588739188115e-02 2.341524116528702001e-02 7.747545648199814241e-05 6.291410321934482917e-05
1.900000000000000000e+01 1.019897234798476313e-02 1.181804539351487791e-02 7.574424430257045444e-05 6.044710921448891920e-05
2.000000000000000000e+01 3.377253575296490333e-03 2.411421744860436315e-03 7.444045983532098312e-05 5.846291839644463808e-05
2.100000000000000000e+01 -2.431294188508955918e-03 -2.603641737911898974e-03 7.331905707464872544e-05 5.690560623332544649e-05
2.200000000000000000e+01 -3.488815436789945938e-03 -4.974594556991856868e-03 7.234748159556793985e-05 5.553903511038942020e-05
2.300000000000000000e+01 -5.510810069978692213e-04 -5.475313415160690429e-03 7.145225018372034528e-05 5.410166678972577216e-05
2.400000000000000000e+01 -4.553355880558888858e-04 -4.834511770973570245e-03 7.050325713832881721e-05 5.261018331892132168e-05
2.500000000000000000e+01 -1.180202742993440631e-03 -4.245644003597432055e-03 6.952153698747586192e-05 5.120513790180743387e-05
2.600000000000000000e+01 -5.242782709212971855e-03 -4.102304256016263070e-03 6.853009181027277282e-05 4.991702567426192772e-05
2.700000000000000000e+01 -6.875843036695629580e-03 -3.725921528729444869e-03 6.762789875971230509e-05 4.877841353449300510e-05
2.800000000000000000e+01 -8.447692441102001848e-03 -2.306783546054592352e-03 6.698232270325099255e-05 4.779116398461818554e-05
2.900000000000000000e+01 -2.708230333894412391e-03 -5.762305926190950089e-05 6.662782601312089653e-05 4.690679750367093853e-05
3.000000000000000000e+01 5.895546909600027016e-04 2.046761231764808973e-03 6.660867358375512158e-05 4.613915297968244948e-05
3.100000000000000000e+01 3.371388800819568547e-03 3.272223061114128834e-03 6.703976909656116979e-05 4.546220128259755640e-05
3.200000000000000000e+01 2.469845518063184392e-03 3.816668463826701930e-03 6.803505343483355204e-05 4.485824670014833645e-05
3.300000000000000000e+01 2.151581331392057091e-03 4.515931746715124567e-03 6.954218889777671268e-05 4.431454130061769468e-05
3.400000000000000000e+01 2.419091703837727633e-03 6.197468387332366081e-03 7.128270058228288700e-05 4.383956384682977960e-05
3.500000000000000000e+01 4.047912985088538383e-03 8.871570921945723387e-03 7.283917959346726621e-05 4.342588634891623089e-05
3.600000000000000000e+01 5.207342771721351973e-03 1.207787902875358255e-02 7.372545926958715341e-05 4.303650819817762433e-05
3.700000000000000000e+01 8.325893557486885657e-03 1.518004641619923913e-02 7.362828815961469371e-05 4.264009541149984579e-05
3.800000000000000000e+01 1.154297608242131623e-02 1.773663351054102777e-02 7.247756948175956425e-05 4.222991480490122891e-05
3.900000000000000000e+01 1.330743559140357135e-02 1.968885677485945548e-02 7.041878661622043235e-05 4.180686705532778982e-05
4.000000000000000000e+01 1.294019955649888809e-02 2.118049518562700739e-02 6.774722411288363342e-05 4.137075621193172950e-05
4.100000000000000000e+01 1.255409775021753063e-02 2.240144647452698215e-02 6.477545768593577047e-05 4.091640707718675749e-05
4.200000000000000000e+01 1.217383376040208354e-02 2.341843574450816479e-02 6.174231799259313324e-05 4.042317021951419981e-05
4.300000000000000000e+01 1.144252996920926135e-02 2.418042097939563859e-02 5.876777834487357410e-05 3.982167259471746713e-05
4.400000000000000000e+01 1.137779364621157967e-02 2.465680678601264025e-02 5.586701310281786797e-05 3.902384026087355753e-05
4.500000000000000000e+01 1.018329165456178381e-02 2.483336079274944125e-02 5.299681969849285098e-05 3.797047654800446485e-05
4.600000000000000000e+01 9.782777906451356129e-03 2.471238273834013704e-02 5.014973143735810000e-05 3.667865368890743037e-05
4.700000000000000000e+01 1.049280897127574490e-02 2.428402644068183847e-02 4.742756973307874689e-05 3.526698310432262401e-05
