# freqs 	 pli 	 dpli 	 meanpower(thalamus)	 meanpower(scalp)	pli
8.000000000000000000e+00 -3.952893497124872202e-02 -8.998697468130839594e-02 8.578862285776516037e-05 1.257897865441167957e-04
9.000000000000000000e+00 -2.926543765200295688e-02 -6.720957013827953686e-02 8.410891501379350944e-05 9.551517976166739384e-05
1.000000000000000000e+01 -2.844606061047716405e-02 -8.695510442423086406e-02 9.214707014689405495e-05 8.601573071301236452e-05
1.100000000000000000e+01 -3.724971048388928119e-02 -1.237984900291972251e-01 1.085970411094786588e-04 8.691725303942584668e-05
1.200000000000000000e+01 -2.223468632813933518e-02 -8.510323453761450829e-02 1.225253777209004931e-04 9.212381730671666139e-05
1.300000000000000000e+01 -2.776032082611821356e-03 -3.208345764034133130e-02 1.251481371912641560e-04 9.951838806362065784e-05
1.400000000000000000e+01 9.285248837087565349e-03 -8.120714374118110854e-03 1.174199057488757851e-04 1.061119389734108527e-04
1.500000000000000000e+01 1.552773621097282460e-02 1.189789760674798622e-02 1.053509188837624546e-04 1.089392845641503553e-04
1.600000000000000000e+01 2.584015948149617770e-02 4.471549637577668102e-02 9.418287186181314682e-05 1.080675883195749624e-04
1.700000000000000000e+01 4.103480920379556918e-02 7.258297385805970170e-02 8.634887313480288330e-05 1.048715518560598925e-04
1.800000000000000000e+01 4.081506255419298929e-02 7.630922638494490318e-02 8.188416425642835496e-05 1.002621601714002552e-04
1.900000000000000000e+01 2.880623384168742515e-02 5.542099293748037336e-02 8.009582281604209198e-05 9.521057972508457912e-05
2.000000000000000000e+01 1.352093397817695844e-02 2.875191287036100996e-02 8.006832416745085078e-05 9.044123682541937949e-05
2.100000000000000000e+01 6.364946257730205899e-03 1.238935005686236240e-02 8.091818393016276720e-05 8.632041095332376615e-05
2.200000000000000000e+01 2.722366061646745369e-03 5.999414787891538259e-03 8.133885938159286517e-05 8.281320608942030427e-05
2.300000000000000000e+01 5.630414246556733290e-05 3.922851825255064574e-03 7.992298218415368151e-05 7.969791412887927457e-05
2.400000000000000000e+01 -7.403722580996635952e-04 3.630933824444264844e-03 7.644296339072414049e-05 7.691296960022362197e-05
2.500000000000000000e+01 1.622497199898259275e-03 4.247119065442264176e-03 7.194625460222486054e-05 7.455153155180574344e-05
2.600000000000000000e+01 3.602955868919844630e-03 4.807108976195373709e-03 6.772421060530766583e-05 7.274244619917956292e-05
2.700000000000000000e+01 6.194857898009257027e-03 5.054353385204349465e-03 6.442030974988266782e-05 7.150498938447514337e-05
2.800000000000000000e+01 6.527387227490938360e-03 5.518617015907149696e-03 6.203700782946380506e-05 7.068618883614257158e-05
2.900000000000000000e+01 4.025356181682491867e-03 6.525026652874686348e-03 6.029287796026595533e-05 7.011172760092420622e-05
3.000000000000000000e+01 3.647323048294866428e-03 7.792433584057620495e-03 5.894569405374361441e-05 6.967975437396262443e-05
3.100000000000000000e+01 1.741564934475510343e-03 8.812358090763675392e-03 5.785752454928507616e-05 6.932256597941064801e-05
3.200000000000000000e+01 8.196506233658687988e-04 9.100332305413235540e-03 5.694106835426607715e-05 6.901105354343033040e-05
3.300000000000000000e+01 2.978989233399360103e-05 8.267769267635231151e-03 5.613795777587860783e-05 6.871419824251934422e-05
3.400000000000000000e+01 8.994652092723131372e-04 6.071241104174580211e-03 5.540507574560489290e-05 6.841457343818927979e-05
3.500000000000000000e+01 1.467921212083515099e-03 2.491083743538764685e-03 5.470506073897489724e-05 6.808284125489822477e-05
3.600000000000000000e+01 3.682184401485133029e-04 -2.070527468874320404e-03 5.403399119899141072e-05 6.773829529186468500e-05
3.700000000000000000e+01 -2.178101663394703749e-03 -6.748179974172623628e-03 5.339162716987370380e-05 6.740893056555243316e-05
3.800000000000000000e+01 -5.058312395728062870e-03 -1.047764180337584262e-02 5.277876469366454560e-05 6.708425929749296552e-05
3.900000000000000000e+01 -7.920727938458726330e-03 -1.255157288174669865e-02 5.219154916945973976e-05 6.674039600290008285e-05
4.000000000000000000e+01 -7.621011278919253597e-03 -1.284192941451884305e-02 5.161094601822518438e-05 6.636256755877517741e-05
4.100000000000000000e+01 -6.161300751569595384e-03 -1.184254434632150271e-02 5.101277527030409584e-05 6.591260710204635759e-05
4.200000000000000000e+01 -4.598156747000291429e-03 -1.031375620851832618e-02 5.034468801302025145e-05 6.532468190830766595e-05
4.300000000000000000e+01 -2.861932484995360036e-03 -8.905008947126638250e-03 4.952161212189880502e-05 6.449517708301266694e-05
4.400000000000000000e+01 -1.839934150658293884e-03 -7.900310025871439337e-03 4.844363573046627262e-05 6.329955464515740337e-05
4.500000000000000000e+01 -9.810994340288179110e-04 -7.351242646697389235e-03 4.705614153810326399e-05 6.166013568969175784e-05
4.600000000000000000e+01 -1.046851360840316296e-03 -7.103929551860934700e-03 4.539879347441458580e-05 5.962608336851635607e-05
4.700000000000000000e+01 -9.052892097852727974e-04 -6.951978839524417149e-03 4.363534018588602359e-05 5.740691926743691034e-05
