# freqs 	 pli 	 dpli 	 meanpower(thalamus)	 meanpower(scalp)	pli
8.000000000000000000e+00 -2.264332136581167360e-02 -3.536240826236797252e-03 2.604072706904191989e-05 2.043818962668039990e-04
9.000000000000000000e+00 -4.835902966988452761e-02 -9.822965940401572060e-02 2.394229293149992749e-05 1.756816557351266125e-04
1.000000000000000000e+01 -4.835592993082996061e-02 -8.583241385867898532e-02 2.359465879723449933e-05 1.479329439213614085e-04
1.100000000000000000e+01 -4.380662131234296791e-02 -6.515311491132243227e-02 2.422721540693869555e-05 1.235492276682824799e-04
1.200000000000000000e+01 -2.430274556928704519e-02 -1.491040820054065005e-02 2.490411435128322431e-05 1.078387581917551405e-04
1.300000000000000000e+01 1.529132561253127541e-02 1.675126401728177783e-01 2.711449055734295148e-05 9.921338663958387488e-05
1.400000000000000000e+01 4.859961358581655483e-02 3.434739086472670677e-01 2.908666053259264110e-05 9.424847470254674425e-05
1.500000000000000000e+01 4.625893424357870737e-02 3.439050389934467655e-01 2.791781979170226578e-05 8.915473862875589000e-05
1.600000000000000000e+01 3.417562241046033511e-02 2.257210876303520908e-01 2.453913899580190846e-05 8.295125615296449352e-05
1.700000000000000000e+01 2.039062598283088168e-02 9.897053886571675896e-02 2.135088677518132857e-05 7.711440604544023906e-05
1.800000000000000000e+01 4.444882490834845684e-03 3.136089999031667352e-02 1.947187212833723387e-05 7.278345840406089638e-05
1.900000000000000000e+01 4.650543496089491139e-04 8.023757427811762863e-03 1.870297224048414667e-05 6.989774072095611412e-05
2.000000000000000000e+01 -2.216487195449840777e-04 4.951749079815754781e-04 1.842185140872309730e-05 6.784416574467937069e-05
2.100000000000000000e+01 -1.819172343960251534e-03 2.880985137044899825e-05 1.827844106582348583e-05 6.614683860425377431e-05
2.200000000000000000e+01 2.903222394143934078e-03 1.184656602896767092e-03 1.814302792591197851e-05 6.455914540768252052e-05
2.300000000000000000e+01 -1.574706315830938595e-03 -5.279619644326753725e-05 1.795326110510234144e-05 6.297631940908090522e-05
2.400000000000000000e+01 -2.294150396436867717e-03 -2.384664221743810261e-03 1.774886968566177716e-05 6.136303897663127765e-05
2.500000000000000000e+01 -2.009147133824543650e-03 -3.377723261262496890e-03 1.761389355857822001e-05 5.966229987020802984e-05
2.600000000000000000e+01 1.773109122886046534e-04 -3.413889741463830684e-03 1.759704056450446107e-05 5.787451757988602944e-05
2.700000000000000000e+01 2.987601453966040859e-03 -3.770303543169887129e-03 1.765947401765515643e-05 5.607675585678449377e-05
2.800000000000000000e+01 5.699794248528637988e-03 -4.037094438653615787e-03 1.772451793499210717e-05 5.435435419081249782e-05
2.900000000000000000e+01 5.355838054759618633e-03 -3.419513490211579989e-03 1.774299318935239277e-05 5.276216472356816715e-05
3.000000000000000000e+01 5.339862913241808472e-03 -2.459172014129336076e-03 1.771428659438662674e-05 5.129848491996596678e-05
3.100000000000000000e+01 3.896620126358274917e-03 -2.268784348987870972e-03 1.765741289489532070e-05 4.996455144921963957e-05
3.200000000000000000e+01 3.317449555477038591e-03 -2.572310084162879752e-03 1.757371781338694933e-05 4.877311489266022748e-05
3.300000000000000000e+01 6.387510226603393057e-03 -1.873092932744095532e-03 1.746254740602065184e-05 4.770674232312097540e-05
3.400000000000000000e+01 8.841215884231303987e-03 7.800763692269342816e-04 1.731984152308720429e-05 4.673718261771277091e-05
3.500000000000000000e+01 1.195821776965599881e-02 5.562799050606865268e-03 1.714730415542027494e-05 4.586370032029926061e-05
3.600000000000000000e+01 1.262192389469970685e-02 1.138826193989359546e-02 1.695797421229744593e-05 4.507740372969675749e-05
3.700000000000000000e+01 1.438608230177316864e-02 1.711823333592441335e-02 1.677074194509820776e-05 4.437026009259955434e-05
3.800000000000000000e+01 1.606882092442634205e-02 2.200503417208611937e-02 1.660278023015787440e-05 4.373597914623998618e-05
3.900000000000000000e+01 1.664181250630876810e-02 2.571577046928532478e-02 1.646372548312320669e-05 4.316233925957161879e-05
4.000000000000000000e+01 1.758000104716527651e-02 2.825171796835316412e-02 1.635621025503569632e-05 4.263435509518629968e-05
4.100000000000000000e+01 1.806841367969059392e-02 2.984146454622945907e-02 1.626823977388450114e-05 4.212211195470252174e-05
4.200000000000000000e+01 1.963537697659528680e-02 3.073436355636163103e-02 1.617343091793378801e-05 4.156921574367058336e-05
4.300000000000000000e+01 2.009203577541139596e-02 3.113888866939828678e-02 1.603153892588032157e-05 4.089317554347093674e-05
4.400000000000000000e+01 2.099782964728439533e-02 3.115622795129477374e-02 1.580171308414618462e-05 4.001464420455999675e-05
4.500000000000000000e+01 2.074310852837737626e-02 3.083642233662608340e-02 1.545966953045636418e-05 3.888005625193015021e-05
4.600000000000000000e+01 1.960650128314798957e-02 3.018873738042055291e-02 1.501538532458508628e-05 3.751113157021183177e-05
4.700000000000000000e+01 1.996999322519618994e-02 2.922347432772652229e-02 1.452204979816958495e-05 3.602251676141275617e-05
