# freqs 	 pli 	 dpli 	 meanpower(thalamus)	 meanpower(scalp)	pli
8.000000000000000000e+00 1.092815029919042523e-02 -4.040757226235491134e-03 8.721281118221878574e-05 3.743157829574826037e-04
9.000000000000000000e+00 3.320899039821161546e-03 -6.332296474639606543e-02 8.623280933017298552e-05 4.677798519828390233e-04
1.000000000000000000e+01 1.304763645708321117e-02 1.738123754350845429e-02 8.783967953242084931e-05 4.109416647222656287e-04
1.100000000000000000e+01 1.646674562634679179e-02 1.218642666602836877e-01 9.496696770423680961e-05 3.820199055182066307e-04
1.200000000000000000e+01 2.852594075322085684e-02 1.023764005745529393e-01 1.036000232072850630e-04 3.974248254421347375e-04
1.300000000000000000e+01 2.347559033043212368e-02 6.364584762347492986e-02 1.080863581706132667e-04 4.055984635373411761e-04
1.400000000000000000e+01 2.590605584968128441e-02 3.770047996760479692e-02 1.090928137593581482e-04 4.025255021033623455e-04
1.500000000000000000e+01 5.880100029287854344e-03 5.764311197460523020e-03 1.093327244900669273e-04 3.931187459236212909e-04
1.600000000000000000e+01 2.060448085396884431e-04 -1.551004797840772886e-02 1.098664165920597529e-04 3.824209960206819618e-04
1.700000000000000000e+01 1.016155467103722725e-02 -1.791326386474749108e-03 1.106445134863814596e-04 3.672763805658040611e-04
1.800000000000000000e+01 1.599580630621803140e-02 3.267403363947045392e-02 1.120101821825748460e-04 3.438476824208737057e-04
1.900000000000000000e+01 2.498222858422677328e-02 6.543308327001282065e-02 1.146918185056803918e-04 3.144031113654727162e-04
2.000000000000000000e+01 3.584119133145532293e-02 9.071048793783191566e-02 1.199016710236619043e-04 2.853047640499421344e-04
2.100000000000000000e+01 4.634899826980447279e-02 1.124188116671531318e-01 1.298197668411268512e-04 2.601226609565938193e-04
2.200000000000000000e+01 5.571197119711971540e-02 1.280349008272539113e-01 1.435673989586658164e-04 2.397341911197826709e-04
2.300000000000000000e+01 6.138421671654921419e-02 1.327748905197047302e-01 1.538019714549033502e-04 2.225504062476480046e-04
2.400000000000000000e+01 5.828127380770988658e-02 1.258229116780038015e-01 1.537083203362628184e-04 2.073580038429392479e-04
2.500000000000000000e+01 5.223326797556077788e-02 1.125842487085721155e-01 1.439875770935720284e-04 1.941169163554785134e-04
2.600000000000000000e+01 4.857733908623441260e-02 9.985377209765138040e-02 1.306498689784029224e-04 1.829554118134244249e-04
2.700000000000000000e+01 4.358265733212178528e-02 8.958593482421763066e-02 1.189968968985782307e-04 1.738181333299513361e-04
2.800000000000000000e+01 3.913772140251717269e-02 8.074819074342998171e-02 1.107561523917630487e-04 1.664669508398432371e-04
2.900000000000000000e+01 3.225066584284704690e-02 7.194568259926875653e-02 1.051411677050263137e-04 1.602383026134565841e-04
3.000000000000000000e+01 2.597551314199713496e-02 6.444111555624681964e-02 1.009371148967689241e-04 1.545930105779661716e-04
3.100000000000000000e+01 2.243400051261737818e-02 6.016445968963129304e-02 9.736156138397797821e-05 1.493682747947804197e-04
3.200000000000000000e+01 2.366576606505239877e-02 6.010230966030721822e-02 9.402194897707653984e-05 1.443677308856909267e-04
3.300000000000000000e+01 2.896258014233092301e-02 6.314060202665267019e-02 9.074931864899009619e-05 1.394846259238724604e-04
3.400000000000000000e+01 3.323359247457532972e-02 6.636741734279640037e-02 8.747169283281083329e-05 1.347583048808600461e-04
3.500000000000000000e+01 3.578090946030807601e-02 6.791699200909516454e-02 8.414509464317860394e-05 1.301859300009651824e-04
3.600000000000000000e+01 3.183541750705929513e-02 6.695896948109401892e-02 8.079047437358741245e-05 1.258004567204268267e-04
3.700000000000000000e+01 2.814074977561963412e-02 6.424097639603507104e-02 7.746512708143648369e-05 1.216980223257585372e-04
3.800000000000000000e+01 2.581688477021711059e-02 6.099308730492332409e-02 7.424906344732531526e-05 1.179963099076249529e-04
3.900000000000000000e+01 2.591629930726512682e-02 5.802026247292533384e-02 7.120199788461712602e-05 1.145454241837010853e-04
4.000000000000000000e+01 2.486934335605821625e-02 5.537870719076277287e-02 6.838755054804476947e-05 1.113573230617902215e-04
4.100000000000000000e+01 2.519286072944720845e-02 5.292328589481461870e-02 6.582873850792098872e-05 1.083481316194590520e-04
4.200000000000000000e+01 2.507291286912139913e-02 5.082749822300761111e-02 6.349160148392702925e-05 1.053596812388849700e-04
4.300000000000000000e+01 2.508658403208166229e-02 4.882921396132487019e-02 6.126559786008866943e-05 1.021609244868014005e-04
4.400000000000000000e+01 2.643377226603461569e-02 4.741646735839594867e-02 5.900977406328417025e-05 9.868699839308655761e-05
4.500000000000000000e+01 2.473307265056246679e-02 4.607764259207796503e-02 5.658746754671940425e-05 9.472682489662428832e-05
4.600000000000000000e+01 2.368134122484693432e-02 4.432170990288569062e-02 5.395513164522413490e-05 9.029593799167500226e-05
4.700000000000000000e+01 2.315772323873227512e-02 4.175106282838363797e-02 5.120668522584020477e-05 8.560791531376175099e-05
