# freqs 	 pli 	 dpli 	 meanpower(thalamus)	 meanpower(scalp)	pli
8.000000000000000000e+00 1.855706737556288566e-01 3.573320070110470037e-01 1.213521981816015002e-04 2.614256037799546611e-04
9.000000000000000000e+00 1.764707021004361109e-01 3.143161854625243778e-01 1.104356391912791251e-04 2.450678085005486453e-04
1.000000000000000000e+01 1.407262086017747327e-01 2.647798022888752101e-01 1.004459350741919232e-04 2.238849688475060874e-04
1.100000000000000000e+01 1.134486000755257906e-01 2.184290488465438218e-01 9.192281345138554735e-05 2.025562025872752465e-04
1.200000000000000000e+01 1.019897531367556232e-01 1.862424101947171562e-01 8.295999471835876495e-05 1.796505012253885622e-04
1.300000000000000000e+01 7.879687524004116983e-02 1.531653338882309201e-01 7.547287368194639508e-05 1.578644302102667893e-04
1.400000000000000000e+01 5.467296709534640031e-02 1.167668761181605841e-01 7.133421200575768104e-05 1.402440064544434870e-04
1.500000000000000000e+01 4.336464926665542508e-02 9.224997999823918160e-02 6.877657368792026884e-05 1.279271417753480365e-04
1.600000000000000000e+01 3.301003946124492217e-02 7.554872988397393074e-02 6.563548418542210704e-05 1.198437922868184248e-04
1.700000000000000000e+01 2.574157849049532945e-02 6.317761357307023762e-02 6.182628872880999919e-05 1.141601202310450953e-04
1.800000000000000000e+01 2.731660997001334606e-02 5.827252298697572358e-02 5.837648400371574594e-05 1.099997593437840337e-04
1.900000000000000000e+01 2.012334990153581346e-02 4.917681090297763152e-02 5.569173465121002303e-05 1.073623012725167196e-04
2.000000000000000000e+01 1.151848643615701988e-02 3.089662507755468537e-02 5.378153273579764737e-05 1.059944339294876403e-04
2.100000000000000000e+01 3.546640225764625086e-03 1.100260810713946276e-02 5.241097937640843747e-05 1.055151187186404636e-04
2.200000000000000000e+01 -1.591421949806361147e-03 -6.683506212857751906e-03 5.138731850467649843e-05 1.053342000743882006e-04
2.300000000000000000e+01 -6.225508965837804956e-03 -2.313597518295350264e-02 5.063317026403971877e-05 1.043225129444549319e-04
2.400000000000000000e+01 -1.275738500264668104e-02 -3.770725949967599494e-02 5.012250083277120275e-05 1.017959746356868509e-04
2.500000000000000000e+01 -1.819635159439321817e-02 -4.791531707941175389e-02 4.982519911639191117e-05 9.783931823006469179e-05
2.600000000000000000e+01 -2.274729309875742414e-02 -5.235298444675282048e-02 4.969878620959906950e-05 9.315506162089961118e-05
2.700000000000000000e+01 -2.260340401255110654e-02 -5.169271442267700523e-02 4.971978712326446525e-05 8.854039577465832873e-05
2.800000000000000000e+01 -2.099746015330332047e-02 -4.844246831446934881e-02 4.985826773612919526e-05 8.454718426823301213e-05
2.900000000000000000e+01 -1.759087159956060700e-02 -4.554313486111938314e-02 5.012518173315421978e-05 8.139876613045343918e-05
3.000000000000000000e+01 -1.599764377262405737e-02 -4.391762230771045078e-02 5.056932025224155161e-05 7.907030618810479154e-05
3.100000000000000000e+01 -1.137281049178334898e-02 -4.048874333208061366e-02 5.131528739328678683e-05 7.752323309942055348e-05
3.200000000000000000e+01 -4.439827800006456403e-03 -2.910483709259359050e-02 5.244237028767394671e-05 7.672810731142995283e-05
3.300000000000000000e+01 3.081567555251765907e-03 -5.433985246443514584e-03 5.393715980844466428e-05 7.655836834926875152e-05
3.400000000000000000e+01 1.623814169605539495e-02 2.909559837761991133e-02 5.559994612509988355e-05 7.677476002045574349e-05
3.500000000000000000e+01 3.162187730996271484e-02 6.812787817013714331e-02 5.708914033753027437e-05 7.704263901011221131e-05
3.600000000000000000e+01 4.427305941878149215e-02 1.041609248436566881e-01 5.803325952792419418e-05 7.701442208331315707e-05
3.700000000000000000e+01 5.610341909853575754e-02 1.315355657239255238e-01 5.816888213342433385e-05 7.645794284185962930e-05
3.800000000000000000e+01 6.450988870934705466e-02 1.474582970555776973e-01 5.745256504448454109e-05 7.531925138772969919e-05
3.900000000000000000e+01 6.567226727422877108e-02 1.515449916393643293e-01 5.600209276821197294e-05 7.371639176112112612e-05
4.000000000000000000e+01 6.356842822731327558e-02 1.453009850889016297e-01 5.405960307367782747e-05 7.187112462258449946e-05
4.100000000000000000e+01 6.029376778942439896e-02 1.312067760591267285e-01 5.190851486027701662e-05 6.998421032586079889e-05
4.200000000000000000e+01 5.348916769251618047e-02 1.124716259356669523e-01 4.974490242944129038e-05 6.815728161740808202e-05
4.300000000000000000e+01 4.449201732714317542e-02 9.231649414363310435e-02 4.765071037401590379e-05 6.635434373739128842e-05
4.400000000000000000e+01 3.547581711112900854e-02 7.319522503104654299e-02 4.561144477657544101e-05 6.445964992956483845e-05
4.500000000000000000e+01 2.851263823139601680e-02 5.637446591520794276e-02 4.357176741004827525e-05 6.234659023539001186e-05
4.600000000000000000e+01 2.278498757742207156e-02 4.209772306853561130e-02 4.152703994880585731e-05 5.999395038879890902e-05
4.700000000000000000e+01 1.837749583061451183e-02 3.013239736819281825e-02 3.956187037105700192e-05 5.753987253820536270e-05
