# freqs 	 pli 	 dpli 	 meanpower(thalamus)	 meanpower(scalp)	pli
8.000000000000000000e+00 -3.717927420876141614e-02 -6.310785039033578459e-02 1.179918531613313932e-04 1.942018460997630260e-04
9.000000000000000000e+00 -2.336946203184718518e-02 -8.469890832174321524e-03 1.237583831133661351e-04 2.236671400146460209e-04
1.000000000000000000e+01 -1.952859041834628315e-02 -3.251034166640204975e-02 1.326011675253837695e-04 1.971066150225896660e-04
1.100000000000000000e+01 -2.884589839910311690e-02 -1.783932840382591867e-02 1.447683912820537755e-04 1.832162110391472466e-04
1.200000000000000000e+01 -3.525016244314489733e-02 -1.033078931381094419e-02 1.574558573986093888e-04 1.930284466141568263e-04
1.300000000000000000e+01 -3.015191177879449416e-02 -2.570343246060647832e-02 1.668715051781420708e-04 2.040944004192592881e-04
1.400000000000000000e+01 -3.929659026587883908e-02 -6.221750680917883386e-02 1.702739641826615552e-04 2.074081499453402598e-04
1.500000000000000000e+01 -5.949763644395249240e-02 -1.047809064556723124e-01 1.697176717119282415e-04 2.050313338540250688e-04
1.600000000000000000e+01 -5.668181200658142793e-02 -1.225734092485656485e-01 1.691784358784762150e-04 2.016645403834496024e-04
1.700000000000000000e+01 -6.093451224930977739e-02 -1.271078588714173729e-01 1.695649278301870888e-04 1.971049518400340124e-04
1.800000000000000000e+01 -6.208569239124774042e-02 -1.230693057234087812e-01 1.710247695247136526e-04 1.890338086234106803e-04
1.900000000000000000e+01 -5.139436342136381730e-02 -1.082553510914937844e-01 1.746544874148441885e-04 1.774270220186882716e-04
2.000000000000000000e+01 -4.221410894121682689e-02 -8.814397374868192248e-02 1.832818821569068854e-04 1.650482471883655297e-04
2.100000000000000000e+01 -3.318159220953922212e-02 -7.132990597514446418e-02 2.002208150081989538e-04 1.539793899559547044e-04
2.200000000000000000e+01 -1.795087715892241392e-02 -5.916910402066262453e-02 2.207308432953296535e-04 1.444523254479070052e-04
2.300000000000000000e+01 -1.329022467728918112e-02 -4.846432826644087727e-02 2.321161909874719159e-04 1.361809750460878023e-04
2.400000000000000000e+01 -1.140177606902176635e-02 -3.616343691077572586e-02 2.273259703459117043e-04 1.286827069076378397e-04
2.500000000000000000e+01 -2.012101352419551955e-03 -2.197288410881244325e-02 2.099934875858670336e-04 1.218515099817202340e-04
2.600000000000000000e+01 9.122954499861484195e-04 -7.184685284399730879e-03 1.882490352654767160e-04 1.156450245192884092e-04
2.700000000000000000e+01 3.359158997815238964e-03 7.276695099402563996e-03 1.686011760320991018e-04 1.101559402897157099e-04
2.800000000000000000e+01 6.870726533707798185e-03 2.155579964802390239e-02 1.536115464120902470e-04 1.055308774127776747e-04
2.900000000000000000e+01 1.289802784688701305e-02 3.418310514686354051e-02 1.429323671369372181e-04 1.015919920573986562e-04
3.000000000000000000e+01 1.589286177668842656e-02 4.261952435598335281e-02 1.352593985678878278e-04 9.806442771048760713e-05
3.100000000000000000e+01 1.530444270946015872e-02 4.620511752585940851e-02 1.295558758061731374e-04 9.471570962960088036e-05
3.200000000000000000e+01 1.870179797932440893e-02 4.583438100151136785e-02 1.252388917761033298e-04 9.152911552089417163e-05
3.300000000000000000e+01 1.840726273588327855e-02 4.297988390292263594e-02 1.219319845412228354e-04 8.855800922722448188e-05
3.400000000000000000e+01 1.792716694776277930e-02 3.808926213745420647e-02 1.193467813170735043e-04 8.577691098974974131e-05
3.500000000000000000e+01 1.570141690033256474e-02 3.128087444365000580e-02 1.172356413235406853e-04 8.304856987659153572e-05
3.600000000000000000e+01 1.132749288544166073e-02 2.314490422868949182e-02 1.154339409444691010e-04 8.032240891077800800e-05
3.700000000000000000e+01 1.063513726800917325e-02 1.493073476273742289e-02 1.138564627645811738e-04 7.768299153976378029e-05
3.800000000000000000e+01 8.070504146282225094e-03 7.927142807616473566e-03 1.125174940832663999e-04 7.524381783293781687e-05
3.900000000000000000e+01 6.888111484419198044e-03 3.199588684823844939e-03 1.114285475939542078e-04 7.303082140342720646e-05
4.000000000000000000e+01 5.546002314291905398e-03 6.598212879562422896e-04 1.105850832114945516e-04 7.105104930363950755e-05
4.100000000000000000e+01 4.452462200091580370e-03 -3.538156144402856518e-04 1.099039130233083736e-04 6.923432783959860279e-05
4.200000000000000000e+01 3.268536830185385551e-03 -7.575811130333987313e-04 1.091886594634326724e-04 6.746205463132642552e-05
4.300000000000000000e+01 1.150763845342851885e-03 -1.373847339922411055e-03 1.081295567804112397e-04 6.556957829814039453e-05
4.400000000000000000e+01 5.135941963855808956e-04 -2.554767747838195338e-03 1.063912282875347957e-04 6.346219983597106381e-05
4.500000000000000000e+01 1.096287955251310821e-03 -4.374617722653481242e-03 1.036700458097560690e-04 6.100862336819490891e-05
4.600000000000000000e+01 3.202902258937056785e-03 -6.595594666219672074e-03 9.985869337845975616e-05 5.821109044719013144e-05
4.700000000000000000e+01 3.828621855752852195e-03 -8.714705786414147018e-03 9.512160772267749234e-05 5.523317454212937769e-05
