# freqs 	 pli 	 dpli 	 meanpower(thalamus)	 meanpower(scalp)	pli
8.000000000000000000e+00 1.849338279770377028e-02 7.998188622822277605e-02 8.283787328904663354e-05 1.996537283881717393e-04
9.000000000000000000e+00 3.722605755528194532e-02 7.412207218614623450e-02 7.479927572866185354e-05 1.896430745114212303e-04
1.000000000000000000e+01 4.076228434186213168e-02 5.643491189427799620e-02 7.517770895132561235e-05 1.734672706624918338e-04
1.100000000000000000e+01 2.994344091936776767e-02 -1.547354096503160935e-02 7.903810575492904950e-05 1.583393305825941662e-04
1.200000000000000000e+01 5.655717202157440303e-03 -1.127883198340948745e-01 8.025270270979501951e-05 1.475865069195577415e-04
1.300000000000000000e+01 -6.348002243426722514e-03 -1.503140681406242851e-01 7.841478049779659974e-05 1.403778741578679326e-04
1.400000000000000000e+01 -1.656780355322185275e-02 -1.545761808929957959e-01 7.373895873145032615e-05 1.353399661596021921e-04
1.500000000000000000e+01 -2.147585792540230437e-02 -1.400136525655676922e-01 6.795770199105771769e-05 1.311045597985707224e-04
1.600000000000000000e+01 -2.135511187296871075e-02 -1.132217268809279642e-01 6.328075424639738474e-05 1.272260438575033271e-04
1.700000000000000000e+01 -1.970612197092223156e-02 -8.165913076319165909e-02 6.026749037746566181e-05 1.238064675472159905e-04
1.800000000000000000e+01 -1.712935617247489731e-02 -5.391861173497954074e-02 5.840688624700613715e-05 1.209505694999835746e-04
1.900000000000000000e+01 -1.450283641366312791e-02 -3.391026935308327078e-02 5.714001491917501788e-05 1.185733533389714760e-04
2.000000000000000000e+01 -9.830450972948085939e-03 -2.118077969920931225e-02 5.615488352929619796e-05 1.164452162551946876e-04
2.100000000000000000e+01 -6.785096885786931660e-03 -1.486495938559873921e-02 5.542920271218559338e-05 1.141965661048090962e-04
2.200000000000000000e+01 -4.668643041798063373e-03 -1.233360671347828209e-02 5.488709084060086130e-05 1.115162397768337311e-04
2.300000000000000000e+01 -3.275829315465557823e-03 -1.084074650863901985e-02 5.436008704757742656e-05 1.081675425975795612e-04
2.400000000000000000e+01 -1.531944166006331872e-03 -8.779479975421035365e-03 5.383863498055521917e-05 1.040782326952898238e-04
2.500000000000000000e+01 -1.605893336564585448e-05 -5.419122660245096618e-03 5.334229895049799505e-05 9.938543876327699737e-05
2.600000000000000000e+01 1.327514314543089616e-03 -1.148615583455890338e-03 5.282750326188050702e-05 9.431601896417388250e-05
2.700000000000000000e+01 2.918943992655889143e-03 2.645724684045691524e-03 5.225118727669276158e-05 8.914771196844287931e-05
2.800000000000000000e+01 3.342652183620179168e-03 4.664280528410089804e-03 5.158015325823397512e-05 8.409511975231972808e-05
2.900000000000000000e+01 3.232472747078043648e-03 4.497365260939916072e-03 5.085122227118515914e-05 7.933128278887714366e-05
3.000000000000000000e+01 2.183583947749124631e-03 2.434775025411656420e-03 5.012439752920909826e-05 7.496276746119874990e-05
3.100000000000000000e+01 7.412015021683777700e-05 -9.279318503402316084e-04 4.945010608541503195e-05 7.104698302005113954e-05
3.200000000000000000e+01 -2.066539773024322121e-03 -5.082655345674908995e-03 4.884228130012557883e-05 6.758354177753106125e-05
3.300000000000000000e+01 -4.493475121845469725e-03 -9.388543819336984605e-03 4.828275496019973260e-05 6.454055101995076601e-05
3.400000000000000000e+01 -4.552214106133872264e-03 -1.305125401518625328e-02 4.776931605883888681e-05 6.189387786340832100e-05
3.500000000000000000e+01 -5.942539899893494078e-03 -1.558050618995999656e-02 4.729140528831748551e-05 5.958119005288597660e-05
3.600000000000000000e+01 -6.519122154361506674e-03 -1.699559647481084165e-02 4.684085014221497917e-05 5.753954029658673962e-05
3.700000000000000000e+01 -7.054210755986998690e-03 -1.774812605729135170e-02 4.639964059960994587e-05 5.570768335684214180e-05
3.800000000000000000e+01 -7.078305366872333741e-03 -1.833152211475269286e-02 4.597133393547207916e-05 5.404712859133571949e-05
3.900000000000000000e+01 -7.044748930261930837e-03 -1.895207766931474719e-02 4.554311559161524633e-05 5.251751613791550062e-05
4.000000000000000000e+01 -6.102655495464300896e-03 -1.953690383649388934e-02 4.510841668088196661e-05 5.110508482597862458e-05
4.100000000000000000e+01 -6.436830481049734924e-03 -1.985995234853037833e-02 4.464877909636266366e-05 4.978475387126375066e-05
4.200000000000000000e+01 -6.039727223202459930e-03 -1.974920428506551570e-02 4.413044817234433500e-05 4.850008294102616473e-05
4.300000000000000000e+01 -5.725537080821799935e-03 -1.915112182876009192e-02 4.348159432897836488e-05 4.716630373548393691e-05
4.400000000000000000e+01 -6.420392266048994059e-03 -1.821471083367773997e-02 4.262204079065788571e-05 4.569554426736985650e-05
4.500000000000000000e+01 -7.318161878819367215e-03 -1.708121582404742780e-02 4.149657381988744329e-05 4.401649873308952868e-05
4.600000000000000000e+01 -7.528619198003022248e-03 -1.587868424949299279e-02 4.013572553993316065e-05 4.213917748839357487e-05
4.700000000000000000e+01 -7.215654310663593106e-03 -1.464459453381066097e-02 3.868254952450661451e-05 4.018330824349127640e-05
