# freqs 	 pli 	 dpli 	 meanpower(thalamus)	 meanpower(scalp)	pli
8.000000000000000000e+00 -2.984719462224224434e-02 -1.501749691664222008e-01 6.094926385040494627e-05 2.975385015222044858e-04
9.000000000000000000e+00 -8.501642618056637346e-03 -7.031419727712902301e-02 5.747028824379080516e-05 2.794997943174190786e-04
1.000000000000000000e+01 4.679362326334757238e-03 -3.049560915996327604e-03 5.380960000098900306e-05 2.120886294115943563e-04
1.100000000000000000e+01 6.244320535854661243e-03 2.491470927396524301e-02 5.152011494294452063e-05 1.656380275122626932e-04
1.200000000000000000e+01 8.843104625028399765e-03 4.345367488173140086e-02 5.010804404752874225e-05 1.476127456994742650e-04
1.300000000000000000e+01 4.136275197464809282e-03 3.440216235913092641e-02 4.924852034322405476e-05 1.444378688043059227e-04
1.400000000000000000e+01 1.303464196739763641e-03 1.375069779394662642e-02 4.888048477700185243e-05 1.454199634750396979e-04
1.500000000000000000e+01 2.206123320372497133e-03 5.308348304128269503e-03 4.897118881681928557e-05 1.451998185254979405e-04
1.600000000000000000e+01 3.645478694475363674e-03 9.309473915377773981e-03 4.923990597615810866e-05 1.421546011435597030e-04
1.700000000000000000e+01 8.559535008683012702e-03 1.722278120304355717e-02 4.936558472771327609e-05 1.366606238121182901e-04
1.800000000000000000e+01 1.131937725057334879e-02 2.339683792479591365e-02 4.930287499893812916e-05 1.296379210522633949e-04
1.900000000000000000e+01 1.335720121975898442e-02 2.734550948087023300e-02 4.919434772890301464e-05 1.224280393765748911e-04
2.000000000000000000e+01 1.505776494081913219e-02 3.040580362333168349e-02 4.921469857540225040e-05 1.162083785835333607e-04
2.100000000000000000e+01 1.627275240648796278e-02 3.256971635999640624e-02 4.942809437759185042e-05 1.113826319821642990e-04
2.200000000000000000e+01 1.564700135453151245e-02 3.213336163878114521e-02 4.981257138349652375e-05 1.077167263157653406e-04
2.300000000000000000e+01 1.206589586595089789e-02 2.712650742075035579e-02 5.037107331688203465e-05 1.048912692067023632e-04
2.400000000000000000e+01 5.940793894021760904e-03 1.499406221413827379e-02 5.115747877117054793e-05 1.026715994437887354e-04
2.500000000000000000e+01 -5.296679990845884825e-03 -7.101513545679876555e-03 5.226068447484503256e-05 1.009233403513226825e-04
2.600000000000000000e+01 -2.049416603403417247e-02 -3.808364203668281045e-02 5.369869501541658344e-05 9.942694691238324089e-05
2.700000000000000000e+01 -3.474927914867001477e-02 -6.941316661400546983e-02 5.529825734742468621e-05 9.797775969389135907e-05
2.800000000000000000e+01 -4.403892426135014304e-02 -8.994225697679412990e-02 5.675897005887952458e-05 9.632969338886042670e-05
2.900000000000000000e+01 -4.501082663606587042e-02 -9.426624845394854235e-02 5.789468951572398196e-05 9.453676908620764670e-05
3.000000000000000000e+01 -3.980219352714976094e-02 -8.474683899857253511e-02 5.871006992001699979e-05 9.275170232784707750e-05
3.100000000000000000e+01 -3.237504336721649945e-02 -6.816758228222782878e-02 5.929576395964398654e-05 9.124468393339743371e-05
3.200000000000000000e+01 -2.398595112908405436e-02 -5.066382409501581086e-02 5.969648671287957275e-05 9.007047541183405557e-05
3.300000000000000000e+01 -1.707064228909305550e-02 -3.540358319438880602e-02 5.987622562472073699e-05 8.916544885851055856e-05
3.400000000000000000e+01 -1.123213941612552849e-02 -2.289154000649567394e-02 5.978022987760740786e-05 8.853722094031793053e-05
3.500000000000000000e+01 -6.320107479050655203e-03 -1.241066825820046765e-02 5.938998337536687124e-05 8.803524147662182683e-05
3.600000000000000000e+01 -1.601688666946016843e-03 -3.154356311417285709e-03 5.875520739111178011e-05 8.764352596342159349e-05
3.700000000000000000e+01 3.129375683713992752e-03 5.358250447393850431e-03 5.796501957954971741e-05 8.733670417406444171e-05
3.800000000000000000e+01 7.086483257654345967e-03 1.328925506836500618e-02 5.711624260232351806e-05 8.715148839361434830e-05
3.900000000000000000e+01 1.085113626386999090e-02 2.072681641510266265e-02 5.627457195316624218e-05 8.699667259960837916e-05
4.000000000000000000e+01 1.407486960270704600e-02 2.759692336142239785e-02 5.547638495180748646e-05 8.690199173116953078e-05
4.100000000000000000e+01 1.707824282207327446e-02 3.380178117054815495e-02 5.471462875743066080e-05 8.681454147688858120e-05
4.200000000000000000e+01 2.022801571287436914e-02 3.922479531022451948e-02 5.393156886719560730e-05 8.662051515777855794e-05
4.300000000000000000e+01 2.257297976936222320e-02 4.381546774244440834e-02 5.302264579424512142e-05 8.609054502707313972e-05
4.400000000000000000e+01 2.438887190448822684e-02 4.747634060383218446e-02 5.187657350654158953e-05 8.510524790799214141e-05
4.500000000000000000e+01 2.604998348558642748e-02 5.026172328246837628e-02 5.042174242659110866e-05 8.347956510487232527e-05
4.600000000000000000e+01 2.740937168264066803e-02 5.219311281594636587e-02 4.869293328431929346e-05 8.125851329460012944e-05
4.700000000000000000e+01 2.838918409774073698e-02 5.327326766357770582e-02 4.685984101495259841e-05 7.872376473802553446e-05
