# freqs 	 pli 	 dpli 	 meanpower(thalamus)	 meanpower(scalp)	pli
8.000000000000000000e+00 1.065688948717040440e-03 -1.257272321984542474e-01 1.160514408504475549e-04 2.757060364791732716e-04
9.000000000000000000e+00 -1.824919161211453061e-02 -6.922126511927267911e-02 1.153084274230738101e-04 2.720837252585061412e-04
1.000000000000000000e+01 -2.235167885425049308e-02 -3.170603252737566602e-02 1.177211947248843493e-04 2.659888594975520575e-04
1.100000000000000000e+01 -2.590872029086013079e-02 -6.456504421922686088e-02 1.183986903917403727e-04 2.861980951657844730e-04
1.200000000000000000e+01 -4.409805219391928210e-02 -1.007396544707923891e-01 1.206463264202456745e-04 3.190448884578969777e-04
1.300000000000000000e+01 -6.196701853046925751e-02 -1.122021820955693139e-01 1.266801230680434948e-04 3.401167859574097310e-04
1.400000000000000000e+01 -4.431418792272127233e-02 -4.825215580712596819e-02 1.343737135518094589e-04 3.476416996388229379e-04
1.500000000000000000e+01 5.523009194506225093e-03 9.883768551203363228e-02 1.427343001780098013e-04 3.477680377791964733e-04
1.600000000000000000e+01 6.296263992690699640e-02 2.100479682771368983e-01 1.474977180617212901e-04 3.410251842353435696e-04
1.700000000000000000e+01 9.013276098028778771e-02 2.266281447285576345e-01 1.456047745375928866e-04 3.257914010826802771e-04
1.800000000000000000e+01 8.753622527633794781e-02 1.836958911847866305e-01 1.434289687075033961e-04 3.065270507157488353e-04
1.900000000000000000e+01 6.828187879365503477e-02 1.317801147429455699e-01 1.489867999347794267e-04 2.892510257308621288e-04
2.000000000000000000e+01 4.645800509459668826e-02 9.199190628320959295e-02 1.615610145228329488e-04 2.745210315899582524e-04
2.100000000000000000e+01 2.832503054131555245e-02 6.078287766969328598e-02 1.724607791399141658e-04 2.609189949450918208e-04
2.200000000000000000e+01 1.176824134108621703e-02 3.143683115302332159e-02 1.764332241179705568e-04 2.468003166249377301e-04
2.300000000000000000e+01 -7.916355700696611330e-04 1.914506304608303488e-03 1.760371175194979667e-04 2.310433012664872110e-04
2.400000000000000000e+01 -1.216594582128976802e-02 -2.301220629902216500e-02 1.733848554649258995e-04 2.146654419602356397e-04
2.500000000000000000e+01 -1.796774512713960464e-02 -3.724495576296388971e-02 1.670620683877338650e-04 1.992196677814620084e-04
2.600000000000000000e+01 -1.784886940209959999e-02 -3.796219412548759026e-02 1.563097184083674736e-04 1.859097626640635200e-04
2.700000000000000000e+01 -1.141506438525313055e-02 -2.644850434647793083e-02 1.431755787009760526e-04 1.754347328605743378e-04
2.800000000000000000e+01 -4.435330901070261289e-03 -8.638481412724250547e-03 1.305541419044104064e-04 1.676020148143179706e-04
2.900000000000000000e+01 3.299353236565459157e-03 6.937513986134817220e-03 1.202474531844994782e-04 1.617417854099473067e-04
3.000000000000000000e+01 8.910054102795311043e-03 1.435572373366984442e-02 1.125627583204904375e-04 1.569824200974476419e-04
3.100000000000000000e+01 9.982906560557803025e-03 1.361432704608895802e-02 1.070464735124032152e-04 1.526262467897224998e-04
3.200000000000000000e+01 1.095870364220704989e-02 8.977016546674152983e-03 1.030438767124918658e-04 1.482684856810002839e-04
3.300000000000000000e+01 1.334233606932106776e-02 4.822146880292210031e-03 1.000037100555198452e-04 1.438139710507902195e-04
3.400000000000000000e+01 1.400859493722490627e-02 3.100976875176852075e-03 9.755151353095643481e-05 1.393038578170079555e-04
3.500000000000000000e+01 1.466884774078945804e-02 3.944437828493909184e-03 9.544585593981421627e-05 1.348024892390383344e-04
3.600000000000000000e+01 1.560122674391650581e-02 6.544783775169928444e-03 9.348730728122454827e-05 1.304614165541867704e-04
3.700000000000000000e+01 1.556114208670983032e-02 1.024163224671336900e-02 9.160386169694591783e-05 1.264087798493965665e-04
3.800000000000000000e+01 1.522279798563897640e-02 1.467191218377138923e-02 8.980577728541189566e-05 1.227438121958651695e-04
3.900000000000000000e+01 1.528950724767823115e-02 1.943933265754422060e-02 8.811041619698236336e-05 1.194685145005697002e-04
4.000000000000000000e+01 1.450897553503951304e-02 2.424923611925637948e-02 8.652522388493546850e-05 1.165701602657956198e-04
4.100000000000000000e+01 1.401498951855461271e-02 2.878636131310169724e-02 8.500851058024438088e-05 1.139601805535084235e-04
4.200000000000000000e+01 1.718269899298001738e-02 3.288242158979803875e-02 8.345207840879890343e-05 1.114554284741198822e-04
4.300000000000000000e+01 1.863491600690784372e-02 3.660213566591583034e-02 8.168764184345406957e-05 1.087651228668908758e-04
4.400000000000000000e+01 2.104344194871492907e-02 4.005288433318386632e-02 7.952309602497958441e-05 1.055728482843933428e-04
4.500000000000000000e+01 2.283966009475433059e-02 4.336142306675409147e-02 7.679577480562254635e-05 1.016447541150268443e-04
4.600000000000000000e+01 2.547778728505348950e-02 4.664182422234287861e-02 7.348032038604703257e-05 9.694409683782386422e-05
4.700000000000000000e+01 2.717905641887162146e-02 4.985557174322258894e-02 6.974773686578875868e-05 9.170993455120316060e-05
