# freqs 	 pli 	 dpli 	 meanpower(thalamus)	 meanpower(scalp)	pli
8.000000000000000000e+00 4.966898822686534321e-03 2.507438171406133759e-02 1.686547094210243209e-05 2.248006017264844378e-04
9.000000000000000000e+00 9.065678400041788515e-03 -3.474792599884444187e-03 1.654456486051299446e-05 2.126938894822514355e-04
1.000000000000000000e+01 -1.492711394265304296e-02 -6.608346838592592254e-02 1.654710024283096914e-05 2.138938189952028124e-04
1.100000000000000000e+01 -5.423564651720965551e-02 -1.391506688052513152e-01 1.722714912116440442e-05 2.349603026797588204e-04
1.200000000000000000e+01 -8.269661445685884404e-02 -1.769230466156536119e-01 1.873365334811030196e-05 2.647423339336626709e-04
1.300000000000000000e+01 -9.298129223697182422e-02 -1.831629428109206870e-01 2.088115430840001039e-05 2.934309058049831180e-04
1.400000000000000000e+01 -8.792783840082557534e-02 -1.752091504389886312e-01 2.298786808322983996e-05 3.164947325249758536e-04
1.500000000000000000e+01 -7.718537078043281874e-02 -1.425578780780451804e-01 2.457054984471867233e-05 3.344507708568496772e-04
1.600000000000000000e+01 -5.524529083569779814e-02 -9.330307538279086765e-02 2.563217331869357935e-05 3.489385988856092617e-04
1.700000000000000000e+01 -2.903226245742665523e-02 -4.396023878026503878e-02 2.630547907677094300e-05 3.553428463338331213e-04
1.800000000000000000e+01 -8.048678582267593598e-03 -1.493042098430923115e-03 2.649007716580547236e-05 3.490461492472608090e-04
1.900000000000000000e+01 8.072747896468078499e-03 2.607343114766738287e-02 2.613810017049019498e-05 3.316218983483071358e-04
2.000000000000000000e+01 1.945362381685781378e-02 3.475869776827866797e-02 2.551027037021297482e-05 3.087565617335140161e-04
2.100000000000000000e+01 2.162743052159074933e-02 3.538513720552990266e-02 2.474977473375668027e-05 2.836450977079502502e-04
2.200000000000000000e+01 2.335599197950468872e-02 3.920258703046141519e-02 2.389219536132726487e-05 2.561032430819850801e-04
2.300000000000000000e+01 2.320224196711030348e-02 4.439348825993098130e-02 2.312827165675279356e-05 2.267178440679718258e-04
2.400000000000000000e+01 2.511160259976390544e-02 4.386382612356561767e-02 2.263543232672078851e-05 1.981818138342492238e-04
2.500000000000000000e+01 2.014958419824483885e-02 3.443047106467170271e-02 2.245909592371329446e-05 1.734317281526030600e-04
2.600000000000000000e+01 1.068098662351335722e-02 1.717959037007912165e-02 2.252228964378975927e-05 1.538309872242814996e-04
2.700000000000000000e+01 1.200789322462078807e-03 -4.391506333374877065e-03 2.269503526606460680e-05 1.394701912606035644e-04
2.800000000000000000e+01 -7.434324712118071075e-03 -2.607801818657955878e-02 2.283347112358526289e-05 1.293519240743119315e-04
2.900000000000000000e+01 -1.433198018635231316e-02 -4.464016262422781239e-02 2.280525442019447902e-05 1.221814578072274993e-04
3.000000000000000000e+01 -1.974908872497337098e-02 -5.807895804229332160e-02 2.253694469831310604e-05 1.168835133848234484e-04
3.100000000000000000e+01 -2.457936048577898103e-02 -6.483104292060050400e-02 2.204101933644812724e-05 1.127504821302945532e-04
3.200000000000000000e+01 -2.362188738237274571e-02 -6.395652606515374317e-02 2.137849396458873965e-05 1.092799453287512002e-04
3.300000000000000000e+01 -2.017959521719978402e-02 -5.538775280438715254e-02 2.063420045699064962e-05 1.061985608529632626e-04
3.400000000000000000e+01 -1.305318070237029837e-02 -4.041336946215074583e-02 1.989191313301615056e-05 1.033993605657401515e-04
3.500000000000000000e+01 -3.539911590133156070e-03 -2.144721014247273280e-02 1.920973835859809048e-05 1.008044584657747902e-04
3.600000000000000000e+01 3.997162562322533440e-03 -1.273244266070286228e-03 1.861369021089529353e-05 9.833753302374480200e-05
3.700000000000000000e+01 1.172525236134493512e-02 1.778090683983250472e-02 1.811496498445238444e-05 9.588999688596855223e-05
3.800000000000000000e+01 1.806290790917988373e-02 3.434637977303295342e-02 1.771328475057378545e-05 9.336929974471908328e-05
3.900000000000000000e+01 2.195932247373855867e-02 4.778760978696137279e-02 1.739545026447427719e-05 9.068572990987328226e-05
4.000000000000000000e+01 2.566999352016956920e-02 5.793923002105526993e-02 1.713978658420948589e-05 8.784199996836475962e-05
4.100000000000000000e+01 2.974291624612050364e-02 6.474003173300060809e-02 1.692249650058462869e-05 8.486729570473061190e-05
4.200000000000000000e+01 3.271411221632165855e-02 6.837644749959441437e-02 1.671271450127726106e-05 8.178971032013372525e-05
4.300000000000000000e+01 3.422850434526519131e-02 6.941868646662449627e-02 1.647007409730129939e-05 7.857454058993883119e-05
4.400000000000000000e+01 3.470706898799019724e-02 6.854073525072552908e-02 1.615504206270970670e-05 7.518226142883303528e-05
4.500000000000000000e+01 3.364927853888678710e-02 6.649906267641814139e-02 1.574505238654507597e-05 7.156195810898975749e-05
4.600000000000000000e+01 3.180054563830297248e-02 6.392242051196578290e-02 1.525032519613340837e-05 6.775303730261181864e-05
4.700000000000000000e+01 3.113571163387221855e-02 6.114908482140047480e-02 1.472422934778727587e-05 6.393171205830144985e-05
