# freqs 	 pli 	 dpli 	 meanpower(thalamus)	 meanpower(scalp)	pli
8.000000000000000000e+00 -6.076753311548505759e-02 -1.206632747555573398e-01 1.176226763756102846e-04 4.984299873599998525e-04
9.000000000000000000e+00 -2.180669597981659685e-02 -3.093961759171114101e-02 1.018253490482651940e-04 3.430022923869041509e-04
1.000000000000000000e+01 -6.309103968978348881e-03 -1.927290776019524587e-02 9.367061658232044106e-05 2.603986300986513790e-04
1.100000000000000000e+01 6.132350911465245247e-03 -3.169592938189312202e-04 8.588980209892771315e-05 2.374892012806561667e-04
1.200000000000000000e+01 4.090467328046064246e-04 1.265601237917804434e-02 7.958254082638755106e-05 2.354398938407653130e-04
1.300000000000000000e+01 6.131953187696432932e-03 1.255103859293114910e-02 7.518031589722190945e-05 2.391888579499605475e-04
1.400000000000000000e+01 6.511337441567863725e-03 2.309220915210108936e-03 7.220036152488590808e-05 2.411845234795016897e-04
1.500000000000000000e+01 4.375182509778482260e-04 -4.634270788885244685e-03 7.016827770527744423e-05 2.376287929097103653e-04
1.600000000000000000e+01 -6.300781296880812992e-04 -4.594432994968057453e-03 6.893852284314700156e-05 2.325377563718758304e-04
1.700000000000000000e+01 -1.767982082334053394e-03 -1.005511273646841029e-02 6.817706004999280487e-05 2.278744156386957231e-04
1.800000000000000000e+01 -6.578093473823317522e-03 -2.318846242649292080e-02 6.758344288129963361e-05 2.235192000999780765e-04
1.900000000000000000e+01 -1.275942423110349930e-02 -3.368638039208177865e-02 6.680735224181968219e-05 2.196289725111097609e-04
2.000000000000000000e+01 -1.255563404643753218e-02 -3.069842831238851766e-02 6.581314270331689760e-05 2.152785981595281019e-04
2.100000000000000000e+01 -6.541106174588630535e-03 -1.773382817405909362e-02 6.467706172251031296e-05 2.090864072900569157e-04
2.200000000000000000e+01 1.547299885101493643e-03 -6.612508916725644628e-03 6.355167755428648237e-05 2.006012639547463650e-04
2.300000000000000000e+01 7.485899650848497344e-04 -2.285541278749225400e-03 6.254938323666004460e-05 1.899280120770795860e-04
2.400000000000000000e+01 -4.944614632649233519e-04 -8.392595968177966491e-04 6.171198822744721336e-05 1.777583741249451907e-04
2.500000000000000000e+01 -2.456798776122327485e-03 2.183015844089756380e-03 6.105512837055414028e-05 1.649871783263498731e-04
2.600000000000000000e+01 2.872735292599492337e-03 6.694509409736228850e-03 6.055238355971138910e-05 1.524776038728126322e-04
2.700000000000000000e+01 5.640944767265536862e-03 1.013377652091887286e-02 6.015181119327367302e-05 1.410890214454977524e-04
2.800000000000000000e+01 8.973703535010828583e-03 1.151052496716456139e-02 5.983176250182998358e-05 1.311969033223916688e-04
2.900000000000000000e+01 8.848377673979362923e-03 1.164393438866839076e-02 5.959117873020882767e-05 1.231079833248690256e-04
3.000000000000000000e+01 9.465447973300119416e-03 1.164869605496083801e-02 5.941559168979056697e-05 1.167147647867893662e-04
3.100000000000000000e+01 5.840042111617873948e-03 1.177242210431575162e-02 5.928837118756741671e-05 1.118823212796630541e-04
3.200000000000000000e+01 6.160924596955282863e-03 1.221920581305834148e-02 5.916450227586223025e-05 1.083524295880978913e-04
3.300000000000000000e+01 7.148933056498157392e-03 1.315074108603156433e-02 5.902714937505671252e-05 1.058750012767151958e-04
3.400000000000000000e+01 8.133043437866334727e-03 1.447193336507001521e-02 5.886323763747257495e-05 1.043901381500942239e-04
3.500000000000000000e+01 9.024829415363025062e-03 1.592289369845076297e-02 5.866065442548343978e-05 1.036177135887120400e-04
3.600000000000000000e+01 9.211490599853428343e-03 1.697364181051733492e-02 5.841352698879086018e-05 1.034109505999986203e-04
3.700000000000000000e+01 8.340023151144026342e-03 1.732350084213990851e-02 5.813004308270632145e-05 1.035644487216551832e-04
3.800000000000000000e+01 5.925701649572603404e-03 1.698404769091071270e-02 5.781897802227230074e-05 1.039592839815650822e-04
3.900000000000000000e+01 5.470327698164509367e-03 1.643317276199330115e-02 5.749591513640516996e-05 1.043040695474126248e-04
4.000000000000000000e+01 5.581981199614590231e-03 1.582307699869344580e-02 5.716198136786697202e-05 1.045259573371547874e-04
4.100000000000000000e+01 6.305183784828890040e-03 1.522653692012216307e-02 5.678571781680964004e-05 1.045099854770477696e-04
4.200000000000000000e+01 7.682209103980423837e-03 1.460576637626636448e-02 5.630828449531638741e-05 1.041121840437514255e-04
4.300000000000000000e+01 8.427031516526305860e-03 1.392777031734121485e-02 5.562855534694839660e-05 1.030922487359094819e-04
4.400000000000000000e+01 7.519198950038625401e-03 1.323766927594047065e-02 5.463366176601330230e-05 1.014331749930542025e-04
4.500000000000000000e+01 5.930004435725099235e-03 1.262503033772750284e-02 5.326034556799610187e-05 9.899871221994785702e-05
4.600000000000000000e+01 4.289531397294677265e-03 1.219445891085955969e-02 5.156018313588640737e-05 9.593930975170589703e-05
4.700000000000000000e+01 2.751413748929514187e-03 1.198482993618292525e-02 4.972376224232092967e-05 9.267586940664571864e-05
