# freqs 	 pli 	 dpli 	 meanpower(thalamus)	 meanpower(scalp)	pli
8.000000000000000000e+00 1.515779580813029484e-04 3.706194007005740934e-03 2.235735958400563534e-04 2.685281933699283337e-04
9.000000000000000000e+00 4.148116917586070623e-02 7.684456841734700616e-02 2.161042974512768287e-04 2.865382774555511286e-04
1.000000000000000000e+01 9.065443099692653550e-02 1.609181571867252247e-01 2.153644079095756985e-04 3.368740358974843399e-04
1.100000000000000000e+01 9.009704746550292742e-02 9.252941772167529166e-02 2.403331112364741242e-04 4.018666181531513511e-04
1.200000000000000000e+01 6.292432982629159177e-02 5.721456406592921595e-02 2.460166402761804335e-04 4.381840646428197881e-04
1.300000000000000000e+01 2.441983638331305523e-02 1.828148588900540064e-02 2.302100312724256008e-04 4.653659879065290164e-04
1.400000000000000000e+01 -1.567844101102207691e-02 -5.382027540138595995e-02 2.192559954779241195e-04 4.638044195527573428e-04
1.500000000000000000e+01 -4.413906271084564598e-02 -1.085352898276632228e-01 2.117004398787295470e-04 4.228652314290044030e-04
1.600000000000000000e+01 -5.622661024899931748e-02 -1.237735166256132419e-01 1.992539827323957429e-04 3.736195070721060941e-04
1.700000000000000000e+01 -5.192685395213714888e-02 -1.010037896022533133e-01 1.822109097319845738e-04 3.344864948078379819e-04
1.800000000000000000e+01 -4.043240295031128723e-02 -6.299910155756092978e-02 1.659875780538981323e-04 3.053678315493407432e-04
1.900000000000000000e+01 -2.675802689126733844e-02 -3.118620214907232360e-02 1.535884506822154450e-04 2.822175882071796039e-04
2.000000000000000000e+01 -1.865081121967728309e-02 -1.204648656026091787e-02 1.445450397380687851e-04 2.626001763849804467e-04
2.100000000000000000e+01 -1.410204742057368475e-02 -4.409362575290606823e-03 1.374044481396239487e-04 2.452203824256938007e-04
2.200000000000000000e+01 -1.083586148904864925e-02 -4.993155996369483436e-03 1.311411781507351682e-04 2.291772550690230909e-04
2.300000000000000000e+01 -9.451593875459813471e-03 -8.542331865230626958e-03 1.249708184300836510e-04 2.143443465265026352e-04
2.400000000000000000e+01 -9.069289340717002698e-03 -1.042998955251843787e-02 1.186116062637624524e-04 2.011103232591111064e-04
2.500000000000000000e+01 -5.283076513232841040e-03 -8.719896720073540275e-03 1.123560247955058514e-04 1.897405772349915860e-04
2.600000000000000000e+01 -4.783509882694192070e-04 -3.310069495622031382e-03 1.066538753038361227e-04 1.801892008167513357e-04
2.700000000000000000e+01 4.350589276675729394e-03 5.019900847453307065e-03 1.016607986996921712e-04 1.719792841656230811e-04
2.800000000000000000e+01 9.196604987624633701e-03 1.442696914014634894e-02 9.724120709425016829e-05 1.644243979935957993e-04
2.900000000000000000e+01 1.500503408818059867e-02 2.229780741475245395e-02 9.314212643950957543e-05 1.570498168602659590e-04
3.000000000000000000e+01 1.778177161144697122e-02 2.662681581640843551e-02 8.916450391867297264e-05 1.497014439549241693e-04
3.100000000000000000e+01 1.716690478705366202e-02 2.686541490052500938e-02 8.522476079732624332e-05 1.423916240303306502e-04
3.200000000000000000e+01 1.485921349737504178e-02 2.386441040639119063e-02 8.133252391766260378e-05 1.352499899381517890e-04
3.300000000000000000e+01 1.177523039600594443e-02 1.899677397934478040e-02 7.756354664085043980e-05 1.284292832284125924e-04
3.400000000000000000e+01 8.938238844119421322e-03 1.339766212840646196e-02 7.400634405204807760e-05 1.220406747717091880e-04
3.500000000000000000e+01 6.221189895436254023e-03 7.901740517964656388e-03 7.072680401664772052e-05 1.161539608062859430e-04
3.600000000000000000e+01 3.894127035734342400e-03 2.980482373310998877e-03 6.776352232252588336e-05 1.107934933181725206e-04
3.700000000000000000e+01 1.224769933255301065e-03 -1.060495545873844231e-03 6.512674543866703769e-05 1.059590345820713033e-04
3.800000000000000000e+01 -3.551279835132064265e-04 -4.107664007919087715e-03 6.279938210396291093e-05 1.016476238789345275e-04
3.900000000000000000e+01 -1.262948728043381073e-03 -6.358642030911300716e-03 6.074973903587513059e-05 9.783075310079695120e-05
4.000000000000000000e+01 -3.213914515440226098e-03 -8.211281446482678048e-03 5.892657213791401558e-05 9.444152100360087032e-05
4.100000000000000000e+01 -4.579649759410869131e-03 -1.008996793254997998e-02 5.726794288224642697e-05 9.136937795045555844e-05
4.200000000000000000e+01 -6.153524317985615763e-03 -1.224512846848388285e-02 5.568823738814755015e-05 8.845520221000086557e-05
4.300000000000000000e+01 -7.660600060695523308e-03 -1.472376592496298965e-02 5.407380581278970665e-05 8.550209691011832628e-05
4.400000000000000000e+01 -9.743324311668575752e-03 -1.727895718999430952e-02 5.231036308863097828e-05 8.231271664321775778e-05
4.500000000000000000e+01 -1.129372951016472532e-02 -1.973061862141419973e-02 5.031595986805095707e-05 7.874188670414870167e-05
4.600000000000000000e+01 -1.236844152340536851e-02 -2.191054195486812767e-02 4.810106883741568614e-05 7.478169168389532792e-05
4.700000000000000000e+01 -1.357872783613472446e-02 -2.371807122837720633e-02 4.579648948593298738e-05 7.059613954282517058e-05
