# freqs 	 pli 	 dpli 	 meanpower(thalamus)	 meanpower(scalp)	pli
8.000000000000000000e+00 3.235964528543824881e-02 7.269053146551793243e-02 6.579293245747823838e-05 2.937774611219308440e-04
9.000000000000000000e+00 3.035102913395409940e-02 6.141748660852384273e-02 6.138177024001110918e-05 2.502130540621681516e-04
1.000000000000000000e+01 8.700269729461701171e-03 4.553496895572865799e-02 6.004097366953482426e-05 2.107107421214937811e-04
1.100000000000000000e+01 1.048009973365783033e-02 1.830874269224662051e-02 6.216776794441591968e-05 1.798083879891869993e-04
1.200000000000000000e+01 4.034162675073213467e-03 -4.280344791742372347e-03 6.252869057983583738e-05 1.610386147755219247e-04
1.300000000000000000e+01 1.343465491410830888e-02 1.277250789756928517e-02 5.968857160335501623e-05 1.514058594462321908e-04
1.400000000000000000e+01 2.370003660641135240e-02 5.491103811892653064e-02 5.695944420537981702e-05 1.478941110901335967e-04
1.500000000000000000e+01 2.973751188142597854e-02 6.361983913638862009e-02 5.634670977823137309e-05 1.485752617370871291e-04
1.600000000000000000e+01 1.210370030389641173e-02 2.618459163124657943e-02 5.722261658107025362e-05 1.514491139183345430e-04
1.700000000000000000e+01 -8.265955377733322229e-03 -3.392536660357819284e-02 5.848467187923894913e-05 1.552544148993884878e-04
1.800000000000000000e+01 -2.230719319368639625e-02 -8.874877976290765358e-02 5.936476587012323020e-05 1.591277625825714267e-04
1.900000000000000000e+01 -3.938948550669375132e-02 -1.244412494831115823e-01 5.941285659557212943e-05 1.608485853864382459e-04
2.000000000000000000e+01 -4.881918128979071542e-02 -1.367725791559125659e-01 5.891932832088662790e-05 1.591194166110003287e-04
2.100000000000000000e+01 -5.142617827141863357e-02 -1.293089648045779860e-01 5.836465000950304930e-05 1.544161603480240772e-04
2.200000000000000000e+01 -4.426003244697963163e-02 -1.129587614702378534e-01 5.782979558262766847e-05 1.477158811086758800e-04
2.300000000000000000e+01 -4.169288317004196665e-02 -9.589181628808597646e-02 5.714134477345463232e-05 1.399519510337789391e-04
2.400000000000000000e+01 -3.862087074895743238e-02 -8.062039945684178199e-02 5.617499161925865783e-05 1.317329875475079805e-04
2.500000000000000000e+01 -3.267610497237569134e-02 -6.595773759567211125e-02 5.506607243397938501e-05 1.233709742457769678e-04
2.600000000000000000e+01 -2.855229640265917468e-02 -5.082740211633349908e-02 5.407422947417124353e-05 1.153024194677144303e-04
2.700000000000000000e+01 -2.020111423495524194e-02 -3.586235379250051619e-02 5.329841060998828856e-05 1.077607627230132319e-04
2.800000000000000000e+01 -1.291728592167559232e-02 -2.194089205480116364e-02 5.272899335532349463e-05 1.010051608817022739e-04
2.900000000000000000e+01 -4.587851672101311666e-03 -9.260141796241842804e-03 5.226647254283705131e-05 9.513608774888052762e-05
3.000000000000000000e+01 3.963166673559130083e-03 2.511218070952281767e-03 5.188564388945087429e-05 9.009458683640022875e-05
3.100000000000000000e+01 1.193297690569365514e-02 1.341665987341567230e-02 5.162692746325335655e-05 8.575445461685200928e-05
3.200000000000000000e+01 1.832619385407914525e-02 2.290964592707120384e-02 5.152012196922379150e-05 8.192854582781761499e-05
3.300000000000000000e+01 2.437151847746004546e-02 3.041779746192043582e-02 5.156012461095938983e-05 7.849262126195756181e-05
3.400000000000000000e+01 2.461989551858709269e-02 3.559592653597739437e-02 5.172780292695756173e-05 7.536431475676003589e-05
3.500000000000000000e+01 2.201379044578097646e-02 3.828425753174886231e-02 5.194310238211066348e-05 7.249835341648389964e-05
3.600000000000000000e+01 2.163787350272107501e-02 3.841775795480862482e-02 5.211999923664579917e-05 6.986656455038629603e-05
3.700000000000000000e+01 1.685628989654413407e-02 3.649988110695827348e-02 5.217823459993842808e-05 6.741106154613982985e-05
3.800000000000000000e+01 1.352847339686730731e-02 3.354984339308391544e-02 5.208044543580977456e-05 6.509023774609695408e-05
3.900000000000000000e+01 1.279363137017660787e-02 3.075804866811908400e-02 5.182908291035559788e-05 6.288439021449057859e-05
4.000000000000000000e+01 1.308663019272537399e-02 2.901821639746673953e-02 5.142981457006501680e-05 6.078247277847420176e-05
4.100000000000000000e+01 1.218037259227190520e-02 2.865824342629468349e-02 5.090436553495360298e-05 5.877013633929819008e-05
4.200000000000000000e+01 1.296805221573342493e-02 2.941015412683777377e-02 5.024063768144926409e-05 5.680100447239099778e-05
4.300000000000000000e+01 1.366197183098591568e-02 3.075765328756851699e-02 4.938719755303940429e-05 5.479498729362335872e-05
4.400000000000000000e+01 1.467931501109363303e-02 3.208775708465138460e-02 4.828792489953533031e-05 5.265789235026398782e-05
4.500000000000000000e+01 1.291824625020603252e-02 3.293754464354767264e-02 4.692467618488149772e-05 5.031562967991353905e-05
4.600000000000000000e+01 1.258952052019747699e-02 3.292658020652339257e-02 4.537246631612168126e-05 4.776989246095524478e-05
4.700000000000000000e+01 1.143369077204014692e-02 3.177575960859863047e-02 4.382694356758839207e-05 4.513691371811147694e-05
