# freqs 	 pli 	 dpli 	 meanpower(thalamus)	 meanpower(scalp)	pli
8.000000000000000000e+00 -2.019088694095676900e-02 -4.673976764607262746e-02 6.750693092474420638e-05 4.704464700918069135e-04
9.000000000000000000e+00 -3.867548765212825562e-02 -1.053158839175781375e-01 6.458930248376923455e-05 3.094697514460932174e-04
1.000000000000000000e+01 -5.024432175152926394e-02 -1.431388676155588846e-01 6.529225431633025375e-05 2.300931380448977318e-04
1.100000000000000000e+01 -5.021105333043393570e-02 -1.741699264437321093e-01 7.104956341308310498e-05 1.935024968625803947e-04
1.200000000000000000e+01 -3.129462163071228264e-02 -1.549809395778407317e-01 7.636758524126762066e-05 1.867374940967842639e-04
1.300000000000000000e+01 2.881483222064034049e-03 -1.053730204644621896e-03 7.880754390792291174e-05 1.973016018072656290e-04
1.400000000000000000e+01 2.321258732658494986e-02 1.141276757461202052e-01 7.705740791808137055e-05 2.009544079364402843e-04
1.500000000000000000e+01 2.895818026558273986e-02 1.231042503045245012e-01 6.970339690477554565e-05 1.820603966339396696e-04
1.600000000000000000e+01 2.513819897895883115e-02 7.629772043043860086e-02 5.987050804798686000e-05 1.503269345129106557e-04
1.700000000000000000e+01 1.558371332609164404e-02 2.765916954375264442e-02 5.148349519581118372e-05 1.215248454852279692e-04
1.800000000000000000e+01 1.025908371667835425e-02 3.543212681547690257e-03 4.584629722693581388e-05 1.023745755665630443e-04
1.900000000000000000e+01 1.211184927085093288e-02 2.135171592193954408e-03 4.232106706211447115e-05 9.152156354632759786e-05
2.000000000000000000e+01 1.545621807841355416e-02 1.169671197551417317e-02 3.993109479199854497e-05 8.551624060253844794e-05
2.100000000000000000e+01 1.895559921169691353e-02 2.197223888283443213e-02 3.815076783071211019e-05 8.203961912032972919e-05
2.200000000000000000e+01 2.089333374371782001e-02 2.717084885826399551e-02 3.675713200730217111e-05 7.990034017520998566e-05
2.300000000000000000e+01 1.775018973191393179e-02 2.680111315521040843e-02 3.559519505275345654e-05 7.852706823931322299e-05
2.400000000000000000e+01 1.763021097927004385e-02 2.381157967366600778e-02 3.458981667428793924e-05 7.764459531206814569e-05
2.500000000000000000e+01 1.547933112365603922e-02 2.174946611724022996e-02 3.372610937987683490e-05 7.696432747732427366e-05
2.600000000000000000e+01 1.515687904958711724e-02 2.235385340203661225e-02 3.297509127287874938e-05 7.613207777870227035e-05
2.700000000000000000e+01 1.839488859773676793e-02 2.504482143281373807e-02 3.226108573778980104e-05 7.493565648276062218e-05
2.800000000000000000e+01 2.261663938730405429e-02 2.840214291178952757e-02 3.152153391269335223e-05 7.333202144797862864e-05
2.900000000000000000e+01 2.536471233377507808e-02 3.155645996158937955e-02 3.074252020424502802e-05 7.141249065702205137e-05
3.000000000000000000e+01 2.655507424984816789e-02 3.408881770630135810e-02 2.996148365950847674e-05 6.936162664737667799e-05
3.100000000000000000e+01 2.651985791758635150e-02 3.575334387234330169e-02 2.922299467383022192e-05 6.738893518116889918e-05
3.200000000000000000e+01 2.523645014964459241e-02 3.659289909235837607e-02 2.855502899145703866e-05 6.561481793107031197e-05
3.300000000000000000e+01 2.402787059839266159e-02 3.673179153447344442e-02 2.796636577453602887e-05 6.405519998182682975e-05
3.400000000000000000e+01 2.327548380346461734e-02 3.620365840689770270e-02 2.745661157172153780e-05 6.266178835654648196e-05
3.500000000000000000e+01 2.230532275073541723e-02 3.516647289930775050e-02 2.700989476619683290e-05 6.135852869624406952e-05
3.600000000000000000e+01 2.071601317880175652e-02 3.388610898894404283e-02 2.661298296586501707e-05 6.010697217222324748e-05
3.700000000000000000e+01 1.978659181555026195e-02 3.277757291316262672e-02 2.625312349932447636e-05 5.888781221368882991e-05
3.800000000000000000e+01 1.884578593876196084e-02 3.212468726545959774e-02 2.592638763528239211e-05 5.771728370921360958e-05
3.900000000000000000e+01 1.792589603024091760e-02 3.195892834312412389e-02 2.562614670596654980e-05 5.662634399226906655e-05
4.000000000000000000e+01 1.827012819081436437e-02 3.203520083095719867e-02 2.534496294704645887e-05 5.563902568969847682e-05
4.100000000000000000e+01 1.931122113481446509e-02 3.205801883891825493e-02 2.506385821453460157e-05 5.474482850829195723e-05
4.200000000000000000e+01 1.932467151596637539e-02 3.177276779848629135e-02 2.475411896133265731e-05 5.389530040121435920e-05
4.300000000000000000e+01 1.924478810926372185e-02 3.109609093220404644e-02 2.437123049903798890e-05 5.298999286993409978e-05
4.400000000000000000e+01 1.866265188330649971e-02 3.008612769499267175e-02 2.386551549904416687e-05 5.191585265920750858e-05
4.500000000000000000e+01 1.839374204344846817e-02 2.890344096586476563e-02 2.320430517841148591e-05 5.059280557683864079e-05
4.600000000000000000e+01 1.775737140659026242e-02 2.772552866367372290e-02 2.240060641147267821e-05 4.904912320386983993e-05
4.700000000000000000e+01 1.709200106891084481e-02 2.669811271896882152e-02 2.153037590610028297e-05 4.745240407749224320e-05
