# freqs 	 pli 	 dpli 	 meanpower(thalamus)	 meanpower(scalp)	pli
8.000000000000000000e+00 3.403311998024401847e-02 6.981148796546876589e-02 6.436331120139202836e-05 2.177703026424316474e-04
9.000000000000000000e+00 -5.721307613936605675e-03 4.097866213578083526e-03 5.986022000664902021e-05 1.909397792369217021e-04
1.000000000000000000e+01 -2.526240632361291538e-02 -4.828137359011858837e-02 5.628422650271782524e-05 1.648012597005334406e-04
1.100000000000000000e+01 -3.425772150205646377e-02 -5.942495206120444740e-02 5.378025371981368975e-05 1.384160069478788881e-04
1.200000000000000000e+01 -1.464386242764172466e-02 -8.200581991141925320e-02 5.119556129848717513e-05 1.217016410402250857e-04
1.300000000000000000e+01 -6.928139794465185955e-04 -7.891512241180237419e-02 4.854916189063653568e-05 1.112712722540387298e-04
1.400000000000000000e+01 5.647154009315344218e-03 -4.698336281139231518e-02 4.687767836563574427e-05 1.029175743017956852e-04
1.500000000000000000e+01 2.952228320168481020e-03 -2.379953769284155751e-02 4.622907393398763563e-05 9.487081955237265337e-05
1.600000000000000000e+01 -1.481409261651541083e-03 -1.909019420037126949e-02 4.607717389537580033e-05 8.727828307442399530e-05
1.700000000000000000e+01 -7.354983830902799523e-03 -2.320160649910865333e-02 4.605353138780101117e-05 8.065763371057007322e-05
1.800000000000000000e+01 -5.052622526096258240e-03 -2.413233223469772940e-02 4.600955645666642300e-05 7.536488339809445435e-05
1.900000000000000000e+01 -6.734989542690193384e-03 -1.931706721414669023e-02 4.589793598713010509e-05 7.129157950105779594e-05
2.000000000000000000e+01 -4.145366868305499705e-03 -1.541132132995537071e-02 4.580389815577868130e-05 6.811064012048410855e-05
2.100000000000000000e+01 -7.442094488377634133e-03 -1.327997248998486098e-02 4.583098100467032637e-05 6.553693793329273668e-05
2.200000000000000000e+01 -8.811596512546730417e-03 -1.184328983304067627e-02 4.596614923081265050e-05 6.353996074014323255e-05
2.300000000000000000e+01 -6.069615749997018909e-03 -1.164551987527518741e-02 4.618825223178467908e-05 6.210524965622440713e-05
2.400000000000000000e+01 -2.484977780597610614e-03 -1.220222778127625328e-02 4.651614139663373383e-05 6.089278336510855881e-05
2.500000000000000000e+01 -5.385120505916511993e-03 -1.096157293373472078e-02 4.691555965271607738e-05 5.975766071062807200e-05
2.600000000000000000e+01 -6.268874419780260700e-03 -6.275619046965286336e-03 4.728226446443907591e-05 5.866757333839690624e-05
2.700000000000000000e+01 -2.802341675574453878e-03 6.829631937723127299e-04 4.750081688596298951e-05 5.770818877578230910e-05
2.800000000000000000e+01 2.779329132875530545e-04 6.884879466575889902e-03 4.751545938538667956e-05 5.687081334809363772e-05
2.900000000000000000e+01 1.799608666915339860e-03 9.696768584920887474e-03 4.733988163573999434e-05 5.613822775206572520e-05
3.000000000000000000e+01 -1.494705760044148096e-03 8.472508033796493504e-03 4.703396489852130742e-05 5.544078686719629674e-05
3.100000000000000000e+01 -5.535276946615908921e-04 4.690161375589641836e-03 4.665774955342421546e-05 5.480187929853047097e-05
3.200000000000000000e+01 -1.702054455316509042e-03 4.540371864885963380e-04 4.623346600198181730e-05 5.421200543250196416e-05
3.300000000000000000e+01 -1.071643886095843779e-03 -2.506798223388201352e-03 4.576552692146470570e-05 5.365117552248031732e-05
3.400000000000000000e+01 1.136044589100211003e-03 -3.489049763517749168e-03 4.524980976308323364e-05 5.316756536815566727e-05
3.500000000000000000e+01 3.044084683734665960e-03 -2.826406620726559186e-03 4.468811355488013561e-05 5.273472508866720919e-05
3.600000000000000000e+01 5.078434171088995995e-03 -1.576250791050161316e-03 4.409825128701389229e-05 5.237563839080444514e-05
3.700000000000000000e+01 5.406960992360771399e-03 -9.213324946349941719e-04 4.350000536804365632e-05 5.209358632154935365e-05
3.800000000000000000e+01 4.904053931653791672e-03 -1.491918612522422170e-03 4.289802355308071135e-05 5.191918214255243305e-05
3.900000000000000000e+01 5.275711173881286742e-03 -3.542471878634181632e-03 4.228842216892963541e-05 5.181035604794682257e-05
4.000000000000000000e+01 1.304459572731370360e-04 -6.089702396425574447e-03 4.167217751949299184e-05 5.179581720598727549e-05
4.100000000000000000e+01 -4.042617159122727233e-03 -7.833766740784698160e-03 4.104045162187877643e-05 5.182972477228006886e-05
4.200000000000000000e+01 -5.321480320320114143e-03 -7.841962255784271432e-03 4.035793004433885174e-05 5.183251206918777380e-05
4.300000000000000000e+01 -4.122600306294506821e-03 -6.048948253416848442e-03 3.956100527163766218e-05 5.164732178784582899e-05
4.400000000000000000e+01 -3.303441374540705584e-03 -2.740407353609636189e-03 3.857628260165315659e-05 5.121480851906739899e-05
4.500000000000000000e+01 -2.220764014873714744e-03 8.666374766156571688e-04 3.735887092553263737e-05 5.040262248758354299e-05
4.600000000000000000e+01 -1.620895541573207088e-03 3.553069018274734869e-03 3.593385429254823167e-05 4.923447201219455146e-05
4.700000000000000000e+01 1.296988546692229847e-04 4.312798031657548610e-03 3.441726664041683769e-05 4.789626256105152419e-05
