# freqs 	 pli 	 dpli 	 meanpower(thalamus)	 meanpower(scalp)	pli
8.000000000000000000e+00 -1.548200588358742413e-01 -3.223610134778561176e-01 2.329318771795437599e-04 3.653579890603771293e-04
9.000000000000000000e+00 -1.274675300398169508e-01 -2.675972863575001304e-01 2.153398701265022016e-04 3.269892157969594808e-04
1.000000000000000000e+01 -4.233075640546238999e-02 -8.468718039635154959e-02 2.000074839941016981e-04 2.704234439978046639e-04
1.100000000000000000e+01 6.304417992259959969e-02 1.905199695329541643e-01 1.944922949416349924e-04 2.285611053515053880e-04
1.200000000000000000e+01 1.266449648498706448e-01 4.141510020301054640e-01 2.001749099586196427e-04 2.013968262589287161e-04
1.300000000000000000e+01 1.379356256312751494e-01 4.407017619196336722e-01 1.950669795269085647e-04 1.788489308174571080e-04
1.400000000000000000e+01 1.162093389094643603e-01 3.336942630559746048e-01 1.762188931674847549e-04 1.586594473413283004e-04
1.500000000000000000e+01 8.961198170858344914e-02 2.147686626295508550e-01 1.550145991039953125e-04 1.401788531312896785e-04
1.600000000000000000e+01 6.737546416372947045e-02 1.466717301550120867e-01 1.387101205050447772e-04 1.232223574089079236e-04
1.700000000000000000e+01 5.471930161302935441e-02 1.163870508859465719e-01 1.274870581621558312e-04 1.087765193984298952e-04
1.800000000000000000e+01 4.491832969172726564e-02 9.813153755927198074e-02 1.191869099694526881e-04 9.762337464582001992e-05
1.900000000000000000e+01 3.554700938669850402e-02 8.004651460044569233e-02 1.120131128047789453e-04 8.965462953095094760e-05
2.000000000000000000e+01 2.492960657200354174e-02 6.092792853190358987e-02 1.052373633351501021e-04 8.417376289045115114e-05
2.100000000000000000e+01 1.545307168142845931e-02 4.473573668912294438e-02 9.900537796460924121e-05 8.038963419739237498e-05
2.200000000000000000e+01 8.129489826726321242e-03 3.588885278817666169e-02 9.373064703185375341e-05 7.774814829287868365e-05
2.300000000000000000e+01 5.341975986242498801e-03 3.499749067617273501e-02 8.937930350782366334e-05 7.596320289012514217e-05
2.400000000000000000e+01 5.429487802052629375e-03 3.855348398088409567e-02 8.550276985324591278e-05 7.479837144041249662e-05
2.500000000000000000e+01 7.472516583878241990e-03 4.201605561350909429e-02 8.168892998050890982e-05 7.408104600954872119e-05
2.600000000000000000e+01 8.075791664910738146e-03 4.284326479920372993e-02 7.782946940016193145e-05 7.374171694310880060e-05
2.700000000000000000e+01 7.586843021739351871e-03 4.093429698367665598e-02 7.404347649487260719e-05 7.378118898349503535e-05
2.800000000000000000e+01 7.271642051782243460e-03 3.752283853684518222e-02 7.053334782415083973e-05 7.407776829605285161e-05
2.900000000000000000e+01 7.027536117807701120e-03 3.366346655627098367e-02 6.745953463660624605e-05 7.449130133292690187e-05
3.000000000000000000e+01 6.245545790667512281e-03 2.992103670928614179e-02 6.487942972018687017e-05 7.489109321737970934e-05
3.100000000000000000e+01 6.276012320113343902e-03 2.642298015324536647e-02 6.275605633892818570e-05 7.527850300735359026e-05
3.200000000000000000e+01 6.319397908484866364e-03 2.338974104604204379e-02 6.100935715096652098e-05 7.566688562295205260e-05
3.300000000000000000e+01 6.699854611785854494e-03 2.093928071468478119e-02 5.955215731214001434e-05 7.607532945914135722e-05
3.400000000000000000e+01 6.566453201879083636e-03 1.892829663328925854e-02 5.830261446476467228e-05 7.656570226804866846e-05
3.500000000000000000e+01 6.383460271670846932e-03 1.726195833931543425e-02 5.719216424365917734e-05 7.711077864819419249e-05
3.600000000000000000e+01 6.542720261102005601e-03 1.586166581267898015e-02 5.616630906672584971e-05 7.771760800857460054e-05
3.700000000000000000e+01 6.023833513802569206e-03 1.474196753547089497e-02 5.519045765083890214e-05 7.836352451283654693e-05
3.800000000000000000e+01 5.772875884353763191e-03 1.382583035744858191e-02 5.425699232968951991e-05 7.905359817148522119e-05
3.900000000000000000e+01 5.874023257186147297e-03 1.300159756462365007e-02 5.337092523338950260e-05 7.973501722793940665e-05
4.000000000000000000e+01 5.971372278847033102e-03 1.210822040121085734e-02 5.253515120549925020e-05 8.040987740193324856e-05
4.100000000000000000e+01 5.558125741502494520e-03 1.111050083225206299e-02 5.173834157139525091e-05 8.102409665976545319e-05
4.200000000000000000e+01 5.102102940335467331e-03 1.007575814477032310e-02 5.093199001523680700e-05 8.146362832717727763e-05
4.300000000000000000e+01 4.632478408553375795e-03 9.110972782507683818e-03 5.002871151964003002e-05 8.153019872736312482e-05
4.400000000000000000e+01 4.418274212863683957e-03 8.277300671454337899e-03 4.892276497852170712e-05 8.108173914775318144e-05
4.500000000000000000e+01 4.301531525558575757e-03 7.612174239769051165e-03 4.754052213777382906e-05 7.998854341232773007e-05
4.600000000000000000e+01 4.030179178427526279e-03 7.154867861384203200e-03 4.589985689563863568e-05 7.833037113026739115e-05
4.700000000000000000e+01 4.024143942110568369e-03 6.977422877885205120e-03 4.414506406136227195e-05 7.642681717408433026e-05
