# freqs 	 pli 	 dpli 	 meanpower(thalamus)	 meanpower(scalp)	pli
8.000000000000000000e+00 -4.560584115635439584e-02 -1.126854226213989951e-01 6.825004731639336267e-05 2.006379970833118407e-04
9.000000000000000000e+00 -1.159486773455310239e-02 -4.112363811273633818e-02 6.819541957971451225e-05 1.868143781078600893e-04
1.000000000000000000e+01 -1.342667421591877156e-03 -1.056814865306177249e-02 6.890197107001245623e-05 1.647920171116254884e-04
1.100000000000000000e+01 4.654648977948320360e-03 4.571056489353945811e-03 6.762776476682185931e-05 1.463555330901617532e-04
1.200000000000000000e+01 4.408020833314226124e-03 2.404142738270030784e-03 6.415025730075439320e-05 1.365601920344635333e-04
1.300000000000000000e+01 -9.193094215097869166e-04 -4.250095605188080813e-03 5.985246578067109481e-05 1.327110207450780564e-04
1.400000000000000000e+01 -3.615805002746354940e-03 -7.846223453838712530e-03 5.626679753312909628e-05 1.298563087510693327e-04
1.500000000000000000e+01 -3.554732473494322861e-03 -7.405203356027182521e-03 5.407079303569989586e-05 1.262237805206219718e-04
1.600000000000000000e+01 -3.417497536101312891e-03 -7.962770204333261340e-03 5.283499997792047838e-05 1.226439467977413886e-04
1.700000000000000000e+01 -5.110429028848198236e-04 -8.846391572425364377e-03 5.192166819599158627e-05 1.199913890438084502e-04
1.800000000000000000e+01 -1.321512275748849266e-03 -6.750297827263035573e-03 5.106441087169736004e-05 1.183759833782927000e-04
1.900000000000000000e+01 2.551243575679511245e-04 -2.356734074612853742e-03 5.025077628890516865e-05 1.170607853912745115e-04
2.000000000000000000e+01 1.768685376013069081e-03 1.227046480016931018e-03 4.947860266507657167e-05 1.151714662362499645e-04
2.100000000000000000e+01 2.981796933756323230e-03 1.936042669424663069e-03 4.871935676595451250e-05 1.122346580137466364e-04
2.200000000000000000e+01 2.031832530758264071e-03 1.642808016284743949e-04 4.799611869459283637e-05 1.082618436180488844e-04
2.300000000000000000e+01 1.833640890960000535e-03 -2.355406325470962674e-03 4.736857200259001925e-05 1.036646257947593442e-04
2.400000000000000000e+01 9.879968350454894528e-04 -3.726806062291417726e-03 4.690475522664365042e-05 9.888509962180379342e-05
2.500000000000000000e+01 8.073896631451849687e-04 -2.488210985735743713e-03 4.662506383138481381e-05 9.422348133771561197e-05
2.600000000000000000e+01 2.944039125153838105e-03 1.647719515025581824e-03 4.654249328793076917e-05 8.992525813833602796e-05
2.700000000000000000e+01 5.313585633906927827e-03 6.980496449616816097e-03 4.672629840063536395e-05 8.613989059974470495e-05
2.800000000000000000e+01 6.231620502791764167e-03 9.359170858319281958e-03 4.742396400632599456e-05 8.285358709445028594e-05
2.900000000000000000e+01 5.073626335269424553e-03 3.638330310867193482e-03 4.905986363567270728e-05 7.999763776098097530e-05
3.000000000000000000e+01 7.335105405135743713e-04 -1.213168175433969841e-02 5.185839222459244903e-05 7.747333870293361484e-05
3.100000000000000000e+01 -7.248807761881269351e-03 -3.333463349212102689e-02 5.544021279183597515e-05 7.520412909873016693e-05
3.200000000000000000e+01 -1.485468780345121538e-02 -5.197379246938646502e-02 5.886175324137616434e-05 7.314561062758382119e-05
3.300000000000000000e+01 -2.026859644545970715e-02 -6.223144628598198391e-02 6.107987019685916685e-05 7.126613313860683386e-05
3.400000000000000000e+01 -2.166527655541758066e-02 -6.242963263798820966e-02 6.149135425605284865e-05 6.957899635814172011e-05
3.500000000000000000e+01 -1.957101046472313824e-02 -5.426665404622480621e-02 6.011855770221947125e-05 6.809817854121028317e-05
3.600000000000000000e+01 -1.529321213710813088e-02 -4.108484222081622284e-02 5.746679070580388736e-05 6.682855573344873880e-05
3.700000000000000000e+01 -9.074604403793047613e-03 -2.637831471057818997e-02 5.423845983510739457e-05 6.576808482315603811e-05
3.800000000000000000e+01 -3.298459245894274673e-03 -1.285650607309609533e-02 5.106952372661673680e-05 6.490517999994150917e-05
3.900000000000000000e+01 1.938023778180368540e-03 -1.944339716106465148e-03 4.837397819470606208e-05 6.419671284803191180e-05
4.000000000000000000e+01 5.686109240493570326e-03 6.072332471836669292e-03 4.629920108715243447e-05 6.360183713229656426e-05
4.100000000000000000e+01 7.541248448915171924e-03 1.166153674676888644e-02 4.479286076152112902e-05 6.305105950142393288e-05
4.200000000000000000e+01 9.899909094577242011e-03 1.551923021847490154e-02 4.367846488980792153e-05 6.244685181501432193e-05
4.300000000000000000e+01 1.125536572955025162e-02 1.824290979148907726e-02 4.273611233626157532e-05 6.165237667940168514e-05
4.400000000000000000e+01 1.230923317546741245e-02 2.016838043572782152e-02 4.176260787229133225e-05 6.053573802873563449e-05
4.500000000000000000e+01 1.304642695123632047e-02 2.150885909181548053e-02 4.061922473509298756e-05 5.900867560573052104e-05
4.600000000000000000e+01 1.283210452173097135e-02 2.236824406783061506e-02 3.928494093172319428e-05 5.711184916621483884e-05
4.700000000000000000e+01 1.274740712062294445e-02 2.281743505307457995e-02 3.787036152817785931e-05 5.504423593135943397e-05
