# freqs 	 pli 	 dpli 	 meanpower(thalamus)	 meanpower(scalp)	pli
8.000000000000000000e+00 -7.008245040715349594e-02 -2.140420593825795026e-01 1.309713666627457013e-04 4.835802374526995402e-04
9.000000000000000000e+00 -7.325504639315472133e-02 -1.824751313545860121e-01 1.247334680029359654e-04 4.933893011742222822e-04
1.000000000000000000e+01 -3.628498051055177587e-02 -7.120082922762538402e-02 1.113544993361014027e-04 4.117845122301155825e-04
1.100000000000000000e+01 -1.002264649913476441e-03 1.593971502982493779e-02 1.001216326932097934e-04 3.371823414347752536e-04
1.200000000000000000e+01 1.200049638770037640e-02 4.152012403710138994e-02 9.318241791888580753e-05 2.834774191455864808e-04
1.300000000000000000e+01 6.440521658267274289e-03 2.465238451339172437e-02 8.896574128843619234e-05 2.436305346500910963e-04
1.400000000000000000e+01 -5.115164568203044680e-03 -5.461908868695758250e-03 8.648406417180933979e-05 2.178981526979765300e-04
1.500000000000000000e+01 -1.712432791329202703e-02 -3.685644592980719808e-02 8.480550284091698844e-05 2.024933316200342359e-04
1.600000000000000000e+01 -2.577234627181963778e-02 -5.622174517492092155e-02 8.325071628127613096e-05 1.906320372169048919e-04
1.700000000000000000e+01 -2.794909386485397093e-02 -5.825635968345767995e-02 8.158238751376763545e-05 1.793535785173483812e-04
1.800000000000000000e+01 -2.384087340100719474e-02 -4.761328185509274696e-02 7.992462756500265245e-05 1.682070357656144258e-04
1.900000000000000000e+01 -1.695592152975811118e-02 -3.254774967632693278e-02 7.861399941035891498e-05 1.573010148201983900e-04
2.000000000000000000e+01 -1.130281095023862210e-02 -2.176382771488925838e-02 7.785953139961422739e-05 1.476805380872400709e-04
2.100000000000000000e+01 -9.637065258710678095e-03 -2.030281208545089283e-02 7.769785819196517614e-05 1.403858684116460382e-04
2.200000000000000000e+01 -1.092157415859102039e-02 -2.694842732798323828e-02 7.797749237086806491e-05 1.353873898162453603e-04
2.300000000000000000e+01 -1.419868786205865860e-02 -3.569237782322154384e-02 7.837561992721457768e-05 1.317267159260534994e-04
2.400000000000000000e+01 -1.817594961091346939e-02 -4.102121665308942206e-02 7.852310976545482974e-05 1.280672677303429602e-04
2.500000000000000000e+01 -1.801888916529627988e-02 -4.093735027054087178e-02 7.827076924575516927e-05 1.234530305897997484e-04
2.600000000000000000e+01 -1.649432693533615588e-02 -3.677809902793081204e-02 7.772636258979622175e-05 1.177761848088405182e-04
2.700000000000000000e+01 -1.488547561522594355e-02 -3.102524767244506376e-02 7.712282181390535017e-05 1.115452437868388641e-04
2.800000000000000000e+01 -1.252219642643221005e-02 -2.577896167074637118e-02 7.666702465582037073e-05 1.053813040012070875e-04
2.900000000000000000e+01 -1.025707614963185764e-02 -2.171948540528202340e-02 7.652997676880605473e-05 9.983190331199368679e-05
3.000000000000000000e+01 -8.752057035274821845e-03 -1.893443147359335013e-02 7.693543044648069971e-05 9.511607121371153844e-05
3.100000000000000000e+01 -7.715629488440838880e-03 -1.762431637557037786e-02 7.826196432358120767e-05 9.128468759264635581e-05
3.200000000000000000e+01 -8.265070088215958205e-03 -1.862121398652294077e-02 8.094346244587857493e-05 8.825235580223697877e-05
3.300000000000000000e+01 -9.836298355683148129e-03 -2.278363230637828543e-02 8.512851262516801093e-05 8.588749474111154918e-05
3.400000000000000000e+01 -1.306053157594412421e-02 -3.011800866017927403e-02 9.031924171548042250e-05 8.407919145384619083e-05
3.500000000000000000e+01 -1.600489526924930503e-02 -3.935215098129185574e-02 9.537457599371783540e-05 8.261533110221134352e-05
3.600000000000000000e+01 -1.933656166935017809e-02 -4.836359187324070635e-02 9.898520209675729965e-05 8.134587993058330047e-05
3.700000000000000000e+01 -2.149122133208621749e-02 -5.513152877764335852e-02 1.001866720359366442e-04 8.013801494179043745e-05
3.800000000000000000e+01 -2.319404417058971296e-02 -5.842463056725572673e-02 9.869240762057345385e-05 7.893695731865755117e-05
3.900000000000000000e+01 -2.376829418422491541e-02 -5.801578288346559420e-02 9.484437097924290551e-05 7.768277880059899494e-05
4.000000000000000000e+01 -2.277179630065589294e-02 -5.427911577461245335e-02 8.940960375000853524e-05 7.642142698972784209e-05
4.100000000000000000e+01 -2.101376359394406187e-02 -4.804631384504901709e-02 8.324577660784104405e-05 7.517180899780398452e-05
4.200000000000000000e+01 -1.886461813884470623e-02 -4.031754105385872144e-02 7.705769231225615215e-05 7.389968288058791082e-05
4.300000000000000000e+01 -1.599062512916168272e-02 -3.202211430847366064e-02 7.126430209544704726e-05 7.246763133720630521e-05
4.400000000000000000e+01 -1.259720872135470203e-02 -2.386410464944360363e-02 6.601803633598438256e-05 7.078434932717401779e-05
4.500000000000000000e+01 -9.731536422474816247e-03 -1.623297414177821488e-02 6.127888434501874214e-05 6.871315193319420657e-05
4.600000000000000000e+01 -6.831512186187627469e-03 -9.164780953038204753e-03 5.698197306945097953e-05 6.627357668842208025e-05
4.700000000000000000e+01 -4.839931367862808365e-03 -2.469308195958712284e-03 5.314678944181092909e-05 6.365891624956473765e-05
