# freqs 	 pli 	 dpli 	 meanpower(thalamus)	 meanpower(scalp)	pli
8.000000000000000000e+00 -7.873430360841145170e-02 -1.836467502594378853e-01 1.048088213236598841e-04 1.929676978609417746e-04
9.000000000000000000e+00 -8.268555439734052992e-02 -1.846258986411608294e-01 1.156298802542226895e-04 1.715071300511965063e-04
1.000000000000000000e+01 -5.741508574876440230e-02 -1.078149277598230427e-01 1.083018088809165850e-04 1.444715266433950105e-04
1.100000000000000000e+01 -3.573213075685034712e-02 -7.528513333114277006e-02 9.542617538278192347e-05 1.252125776642614026e-04
1.200000000000000000e+01 -3.728147583979805890e-02 -1.323874499293144213e-01 8.893281618801461628e-05 1.132596865204296916e-04
1.300000000000000000e+01 -4.551804399655621364e-02 -1.750203353666541506e-01 8.211128304217925366e-05 1.043593765703681580e-04
1.400000000000000000e+01 -4.616166593904124510e-02 -1.634425744422296767e-01 7.186782713990293820e-05 9.644918890239743839e-05
1.500000000000000000e+01 -3.396541836359544958e-02 -1.173114686703159021e-01 6.176139481190565561e-05 8.843084825115522156e-05
1.600000000000000000e+01 -2.003146280305762722e-02 -6.378820722536651666e-02 5.439061514661429656e-05 8.059120010584696009e-05
1.700000000000000000e+01 -8.904120500340964584e-03 -2.489761930950125379e-02 4.974794536626152714e-05 7.376529247807537832e-05
1.800000000000000000e+01 -3.348413063903744446e-03 -5.709491229807296155e-03 4.692792586458025472e-05 6.850772326836074354e-05
1.900000000000000000e+01 -1.049227689813662370e-04 4.881329112036364377e-05 4.520761474631625979e-05 6.483359451325681479e-05
2.000000000000000000e+01 -8.046515460463269471e-05 -7.668787464076001412e-04 4.403423250230537115e-05 6.236373755702230527e-05
2.100000000000000000e+01 -6.419002293410428373e-04 -3.543086620762202470e-03 4.315332116461030582e-05 6.067338440438972810e-05
2.200000000000000000e+01 -1.935704435872874149e-03 -5.733286111223465098e-03 4.252079737804211361e-05 5.945247989982286246e-05
2.300000000000000000e+01 -1.863487280835032138e-03 -6.804301839117382796e-03 4.209475291021193971e-05 5.856276318530177245e-05
2.400000000000000000e+01 -2.921321494663794895e-03 -7.305384984264470111e-03 4.172800076280922660e-05 5.794022785482169831e-05
2.500000000000000000e+01 -3.178913188400104336e-03 -7.362860261230546460e-03 4.126452642067227473e-05 5.752902948200501031e-05
2.600000000000000000e+01 -3.560474125574612878e-03 -6.624553484104393763e-03 4.063997133542482132e-05 5.729560750576887505e-05
2.700000000000000000e+01 -3.305706055233987358e-03 -5.194043177570534416e-03 3.990627681986369676e-05 5.721081366337077981e-05
2.800000000000000000e+01 -3.674942019568155308e-03 -3.762163160941401057e-03 3.915695886783470401e-05 5.722742462111040117e-05
2.900000000000000000e+01 -3.776920113479528308e-03 -2.859282280875231376e-03 3.847157643590841023e-05 5.732065274378566553e-05
3.000000000000000000e+01 -3.509152830630864629e-03 -2.655686528604636609e-03 3.788364555727489618e-05 5.746870766295245390e-05
3.100000000000000000e+01 -3.688662278563991422e-03 -3.089144832616860271e-03 3.739409533850296966e-05 5.767219530990323241e-05
3.200000000000000000e+01 -4.486517628187024730e-03 -3.976871128553409983e-03 3.698402589248501169e-05 5.791982182371998976e-05
3.300000000000000000e+01 -4.687922716443948187e-03 -4.999500325681132708e-03 3.663618676959725116e-05 5.820576129399891973e-05
3.400000000000000000e+01 -4.776561212304690669e-03 -5.875004847155223218e-03 3.634328175586127815e-05 5.853763235769277176e-05
3.500000000000000000e+01 -4.409138136556552470e-03 -6.405456645272773059e-03 3.608968120491455866e-05 5.889404834657994270e-05
3.600000000000000000e+01 -3.837472318110141285e-03 -6.573454286838832476e-03 3.586057496827116744e-05 5.926287161509552476e-05
3.700000000000000000e+01 -4.372975854029083863e-03 -6.477850941730227061e-03 3.564358682402161038e-05 5.962547496094429867e-05
3.800000000000000000e+01 -4.545737403088977342e-03 -6.267603291014259628e-03 3.543503986496518573e-05 5.997509625318334211e-05
3.900000000000000000e+01 -4.606379483102493629e-03 -6.044674138121953859e-03 3.523446516370834177e-05 6.028829685869705086e-05
4.000000000000000000e+01 -4.496397507409771385e-03 -5.837926438872181011e-03 3.503933864455157016e-05 6.055587267725044199e-05
4.100000000000000000e+01 -3.349455334033950120e-03 -5.616059971323189050e-03 3.483492641409230233e-05 6.074892122642120502e-05
4.200000000000000000e+01 -2.975258880293846653e-03 -5.345316044257093779e-03 3.458371604015826167e-05 6.079788986308101576e-05
4.300000000000000000e+01 -3.320201742586473270e-03 -5.031410677751715042e-03 3.422108246598403657e-05 6.058237348086356947e-05
4.400000000000000000e+01 -3.157882826374088826e-03 -4.726930269317099718e-03 3.367484826616597805e-05 5.998505483751690159e-05
4.500000000000000000e+01 -2.872565084349028297e-03 -4.509138115788696548e-03 3.289952022472643361e-05 5.892762043717918565e-05
4.600000000000000000e+01 -2.738407762537269866e-03 -4.465568476590008398e-03 3.192214922031210870e-05 5.746906768559792525e-05
4.700000000000000000e+01 -2.891245226655435058e-03 -4.687652560910257095e-03 3.086283147411297384e-05 5.583856957533258708e-05
