# freqs 	 pli 	 dpli 	 meanpower(thalamus)	 meanpower(scalp)	pli
8.000000000000000000e+00 2.825104081788311350e-02 7.075262361458449500e-02 8.981814249123044370e-05 2.851461967126038988e-04
9.000000000000000000e+00 4.373261321277618213e-02 1.058418911577852922e-01 9.513750585238570296e-05 3.060134251017003135e-04
1.000000000000000000e+01 9.644033443594465793e-02 2.731237889013858333e-01 1.108021602649575691e-04 3.673838874199957666e-04
1.100000000000000000e+01 1.646079707613180287e-01 4.984721813068567209e-01 1.435543098255718836e-04 4.479827468255584617e-04
1.200000000000000000e+01 1.557151208954518640e-01 4.570264195287084275e-01 1.514875613941864632e-04 4.781854856942398756e-04
1.300000000000000000e+01 1.067548326803042097e-01 2.705946821419210613e-01 1.372579439513233065e-04 4.885950489961196413e-04
1.400000000000000000e+01 6.882211182738551258e-02 1.527490948154122119e-01 1.239093347221146993e-04 4.765696219348626432e-04
1.500000000000000000e+01 4.915085447882998337e-02 9.265562521262737938e-02 1.148414022621141423e-04 4.299786804214904951e-04
1.600000000000000000e+01 3.830000440470422707e-02 5.963140343824688966e-02 1.071339655541199811e-04 3.767796378170873320e-04
1.700000000000000000e+01 3.141846121996953040e-02 5.297553980348736202e-02 9.988541409071576070e-05 3.354122157233825098e-04
1.800000000000000000e+01 2.636123300310906983e-02 5.265389076541515667e-02 9.350245641873712848e-05 3.057012297682995669e-04
1.900000000000000000e+01 2.182011397288417809e-02 4.719085167727345154e-02 8.833077225603226418e-05 2.826698826454721058e-04
2.000000000000000000e+01 1.892829999222829518e-02 4.198182619109299546e-02 8.415686946426401247e-05 2.632255681608047684e-04
2.100000000000000000e+01 1.932600419165582742e-02 4.237474972052115291e-02 8.061782052796420857e-05 2.460432113963782015e-04
2.200000000000000000e+01 2.185919187274179207e-02 4.677043167010268981e-02 7.742456748454431019e-05 2.302309628058364372e-04
2.300000000000000000e+01 2.340187070913866962e-02 5.063610082298246329e-02 7.433898596819167256e-05 2.157746546324120916e-04
2.400000000000000000e+01 2.531514456581192632e-02 5.147303607263616770e-02 7.128598194202657036e-05 2.030175272197906903e-04
2.500000000000000000e+01 2.421438593127728592e-02 4.925744160500778596e-02 6.836033802226231014e-05 1.921922269374391290e-04
2.600000000000000000e+01 2.211449415466973378e-02 4.522545340135640524e-02 6.567819131829210439e-05 1.832476910026033246e-04
2.700000000000000000e+01 1.913396823186993417e-02 4.076406715616805176e-02 6.324998946781135937e-05 1.757041705704119312e-04
2.800000000000000000e+01 1.563895809846211835e-02 3.709582462744344389e-02 6.101630773560435330e-05 1.688240536343902319e-04
2.900000000000000000e+01 1.306417408663305274e-02 3.531084413060984334e-02 5.890136662429817162e-05 1.620614301836971959e-04
3.000000000000000000e+01 1.165525635862605693e-02 3.574417201575473546e-02 5.685584530941816943e-05 1.552090702897325957e-04
3.100000000000000000e+01 1.197655806408492313e-02 3.763586995890625536e-02 5.485459782519293460e-05 1.482519875222631416e-04
3.200000000000000000e+01 1.292001435336205886e-02 3.949370685435089900e-02 5.290561805724090739e-05 1.413018353186571341e-04
3.300000000000000000e+01 1.345166193579960118e-02 4.025307087756984509e-02 5.105381488927597175e-05 1.345196258285060603e-04
3.400000000000000000e+01 1.397394629206311772e-02 3.981413257211077056e-02 4.934720934059727972e-05 1.280705234249535389e-04
3.500000000000000000e+01 1.557974710512370804e-02 3.860225158572270360e-02 4.781786645158726275e-05 1.220544835200898460e-04
3.600000000000000000e+01 1.601818933652492463e-02 3.716425193157668616e-02 4.647232488517700713e-05 1.165572742253978306e-04
3.700000000000000000e+01 1.594155880477463733e-02 3.584756142842997206e-02 4.530061346799105676e-05 1.116134627418305072e-04
3.800000000000000000e+01 1.509635244513736832e-02 3.481822068218925342e-02 4.428384959621735562e-05 1.072216752209446635e-04
3.900000000000000000e+01 1.458742277567535821e-02 3.422923582998460557e-02 4.339524197442437792e-05 1.033479846672451322e-04
4.000000000000000000e+01 1.438192122976004843e-02 3.416308069156835658e-02 4.260055767284972461e-05 9.992149209080277913e-05
4.100000000000000000e+01 1.536934382313148197e-02 3.469618733831621865e-02 4.185768301867107702e-05 9.682318592108036138e-05
4.200000000000000000e+01 1.718387215057923245e-02 3.582591064279847665e-02 4.110866082341526197e-05 9.387684251084454424e-05
4.300000000000000000e+01 1.899133584462007682e-02 3.743438414671956815e-02 4.027545079404840799e-05 9.086723627920095315e-05
4.400000000000000000e+01 2.078380318446487393e-02 3.927564800620684388e-02 3.927438138987801629e-05 8.758229290120296898e-05
4.500000000000000000e+01 2.175187022095640896e-02 4.117181175789787206e-02 3.804914965036628496e-05 8.387064956983223036e-05
4.600000000000000000e+01 2.212555694439921269e-02 4.299034004166195355e-02 3.661644467114230465e-05 7.972062079463245853e-05
4.700000000000000000e+01 2.229050923448536517e-02 4.467248979847818213e-02 3.509314296777480308e-05 7.530645661778668631e-05
