# freqs 	 pli 	 dpli 	 meanpower(thalamus)	 meanpower(scalp)	pli
8.000000000000000000e+00 -1.041134592258272651e-01 -2.119241928056690150e-01 1.879605805069848581e-04 3.187291914297437647e-04
9.000000000000000000e+00 -7.072169814315573677e-02 -1.415852527432869268e-01 1.779143826518713074e-04 2.940580686261639242e-04
1.000000000000000000e+01 -4.349353605472634776e-02 -9.553560775650150882e-02 1.631561479669089293e-04 2.537868810995418914e-04
1.100000000000000000e+01 -4.064207585739817302e-02 -8.182910988554335796e-02 1.471807099509732375e-04 2.134101804342449968e-04
1.200000000000000000e+01 -4.329067175989851496e-02 -8.358834956799499061e-02 1.278896773291474760e-04 1.808987343096368880e-04
1.300000000000000000e+01 -4.867725452941300962e-02 -8.735410099060755829e-02 1.110154626552414494e-04 1.570593294461953963e-04
1.400000000000000000e+01 -4.368744490472267761e-02 -8.039816883280784254e-02 1.035055582170587782e-04 1.425545702623699361e-04
1.500000000000000000e+01 -3.695933782534647355e-02 -6.877884110427338882e-02 1.003477378556785949e-04 1.334084713656019129e-04
1.600000000000000000e+01 -3.231582768540437051e-02 -6.336640545143638892e-02 9.506041595424004711e-05 1.237291750528127612e-04
1.700000000000000000e+01 -2.715048789096946580e-02 -6.006071237293099385e-02 8.719338070422735603e-05 1.124870285919078218e-04
1.800000000000000000e+01 -2.070713243576598195e-02 -5.342809053459878638e-02 7.918582775149500053e-05 1.019780239674005249e-04
1.900000000000000000e+01 -1.593475463937861145e-02 -4.454593977369604441e-02 7.279754207221502424e-05 9.372946876561932198e-05
2.000000000000000000e+01 -1.251263502791460404e-02 -3.642109179094714377e-02 6.827288589410302941e-05 8.762854387546768807e-05
2.100000000000000000e+01 -8.395969600525668777e-03 -2.962923597939050996e-02 6.511582369028053583e-05 8.296104074671796470e-05
2.200000000000000000e+01 -6.638442354140412782e-03 -2.316764887690810071e-02 6.277403967565141482e-05 7.920023306015235443e-05
2.300000000000000000e+01 -4.242701602400328169e-03 -1.640338184804994090e-02 6.085044161664676340e-05 7.593956419469772136e-05
2.400000000000000000e+01 -2.216643355550941032e-03 -9.957903000123412285e-03 5.917830097152610482e-05 7.295652479920498542e-05
2.500000000000000000e+01 5.281228800013788513e-04 -4.674903566971466522e-03 5.773635163123158940e-05 7.015918919926227211e-05
2.600000000000000000e+01 1.897197990720560917e-03 -7.371883086106567270e-04 5.654397983681919555e-05 6.754133900708508159e-05
2.700000000000000000e+01 3.625493813314534675e-03 2.228776826319688042e-03 5.561792482029917853e-05 6.516582703963965718e-05
2.800000000000000000e+01 4.970757320901548516e-03 4.757259342414310241e-03 5.492943470014919694e-05 6.308231481157554744e-05
2.900000000000000000e+01 5.450250811695086378e-03 7.251347700276918051e-03 5.438407640212181149e-05 6.126927345306811738e-05
3.000000000000000000e+01 5.283971039121739856e-03 9.628321051742093697e-03 5.385940338156990748e-05 5.967021127192340731e-05
3.100000000000000000e+01 5.341803258386916900e-03 1.148553952095376571e-02 5.325063202348539343e-05 5.822613023042566744e-05
3.200000000000000000e+01 5.127466551807682675e-03 1.254657158701525527e-02 5.252048087111598959e-05 5.689434280969602289e-05
3.300000000000000000e+01 4.752729781112774964e-03 1.283906470710334535e-02 5.167307347891283948e-05 5.564666106457494960e-05
3.400000000000000000e+01 4.455267715116430216e-03 1.253734508325363671e-02 5.074479008756909354e-05 5.446641520091203940e-05
3.500000000000000000e+01 3.394609833857515409e-03 1.168166577451052249e-02 4.977883434119543350e-05 5.335387289840168822e-05
3.600000000000000000e+01 2.483131434511395147e-03 1.027853237369332449e-02 4.881089069549912211e-05 5.231461557363784054e-05
3.700000000000000000e+01 1.296367197724595036e-03 8.409579117886480451e-03 4.787249463983721926e-05 5.134437758705945342e-05
3.800000000000000000e+01 1.302073871565134246e-03 6.355418706572405450e-03 4.699285315335530839e-05 5.044203123610395661e-05
3.900000000000000000e+01 1.344286419396909221e-03 4.418912520213101429e-03 4.619120888146801570e-05 4.959497117014452050e-05
4.000000000000000000e+01 1.525092166214862214e-03 2.950009208577325081e-03 4.547379510878792904e-05 4.878876017046815221e-05
4.100000000000000000e+01 1.812319385331878988e-03 2.132138870326134080e-03 4.481731481800155736e-05 4.799657516115064619e-05
4.200000000000000000e+01 2.391637945707464005e-03 1.971665145129999214e-03 4.416504769764716403e-05 4.716548718252878194e-05
4.300000000000000000e+01 2.145948444224379456e-03 2.339209015210509581e-03 4.342610049870397067e-05 4.621654870919763902e-05
4.400000000000000000e+01 2.170368914278702436e-03 3.063919484812888203e-03 4.249480757009301549e-05 4.506188864909489001e-05
4.500000000000000000e+01 2.621555903182852965e-03 3.980938795748539816e-03 4.129843825000136253e-05 4.364191497538341403e-05
4.600000000000000000e+01 3.151823105054984888e-03 4.977384859663286365e-03 3.984950801783125016e-05 4.197941389981607862e-05
4.700000000000000000e+01 3.800716069921552046e-03 5.968487076203577921e-03 3.827364785405188325e-05 4.020705509759034559e-05
