# freqs 	 pli 	 dpli 	 meanpower(thalamus)	 meanpower(scalp)	pli
8.000000000000000000e+00 2.418946301925025202e-02 1.958683231404856687e-02 2.896886563058227182e+01 2.503054417051597511e+02
9.000000000000000000e+00 5.263568918391253737e-02 -5.761136127491955916e-02 3.220752853907428204e+01 2.186659848491206333e+02
1.000000000000000000e+01 6.796684900931228290e-02 -3.507366156875236368e-02 3.526455446273363492e+01 1.987367801570825634e+02
1.100000000000000000e+01 1.585502018380142639e-02 2.807439326596002441e-02 3.780327684863831195e+01 1.813928499259716887e+02
1.200000000000000000e+01 -2.727184182331742271e-03 -1.532564428899322456e-02 3.982392738618001715e+01 1.726000455287098703e+02
1.300000000000000000e+01 -5.090157486387685221e-04 -1.253964531521493085e-02 4.051854468156431466e+01 1.661048013617905781e+02
1.400000000000000000e+01 5.509277623518004513e-03 1.480684034676860682e-02 3.972913882383806339e+01 1.598047093717964913e+02
1.500000000000000000e+01 1.285619428393823451e-03 1.512368728916085696e-02 3.797417181016609078e+01 1.539790119840340594e+02
1.600000000000000000e+01 -2.887665735744692277e-02 1.348503362475628534e-02 3.589299247783404923e+01 1.445863011302253085e+02
1.700000000000000000e+01 -4.301665751418634609e-02 2.044217685508782287e-02 3.392940635345988909e+01 1.320880568390467431e+02
1.800000000000000000e+01 -3.068106901972716613e-02 3.049180052940572792e-03 3.238137472781615145e+01 1.192183927476431791e+02
1.900000000000000000e+01 -3.683046683046683339e-02 -4.701893778483543646e-02 3.137785875779520239e+01 1.092424492122770516e+02
2.000000000000000000e+01 -4.971317021760739835e-02 -9.747848756727410524e-02 3.086654076254395918e+01 1.017192699330850303e+02
2.100000000000000000e+01 -4.502170564346730242e-02 -1.103881528296657144e-01 3.070082564708166828e+01 9.665211610363998318e+01
2.200000000000000000e+01 -3.357931468451461759e-02 -8.935372990435604124e-02 3.073361428153509678e+01 9.327941012789827369e+01
2.300000000000000000e+01 -1.923896226203556173e-02 -5.840160993260758160e-02 3.084823228032885467e+01 9.059542798222339854e+01
2.400000000000000000e+01 -1.361889071938495333e-03 -3.796668281785455651e-02 3.093336281391271925e+01 8.794228350266590155e+01
2.500000000000000000e+01 1.087155223399107438e-02 -2.809955991541114237e-02 3.090567850757111046e+01 8.554322962291720955e+01
2.600000000000000000e+01 2.441919620145836800e-02 -1.807238351791652653e-02 3.075159398053729731e+01 8.360377155594416365e+01
2.700000000000000000e+01 3.148397801514051658e-02 -6.117621641648743856e-03 3.050968593333725920e+01 8.206411971604526912e+01
2.800000000000000000e+01 3.280782238206655238e-02 7.375302150187787800e-03 3.021710911284411338e+01 8.073295465173710284e+01
2.900000000000000000e+01 3.121980676328502471e-02 1.939283989028202371e-02 2.990820111367513334e+01 7.970958353732559942e+01
3.000000000000000000e+01 2.674897119341563753e-02 2.974081429727331097e-02 2.961279679383520858e+01 7.868421001564024664e+01
3.100000000000000000e+01 2.482736912514017097e-02 3.584550977782929165e-02 2.936201973288255473e+01 7.770703873131485295e+01
3.200000000000000000e+01 2.112532811576795996e-02 3.741007416782426293e-02 2.917352160500641389e+01 7.655660762453796053e+01
3.300000000000000000e+01 1.831706004459137532e-02 3.398001046962924321e-02 2.905066469503036686e+01 7.521864369023600716e+01
3.400000000000000000e+01 1.989160352997928691e-02 2.484351448954719155e-02 2.898950494558233260e+01 7.408863081506778769e+01
3.500000000000000000e+01 2.200452289127232189e-02 1.390333286608111223e-02 2.898180662463131796e+01 7.308968049298856329e+01
3.600000000000000000e+01 1.732306918988354982e-02 4.483571930338433459e-03 2.901316259226306826e+01 7.221786314885318347e+01
3.700000000000000000e+01 1.526245325700567763e-02 -9.913025475755175928e-04 2.906657820770595890e+01 7.141444763414580166e+01
3.800000000000000000e+01 6.030661919639613254e-03 -2.176190484172065009e-03 2.912376897265659537e+01 7.078010088534138333e+01
3.900000000000000000e+01 1.215832845499167014e-03 -6.946236610885473013e-04 2.916800402347700327e+01 7.018105005046889744e+01
4.000000000000000000e+01 -2.562522879668568260e-03 1.169902594871249273e-03 2.917866865247452424e+01 6.975247355763130486e+01
4.100000000000000000e+01 -3.381129403434236184e-03 1.728095033237118808e-03 2.913165498183664681e+01 6.941222145836491109e+01
4.200000000000000000e+01 -4.632554221941461402e-03 7.555666162046573370e-04 2.899471528380038166e+01 6.904884027366681210e+01
4.300000000000000000e+01 -1.014248613743244133e-02 -1.453437244762160324e-03 2.871894072673982734e+01 6.833906532481736917e+01
4.400000000000000000e+01 -1.320995921348998639e-02 -4.998828610148929076e-03 2.825402586012723205e+01 6.734080868787528118e+01
4.500000000000000000e+01 -1.062738642142370751e-02 -9.274049938284244926e-03 2.757654977121572060e+01 6.584378312371798359e+01
4.600000000000000000e+01 -9.165378274722177365e-03 -1.359807531603132724e-02 2.671783049386568365e+01 6.387493846444074563e+01
4.700000000000000000e+01 -1.416104485318390657e-02 -1.701023774645227596e-02 2.578099835911908499e+01 6.165805709745698948e+01
