# freqs 	 pli 	 dpli 	 meanpower(thalamus)	 meanpower(scalp)	pli
8.000000000000000000e+00 -7.847801160582114355e-02 -1.372854581643442595e-01 6.514879389278986654e-05 2.522871416886002705e-04
9.000000000000000000e+00 -4.010180656366101049e-02 -6.095474449721592636e-02 6.050212934032857910e-05 2.276713842920160787e-04
1.000000000000000000e+01 -6.963730529963141520e-03 -3.749408986985112296e-02 5.792138699504003447e-05 2.014282942623961306e-04
1.100000000000000000e+01 -5.084125822970007348e-03 -2.819213141651880430e-02 5.534881057598298187e-05 1.781263357046250365e-04
1.200000000000000000e+01 -7.915308695117452553e-03 -2.700060896624655038e-02 5.160105638299208229e-05 1.557715586454555209e-04
1.300000000000000000e+01 -5.889808108727833877e-03 -2.700961172682903380e-02 4.840386194940278020e-05 1.360496296543595607e-04
1.400000000000000000e+01 -1.378731509524170045e-03 -1.788258397867965172e-02 4.681467899244851164e-05 1.208894018560131340e-04
1.500000000000000000e+01 7.602375562904082479e-03 3.137554917280405142e-03 4.593093756969405747e-05 1.108493209431958158e-04
1.600000000000000000e+01 1.174972296507208712e-02 1.771004042375737275e-02 4.494728652745489468e-05 1.038245747747256181e-04
1.700000000000000000e+01 3.671072654377537017e-03 1.568987257463943033e-02 4.383185679629605577e-05 9.843099279628027612e-05
1.800000000000000000e+01 3.539451327771520311e-03 1.177668200540585991e-02 4.276753475970496821e-05 9.449874084935814059e-05
1.900000000000000000e+01 6.762621493499680267e-03 1.544592448508792099e-02 4.196682720510850636e-05 9.159656193664797918e-05
2.000000000000000000e+01 5.169443943991177022e-03 2.032771592209951100e-02 4.139538464821337894e-05 8.924623426682726983e-05
2.100000000000000000e+01 5.414911393225072846e-03 2.072374599614159804e-02 4.093354223314387249e-05 8.727298986179806578e-05
2.200000000000000000e+01 4.714425418094594922e-03 1.773624204031223547e-02 4.052716980147906377e-05 8.550807800001047128e-05
2.300000000000000000e+01 3.611970613121304099e-03 1.413518162799333802e-02 4.019740898046566554e-05 8.376889578913355940e-05
2.400000000000000000e+01 -3.092758986457882532e-03 1.033242298928395940e-02 3.992339271381084917e-05 8.183702439424136998e-05
2.500000000000000000e+01 -6.233020842346887261e-03 5.164648854209293559e-03 3.967613413808438594e-05 7.975419961864017610e-05
2.600000000000000000e+01 -6.833747629481409097e-03 -1.239179289390573762e-03 3.948937086315731004e-05 7.761418075328930881e-05
2.700000000000000000e+01 -7.928914361073922945e-03 -7.223108869354444989e-03 3.938027724380865246e-05 7.557761742576661265e-05
2.800000000000000000e+01 -6.912011246147197266e-03 -1.135831788438231363e-02 3.931359517111053054e-05 7.374920176747814713e-05
2.900000000000000000e+01 -5.538711634712804865e-03 -1.385874543980166948e-02 3.927838463059301987e-05 7.219850842146187516e-05
3.000000000000000000e+01 -8.021479221909870450e-03 -1.639186407758343525e-02 3.927896286954100864e-05 7.094997942450711516e-05
3.100000000000000000e+01 -1.042591054692134332e-02 -2.088576848796570504e-02 3.933331768859436194e-05 7.002436780574371265e-05
3.200000000000000000e+01 -1.455188229456152137e-02 -2.788414332242504512e-02 3.941526921605941294e-05 6.936009611776492454e-05
3.300000000000000000e+01 -1.765553539123266083e-02 -3.603537754045268993e-02 3.948791865390499113e-05 6.890246462776822441e-05
3.400000000000000000e+01 -1.954487905960007252e-02 -4.323484220207025192e-02 3.953059535295821942e-05 6.859303448808149741e-05
3.500000000000000000e+01 -2.144868719242184335e-02 -4.758325112166498366e-02 3.953051691912302777e-05 6.838074864358120210e-05
3.600000000000000000e+01 -2.113244897494823485e-02 -4.839528909585352062e-02 3.946070062380709032e-05 6.819563090144829213e-05
3.700000000000000000e+01 -1.991292420538360794e-02 -4.593421601943607768e-02 3.930422442431209627e-05 6.797811080667575713e-05
3.800000000000000000e+01 -1.840745433198234804e-02 -4.092898300071141915e-02 3.905842232954911058e-05 6.771056201197158883e-05
3.900000000000000000e+01 -1.536030197603292617e-02 -3.424714800345077248e-02 3.872933834735465164e-05 6.738651648622165163e-05
4.000000000000000000e+01 -1.265609339742217350e-02 -2.670140784606065201e-02 3.834644199701178047e-05 6.701783736371779256e-05
4.100000000000000000e+01 -9.672396352297999572e-03 -1.889265363460901695e-02 3.792285076893274086e-05 6.661682831299806649e-05
4.200000000000000000e+01 -9.212487617878741333e-03 -1.122303600645994069e-02 3.744067614347385231e-05 6.615194005390702880e-05
4.300000000000000000e+01 -6.676401902348388928e-03 -3.887536489921432446e-03 3.686059627859960549e-05 6.553070708492254588e-05
4.400000000000000000e+01 -5.224745485395709994e-03 3.060235265863544413e-03 3.611810031978186883e-05 6.461941137165028485e-05
4.500000000000000000e+01 -3.137372218824611893e-03 9.437764240786171779e-03 3.516351995399935950e-05 6.330123244107942789e-05
4.600000000000000000e+01 -1.874169402196753731e-04 1.495144063624752676e-02 3.402129866465207654e-05 6.156792170160249405e-05
4.700000000000000000e+01 6.378721946399807221e-04 1.916365927569436967e-02 3.281055450579532432e-05 5.958200580005950877e-05
