# freqs 	 pli 	 dpli 	 meanpower(thalamus)	 meanpower(scalp)	pli
8.000000000000000000e+00 5.787519718098990684e-02 1.211735942758846579e-01 8.853514981816051411e-05 2.282495534197133522e-04
9.000000000000000000e+00 3.205431431499385087e-02 6.711659170717552969e-02 8.250763747989496339e-05 2.013922357990116088e-04
1.000000000000000000e+01 1.508657962207177530e-02 3.409330147502753067e-02 7.918084003294459633e-05 1.736853725228058171e-04
1.100000000000000000e+01 9.287903386780753390e-03 2.085219918252066706e-02 7.515460636771351967e-05 1.546639666896479327e-04
1.200000000000000000e+01 7.725038524392902409e-03 7.057372089520732965e-03 7.054900585853837735e-05 1.428867118829133768e-04
1.300000000000000000e+01 -1.438975219407746635e-03 -3.921336690220308084e-03 6.745642383635121436e-05 1.359124505842207551e-04
1.400000000000000000e+01 -4.288461742416547866e-03 -6.978477536751838579e-03 6.614802113840809910e-05 1.315414153762727316e-04
1.500000000000000000e+01 -1.418474885268828376e-03 -4.411285763732042918e-03 6.577873929498603497e-05 1.283526317221408866e-04
1.600000000000000000e+01 -4.051258476037236937e-04 -1.952376055473987191e-03 6.572083450158336924e-05 1.261995499571351594e-04
1.700000000000000000e+01 -2.319306028310934471e-03 -1.652443002827770754e-03 6.585292218498556619e-05 1.250259173937219321e-04
1.800000000000000000e+01 -5.629359443024828207e-03 -4.582723752501331564e-03 6.617422185798091405e-05 1.242464297544673669e-04
1.900000000000000000e+01 -6.810940265621647643e-03 -1.096538299096065476e-02 6.675222328537650342e-05 1.234689675840835521e-04
2.000000000000000000e+01 -8.468680156878946597e-03 -1.503167466369677990e-02 6.738452784291945597e-05 1.225241211047521975e-04
2.100000000000000000e+01 -6.536781924242882937e-03 -1.116706772243375098e-02 6.790118977690572371e-05 1.211252582367101899e-04
2.200000000000000000e+01 -4.985956163731488158e-04 2.513555076510046345e-03 6.852276657108730682e-05 1.190799461731060675e-04
2.300000000000000000e+01 1.405360697061199329e-02 3.025305874204026885e-02 6.970700214025108592e-05 1.165650194399199221e-04
2.400000000000000000e+01 3.475713003057595563e-02 7.581712307915901283e-02 7.188515483614147403e-05 1.138120491410256541e-04
2.500000000000000000e+01 5.461335043159069869e-02 1.273431948170067329e-01 7.471742753017259679e-05 1.108723280314247145e-04
2.600000000000000000e+01 6.259715919540322082e-02 1.608735537445075969e-01 7.714937305168318891e-05 1.076121622955897945e-04
2.700000000000000000e+01 5.947997187024218341e-02 1.623049105498989009e-01 7.843511344924242222e-05 1.040246001193607321e-04
2.800000000000000000e+01 4.826079344865868981e-02 1.346604585399320264e-01 7.876342085222294868e-05 1.003621568586438300e-04
2.900000000000000000e+01 3.269907997706206909e-02 9.224687933376857218e-02 7.887742462077374731e-05 9.689828264115060274e-05
3.000000000000000000e+01 1.697663430976720234e-02 5.029749139121254126e-02 7.945421668647325046e-05 9.385726074249114883e-05
3.100000000000000000e+01 4.495270678925086284e-03 1.768056034734803716e-02 8.063127571815401789e-05 9.137705739377757243e-05
3.200000000000000000e+01 -2.882776568445682107e-03 -4.106181021313505194e-03 8.200950513704480303e-05 8.944187124812224448e-05
3.300000000000000000e+01 -6.137032667332756493e-03 -1.699821909298397660e-02 8.295240924545200817e-05 8.794442359903839775e-05
3.400000000000000000e+01 -7.294966787724765575e-03 -2.340529175198218306e-02 8.297939630883411754e-05 8.675866486954818225e-05
3.500000000000000000e+01 -6.906641579355909423e-03 -2.525527851253711598e-02 8.194627370792625562e-05 8.578721412449765728e-05
3.600000000000000000e+01 -6.166059026628976578e-03 -2.426899605982166599e-02 8.002603033641933971e-05 8.498727555176509882e-05
3.700000000000000000e+01 -5.611034444280123094e-03 -2.198940508613395767e-02 7.756987564879724829e-05 8.434691131405641217e-05
3.800000000000000000e+01 -5.646984022770310668e-03 -1.965321851895378627e-02 7.495379966011737817e-05 8.386362060550529287e-05
3.900000000000000000e+01 -5.942961797952886135e-03 -1.802187836784800018e-02 7.245841363304033873e-05 8.352703132430567277e-05
4.000000000000000000e+01 -6.372612728313818697e-03 -1.740226902980827189e-02 7.024682657360931343e-05 8.331642991762341953e-05
4.100000000000000000e+01 -5.874630690512213857e-03 -1.777177402750353477e-02 6.835890140566409868e-05 8.317215037083985332e-05
4.200000000000000000e+01 -6.664379965999775619e-03 -1.892539536453808485e-02 6.671392255147332137e-05 8.297763668031914500e-05
4.300000000000000000e+01 -8.625175144409793701e-03 -2.057738015080997490e-02 6.513833742440799338e-05 8.254512091710109649e-05
4.400000000000000000e+01 -1.085964779646252272e-02 -2.248603385521596304e-02 6.343074965964350586e-05 8.166191287072087183e-05
4.500000000000000000e+01 -1.208010272421104932e-02 -2.449585435652070972e-02 6.144555822292671024e-05 8.018440010539848234e-05
4.600000000000000000e+01 -1.325604497344805982e-02 -2.665174223523045574e-02 5.917835345170099405e-05 7.813943015119847926e-05
4.700000000000000000e+01 -1.457402648780131357e-02 -2.918104105858891281e-02 5.680317313189101031e-05 7.578146614148059733e-05
