# freqs 	 pli 	 dpli 	 meanpower(thalamus)	 meanpower(scalp)	pli
8.000000000000000000e+00 1.495480360153446896e-02 3.082930785590232495e-02 8.171713922956783449e+01 1.808652018989195369e+02
9.000000000000000000e+00 2.023200048802691747e-02 7.556889567126200136e-02 7.352950090494398694e+01 1.860520226849967855e+02
1.000000000000000000e+01 1.229215147644626381e-02 6.214056050611784648e-02 6.802690996688714620e+01 1.686095988587800605e+02
1.100000000000000000e+01 1.013713444931548836e-02 4.891989080120461714e-02 6.486814736617968435e+01 1.463999827750805593e+02
1.200000000000000000e+01 9.549503749321194487e-03 4.489123345702666218e-02 6.296985421561049634e+01 1.295298182213321354e+02
1.300000000000000000e+01 1.611545939822878540e-02 5.105906807701270089e-02 6.164418276169997313e+01 1.175736017379856833e+02
1.400000000000000000e+01 1.605243155645427397e-02 5.944830802048293311e-02 6.051469595736063667e+01 1.095627713897437729e+02
1.500000000000000000e+01 1.718637722152805553e-02 5.549342787326375787e-02 5.950964734261150113e+01 1.042486153645115223e+02
1.600000000000000000e+01 1.474383296294500163e-02 4.137331796570461323e-02 5.837204841128009036e+01 1.004049565736652454e+02
1.700000000000000000e+01 6.122886915281944981e-03 2.887267999320123832e-02 5.740929768689550627e+01 9.676229271956022160e+01
1.800000000000000000e+01 -1.040660751411594948e-03 1.760457999611753782e-02 5.668327842278554130e+01 9.287917473598221818e+01
1.900000000000000000e+01 -5.250406166704647479e-03 3.868149766493393475e-03 5.612792759497402528e+01 8.919671188753835622e+01
2.000000000000000000e+01 -9.882353473820987624e-03 -1.087855921010492770e-02 5.566702115491677461e+01 8.604018634583894709e+01
2.100000000000000000e+01 -1.289751033077695883e-02 -2.542996442205843616e-02 5.593049080956850361e+01 8.374161150133161868e+01
2.200000000000000000e+01 -2.034680815407125323e-02 -4.387376732239278015e-02 5.931910949542810130e+01 8.311510489790174461e+01
2.300000000000000000e+01 -2.955394084478151287e-02 -6.987410636068816516e-02 6.920551406166605091e+01 8.525149944973614424e+01
2.400000000000000000e+01 -4.051700219319596952e-02 -9.620423172651258736e-02 8.509020393480092537e+01 8.982730556613246620e+01
2.500000000000000000e+01 -4.741612364027953525e-02 -1.111825455735973300e-01 1.024674478965908833e+02 9.384039349336407554e+01
2.600000000000000000e+01 -4.643312992505133768e-02 -1.081936512547723578e-01 1.184559334052761415e+02 9.420289209507524220e+01
2.700000000000000000e+01 -3.591264322437662942e-02 -8.846598407504946415e-02 1.318238446330639135e+02 9.015465520337764360e+01
2.800000000000000000e+01 -2.229792193094020172e-02 -6.071506010770515160e-02 1.396961068098432008e+02 8.316238937390286878e+01
2.900000000000000000e+01 -1.217104508207044952e-02 -3.347447276862870746e-02 1.390680578741428519e+02 7.545060625858349113e+01
3.000000000000000000e+01 -4.189634682655315329e-03 -1.145348668788609588e-02 1.298166544762865726e+02 6.873684781047239767e+01
3.100000000000000000e+01 1.145953052818932724e-03 3.730893019982623945e-03 1.147273203014794092e+02 6.372031752597143850e+01
3.200000000000000000e+01 4.418197994023062222e-03 1.266020923728966401e-02 9.769934104014362219e+01 6.026421863658869427e+01
3.300000000000000000e+01 5.885423208429278914e-03 1.720978293267665105e-02 8.203441834237320052e+01 5.792045575485215636e+01
3.400000000000000000e+01 7.201731583382644554e-03 1.918198768525886458e-02 6.961953925687107869e+01 5.625423222031074033e+01
3.500000000000000000e+01 8.419728833892085179e-03 1.970225486018831185e-02 6.087252869404623112e+01 5.496906729523151824e+01
3.600000000000000000e+01 7.296374323225760829e-03 1.935129842824615670e-02 5.518631357741692511e+01 5.389020209644394299e+01
3.700000000000000000e+01 6.513801730033660746e-03 1.849388193525296903e-02 5.163186968786262554e+01 5.292590796085410432e+01
3.800000000000000000e+01 7.743432381980397579e-03 1.737434127925930466e-02 4.939273790065981018e+01 5.203098991141220608e+01
3.900000000000000000e+01 7.967236782539927759e-03 1.614649423435790890e-02 4.790620006932708463e+01 5.119450838869691722e+01
4.000000000000000000e+01 7.845066468775101567e-03 1.480183340126521238e-02 4.682393227700958249e+01 5.041154117776716959e+01
4.100000000000000000e+01 7.699658854774366588e-03 1.326358926913578581e-02 4.594674284863061331e+01 4.965701603345966220e+01
4.200000000000000000e+01 6.556985574853874121e-03 1.150183979767504736e-02 4.513622543286232514e+01 4.887424727205726072e+01
4.300000000000000000e+01 6.491454593416357520e-03 9.662072637377040751e-03 4.427295271458140036e+01 4.797448339200315104e+01
4.400000000000000000e+01 5.437042160251474854e-03 7.714500541497766768e-03 4.326118900030139258e+01 4.685723440557894293e+01
4.500000000000000000e+01 4.147825942221162153e-03 5.787436573760811401e-03 4.205186166132587289e+01 4.545633081059480674e+01
4.600000000000000000e+01 2.878133505466790119e-03 3.802666824497249673e-03 4.070366130485721357e+01 4.379720140565648023e+01
4.700000000000000000e+01 1.248811744262422370e-03 1.531705870556933574e-03 3.941558126573053045e+01 4.202221932292435724e+01
