# freqs 	 pli 	 dpli 	 meanpower(thalamus)	 meanpower(scalp)	pli
8.000000000000000000e+00 7.811646273523079054e-02 1.767118818492904309e-01 6.550850217557943709e-05 2.282495534197133522e-04
9.000000000000000000e+00 4.401281319385221685e-02 9.418176928054071417e-02 6.213806119655524958e-05 2.013922357990116088e-04
1.000000000000000000e+01 1.885228771617578764e-02 5.618321035991328399e-02 6.338490308473697116e-05 1.736853725228058171e-04
1.100000000000000000e+01 1.025248567568349395e-02 5.204848228540120275e-02 6.469907098094774818e-05 1.546639666896479327e-04
1.200000000000000000e+01 5.930421510975445940e-03 3.318373773045302927e-02 6.151719853067787354e-05 1.428867118829133768e-04
1.300000000000000000e+01 -6.034818913262443704e-04 1.196573162618840697e-02 5.768400917287233310e-05 1.359124505842207551e-04
1.400000000000000000e+01 -4.607281653606813167e-03 -1.509188815781621086e-04 5.583628122070720840e-05 1.315414153762727316e-04
1.500000000000000000e+01 -4.858969068172927681e-03 -2.491375256301349168e-03 5.558571279364665432e-05 1.283526317221408866e-04
1.600000000000000000e+01 -3.052734756485448592e-03 -7.129084787836023358e-04 5.580821161873642823e-05 1.261995499571351594e-04
1.700000000000000000e+01 -1.860758382637698553e-03 -2.089503197345509225e-03 5.608295657612931813e-05 1.250259173937219321e-04
1.800000000000000000e+01 -3.822236372684252072e-03 -7.207396122400547625e-03 5.639672218571927355e-05 1.242464297544673669e-04
1.900000000000000000e+01 -7.330198707315841757e-03 -1.306079588539961825e-02 5.682831674077840669e-05 1.234689675840835521e-04
2.000000000000000000e+01 -9.531411349713563713e-03 -1.532438781381485413e-02 5.740171017036195826e-05 1.225241211047521975e-04
2.100000000000000000e+01 -7.470477630702941803e-03 -1.313485929721129077e-02 5.808648801046358852e-05 1.211252582367101899e-04
2.200000000000000000e+01 -5.696272387828084371e-03 -7.510344175550841619e-03 5.884871142872881075e-05 1.190799461731060675e-04
2.300000000000000000e+01 -1.459070201343818382e-03 1.040867208354417711e-03 5.988828924413428612e-05 1.165650194399199221e-04
2.400000000000000000e+01 3.663058683505471258e-03 1.083567860617622690e-02 6.137821364740682112e-05 1.138120491410256541e-04
2.500000000000000000e+01 6.139900629544072473e-03 1.818466809023824501e-02 6.309195225123471595e-05 1.108723280314247145e-04
2.600000000000000000e+01 5.681823260170660098e-03 1.993934166431321139e-02 6.448806384754309374e-05 1.076121622955897945e-04
2.700000000000000000e+01 4.014635915254955063e-03 1.590166213574070384e-02 6.521873742949612718e-05 1.040246001193607321e-04
2.800000000000000000e+01 1.995523608275517110e-03 8.374924517259133699e-03 6.547348066432015577e-05 1.003621568586438300e-04
2.900000000000000000e+01 -1.906277063586463193e-03 4.242587974186190405e-04 6.575112076050770101e-05 9.689828264115060274e-05
3.000000000000000000e+01 -4.489429259329930436e-03 -5.585834336100868082e-03 6.653881531209759881e-05 9.385726074249114883e-05
3.100000000000000000e+01 -5.533858935008151639e-03 -8.870009667626955335e-03 6.803604477279809630e-05 9.137705739377757243e-05
3.200000000000000000e+01 -6.150937215501068797e-03 -9.992502383219782625e-03 7.008079872839914181e-05 8.944187124812224448e-05
3.300000000000000000e+01 -6.120337100766239102e-03 -1.005863885124997845e-02 7.221505505941399044e-05 8.794442359903839775e-05
3.400000000000000000e+01 -6.261829661446898128e-03 -1.006081308203824604e-02 7.393036876703751445e-05 8.675866486954818225e-05
3.500000000000000000e+01 -6.351577019612212639e-03 -1.058488906043254275e-02 7.487295657726036598e-05 8.578721412449765728e-05
3.600000000000000000e+01 -6.479520205893365623e-03 -1.188275319260533903e-02 7.493090092338228583e-05 8.498727555176509882e-05
3.700000000000000000e+01 -6.765810473392483773e-03 -1.389810947059139795e-02 7.420267275784812010e-05 8.434691131405641217e-05
3.800000000000000000e+01 -8.192649091021717705e-03 -1.633484204980771917e-02 7.291366846526405640e-05 8.386362060550529287e-05
3.900000000000000000e+01 -1.027861248192201565e-02 -1.883632213138298692e-02 7.132312257207006913e-05 8.352703132430567277e-05
4.000000000000000000e+01 -1.141328337474634136e-02 -2.110077196235700739e-02 6.964426523062423305e-05 8.331642991762341953e-05
4.100000000000000000e+01 -1.139321318953391386e-02 -2.300758878720705544e-02 6.800599410060541945e-05 8.317215037083985332e-05
4.200000000000000000e+01 -1.136707387393368421e-02 -2.456746397767965023e-02 6.641735436226609099e-05 8.297763668031914500e-05
4.300000000000000000e+01 -1.148878810284459720e-02 -2.582090491002237906e-02 6.478352731864521724e-05 8.254512091710109649e-05
4.400000000000000000e+01 -1.113874372644852936e-02 -2.678873809018813418e-02 6.296362140627547593e-05 8.166191287072087183e-05
4.500000000000000000e+01 -1.115098484514583099e-02 -2.750803732356543047e-02 6.085343225503297054e-05 8.018440010539848234e-05
4.600000000000000000e+01 -1.190013549888892415e-02 -2.805037230762975550e-02 5.846812080667404131e-05 7.813943015119847926e-05
4.700000000000000000e+01 -1.281367581876549817e-02 -2.855020264946451017e-02 5.598080533874186357e-05 7.578146614148059733e-05
