# freqs 	 pli 	 dpli 	 meanpower(thalamus)	 meanpower(scalp)	pli
8.000000000000000000e+00 1.650483270472441130e-02 5.662895551303963326e-02 1.580752186156553977e-04 5.353010830845196955e-04
9.000000000000000000e+00 1.810629817790924967e-02 4.470878322896940094e-02 1.636379609606594676e-04 4.180619970172276285e-04
1.000000000000000000e+01 -7.677546435612302893e-04 -3.793047565717234688e-03 1.721030773475969980e-04 3.215177632076714372e-04
1.100000000000000000e+01 -2.739751140940127269e-02 -5.371893540200278067e-02 1.671258316648109490e-04 2.761892053953027434e-04
1.200000000000000000e+01 -3.486334499204190793e-03 -1.785069237755823948e-02 1.539487337299673517e-04 2.731594596985112227e-04
1.300000000000000000e+01 2.186862700606169788e-02 6.556010810155110669e-02 1.375988817628348191e-04 2.780776351834389959e-04
1.400000000000000000e+01 2.746767642524272288e-02 8.390757059209154323e-02 1.197097658869086779e-04 2.511807996543087432e-04
1.500000000000000000e+01 1.889204853616418753e-02 5.706613229807891430e-02 1.049410028899399797e-04 2.048321372743888572e-04
1.600000000000000000e+01 1.081303084865925870e-02 2.861869264131962701e-02 9.569975560044989104e-05 1.656074143470969860e-04
1.700000000000000000e+01 4.403214340835940113e-03 5.044581072300147011e-03 8.986587769965334799e-05 1.406827756158324574e-04
1.800000000000000000e+01 -4.631243632251208150e-03 -1.850892847400058966e-02 8.515427002370579265e-05 1.253832878821052143e-04
1.900000000000000000e+01 -9.338305353518743662e-03 -3.478243149758444147e-02 8.080094955285873151e-05 1.149892523344062925e-04
2.000000000000000000e+01 -8.797237856500970260e-03 -4.022035332308839667e-02 7.671377545389842286e-05 1.074949366026821412e-04
2.100000000000000000e+01 -8.442084876873361121e-03 -3.947917638806917873e-02 7.286495085826038697e-05 1.018783150452191226e-04
2.200000000000000000e+01 -8.790368705724463036e-03 -3.694979392076528507e-02 6.932973306951788954e-05 9.732089584083046876e-05
2.300000000000000000e+01 -1.138285153321189763e-02 -3.559038703153749594e-02 6.619882755396185926e-05 9.330443110315679394e-05
2.400000000000000000e+01 -1.160530154985005800e-02 -3.627824551775941930e-02 6.343984508667075415e-05 8.968606445212017649e-05
2.500000000000000000e+01 -1.069705612873161557e-02 -3.705100743648498396e-02 6.101124418310756076e-05 8.637243508866381989e-05
2.600000000000000000e+01 -1.080616877927772709e-02 -3.567928374042776685e-02 5.881981077923297718e-05 8.301925155493648052e-05
2.700000000000000000e+01 -8.323654665118080179e-03 -3.173775905388996621e-02 5.682847899436263897e-05 7.940183675249981598e-05
2.800000000000000000e+01 -5.600920094890412052e-03 -2.600875320817943800e-02 5.505463010906215483e-05 7.557910980514100238e-05
2.900000000000000000e+01 -3.294863254172593434e-03 -1.918441505587789239e-02 5.349325788166692572e-05 7.184512765310169941e-05
3.000000000000000000e+01 -6.723439880632216779e-04 -1.168223129443646431e-02 5.213818700552503947e-05 6.850978857023396395e-05
3.100000000000000000e+01 2.122682377404262657e-03 -4.150249680801893111e-03 5.095936912569348288e-05 6.575790681298815789e-05
3.200000000000000000e+01 4.805993793781630427e-03 2.513385754808865943e-03 4.992036857307263227e-05 6.363721978060884695e-05
3.300000000000000000e+01 5.833629608961174787e-03 7.692287320172751935e-03 4.898572392159100702e-05 6.206204969128749198e-05
3.400000000000000000e+01 6.563996291896172924e-03 1.129935769979429315e-02 4.812460317535694664e-05 6.089009205512189532e-05
3.500000000000000000e+01 7.541423831169306348e-03 1.355795192789119828e-02 4.732072850264011063e-05 5.998510854818053095e-05
3.600000000000000000e+01 7.307768891808796158e-03 1.472961833674863753e-02 4.657487894257579043e-05 5.926769744894423350e-05
3.700000000000000000e+01 6.962759725449367901e-03 1.503284598741013063e-02 4.588023040928305090e-05 5.869266208307854734e-05
3.800000000000000000e+01 7.561334605929269717e-03 1.467622250321622308e-02 4.522706519009414637e-05 5.824511855820230672e-05
3.900000000000000000e+01 6.003219264293500022e-03 1.390895811241056254e-02 4.461483361950524946e-05 5.791329054509615335e-05
4.000000000000000000e+01 5.282045600385580630e-03 1.301289551523618186e-02 4.403250954472783056e-05 5.768165942413272214e-05
4.100000000000000000e+01 5.059747423167422833e-03 1.226383127227265342e-02 4.345677374640642910e-05 5.748440864691263476e-05
4.200000000000000000e+01 4.309964261713357045e-03 1.187256062217991771e-02 4.284174603847226286e-05 5.722248972979204702e-05
4.300000000000000000e+01 4.462365137877804047e-03 1.190682179931227408e-02 4.211162421931069168e-05 5.675028120826710492e-05
4.400000000000000000e+01 4.871059205132213799e-03 1.232763698663462415e-02 4.118435101076933704e-05 5.592102508329012238e-05
4.500000000000000000e+01 5.228556759756870786e-03 1.299694889156614505e-02 4.000805954103468722e-05 5.464246000886208013e-05
4.600000000000000000e+01 6.636998949596371010e-03 1.377992580365503331e-02 3.860435271859238930e-05 5.294538630303762905e-05
4.700000000000000000e+01 7.227776162733487268e-03 1.455928791213064420e-02 3.710196706579731054e-05 5.101410370522317054e-05
