# freqs 	 pli 	 dpli 	 meanpower(thalamus)	 meanpower(scalp)	pli
8.000000000000000000e+00 -3.584807729687065903e-02 -1.262017443757383894e-01 6.569379352828847113e-05 2.975385015222044858e-04
9.000000000000000000e+00 -6.609636283668210779e-03 -4.394861027392773373e-02 6.354136422537917986e-05 2.794997943174190786e-04
1.000000000000000000e+01 -1.069897366657021100e-02 -2.886447301513249061e-02 6.063662964690861391e-05 2.120886294115943563e-04
1.100000000000000000e+01 -1.253546212435313265e-02 -2.237262370238763537e-02 5.857168975506520342e-05 1.656380275122626932e-04
1.200000000000000000e+01 -1.170720531960452865e-02 -1.362280127876163219e-03 5.740742455397467307e-05 1.476127456994742650e-04
1.300000000000000000e+01 -1.089702202866483713e-02 7.043592484008160369e-03 5.699212083028459266e-05 1.444378688043059227e-04
1.400000000000000000e+01 -8.759115239122594598e-03 -1.343358162199754288e-03 5.739668212936972351e-05 1.454199634750396979e-04
1.500000000000000000e+01 -4.913028745105592517e-03 -7.214414908550506253e-03 5.864547061787476730e-05 1.451998185254979405e-04
1.600000000000000000e+01 -2.680203518234256649e-03 -4.563672540325088012e-03 6.010627145548348840e-05 1.421546011435597030e-04
1.700000000000000000e+01 -6.515480734378298767e-04 -7.175006001245508953e-04 6.083388016613670927e-05 1.366606238121182901e-04
1.800000000000000000e+01 5.820911291571174767e-04 1.107910725110624684e-03 6.058809809970043119e-05 1.296379210522633949e-04
1.900000000000000000e+01 1.263790000017083436e-03 2.203311769802556233e-03 5.986259527646820456e-05 1.224280393765748911e-04
2.000000000000000000e+01 2.001345721110772084e-03 4.214070040744301478e-03 5.925315941116511879e-05 1.162083785835333607e-04
2.100000000000000000e+01 3.626316226278021148e-03 7.584462890066245681e-03 5.903506989559176912e-05 1.113826319821642990e-04
2.200000000000000000e+01 6.654648701820513150e-03 1.261489445274428106e-02 5.921019838035548855e-05 1.077167263157653406e-04
2.300000000000000000e+01 1.065641867584498151e-02 2.028981293217207299e-02 5.972296512028331503e-05 1.048912692067023632e-04
2.400000000000000000e+01 1.706909933346073896e-02 3.194911142332266391e-02 6.063067369401585737e-05 1.026715994437887354e-04
2.500000000000000000e+01 2.542564161047674784e-02 4.832237242753453788e-02 6.203653460648610131e-05 1.009233403513226825e-04
2.600000000000000000e+01 3.501720058203676433e-02 6.651191618112298198e-02 6.386767646242164499e-05 9.942694691238324089e-05
2.700000000000000000e+01 4.196414588188081968e-02 7.983285249804428219e-02 6.575596151936385415e-05 9.797775969389135907e-05
2.800000000000000000e+01 4.296340121366266918e-02 8.291641982756765838e-02 6.728276752577034051e-05 9.632969338886042670e-05
2.900000000000000000e+01 3.827737047829080780e-02 7.524740052448009031e-02 6.830930586479156937e-05 9.453676908620764670e-05
3.000000000000000000e+01 3.103071846920734192e-02 6.084520703035070643e-02 6.897573093416941496e-05 9.275170232784707750e-05
3.100000000000000000e+01 2.288930833577679236e-02 4.492741169685604552e-02 6.948608180367152147e-05 9.124468393339743371e-05
3.200000000000000000e+01 1.613627127537195505e-02 3.145372704307222711e-02 6.991803194935532879e-05 9.007047541183405557e-05
3.300000000000000000e+01 1.192863436811208815e-02 2.207746996683781701e-02 7.020427110462658913e-05 8.916544885851055856e-05
3.400000000000000000e+01 9.413060716459146354e-03 1.671113912717894431e-02 7.023436251248078692e-05 8.853722094031793053e-05
3.500000000000000000e+01 7.769059632158376895e-03 1.455370181169038379e-02 6.993648760484497194e-05 8.803524147662182683e-05
3.600000000000000000e+01 7.660294761726913967e-03 1.468083653974634403e-02 6.932726010809263915e-05 8.764352596342159349e-05
3.700000000000000000e+01 7.908592529677221233e-03 1.628115352695870890e-02 6.848756719004529369e-05 8.733670417406444171e-05
3.800000000000000000e+01 9.043849588630763561e-03 1.875868102319742242e-02 6.752987003298131145e-05 8.715148839361434830e-05
3.900000000000000000e+01 1.061557073134596421e-02 2.170637172459713785e-02 6.654569034418854638e-05 8.699667259960837916e-05
4.000000000000000000e+01 1.222422710126334737e-02 2.484688622409043229e-02 6.559376850595928933e-05 8.690199173116953078e-05
4.100000000000000000e+01 1.355182237660368036e-02 2.794752687627847371e-02 6.467797655562919931e-05 8.681454147688858120e-05
4.200000000000000000e+01 1.520652265703468890e-02 3.081922855237700931e-02 6.374026462467117095e-05 8.662051515777855794e-05
4.300000000000000000e+01 1.667310460742513559e-02 3.331625690725032590e-02 6.266462937027222891e-05 8.609054502707313972e-05
4.400000000000000000e+01 1.778920587346505613e-02 3.538794127072033419e-02 6.132174873355253895e-05 8.510524790799214141e-05
4.500000000000000000e+01 1.845688170622781024e-02 3.700799296892325757e-02 5.962075557568170781e-05 8.347956510487232527e-05
4.600000000000000000e+01 1.911282465129023750e-02 3.818381002399383328e-02 5.759587894494262581e-05 8.125851329460012944e-05
4.700000000000000000e+01 1.924090068726480932e-02 3.889887764514456114e-02 5.544560944590583919e-05 7.872376473802553446e-05
