# freqs 	 pli 	 dpli 	 meanpower(thalamus)	 meanpower(scalp)	pli
8.000000000000000000e+00 -2.710441902734847010e-03 -7.067009577106759047e-03 7.631059923311155600e-05 2.088301396198722140e-04
9.000000000000000000e+00 1.263842229196717208e-03 -6.185206483911753934e-03 7.101185680335211870e-05 1.888200517784456784e-04
1.000000000000000000e+01 -7.917447410497080104e-03 -1.878645992565457570e-02 7.024073574441959042e-05 1.819860076455391518e-04
1.100000000000000000e+01 -6.599072821722076765e-02 -1.544550268836113738e-01 7.778712948910206397e-05 2.010553240366044119e-04
1.200000000000000000e+01 -1.147408699682976596e-01 -2.846636053576196423e-01 8.995487704587692263e-05 2.381198247621440123e-04
1.300000000000000000e+01 -1.284541825571535734e-01 -2.982185803641473898e-01 9.668222286512881099e-05 2.604559746960924860e-04
1.400000000000000000e+01 -1.146655322888538442e-01 -2.582510525120519373e-01 9.427909460027086408e-05 2.449368189897818768e-04
1.500000000000000000e+01 -8.967506213907165680e-02 -2.041646351922378200e-01 8.588334828664085144e-05 2.060689653804831335e-04
1.600000000000000000e+01 -6.799377714070305168e-02 -1.576845055125127848e-01 7.589920583515747114e-05 1.682562465590165673e-04
1.700000000000000000e+01 -5.200423296902904197e-02 -1.200685585729385912e-01 6.664003559124971360e-05 1.421112206024196275e-04
1.800000000000000000e+01 -4.131166510358443705e-02 -9.040637189962945353e-02 5.875694365102837548e-05 1.263819437047692589e-04
1.900000000000000000e+01 -3.471545533701151515e-02 -6.938103341679828506e-02 5.231782250580568644e-05 1.168550108080499626e-04
2.000000000000000000e+01 -2.997636211655472019e-02 -5.732959335935555734e-02 4.730821996354223508e-05 1.105335298375176442e-04
2.100000000000000000e+01 -2.715073615836995080e-02 -5.124974186409997357e-02 4.360392540202778251e-05 1.058775178697725399e-04
2.200000000000000000e+01 -2.564470979267604103e-02 -4.720261380889232555e-02 4.095753092513783924e-05 1.021784341283608471e-04
2.300000000000000000e+01 -2.459874343636654984e-02 -4.347716664966266159e-02 3.906928240132090993e-05 9.917175062195484085e-05
2.400000000000000000e+01 -2.372329512908688542e-02 -3.969834730937373685e-02 3.764430723232251681e-05 9.668539732412957080e-05
2.500000000000000000e+01 -2.130315317852508189e-02 -3.567389022147741257e-02 3.644251812195593729e-05 9.457350822696989853e-05
2.600000000000000000e+01 -1.948678879354084556e-02 -3.114463710026054918e-02 3.531492773666091892e-05 9.271129352793129098e-05
2.700000000000000000e+01 -1.690406489600244574e-02 -2.634218454902228362e-02 3.419721899238441194e-05 9.103521109110523295e-05
2.800000000000000000e+01 -1.466325078255291056e-02 -2.191037884164118502e-02 3.309136558282665117e-05 8.948073650950631361e-05
2.900000000000000000e+01 -1.295673181655546298e-02 -1.858840624888403320e-02 3.203848803153465255e-05 8.808014272173386933e-05
3.000000000000000000e+01 -1.201469521828266336e-02 -1.669812660921702469e-02 3.107008102897175288e-05 8.685518122566101835e-05
3.100000000000000000e+01 -1.152285135027731472e-02 -1.619629384144452219e-02 3.021395070671894676e-05 8.585078954253627615e-05
3.200000000000000000e+01 -1.163192854157786213e-02 -1.673565321704232819e-02 2.947642050051494246e-05 8.504746384667411082e-05
3.300000000000000000e+01 -1.135772246231552159e-02 -1.793506851283089773e-02 2.885656062213818292e-05 8.439906959564844741e-05
3.400000000000000000e+01 -1.150653136364367633e-02 -1.954734557863102920e-02 2.834619982840946121e-05 8.390838980563842110e-05
3.500000000000000000e+01 -1.261718192967342146e-02 -2.145245315407110984e-02 2.792887005165460427e-05 8.352164620376512831e-05
3.600000000000000000e+01 -1.342588609234253612e-02 -2.349631999516749170e-02 2.759028336373571316e-05 8.322994683590277166e-05
3.700000000000000000e+01 -1.472638272167939646e-02 -2.543566605244066553e-02 2.731912822754350959e-05 8.300841889251915748e-05
3.800000000000000000e+01 -1.549114717674702352e-02 -2.699286741594622910e-02 2.710291445307181057e-05 8.284511464766844467e-05
3.900000000000000000e+01 -1.629931492488683950e-02 -2.805965909764547919e-02 2.692600064176594002e-05 8.268505825172441982e-05
4.000000000000000000e+01 -1.635166182332640702e-02 -2.867175467405674513e-02 2.677432510411610454e-05 8.251464639255251022e-05
4.100000000000000000e+01 -1.626834227644446962e-02 -2.902805814668243597e-02 2.662814637848452863e-05 8.228697591358746842e-05
4.200000000000000000e+01 -1.654076734541710253e-02 -2.934848249322533423e-02 2.645293502003040256e-05 8.190057417836625533e-05
4.300000000000000000e+01 -1.594218066395964445e-02 -2.976862603544744648e-02 2.619458880915452703e-05 8.117793322914584225e-05
4.400000000000000000e+01 -1.574107971749751089e-02 -3.034853048856104088e-02 2.579486648531550920e-05 7.998851914148561229e-05
4.500000000000000000e+01 -1.569246914707294813e-02 -3.109097440339170931e-02 2.521754660699577981e-05 7.821398044316516353e-05
4.600000000000000000e+01 -1.555969794964834167e-02 -3.201763268001343865e-02 2.448373555808102666e-05 7.592693095261247535e-05
4.700000000000000000e+01 -1.583110508574063144e-02 -3.318568325427081328e-02 2.368524868664516428e-05 7.341854919818468551e-05
