# freqs 	 pli 	 dpli 	 meanpower(thalamus)	 meanpower(scalp)	pli
8.000000000000000000e+00 6.479030958682297165e-04 1.261881962394471694e-02 1.069629000791058502e+02 1.818681284932931135e+02
9.000000000000000000e+00 -8.245600446535194736e-03 -1.715948881945561846e-02 1.047975058913607995e+02 1.798832780262980577e+02
1.000000000000000000e+01 -1.196761358887392900e-02 -3.286215239802314086e-02 1.065890640646992011e+02 1.668797332944236018e+02
1.100000000000000000e+01 -2.500091703416137609e-02 -8.066249816676174245e-02 1.176793193686446131e+02 1.575400357351928733e+02
1.200000000000000000e+01 -6.484013129687291044e-02 -2.187451879863459570e-01 1.447062977582803853e+02 1.656556300505127979e+02
1.300000000000000000e+01 -1.269864342787274669e-01 -4.643366768887167706e-01 1.896759045676821529e+02 1.957056230038985234e+02
1.400000000000000000e+01 -1.655543620191447240e-01 -5.760866828841683107e-01 2.177451392053390862e+02 2.087897500321723498e+02
1.500000000000000000e+01 -1.656093483129351118e-01 -5.621162828144625756e-01 2.033680233162558864e+02 1.835531480532902151e+02
1.600000000000000000e+01 -1.337470081581845771e-01 -4.631861368787918987e-01 1.639873169481628565e+02 1.436425962950370092e+02
1.700000000000000000e+01 -8.499334994464213811e-02 -3.198471608325224036e-01 1.261025750365890445e+02 1.130178535097974475e+02
1.800000000000000000e+01 -4.593920661407766698e-02 -2.072933769685740280e-01 1.009487497626963517e+02 9.639129149859240897e+01
1.900000000000000000e+01 -2.991144025119971475e-02 -1.517526708012142123e-01 8.719952481682774703e+01 8.804341004372399482e+01
2.000000000000000000e+01 -2.461607138202929340e-02 -1.230598892871314076e-01 7.980735501861647663e+01 8.292345657098164224e+01
2.100000000000000000e+01 -1.961488147046462627e-02 -9.701230776872833694e-02 7.507220720146192150e+01 7.905313004569443081e+01
2.200000000000000000e+01 -1.494690245362965964e-02 -7.088302783670273610e-02 7.152350193351904295e+01 7.585953235420664953e+01
2.300000000000000000e+01 -1.067835476693826391e-02 -5.254889333206203689e-02 6.902240794839791249e+01 7.326197565416033797e+01
2.400000000000000000e+01 -1.049346082819879039e-02 -4.612452897630953813e-02 6.801930510528993068e+01 7.129257329571869661e+01
2.500000000000000000e+01 -9.195719101937713247e-03 -4.499606206164609434e-02 6.880010816980238531e+01 6.988068317705695165e+01
2.600000000000000000e+01 -7.985745537501448554e-03 -3.972360091549535094e-02 7.073961219705040548e+01 6.880344470711129645e+01
2.700000000000000000e+01 -6.042849364361639261e-03 -2.898340998491162265e-02 7.250537103221319057e+01 6.763831089961877296e+01
2.800000000000000000e+01 -4.636438318497159740e-03 -1.780069216846126220e-02 7.289731064248725545e+01 6.599437627036812160e+01
2.900000000000000000e+01 -2.759137049637767469e-03 -1.028291303066270965e-02 7.147581009148208864e+01 6.380334721114017071e+01
3.000000000000000000e+01 -1.728862710161056544e-03 -6.992222446914827388e-03 6.853975317391275723e+01 6.132106512222014771e+01
3.100000000000000000e+01 -8.731165584572031773e-04 -6.336592329322559940e-03 6.478040507967529038e+01 5.888415111082090192e+01
3.200000000000000000e+01 -9.021994412629920877e-04 -6.516201504495225220e-03 6.091387449747587368e+01 5.673963240718605050e+01
3.300000000000000000e+01 -7.419102627448975924e-04 -6.550340334848742466e-03 5.746434358850561352e+01 5.498693350489465104e+01
3.400000000000000000e+01 -5.970378668522267418e-04 -6.282467474100695247e-03 5.468771922883762215e+01 5.359831317401372530e+01
3.500000000000000000e+01 -4.035611813515362534e-04 -5.875136093508875543e-03 5.260148987951045285e+01 5.249436360995817097e+01
3.600000000000000000e+01 -7.450997130424438179e-04 -5.432564252740571496e-03 5.109847976579585094e+01 5.158375765238377397e+01
3.700000000000000000e+01 -1.142445070934369018e-03 -4.919252643715563318e-03 5.004004909542663171e+01 5.080176212126399804e+01
3.800000000000000000e+01 -1.259499712709156527e-03 -4.292008397524464669e-03 4.931160024880906434e+01 5.010690478782726842e+01
3.900000000000000000e+01 -1.323697188726062754e-03 -3.585165290436465643e-03 4.881228167520459493e+01 4.947401485120600739e+01
4.000000000000000000e+01 -1.669668335325719686e-03 -2.887122288445251837e-03 4.844159671129995104e+01 4.887538081922826905e+01
4.100000000000000000e+01 -2.072758585551130652e-03 -2.254428234918326706e-03 4.809060222862017753e+01 4.827160932503340263e+01
4.200000000000000000e+01 -2.534474837285731301e-03 -1.684232428844563510e-03 4.764346042117855973e+01 4.760048533098172641e+01
4.300000000000000000e+01 -2.708372282071873360e-03 -1.148270315519657556e-03 4.698559967326670517e+01 4.677717899982675931e+01
4.400000000000000000e+01 -2.198225544279603857e-03 -6.062323127838283032e-04 4.601803020365688468e+01 4.570846573614179675e+01
4.500000000000000000e+01 -1.618114098613761395e-03 -7.231310865815233761e-05 4.469412345336000669e+01 4.433955734193919795e+01
4.600000000000000000e+01 -1.302743196309900280e-03 4.224519043083075557e-04 4.306190124103164152e+01 4.269967351684184109e+01
4.700000000000000000e+01 -9.448301670612603521e-04 8.375519136189813222e-04 4.128579897503433926e+01 4.093215848411527702e+01
