# freqs 	 pli 	 dpli 	 meanpower(thalamus)	 meanpower(scalp)	pli
8.000000000000000000e+00 -8.505549409417133278e-02 -1.926745502579585156e-01 2.551319122994009751e-05 2.078352427386621697e-04
9.000000000000000000e+00 -1.113561653183120642e-01 -2.698023836450957891e-01 2.908080629506547984e-05 2.099483876312685851e-04
1.000000000000000000e+01 -1.802798049651040402e-01 -4.803055354137693578e-01 3.869491108687215093e-05 2.278591224956552088e-04
1.100000000000000000e+01 -2.282735916292408240e-01 -6.104033257012735358e-01 4.344066613530408685e-05 2.621784665014175830e-04
1.200000000000000000e+01 -2.505978735105682809e-01 -5.972086145650692401e-01 3.867818221504677365e-05 3.048228376611586475e-04
1.300000000000000000e+01 -2.496389699024141040e-01 -5.420013301679500461e-01 3.286734942367716960e-05 3.294788277027875132e-04
1.400000000000000000e+01 -2.009365869537718674e-01 -4.346169374808877550e-01 2.919445742395823735e-05 3.053407827400411593e-04
1.500000000000000000e+01 -1.241936738414808616e-01 -2.621663177215808327e-01 2.696907553622049627e-05 2.543611090321122093e-04
1.600000000000000000e+01 -5.784385171380969359e-02 -1.075458522892313862e-01 2.555984488835750534e-05 2.096539035423460788e-04
1.700000000000000000e+01 -2.038674570575272141e-02 -2.459500250607926652e-02 2.454022308078970658e-05 1.791834897651654033e-04
1.800000000000000000e+01 -9.036166279292611597e-03 1.308240228781806878e-03 2.384060794243674742e-05 1.578078111444803483e-04
1.900000000000000000e+01 -1.008659480522944470e-02 -4.607508052690926885e-03 2.359434543569863209e-05 1.412718383536593308e-04
2.000000000000000000e+01 -1.625451548043312100e-02 -2.260866402092657351e-02 2.373291289857081319e-05 1.275339032185921634e-04
2.100000000000000000e+01 -2.342222938627422368e-02 -4.073854352657613198e-02 2.387831782653759044e-05 1.157646223489754530e-04
2.200000000000000000e+01 -2.862593118854106153e-02 -5.428011933333445199e-02 2.372788962369876196e-05 1.060162643188041853e-04
2.300000000000000000e+01 -3.284756185524726618e-02 -6.279145222561044459e-02 2.333961513101486210e-05 9.829366733131103540e-05
2.400000000000000000e+01 -3.423112627449233225e-02 -6.803307197359172165e-02 2.291771448371642735e-05 9.218266632691540297e-05
2.500000000000000000e+01 -3.514216267920517583e-02 -7.231636736759769479e-02 2.259604307976425521e-05 8.710271008771979190e-05
2.600000000000000000e+01 -3.697069722647149809e-02 -7.695122342165285068e-02 2.237859234616034027e-05 8.264162743269145206e-05
2.700000000000000000e+01 -3.942740896343453760e-02 -8.180544955190940937e-02 2.220110692849841755e-05 7.866479232978453701e-05
2.800000000000000000e+01 -4.296195789926149367e-02 -8.648338495735834186e-02 2.201211095880529695e-05 7.516375940008906162e-05
2.900000000000000000e+01 -4.585934030767652853e-02 -9.075088254764047957e-02 2.177918334634321705e-05 7.218175291486134940e-05
3.000000000000000000e+01 -4.815284325345547956e-02 -9.445609888521705466e-02 2.148322536114216302e-05 6.968571254386650155e-05
3.100000000000000000e+01 -4.853517002534207120e-02 -9.720641689991665890e-02 2.110692234415469706e-05 6.754215480626405148e-05
3.200000000000000000e+01 -4.856270154933869238e-02 -9.811193520040108196e-02 2.066831123064295840e-05 6.559302405188550391e-05
3.300000000000000000e+01 -4.719150449266714537e-02 -9.623133301558960129e-02 2.020885236912973928e-05 6.374878938273785978e-05
3.400000000000000000e+01 -4.496210145115953072e-02 -9.136104138865105972e-02 1.976976384924268050e-05 6.200471597962691611e-05
3.500000000000000000e+01 -4.165060985930574972e-02 -8.393751271041044459e-02 1.939100661629587771e-05 6.041810084549225203e-05
3.600000000000000000e+01 -3.794474467294756126e-02 -7.516872031316572389e-02 1.909091521416692559e-05 5.905244622001870180e-05
3.700000000000000000e+01 -3.404314002926384086e-02 -6.658853304833324549e-02 1.886831933898454271e-05 5.788273514744394978e-05
3.800000000000000000e+01 -3.042231164972546489e-02 -5.951092653580884045e-02 1.870317404257877041e-05 5.679870796789901396e-05
3.900000000000000000e+01 -2.777655928850249201e-02 -5.447824823206186967e-02 1.857571340564613972e-05 5.565266071930070462e-05
4.000000000000000000e+01 -2.613570531592830648e-02 -5.136245553383250728e-02 1.846176689170423194e-05 5.434969933552077844e-05
4.100000000000000000e+01 -2.494843326188766336e-02 -4.955155508338115328e-02 1.833839241015939957e-05 5.286712300112133981e-05
4.200000000000000000e+01 -2.468442443915426845e-02 -4.838273470430588113e-02 1.817695819052345021e-05 5.122191056180429129e-05
4.300000000000000000e+01 -2.425854722945348235e-02 -4.742285893075930125e-02 1.794509285754582905e-05 4.942764020781355386e-05
4.400000000000000000e+01 -2.347229794333838271e-02 -4.652357035492606097e-02 1.760611447086765064e-05 4.747851112524193882e-05
4.500000000000000000e+01 -2.288009562100623909e-02 -4.564941187800950623e-02 1.714505932819280611e-05 4.536008084743349718e-05
4.600000000000000000e+01 -2.264258668980345321e-02 -4.477556029376454638e-02 1.658373695701895263e-05 4.310767355350532789e-05
4.700000000000000000e+01 -2.211336308444098592e-02 -4.376865392425265122e-02 1.599171472618201635e-05 4.084743846340206441e-05
