# freqs 	 pli 	 dpli 	 meanpower(thalamus)	 meanpower(scalp)	pli
8.000000000000000000e+00 -4.788496767840733775e-02 -6.534751093030563562e-02 8.239336314246841592e-05 4.593827759626243289e-04
9.000000000000000000e+00 -4.272765728256473772e-02 -9.711345995098344397e-02 7.479091379498901157e-05 4.687400664293956635e-04
1.000000000000000000e+01 -4.270339874601290081e-02 -1.040627717430418347e-01 6.841809198309944929e-05 4.012549806606982399e-04
1.100000000000000000e+01 -3.912009168707781398e-02 -9.550891491473989525e-02 6.435154457619226751e-05 3.147027323754397364e-04
1.200000000000000000e+01 -3.646798502632477706e-02 -9.179783734447638510e-02 6.200499404386932410e-05 2.525814078956370120e-04
1.300000000000000000e+01 -3.945428675007924685e-02 -9.588107775100544738e-02 6.059179607021209299e-05 2.225090050706603564e-04
1.400000000000000000e+01 -3.488566785482097310e-02 -8.556026099434384247e-02 5.987003162954657138e-05 2.080072886795899872e-04
1.500000000000000000e+01 -2.984184909212344791e-02 -6.816908258156782752e-02 6.018922527247935696e-05 2.002243669443634167e-04
1.600000000000000000e+01 -2.503817681466968814e-02 -5.427223923012564066e-02 6.250035956563857668e-05 1.954012544586617372e-04
1.700000000000000000e+01 -2.276399872182598844e-02 -4.686750323084020592e-02 6.701002035176707586e-05 1.916657458482882569e-04
1.800000000000000000e+01 -2.209824498619944802e-02 -4.406305100739679043e-02 7.150995513042940105e-05 1.877859406272548433e-04
1.900000000000000000e+01 -2.158362035360189557e-02 -4.363474051563673295e-02 7.277071694202279456e-05 1.830352030843074935e-04
2.000000000000000000e+01 -2.157050771394423971e-02 -4.406016804618641258e-02 6.998160241750511442e-05 1.770267728392073121e-04
2.100000000000000000e+01 -2.129691520261174295e-02 -4.421722033374644867e-02 6.517576691955223611e-05 1.700348274956900311e-04
2.200000000000000000e+01 -2.054258750414012652e-02 -4.364521306574725007e-02 6.072419011492603651e-05 1.626815235193141589e-04
2.300000000000000000e+01 -2.040001139320621673e-02 -4.200437486810632698e-02 5.766677900732694758e-05 1.554388588566670037e-04
2.400000000000000000e+01 -1.856007858433168442e-02 -3.899886312933341370e-02 5.588817790513676647e-05 1.482901998104890957e-04
2.500000000000000000e+01 -1.600869776583243101e-02 -3.483486290425052978e-02 5.491330394534108504e-05 1.411333307428843254e-04
2.600000000000000000e+01 -1.315780191577380943e-02 -3.019670749719852165e-02 5.436132940866639034e-05 1.341618587170313390e-04
2.700000000000000000e+01 -1.132011695200375867e-02 -2.591078271038661784e-02 5.402864815029803202e-05 1.278314109053650346e-04
2.800000000000000000e+01 -1.065645039337783685e-02 -2.249517411789192164e-02 5.381548153158966625e-05 1.223507156668695900e-04
2.900000000000000000e+01 -9.574192930675781699e-03 -1.994632524103675392e-02 5.368370436141516885e-05 1.178790759786421341e-04
3.000000000000000000e+01 -8.994308849084088966e-03 -1.792886701528072918e-02 5.362016602472489073e-05 1.142771739705826674e-04
3.100000000000000000e+01 -8.265103686083137557e-03 -1.602305121620545628e-02 5.362480900903851907e-05 1.115066490232601698e-04
3.200000000000000000e+01 -7.160386117190567501e-03 -1.408772160069147843e-02 5.369552335214769067e-05 1.093536943961239430e-04
3.300000000000000000e+01 -6.479653322051292033e-03 -1.219891248031772409e-02 5.382342995161196804e-05 1.076209412809558112e-04
3.400000000000000000e+01 -5.872876961134605028e-03 -1.050592890589038299e-02 5.399359089221252950e-05 1.063290046131643745e-04
3.500000000000000000e+01 -5.240680345487396669e-03 -9.233305749808341095e-03 5.418356274147075822e-05 1.052652798766778663e-04
3.600000000000000000e+01 -5.618912131572519585e-03 -8.536046755828263083e-03 5.436845482052719971e-05 1.044377774283184341e-04
3.700000000000000000e+01 -6.223390899358808431e-03 -8.495477447086627679e-03 5.452131276872235460e-05 1.037979366727226701e-04
3.800000000000000000e+01 -5.967668471353758733e-03 -8.970516718203716544e-03 5.461365796651636105e-05 1.033788915839194985e-04
3.900000000000000000e+01 -6.440204099911619497e-03 -9.749940870888073804e-03 5.461988455718949236e-05 1.029800020591563732e-04
4.000000000000000000e+01 -6.714595452250425762e-03 -1.048942642617816876e-02 5.452286278424297976e-05 1.026307893587707963e-04
4.100000000000000000e+01 -6.776651941889601759e-03 -1.093652225444742554e-02 5.430180480678200260e-05 1.022573118678853782e-04
4.200000000000000000e+01 -6.466039719811953780e-03 -1.098160490393510977e-02 5.391329015593916907e-05 1.017291016894516603e-04
4.300000000000000000e+01 -6.229593656172598311e-03 -1.069282462530154500e-02 5.328314340173888634e-05 1.007590124238330690e-04
4.400000000000000000e+01 -5.842693678377329503e-03 -1.011067862096019614e-02 5.232734958032847966e-05 9.931373307326390586e-05
4.500000000000000000e+01 -5.356944273575169231e-03 -9.382819137353675884e-03 5.099962749289671120e-05 9.717074939098732721e-05
4.600000000000000000e+01 -4.726810171906286641e-03 -8.586818913940211240e-03 4.935567286917506190e-05 9.440179136716593652e-05
4.700000000000000000e+01 -4.484251638445674662e-03 -7.778851227523773081e-03 4.758575646872179596e-05 9.134929622335118246e-05
