# freqs 	 pli 	 dpli 	 meanpower(thalamus)	 meanpower(scalp)	pli
8.000000000000000000e+00 3.275322809617266240e-02 6.578590410650510256e-02 2.147481809641292453e-05 1.995965171747514475e-04
9.000000000000000000e+00 1.728923806959397486e-02 3.069496324448716187e-02 2.166199015725826972e-05 1.717253894731989039e-04
1.000000000000000000e+01 1.183830592815440785e-02 9.616602999153340062e-03 2.242383898379053076e-05 1.563919772659377167e-04
1.100000000000000000e+01 3.522186829589737684e-03 -1.386887348840696449e-02 2.385518601098970016e-05 1.567570753214127255e-04
1.200000000000000000e+01 -2.649715511455900258e-02 -4.458076116534362421e-02 2.580735440553322938e-05 1.674758746919880208e-04
1.300000000000000000e+01 -4.281470279012212360e-02 -7.499673420490053644e-02 2.765149547778861296e-05 1.822070676548553632e-04
1.400000000000000000e+01 -5.540741899856582720e-02 -1.046775140698397721e-01 2.900516738169950847e-05 1.968216458988860979e-04
1.500000000000000000e+01 -5.145742656341265736e-02 -1.151071824338218141e-01 2.959448883096981765e-05 2.083471640813965573e-04
1.600000000000000000e+01 -4.274961675714149256e-02 -9.396668228897216146e-02 2.983280435788924619e-05 2.168558689451677833e-04
1.700000000000000000e+01 -2.707702294132928802e-02 -5.572854271068181792e-02 3.011073366664884112e-05 2.215521377457888919e-04
1.800000000000000000e+01 -8.327568664512976365e-03 -2.180842204750183325e-02 3.031435240656665421e-05 2.202875243933783301e-04
1.900000000000000000e+01 4.570033044426395109e-03 -5.467174695397158685e-04 3.015821580006950676e-05 2.127382467140664349e-04
2.000000000000000000e+01 1.399495072684933325e-02 1.474184011958644749e-02 2.974137837619432448e-05 2.004565273159362570e-04
2.100000000000000000e+01 2.190206812356380178e-02 3.230651824604631461e-02 2.918542203610738854e-05 1.848857525054004426e-04
2.200000000000000000e+01 2.787527789557997515e-02 4.887119899697507652e-02 2.837224733440189679e-05 1.665807992201080571e-04
2.300000000000000000e+01 2.939748203934278853e-02 5.663616542041531587e-02 2.726056863503262197e-05 1.470802516420789544e-04
2.400000000000000000e+01 2.523439265918662675e-02 5.539857593252234952e-02 2.607197863020202687e-05 1.290692411438166328e-04
2.500000000000000000e+01 1.934855253145872228e-02 5.280579959479243801e-02 2.502014561871589832e-05 1.145569984591717519e-04
2.600000000000000000e+01 2.055262366696824702e-02 5.405513990948154768e-02 2.419995900371235556e-05 1.040188138601063077e-04
2.700000000000000000e+01 2.441351481220426639e-02 5.704200788125512317e-02 2.356988680604537985e-05 9.673683061720479454e-05
2.800000000000000000e+01 2.714712270399793903e-02 5.647138221888783199e-02 2.306450724217957586e-05 9.156339913089768881e-05
2.900000000000000000e+01 2.448336271576715892e-02 4.954899565520524962e-02 2.260665102084223927e-05 8.758822021176066689e-05
3.000000000000000000e+01 1.810914464072253816e-02 3.694366814424408785e-02 2.214485464851501738e-05 8.419098293656343351e-05
3.100000000000000000e+01 1.208916746422071184e-02 2.120056809835975387e-02 2.167271147073133029e-05 8.109939773425673423e-05
3.200000000000000000e+01 6.033407714024216668e-03 4.887323543002435391e-03 2.121532246614189236e-05 7.828770455236685132e-05
3.300000000000000000e+01 1.361551311478015759e-04 -1.012744119064040368e-02 2.079738179653130794e-05 7.576225722197739833e-05
3.400000000000000000e+01 -4.519065953767488659e-03 -2.265433170189067036e-02 2.042740072157283636e-05 7.353152223219802186e-05
3.500000000000000000e+01 -9.715430784204153597e-03 -3.194126557981312453e-02 2.009503716987735453e-05 7.155961884153712066e-05
3.600000000000000000e+01 -1.214319900053246852e-02 -3.761080311923424568e-02 1.979135329489715625e-05 6.980973221982543042e-05
3.700000000000000000e+01 -1.280377284230223463e-02 -3.975102177786549174e-02 1.951276623844658235e-05 6.820089226485442696e-05
3.800000000000000000e+01 -1.333036995521111670e-02 -3.884321582335491935e-02 1.925660749993570521e-05 6.663469620611398524e-05
3.900000000000000000e+01 -1.300963369862257434e-02 -3.566789131135498364e-02 1.902085207866999235e-05 6.497604820627556933e-05
4.000000000000000000e+01 -1.165752702564711203e-02 -3.084067207339183381e-02 1.880373323322409931e-05 6.315548862417421749e-05
4.100000000000000000e+01 -9.382967451408893642e-03 -2.485130268086406177e-02 1.859371322747919891e-05 6.115801371803723091e-05
4.200000000000000000e+01 -6.849272553597230556e-03 -1.809800153133644951e-02 1.836893647033112885e-05 5.900826335632366836e-05
4.300000000000000000e+01 -3.806377527268463810e-03 -1.106873266762158775e-02 1.809899505864412655e-05 5.670863501628872500e-05
4.400000000000000000e+01 -2.374117635701543730e-03 -4.241507289703364859e-03 1.774462398909974151e-05 5.425952728109521378e-05
4.500000000000000000e+01 -1.695952877328832874e-04 1.966175017285599295e-03 1.728113699273717103e-05 5.163102587706835191e-05
4.600000000000000000e+01 2.333190653727625161e-03 7.289304284205767349e-03 1.671831457032168003e-05 4.885863587142743090e-05
4.700000000000000000e+01 5.178847697773060997e-03 1.158621952664372692e-02 1.611620338200876060e-05 4.608082078075403102e-05
