# freqs 	 pli 	 dpli 	 meanpower(thalamus)	 meanpower(scalp)	pli
8.000000000000000000e+00 9.427793513056071870e-03 1.374693287962850015e-02 1.732804378203484582e-05 2.413709132037524191e-04
9.000000000000000000e+00 1.487151450225342175e-02 2.070354147344811990e-02 1.742802963874559989e-05 2.393256027103957009e-04
1.000000000000000000e+01 -5.264198877697220773e-03 -3.078672596721221746e-02 1.688869304582958560e-05 2.325503297435466371e-04
1.100000000000000000e+01 -3.975753739990675606e-02 -1.159236856764401941e-01 1.670975771300809584e-05 2.356970220063962069e-04
1.200000000000000000e+01 -6.714833782396492645e-02 -1.671840165463089611e-01 1.737993805452537431e-05 2.575457974890978997e-04
1.300000000000000000e+01 -8.989744988693729177e-02 -2.024603326160731021e-01 1.878600892833038138e-05 2.894410462924983541e-04
1.400000000000000000e+01 -9.786307718537125278e-02 -2.041218987419513020e-01 2.056357867903979550e-05 3.196678265736246916e-04
1.500000000000000000e+01 -8.160229260271247009e-02 -1.598802884043870332e-01 2.219383134868088131e-05 3.386967787326300677e-04
1.600000000000000000e+01 -4.316072332545832502e-02 -7.686915741146563286e-02 2.326419575343316345e-05 3.446869351919694098e-04
1.700000000000000000e+01 2.428066274655915624e-03 1.790224418069948781e-02 2.370295196414685574e-05 3.406594430491520454e-04
1.800000000000000000e+01 4.299290227695472255e-02 9.362152294807417341e-02 2.374438129121345150e-05 3.296278628474802940e-04
1.900000000000000000e+01 6.617431406061954902e-02 1.350616994876899235e-01 2.364143296414768789e-05 3.137557525121375981e-04
2.000000000000000000e+01 7.271092521861931279e-02 1.452348556614762864e-01 2.353147049401934691e-05 2.946914406019725784e-04
2.100000000000000000e+01 6.991084895312398018e-02 1.376413062030354961e-01 2.338513481791792826e-05 2.741846985011963528e-04
2.200000000000000000e+01 6.308320437334082043e-02 1.254259519826670111e-01 2.307393945406035918e-05 2.528934595456085632e-04
2.300000000000000000e+01 5.533746430049363979e-02 1.117243607354585638e-01 2.254550597342177236e-05 2.302587293791789923e-04
2.400000000000000000e+01 4.646860450288321787e-02 9.238016476302576829e-02 2.196215540388733359e-05 2.062401288921907343e-04
2.500000000000000000e+01 3.225120080066511824e-02 6.509489196907292108e-02 2.160464088368905619e-05 1.827201913590375420e-04
2.600000000000000000e+01 1.629842737743997239e-02 3.272395182263112406e-02 2.165318342458242881e-05 1.622979719645916514e-04
2.700000000000000000e+01 2.001360360840414611e-03 3.639285504422391142e-04 2.207161992395958764e-05 1.465990370907956281e-04
2.800000000000000000e+01 -1.064930838297839522e-02 -2.803576737467759761e-02 2.264282081092361168e-05 1.354302696224330457e-04
2.900000000000000000e+01 -2.068150214821813659e-02 -4.973143750163374482e-02 2.310408069963714578e-05 1.277892546164404320e-04
3.000000000000000000e+01 -2.648007303251306843e-02 -6.343681815083040965e-02 2.326450012165019827e-05 1.224831510586851455e-04
3.100000000000000000e+01 -2.802414786431375524e-02 -6.894680780229510419e-02 2.305390208743974149e-05 1.186035989427866323e-04
3.200000000000000000e+01 -2.685638673941125043e-02 -6.691898388328558489e-02 2.251399042690130291e-05 1.154986358811501009e-04
3.300000000000000000e+01 -2.321201290272770917e-02 -5.842587117674754443e-02 2.175181720156364355e-05 1.127856527667829404e-04
3.400000000000000000e+01 -1.682200096317377352e-02 -4.524724013144147683e-02 2.088957299916100726e-05 1.103481303566914188e-04
3.500000000000000000e+01 -1.003249992700050268e-02 -2.920658449227522477e-02 2.003290333551066939e-05 1.080959192176332318e-04
3.600000000000000000e+01 -2.409114578862737652e-03 -1.238358010945349308e-02 1.925513958130618038e-05 1.060596204521731684e-04
3.700000000000000000e+01 4.960196328511759511e-03 3.420476555500820241e-03 1.859562676455510599e-05 1.041987648245869442e-04
3.800000000000000000e+01 1.131250039733943703e-02 1.685639341639021821e-02 1.806402796611234133e-05 1.024488714652856418e-04
3.900000000000000000e+01 1.607429690960077151e-02 2.744062007253824861e-02 1.764952198442945871e-05 1.006126499228622914e-04
4.000000000000000000e+01 1.998213354974796158e-02 3.510128680048980876e-02 1.732949720068553326e-05 9.862938461960566231e-05
4.100000000000000000e+01 2.195401041567735662e-02 4.021857115260935034e-02 1.707357977622983033e-05 9.646704899823381149e-05
4.200000000000000000e+01 2.349895580909070261e-02 4.334614658973703905e-02 1.684286360420441005e-05 9.410642035762717536e-05
4.300000000000000000e+01 2.407760229304476210e-02 4.504738287005911890e-02 1.659133157847433746e-05 9.145707178874808456e-05
4.400000000000000000e+01 2.478519235067154838e-02 4.577383575811985045e-02 1.627285191787712003e-05 8.850521832839550391e-05
4.500000000000000000e+01 2.464592256132619105e-02 4.585428305511429770e-02 1.585831836858738600e-05 8.514632260310070109e-05
4.600000000000000000e+01 2.411065284374530257e-02 4.546414430708073384e-02 1.535547287653574077e-05 8.144117177911391816e-05
4.700000000000000000e+01 2.364402138920576255e-02 4.464445627182483251e-02 1.481814225996105516e-05 7.763744615176063893e-05
