# freqs 	 pli 	 dpli 	 meanpower(thalamus)	 meanpower(scalp)	pli
8.000000000000000000e+00 1.987002835024621883e-02 4.364032495219762053e-02 5.628451676903140771e-05 1.892866238782694023e-04
9.000000000000000000e+00 -3.479791342040247128e-03 -7.321812400436705955e-03 5.439783314821759248e-05 1.600267645908949805e-04
1.000000000000000000e+01 -2.113165337791233361e-02 -3.905246269287377531e-02 5.362845821634937396e-05 1.323677795935811934e-04
1.100000000000000000e+01 -1.809594983266902407e-02 -3.027727209534413627e-02 5.223674346817681273e-05 1.140924319651093845e-04
1.200000000000000000e+01 -2.910929992160603275e-03 3.481191777596172581e-03 4.980665691978703808e-05 1.026310924405187547e-04
1.300000000000000000e+01 5.178578281389146012e-03 2.432702353375177859e-02 4.808593387160038245e-05 9.600195780446152101e-05
1.400000000000000000e+01 6.334537342906861219e-03 2.948392277356790339e-02 4.747576751788054513e-05 9.183518207041319362e-05
1.500000000000000000e+01 1.301205285512710419e-02 3.329272977463703515e-02 4.740233087699295716e-05 8.856942079345422457e-05
1.600000000000000000e+01 1.746113127643994511e-02 3.836017091482676888e-02 4.757684106406831893e-05 8.581369691353618438e-05
1.700000000000000000e+01 1.977009979837681189e-02 4.028595634663981878e-02 4.780950371434574271e-05 8.354477918639265208e-05
1.800000000000000000e+01 1.852851039080151072e-02 3.687108767433173312e-02 4.812697561378134439e-05 8.176886141398168365e-05
1.900000000000000000e+01 1.422429909886055964e-02 3.081200638621141991e-02 4.857209703512890305e-05 8.028477789253836720e-05
2.000000000000000000e+01 9.977889314933638398e-03 2.573026161841295012e-02 4.901832659778897162e-05 7.881643029039745515e-05
2.100000000000000000e+01 7.788322148107046893e-03 2.271647220245411047e-02 4.941176492722386198e-05 7.717097831663996045e-05
2.200000000000000000e+01 9.765274768025335173e-03 1.919973376656469721e-02 4.978682899369951323e-05 7.533458248388077072e-05
2.300000000000000000e+01 6.308048705500461130e-03 9.513631996761811802e-03 5.027571321982406334e-05 7.343976140354450174e-05
2.400000000000000000e+01 -3.028687552642814283e-03 -1.107644871668469685e-02 5.106593629087263900e-05 7.165041376471479890e-05
2.500000000000000000e+01 -1.580313153695250480e-02 -3.859100556567316570e-02 5.216414078514649102e-05 7.000567536073394896e-05
2.600000000000000000e+01 -2.435170593076942808e-02 -6.025651332049979797e-02 5.331072693405644359e-05 6.838792702261983541e-05
2.700000000000000000e+01 -2.595066799110381378e-02 -6.591839232923055181e-02 5.431129122430355873e-05 6.665750348609504237e-05
2.800000000000000000e+01 -2.164767514359956097e-02 -5.640564522017359195e-02 5.525126083666035250e-05 6.481381798142638549e-05
2.900000000000000000e+01 -1.443283430964778860e-02 -4.095119678771747679e-02 5.643188142471264568e-05 6.299452424270365078e-05
3.000000000000000000e+01 -8.530821597367505352e-03 -2.932637798963316084e-02 5.807732204137173250e-05 6.132062717718363013e-05
3.100000000000000000e+01 -5.619102950350425910e-03 -2.595952416041208063e-02 6.010778032798067715e-05 5.988058995417693030e-05
3.200000000000000000e+01 -5.626044004715058389e-03 -2.921951464556314659e-02 6.213849038275592082e-05 5.869372862667007550e-05
3.300000000000000000e+01 -5.681905407253202631e-03 -3.441948749594606755e-02 6.367971244426528328e-05 5.770933785726155562e-05
3.400000000000000000e+01 -4.421235136494992314e-03 -3.730641541500551855e-02 6.436782581893506086e-05 5.687260432061975063e-05
3.500000000000000000e+01 -3.947097894310010700e-03 -3.583149159189369382e-02 6.408278983893874684e-05 5.613838595457719356e-05
3.600000000000000000e+01 -2.992249276654477316e-03 -3.013065803369332010e-02 6.294619261384507025e-05 5.550408072349875658e-05
3.700000000000000000e+01 -7.999855813439722208e-04 -2.163497287390173454e-02 6.122735276559376988e-05 5.497853657959835460e-05
3.800000000000000000e+01 1.655247179950901067e-03 -1.210701233311022029e-02 5.923492605656780326e-05 5.456254247786102978e-05
3.900000000000000000e+01 4.327224834780796746e-03 -2.885156035562953455e-03 5.723362186795965970e-05 5.423853708765597744e-05
4.000000000000000000e+01 5.942710140570936321e-03 5.259168064886388626e-03 5.540161803952319176e-05 5.397934185114747977e-05
4.100000000000000000e+01 7.268808557239526090e-03 1.207792464901814508e-02 5.380640536947782553e-05 5.374476796326354406e-05
4.200000000000000000e+01 8.911522118801386977e-03 1.762196955555386801e-02 5.240797240275029583e-05 5.346011171251706460e-05
4.300000000000000000e+01 1.035958426096655546e-02 2.203682607388085177e-02 5.108977995341174993e-05 5.300918138793025660e-05
4.400000000000000000e+01 1.231036283625280316e-02 2.551451622632451913e-02 4.970120484523095789e-05 5.226721898771861035e-05
4.500000000000000000e+01 1.416599145442589379e-02 2.822363590951742010e-02 4.813165210749522407e-05 5.114824693518203144e-05
4.600000000000000000e+01 1.645473316566980343e-02 3.033854909631378619e-02 4.637924681199909253e-05 4.968348250972839199e-05
4.700000000000000000e+01 1.789288805090619855e-02 3.201541272590693876e-02 4.458178303458951955e-05 4.804559906994229905e-05
