# freqs 	 pli 	 dpli 	 meanpower(thalamus)	 meanpower(scalp)	pli
8.000000000000000000e+00 4.601212040566830114e-02 7.521024174170580501e-02 2.699414385497214022e-05 2.438123894753261927e-04
9.000000000000000000e+00 7.669435803127240547e-02 1.376618507550153858e-01 2.752181807197257645e-05 2.435969170142110430e-04
1.000000000000000000e+01 8.120928405898771019e-02 1.416104656965858077e-01 2.774803892533063654e-05 2.369580724013707097e-04
1.100000000000000000e+01 5.595221244298679425e-02 1.037394859804556119e-01 2.787754945248028688e-05 2.405587192005990418e-04
1.200000000000000000e+01 1.869249802909900282e-02 3.982268135855087515e-02 2.905228365279955428e-05 2.629072118711344016e-04
1.300000000000000000e+01 -1.699006345712716914e-02 -3.595216161862577892e-02 3.127926392379251896e-05 2.934304654265805371e-04
1.400000000000000000e+01 -3.336487862544587624e-02 -6.928622090794582522e-02 3.353009000380930234e-05 3.227400862077673955e-04
1.500000000000000000e+01 -2.782727728102347281e-02 -4.818334183248156738e-02 3.490940775465888220e-05 3.450926912796658565e-04
1.600000000000000000e+01 -8.613931452095935359e-03 -2.246918223018153516e-03 3.530070225153650776e-05 3.593943211469743243e-04
1.700000000000000000e+01 1.119221030507378499e-02 3.426457123526703563e-02 3.523192909803644365e-05 3.656433708627346963e-04
1.800000000000000000e+01 2.203310096473703669e-02 4.842929385985075830e-02 3.538965932488120691e-05 3.637109394774196863e-04
1.900000000000000000e+01 2.720855518058848746e-02 5.005310115079390776e-02 3.598031681921743101e-05 3.543635184685858894e-04
2.000000000000000000e+01 3.563493757573476389e-02 5.772868271999562900e-02 3.666455171981800460e-05 3.392940827443468774e-04
2.100000000000000000e+01 4.986031791337929703e-02 8.356791133255030146e-02 3.707865392532664136e-05 3.202727436006385015e-04
2.200000000000000000e+01 6.733229756369808749e-02 1.227769124015286734e-01 3.706674944073956325e-05 2.978363872046763073e-04
2.300000000000000000e+01 8.021082144916501233e-02 1.551607682727452198e-01 3.637617912463442856e-05 2.720763023290829943e-04
2.400000000000000000e+01 8.193017931418571098e-02 1.643466447383163664e-01 3.483670114810762152e-05 2.441956603283906022e-04
2.500000000000000000e+01 7.260708938063140105e-02 1.495884626256352434e-01 3.274808107449368180e-05 2.169469814850203792e-04
2.600000000000000000e+01 6.070276410034038811e-02 1.229446645442485164e-01 3.070749435303687523e-05 1.930924412937115207e-04
2.700000000000000000e+01 5.096445281598663973e-02 9.972033715538165810e-02 2.913837926077407983e-05 1.742015314844553447e-04
2.800000000000000000e+01 4.627722411606662034e-02 8.764788385648861202e-02 2.808825785901522011e-05 1.601654888084420554e-04
2.900000000000000000e+01 4.541552991867683214e-02 8.495845513535958682e-02 2.736159384074209107e-05 1.500627484086274033e-04
3.000000000000000000e+01 4.567339828522467421e-02 8.608835569972306256e-02 2.673549376057381008e-05 1.426712565275910292e-04
3.100000000000000000e+01 4.624659720096573057e-02 8.650126712859933231e-02 2.608510718225984465e-05 1.370985821154071681e-04
3.200000000000000000e+01 4.557378304141893738e-02 8.437361974395742037e-02 2.538731047629553435e-05 1.325817685520243186e-04
3.300000000000000000e+01 4.344920735834150588e-02 7.959677223034510030e-02 2.467410603819653864e-05 1.286905279175702167e-04
3.400000000000000000e+01 4.055523858976577828e-02 7.273783981728872139e-02 2.398958102394540070e-05 1.253406695364871681e-04
3.500000000000000000e+01 3.590992771246180604e-02 6.487617511250678981e-02 2.336007913928817755e-05 1.223491290169016039e-04
3.600000000000000000e+01 3.221971870922818448e-02 5.686335570193737365e-02 2.279873044488835274e-05 1.197131651012993419e-04
3.700000000000000000e+01 2.926027151754110808e-02 4.940067094747482845e-02 2.230443514143208819e-05 1.173463016333591024e-04
3.800000000000000000e+01 2.629897218029297878e-02 4.292572273196269828e-02 2.186895018564580692e-05 1.151934403736500144e-04
3.900000000000000000e+01 2.346694508956159719e-02 3.771201969881626120e-02 2.147903771382967428e-05 1.130286499291158046e-04
4.000000000000000000e+01 2.119888333596585406e-02 3.376100731793690857e-02 2.112017160516908816e-05 1.108011932884548202e-04
4.100000000000000000e+01 1.984213144352602043e-02 3.096177525139616124e-02 2.077455920498065911e-05 1.084606267332308122e-04
4.200000000000000000e+01 1.947444878967366511e-02 2.914115327513349188e-02 2.041552472224609201e-05 1.059606421927699585e-04
4.300000000000000000e+01 1.858898908869735869e-02 2.814527855406028997e-02 2.000567684906237543e-05 1.031442650395709249e-04
4.400000000000000000e+01 1.837435686423693690e-02 2.759251155433392610e-02 1.950761054875599040e-05 1.000064433111597990e-04
4.500000000000000000e+01 1.807354472404393286e-02 2.733477536718287998e-02 1.889827647491022411e-05 9.637893821979101995e-05
4.600000000000000000e+01 1.784498283885330508e-02 2.717975757668401188e-02 1.819209678944186655e-05 9.232447274315602856e-05
4.700000000000000000e+01 1.731622954305903420e-02 2.697441503910413818e-02 1.745169842601325451e-05 8.812754194049948048e-05
