# freqs 	 pli 	 dpli 	 meanpower(thalamus)	 meanpower(scalp)	pli
8.000000000000000000e+00 8.582101323311529251e-02 1.910198922934045473e-01 6.550850217557943709e-05 2.312875031967561779e-04
9.000000000000000000e+00 4.918367468184402930e-02 1.093208409255078395e-01 6.213806119655524958e-05 2.062264320362457550e-04
1.000000000000000000e+01 2.545567818561073753e-02 6.358403496001227562e-02 6.338490308473697116e-05 1.780483731177181052e-04
1.100000000000000000e+01 1.082209816130167736e-02 5.426268801269689551e-02 6.469907098094774818e-05 1.576576520644925824e-04
1.200000000000000000e+01 3.176729362122368214e-03 4.238635361445805549e-02 6.151719853067787354e-05 1.448437255041483710e-04
1.300000000000000000e+01 -4.255597101636005020e-03 2.015161149016703526e-02 5.768400917287233310e-05 1.371154644946566230e-04
1.400000000000000000e+01 -8.614642830304646698e-03 8.967776214859215058e-05 5.583628122070720840e-05 1.321508039665918817e-04
1.500000000000000000e+01 -9.736582350597995650e-03 -8.267647784194460600e-03 5.558571279364665432e-05 1.285679472904131078e-04
1.600000000000000000e+01 -9.875693701539447686e-03 -8.398812855130107641e-03 5.580821161873642823e-05 1.260216628727234050e-04
1.700000000000000000e+01 -6.526267896902378414e-03 -7.896595017851001236e-03 5.608295657612931813e-05 1.244364225926408523e-04
1.800000000000000000e+01 -5.717148778200520538e-03 -9.277873357368481011e-03 5.639672218571927355e-05 1.233978061687714665e-04
1.900000000000000000e+01 -7.781309890827513460e-03 -1.179734973596506011e-02 5.682831674077840669e-05 1.224939573978771985e-04
2.000000000000000000e+01 -9.005249094875645427e-03 -1.286984669291813162e-02 5.740171017036195826e-05 1.214291868809665994e-04
2.100000000000000000e+01 -6.650662802932940515e-03 -1.086707112603003261e-02 5.808648801046358852e-05 1.199790828304019995e-04
2.200000000000000000e+01 -3.940683491865240758e-03 -5.565339974427704200e-03 5.884871142872881075e-05 1.179463534051680029e-04
2.300000000000000000e+01 2.103293156141616078e-04 2.310461427458990278e-03 5.988828924413428612e-05 1.155183081211022284e-04
2.400000000000000000e+01 4.449494226100397104e-03 1.056297100328563651e-02 6.137821364740682112e-05 1.129128934625117176e-04
2.500000000000000000e+01 4.911670209226459867e-03 1.564282675369391834e-02 6.309195225123471595e-05 1.101746062227945715e-04
2.600000000000000000e+01 3.276455514729212978e-03 1.482675022832106657e-02 6.448806384754309374e-05 1.072526860911609712e-04
2.700000000000000000e+01 1.230859526704397274e-03 8.186924202462444317e-03 6.521873742949612718e-05 1.041664043815319679e-04
2.800000000000000000e+01 -3.297519221232928736e-03 -1.910866323266243198e-03 6.547348066432015577e-05 1.010917049062008184e-04
2.900000000000000000e+01 -8.598347654979038995e-03 -1.250760477388977547e-02 6.575112076050770101e-05 9.826106423664627556e-05
3.000000000000000000e+01 -1.177957059559618658e-02 -2.157845118548663496e-02 6.653881531209759881e-05 9.586134866937594636e-05
3.100000000000000000e+01 -1.440539687904504249e-02 -2.864224847321212436e-02 6.803604477279809630e-05 9.395015861599537209e-05
3.200000000000000000e+01 -1.601151275689410500e-02 -3.400618215666386529e-02 7.008079872839914181e-05 9.249645914060277904e-05
3.300000000000000000e+01 -1.672322995486010336e-02 -3.782318627198626160e-02 7.221505505941399044e-05 9.139937455667148270e-05
3.400000000000000000e+01 -1.762401913925155592e-02 -3.994578933082488376e-02 7.393036876703751445e-05 9.054930905356833057e-05
3.500000000000000000e+01 -1.764120607465754706e-02 -4.015248601194525147e-02 7.487295657726036598e-05 8.986293591411935824e-05
3.600000000000000000e+01 -1.550396040116638202e-02 -3.848895270455766210e-02 7.493090092338228583e-05 8.930298561855541943e-05
3.700000000000000000e+01 -1.382603502438423462e-02 -3.534226009077102298e-02 7.420267275784812010e-05 8.887104166790652144e-05
3.800000000000000000e+01 -1.299009645057802760e-02 -3.129734248431402521e-02 7.291366846526405640e-05 8.857949183745369233e-05
3.900000000000000000e+01 -1.227428626101770802e-02 -2.702674228455407418e-02 7.132312257207006913e-05 8.842539981438940814e-05
4.000000000000000000e+01 -1.102381487430537793e-02 -2.315093281832281483e-02 6.964426523062423305e-05 8.839296289532315779e-05
4.100000000000000000e+01 -9.740853704788790535e-03 -2.013841003627054801e-02 6.800599410060541945e-05 8.842533666512524286e-05
4.200000000000000000e+01 -9.172291488088513134e-03 -1.819265596904326779e-02 6.641735436226609099e-05 8.839870618206939414e-05
4.300000000000000000e+01 -8.738260689391534608e-03 -1.725236890261756459e-02 6.478352731864521724e-05 8.811437822612576995e-05
4.400000000000000000e+01 -8.360214458916669783e-03 -1.707886915158580987e-02 6.296362140627547593e-05 8.735501341710200345e-05
4.500000000000000000e+01 -8.856584641294315205e-03 -1.744063286155435322e-02 6.085343225503297054e-05 8.596305096265438811e-05
4.600000000000000000e+01 -9.299356192927293874e-03 -1.820880011755258640e-02 5.846812080667404131e-05 8.395916592423190107e-05
4.700000000000000000e+01 -1.022628353087876550e-02 -1.939227846118349308e-02 5.598080533874186357e-05 8.161254100101043287e-05
