# freqs 	 pli 	 dpli 	 meanpower(thalamus)	 meanpower(scalp)	pli
8.000000000000000000e+00 -4.362902724236396301e-02 -1.043023558114165583e-01 2.996917002472191882e+01 2.600886905925403880e+02
9.000000000000000000e+00 -4.322921367129183012e-02 -9.501668689954789748e-02 3.119821974995799252e+01 2.347907107903745896e+02
1.000000000000000000e+01 -3.439092624319576436e-02 -9.321772562707182630e-02 3.405498699358825121e+01 2.118337152866095607e+02
1.100000000000000000e+01 -1.896747536586157121e-02 -5.823431600692773047e-02 3.663729268006699158e+01 1.963409856285351509e+02
1.200000000000000000e+01 -1.955497218306286381e-02 -5.389175387848425119e-02 3.787212136818867947e+01 1.838313204795156537e+02
1.300000000000000000e+01 -1.848565274127521307e-02 -5.330729860637264950e-02 3.764725725876159146e+01 1.706270259299655834e+02
1.400000000000000000e+01 -9.436327115965370549e-03 -4.273095175237327098e-02 3.638533795392618941e+01 1.560650987537973151e+02
1.500000000000000000e+01 -1.170470992885625297e-02 -2.839981530952764149e-02 3.498887944567631081e+01 1.431002765308094808e+02
1.600000000000000000e+01 -1.023789695996703275e-02 -2.116091321854608395e-02 3.385281111584198044e+01 1.330226225897221184e+02
1.700000000000000000e+01 -1.115265545541081760e-02 -1.568564433543482781e-02 3.286669300873883515e+01 1.256599560555597179e+02
1.800000000000000000e+01 -5.110597528664112196e-03 -8.075599256939691023e-03 3.190200359990511458e+01 1.204561459807181478e+02
1.900000000000000000e+01 2.458721721490383580e-03 -3.049024412998336056e-03 3.106298292509340087e+01 1.161326073791806266e+02
2.000000000000000000e+01 4.932912813385363637e-03 -1.064472003032542434e-03 3.041123385238675070e+01 1.119048451569897651e+02
2.100000000000000000e+01 2.862990928164566191e-04 1.142379633208725695e-03 2.993917110070361076e+01 1.077507587501360007e+02
2.200000000000000000e+01 5.141772416782506260e-03 4.797428929947624397e-03 2.966505695587740732e+01 1.038825512093995513e+02
2.300000000000000000e+01 7.275889479889672065e-03 8.961487977958502993e-03 2.951222401696144715e+01 1.006525855498776991e+02
2.400000000000000000e+01 9.325284477160250204e-03 1.143895194983230931e-02 2.936593016855912808e+01 9.794222077785921954e+01
2.500000000000000000e+01 1.246866847409074629e-02 1.193266558267937205e-02 2.919489870621193006e+01 9.541643256568202958e+01
2.600000000000000000e+01 1.285766026801883448e-02 1.307892121465189378e-02 2.900120740689429866e+01 9.287179764812843530e+01
2.700000000000000000e+01 1.175208102005380513e-02 1.699117412246595529e-02 2.878514704360248189e+01 9.028072337232420352e+01
2.800000000000000000e+01 1.192059745583249480e-02 2.277191381979292231e-02 2.856096057884250072e+01 8.766268770780602893e+01
2.900000000000000000e+01 1.421952184624025034e-02 2.842571117857782895e-02 2.834908042768237024e+01 8.510906030189836713e+01
3.000000000000000000e+01 1.739523457564752171e-02 3.324963830103317558e-02 2.817111358858702630e+01 8.272192009697552351e+01
3.100000000000000000e+01 1.710511069794932310e-02 3.809741203672975529e-02 2.803630073940625778e+01 8.059714966588998664e+01
3.200000000000000000e+01 1.687473634884726834e-02 4.384994221720799057e-02 2.794988172070480559e+01 7.878459336204254271e+01
3.300000000000000000e+01 1.902663516453630826e-02 5.003689401574975409e-02 2.789576258306947310e+01 7.729767801201869304e+01
3.400000000000000000e+01 2.104460589945567409e-02 5.539567696205763281e-02 2.786394453669829829e+01 7.611187758533826297e+01
3.500000000000000000e+01 2.301163056114405303e-02 5.923014584623183254e-02 2.784145436228688908e+01 7.513475331416346137e+01
3.600000000000000000e+01 2.663366294596419132e-02 6.189498962770254714e-02 2.782015846098460088e+01 7.432011979118314571e+01
3.700000000000000000e+01 2.740160689025030946e-02 6.435395098319948715e-02 2.779697272645868011e+01 7.364339829464536535e+01
3.800000000000000000e+01 2.802001444757133350e-02 6.734649927224917176e-02 2.776382148839528696e+01 7.305891364817746592e+01
3.900000000000000000e+01 2.922617141184530656e-02 7.094324766488079026e-02 2.770562094792184382e+01 7.253781308096765201e+01
4.000000000000000000e+01 3.024937256594286902e-02 7.467110631730286552e-02 2.761759501721029153e+01 7.206733254385643761e+01
4.100000000000000000e+01 3.055757557768510463e-02 7.777710062487362686e-02 2.749346617428471617e+01 7.164156565138009114e+01
4.200000000000000000e+01 3.176007876694544180e-02 7.976890062549947535e-02 2.730691938256259377e+01 7.121133428946016863e+01
4.300000000000000000e+01 3.206319160864952444e-02 8.047652694849542765e-02 2.701361473579412120e+01 7.064385321187175748e+01
4.400000000000000000e+01 3.248522917037526686e-02 8.021969840159640097e-02 2.656249957344493495e+01 6.978161328183452383e+01
4.500000000000000000e+01 3.102140872345361677e-02 7.935668438427513627e-02 2.592572736550084400e+01 6.846982522860173503e+01
4.600000000000000000e+01 3.154509983350491098e-02 7.833944749015402109e-02 2.513224913826507034e+01 6.668840894397703778e+01
4.700000000000000000e+01 3.258194725049450013e-02 7.755668924581268775e-02 2.428048786086171162e+01 6.461089365849967692e+01
