# freqs 	 pli 	 dpli 	 meanpower(thalamus)	 meanpower(scalp)	pli
8.000000000000000000e+00 2.351988609244407696e-03 6.973501311264327686e-03 6.894203471940308454e-05 1.316525570907114311e-04
9.000000000000000000e+00 -1.272114284402230296e-02 -2.581809841313914208e-02 6.966028422964713632e-05 1.108478965280554525e-04
1.000000000000000000e+01 -1.446242579960260906e-02 -2.418954898706444923e-02 7.423976067020348030e-05 1.018991693052252295e-04
1.100000000000000000e+01 -1.886646267946363864e-02 -3.167168131812745507e-02 7.868615064593637053e-05 1.004577930058939600e-04
1.200000000000000000e+01 -2.787314496288734178e-02 -5.236825537151000576e-02 7.579050385111261068e-05 1.037490378773192270e-04
1.300000000000000000e+01 -4.227844397832839635e-02 -1.135450190602351334e-01 6.919726825639644773e-05 1.126873471242820235e-04
1.400000000000000000e+01 -5.969169489393102296e-02 -1.861728387429484322e-01 6.324537325288078729e-05 1.188410687115421080e-04
1.500000000000000000e+01 -6.035722750189927849e-02 -2.019444825494350892e-01 5.833313908140983303e-05 1.137430865422583433e-04
1.600000000000000000e+01 -4.180056607012403586e-02 -1.525419467339791946e-01 5.444406132799128542e-05 1.009937267366050581e-04
1.700000000000000000e+01 -2.016570392056760488e-02 -8.002813312976959914e-02 5.176959651371900665e-05 8.824505641733517900e-05
1.800000000000000000e+01 -2.363665713933017342e-03 -2.549694878118653751e-02 5.007033433201578052e-05 7.924795098394935261e-05
1.900000000000000000e+01 5.857196036583224574e-03 1.945519887785909612e-03 4.892819154097795335e-05 7.384018128876999084e-05
2.000000000000000000e+01 9.337054694752469977e-03 1.165613942272789895e-02 4.812235379830593702e-05 7.033352032492474028e-05
2.100000000000000000e+01 8.237846061333795739e-03 1.293692785653319764e-02 4.746733464258670376e-05 6.742156255472101770e-05
2.200000000000000000e+01 7.871109888128021911e-03 1.100036183407230618e-02 4.666541157146568452e-05 6.455994811365509394e-05
2.300000000000000000e+01 6.110878546857652187e-03 7.294763110256560941e-03 4.551045452426379708e-05 6.173138701973698676e-05
2.400000000000000000e+01 1.660543007609005658e-03 1.568732702149212453e-03 4.403504753659113992e-05 5.920387405293254542e-05
2.500000000000000000e+01 -3.419836034324178799e-03 -5.264391962296819695e-03 4.247040073844039521e-05 5.720892858839991086e-05
2.600000000000000000e+01 -6.827798156342937234e-03 -1.105788341380354277e-02 4.104629402721709705e-05 5.577769995222179163e-05
2.700000000000000000e+01 -9.307946726991075947e-03 -1.444877910436792416e-02 3.986569414804406997e-05 5.480376667450903160e-05
2.800000000000000000e+01 -1.031095723123785779e-02 -1.547450122167260030e-02 3.894865065404335308e-05 5.411395920899026709e-05
2.900000000000000000e+01 -1.078441358591502100e-02 -1.514280153365476882e-02 3.827955720491259880e-05 5.356822516965767194e-05
3.000000000000000000e+01 -1.040817933720835156e-02 -1.444017779112197371e-02 3.781792902490861848e-05 5.311324413346682428e-05
3.100000000000000000e+01 -8.931008310951869117e-03 -1.400393439721462838e-02 3.751434138051964442e-05 5.274368145056921101e-05
3.200000000000000000e+01 -7.050939727901094425e-03 -1.385544596850629348e-02 3.732077886064399084e-05 5.245210411125830931e-05
3.300000000000000000e+01 -5.906252294268887759e-03 -1.372560425187389389e-02 3.717732656384663622e-05 5.224535421608923188e-05
3.400000000000000000e+01 -4.870104993962265025e-03 -1.331864744230159062e-02 3.703324362026032035e-05 5.211373282852291549e-05
3.500000000000000000e+01 -5.758891532552945676e-03 -1.240793853329770838e-02 3.686139313677097242e-05 5.202125534996077593e-05
3.600000000000000000e+01 -6.107495707351654791e-03 -1.102529179610541032e-02 3.666340278676164449e-05 5.194872276360179407e-05
3.700000000000000000e+01 -6.315888217762066596e-03 -9.474431677335151680e-03 3.645788993122316222e-05 5.187729547855373887e-05
3.800000000000000000e+01 -6.775468990203252495e-03 -8.264826419902338017e-03 3.626746058380855679e-05 5.179107514094699849e-05
3.900000000000000000e+01 -6.920014838326899592e-03 -7.888111285233334949e-03 3.611119317792920623e-05 5.167680239570239694e-05
4.000000000000000000e+01 -8.033049482911785652e-03 -8.501833560465431316e-03 3.599441883749155958e-05 5.154013656269308387e-05
4.100000000000000000e+01 -8.159672108401428217e-03 -9.837752489002522457e-03 3.589686562345722803e-05 5.136510254334846018e-05
4.200000000000000000e+01 -9.252141408875697373e-03 -1.134844876459444214e-02 3.576733122322666689e-05 5.109943114976397554e-05
4.300000000000000000e+01 -1.009931086677230173e-02 -1.252227853598415590e-02 3.552229885602770353e-05 5.064357568659859398e-05
4.400000000000000000e+01 -1.041583783414983325e-02 -1.300088292660273211e-02 3.507469536536568088e-05 4.990638444141288051e-05
4.500000000000000000e+01 -9.778146328631286827e-03 -1.273933752137351889e-02 3.437253689830182049e-05 4.882615276059897334e-05
4.600000000000000000e+01 -9.080674316029990756e-03 -1.182333349200470618e-02 3.344316457767794736e-05 4.745169408875396413e-05
4.700000000000000000e+01 -8.197415129375790893e-03 -1.039594336121436695e-02 3.241382050206784865e-05 4.596325198607049869e-05
