# freqs 	 pli 	 dpli 	 meanpower(thalamus)	 meanpower(scalp)	pli
8.000000000000000000e+00 1.574763390828380280e-02 6.930976898723766044e-02 1.737889591910547055e-04 4.635559961484407424e-04
9.000000000000000000e+00 -1.214806249117677921e-02 -2.296610076219239224e-02 1.479078000979783681e-04 4.331073969202571452e-04
1.000000000000000000e+01 -4.779976848615056714e-03 -1.776490205444845177e-02 1.296426473392853012e-04 3.194237434578354909e-04
1.100000000000000000e+01 1.551848855215427411e-02 3.119389933331129239e-02 1.220402894582050082e-04 2.280051942749583809e-04
1.200000000000000000e+01 1.851883007091243913e-02 3.706244971662484705e-02 1.193217465799625024e-04 1.913735842029186244e-04
1.300000000000000000e+01 1.809923860729575895e-02 4.631685696085746651e-02 1.179685979638768386e-04 1.841839136008077530e-04
1.400000000000000000e+01 2.284364665056794544e-02 5.636348015712831783e-02 1.172048040948817820e-04 1.831956383829599216e-04
1.500000000000000000e+01 2.023738597663577582e-02 4.895975619634643228e-02 1.167431079168539234e-04 1.796480190771098718e-04
1.600000000000000000e+01 1.278554787821924686e-02 3.337687039669307021e-02 1.158655180710061551e-04 1.721557986513759704e-04
1.700000000000000000e+01 6.677001994646208395e-03 2.416212575853918590e-02 1.136298810365240022e-04 1.612738200646442286e-04
1.800000000000000000e+01 5.363698078438362653e-03 1.983103282880470386e-02 1.103406050157489977e-04 1.480172887438681599e-04
1.900000000000000000e+01 4.560156877500959154e-03 1.537433050162096380e-02 1.067183186065931113e-04 1.339849876427325677e-04
2.000000000000000000e+01 3.491222636411637787e-03 9.140837615411991079e-03 1.033136772417627157e-04 1.211570565023915028e-04
2.100000000000000000e+01 1.433950183649168163e-03 1.513345687429682980e-03 1.002630712246404827e-04 1.110231042226925803e-04
2.200000000000000000e+01 -1.210096444167245433e-03 -6.818534228745833266e-03 9.740822619303575057e-05 1.035673575257914223e-04
2.300000000000000000e+01 -3.230599275226972520e-03 -1.479113158494400546e-02 9.457062913383638763e-05 9.795262754306468633e-05
2.400000000000000000e+01 -3.788838156487458510e-03 -2.089206092944625309e-02 9.160820750686484836e-05 9.324711339528466824e-05
2.500000000000000000e+01 -4.211002565355372040e-03 -2.385747392790712670e-02 8.850799588721625121e-05 8.907603275472556652e-05
2.600000000000000000e+01 -5.414164169940493924e-03 -2.364236303262182148e-02 8.531514494278816469e-05 8.532794534009403820e-05
2.700000000000000000e+01 -7.056025697310673236e-03 -2.128215173378781785e-02 8.220568474285978801e-05 8.200555306491988253e-05
2.800000000000000000e+01 -9.461987369094251518e-03 -1.904087239777089643e-02 7.927145169597717839e-05 7.904038657019157670e-05
2.900000000000000000e+01 -9.725210493038149995e-03 -1.805473396309743503e-02 7.658250222849554637e-05 7.648007527973781951e-05
3.000000000000000000e+01 -7.893758570181645673e-03 -1.839212170268034532e-02 7.412697011029812473e-05 7.431431790053150837e-05
3.100000000000000000e+01 -6.903863831725776459e-03 -1.922261677219161413e-02 7.183780147455246651e-05 7.261227534290875358e-05
3.200000000000000000e+01 -7.118227188397005870e-03 -1.929809865506230265e-02 6.966943021039167063e-05 7.129809635832762879e-05
3.300000000000000000e+01 -7.151121833079427358e-03 -1.801157624202389881e-02 6.762411709919821895e-05 7.027562362071527601e-05
3.400000000000000000e+01 -5.348922660997386912e-03 -1.564278121817851488e-02 6.573592983503747799e-05 6.957721513851385748e-05
3.500000000000000000e+01 -5.232206772743998660e-03 -1.289613111270399015e-02 6.401159402551761201e-05 6.902777584008156636e-05
3.600000000000000000e+01 -4.206749757354247103e-03 -1.047120126054332939e-02 6.245254116810929849e-05 6.861184321626243639e-05
3.700000000000000000e+01 -4.823354573617320493e-03 -8.974627107906705051e-03 6.104547741725881171e-05 6.831159228042808871e-05
3.800000000000000000e+01 -4.523042854648683109e-03 -8.807129398552129146e-03 5.978183609373213326e-05 6.818473859169994940e-05
3.900000000000000000e+01 -5.795982986454871651e-03 -9.900471442175488163e-03 5.863643540591366763e-05 6.809677956002915269e-05
4.000000000000000000e+01 -6.754084194844615745e-03 -1.175179985252426500e-02 5.759690266204617223e-05 6.810449242545773391e-05
4.100000000000000000e+01 -7.577260667950759532e-03 -1.363595296715341965e-02 5.662788630536560498e-05 6.816419709875861266e-05
4.200000000000000000e+01 -7.983947146804165965e-03 -1.506174792096256349e-02 5.566395014429842300e-05 6.814931827039602801e-05
4.300000000000000000e+01 -8.672377014325209632e-03 -1.590853464598537825e-02 5.460525830662690496e-05 6.782583324744946823e-05
4.400000000000000000e+01 -7.963041282335383067e-03 -1.633687981315025059e-02 5.334705640380896040e-05 6.717718966260335543e-05
4.500000000000000000e+01 -6.722946938234668386e-03 -1.660805316632135015e-02 5.180935643567565732e-05 6.602614498996885076e-05
4.600000000000000000e+01 -5.302895567962075118e-03 -1.682404591003038019e-02 5.000951007818004687e-05 6.443028408055337028e-05
4.700000000000000000e+01 -4.416989488935835900e-03 -1.681985314816222127e-02 4.809935557810312309e-05 6.264694794514589170e-05
