# freqs 	 pli 	 dpli 	 meanpower(thalamus)	 meanpower(scalp)	pli
8.000000000000000000e+00 7.469220246238029992e-02 1.396302829998330441e-01 2.533051496311605177e+01 4.079693633515575470e+02
9.000000000000000000e+00 9.851409851409850815e-02 2.312298628970843872e-01 2.535462933150667908e+01 3.520882504354045182e+02
1.000000000000000000e+01 6.989680158091195195e-02 2.728403505669143025e-01 2.501124897816332648e+01 3.016146893393311075e+02
1.100000000000000000e+01 7.208586318994135433e-02 1.705656657023872091e-01 2.426339927527699203e+01 2.682652588693777602e+02
1.200000000000000000e+01 2.715285691030441123e-02 3.904425346104097722e-02 2.375653663956243022e+01 2.492899018233118511e+02
1.300000000000000000e+01 1.717489275371296767e-02 6.096083480999892057e-02 2.353345969761928558e+01 2.361706913291669423e+02
1.400000000000000000e+01 3.149873739238300691e-02 1.238088517013877787e-01 2.350566738477546735e+01 2.300051489750259464e+02
1.500000000000000000e+01 3.837244006082742563e-04 8.300398557768795538e-02 2.357494167279311981e+01 2.264142173739016357e+02
1.600000000000000000e+01 -9.717483281015421720e-03 1.058822790402420833e-02 2.365882099992543175e+01 2.162205735795946850e+02
1.700000000000000000e+01 -2.009428247873376941e-02 -1.459265373840355762e-02 2.378198620546659825e+01 2.000173229987074706e+02
1.800000000000000000e+01 -4.866211124592885982e-03 1.270795017728462923e-03 2.392984456951865369e+01 1.848888010740006678e+02
1.900000000000000000e+01 2.472911894000371508e-02 3.110592155567595135e-02 2.408815303452742285e+01 1.725505917547057493e+02
2.000000000000000000e+01 2.826428312598140008e-02 4.767762026799053643e-02 2.427293474504818249e+01 1.619820856298881608e+02
2.100000000000000000e+01 3.273823543266286829e-02 4.944458296268740283e-02 2.449579626801594046e+01 1.539420608884294666e+02
2.200000000000000000e+01 4.416130485508669434e-02 4.932589587213766225e-02 2.471358528871682481e+01 1.497380612375879423e+02
2.300000000000000000e+01 4.647686349120064980e-02 4.948696433528640415e-02 2.489690748087067362e+01 1.484113461566010699e+02
2.400000000000000000e+01 2.833298189929750119e-02 4.452862105295642831e-02 2.503927114566988266e+01 1.484729792008595268e+02
2.500000000000000000e+01 2.234685448458762630e-02 3.522433392756674914e-02 2.514980562364201688e+01 1.500598498026448340e+02
2.600000000000000000e+01 9.460748074100263846e-03 2.788306200040186963e-02 2.523632933265077583e+01 1.531140303256783852e+02
2.700000000000000000e+01 4.424871552899234568e-03 2.555480433013728597e-02 2.530748324948039851e+01 1.570994524485583952e+02
2.800000000000000000e+01 1.534296961368778779e-02 2.759107174711883728e-02 2.537406451646774386e+01 1.608592338542270852e+02
2.900000000000000000e+01 9.344082081348480118e-03 3.190628587194000582e-02 2.543744413192799314e+01 1.642736421418662758e+02
3.000000000000000000e+01 1.436595813464802349e-02 3.689908384646949785e-02 2.549546833091011777e+01 1.670905658794693522e+02
3.100000000000000000e+01 2.390144881388314019e-02 4.345470254000424054e-02 2.555456423241731656e+01 1.698475115758279514e+02
3.200000000000000000e+01 2.416651966837184834e-02 5.117989326202498218e-02 2.561383948254806953e+01 1.723545646891255956e+02
3.300000000000000000e+01 2.900650531413179883e-02 5.593214580576112704e-02 2.567173204470320158e+01 1.743818879277604594e+02
3.400000000000000000e+01 3.422795665990275432e-02 5.742986546875538528e-02 2.572602585914755124e+01 1.759246009561943822e+02
3.500000000000000000e+01 2.413871690659779093e-02 5.269827423089246121e-02 2.577257638845339827e+01 1.766792206719555622e+02
3.600000000000000000e+01 1.642896169715695950e-02 4.435850276976000678e-02 2.580889278340712423e+01 1.770164864791992159e+02
3.700000000000000000e+01 9.437841070494131998e-03 3.451254515124258654e-02 2.583350827519802451e+01 1.771800682452303022e+02
3.800000000000000000e+01 5.129336495504936526e-03 2.480417015041914974e-02 2.584394709587467176e+01 1.777116278386119745e+02
3.900000000000000000e+01 -1.494959070937631118e-03 1.610892922401832225e-02 2.584049691541495974e+01 1.785879671106550290e+02
4.000000000000000000e+01 -2.530501581563488443e-03 8.785952700572570093e-03 2.582125792982700219e+01 1.798789772488984227e+02
4.100000000000000000e+01 -4.757339831746060232e-03 2.696817360815268079e-03 2.577399193355421048e+01 1.812952153717783972e+02
4.200000000000000000e+01 -6.456540466611603718e-03 -2.306158641856339772e-03 2.566945387372107135e+01 1.824061315761877324e+02
4.300000000000000000e+01 -8.392614499240667533e-03 -6.186003703305147441e-03 2.545943472535342522e+01 1.825586309627613275e+02
4.400000000000000000e+01 -7.834644976143946907e-03 -8.534960166212296820e-03 2.509261045480056751e+01 1.816892213257304434e+02
4.500000000000000000e+01 -7.354929896961183780e-03 -9.137983437279952395e-03 2.454140848977972666e+01 1.792597437507148754e+02
4.600000000000000000e+01 -4.288654088920400807e-03 -7.955753567170922511e-03 2.383287984678701221e+01 1.753545502261896445e+02
4.700000000000000000e+01 -4.404153956883846525e-03 -5.208071394535870868e-03 2.306329991255751111e+01 1.706558539859786379e+02
