# freqs 	 pli 	 dpli 	 meanpower(thalamus)	 meanpower(scalp)	pli
8.000000000000000000e+00 1.050704740984806929e-01 2.846769252213649515e-01 1.760676681962775720e-04 7.040014967306207176e-04
9.000000000000000000e+00 4.039522015205155442e-02 9.524564764009663120e-02 1.230820315204197361e-04 5.205052663728168072e-04
1.000000000000000000e+01 1.250299086554475941e-02 2.200056017055491628e-02 1.019439528978306791e-04 3.926363253758008735e-04
1.100000000000000000e+01 -9.154285236566981135e-03 -2.264474427997545045e-02 8.717609047023436547e-05 3.212902668079019525e-04
1.200000000000000000e+01 -1.367048014854610125e-02 4.694714223964405186e-03 8.035539136099517795e-05 2.881138692225478862e-04
1.300000000000000000e+01 4.755649336085720699e-03 1.484496721408522062e-02 7.972574246057645842e-05 2.740133257003113192e-04
1.400000000000000000e+01 1.390070663821306451e-02 2.069938714722586309e-02 7.914405263814605260e-05 2.641459225588933465e-04
1.500000000000000000e+01 2.819536101385535995e-02 4.411874251828017124e-02 7.614945554233435593e-05 2.517092327800376215e-04
1.600000000000000000e+01 3.484843702798606085e-02 6.678175140851831670e-02 7.239293937778451028e-05 2.346399486067075088e-04
1.700000000000000000e+01 3.315922085038153222e-02 7.267194117143480070e-02 6.905259083988168813e-05 2.151671288163032139e-04
1.800000000000000000e+01 3.664274554220967040e-02 5.352881229111097067e-02 6.655623177760405839e-05 1.971297622651424887e-04
1.900000000000000000e+01 2.203995662515116638e-02 1.477474460494827661e-02 6.522980404711099106e-05 1.822929863984302980e-04
2.000000000000000000e+01 8.768454927025980247e-04 -1.924193206585181684e-02 6.446943666198868108e-05 1.699019738383936585e-04
2.100000000000000000e+01 -7.827032786521343974e-03 -3.010929881971278338e-02 6.361865598237607098e-05 1.593684211170008993e-04
2.200000000000000000e+01 -7.457561027486185774e-03 -2.496678674119302138e-02 6.257440778054796336e-05 1.496054982829458577e-04
2.300000000000000000e+01 -8.535706230181018452e-04 -1.839548380165134667e-02 6.157103321434433086e-05 1.399341869074102903e-04
2.400000000000000000e+01 -1.443447323001134349e-03 -1.647741054550972209e-02 6.107112908822536423e-05 1.304880757573319413e-04
2.500000000000000000e+01 -5.568870717608909865e-03 -1.741879343007576159e-02 6.148512937867781341e-05 1.215659596033896890e-04
2.600000000000000000e+01 -7.136948448527729444e-03 -1.830246020898365980e-02 6.329882742898863682e-05 1.133568573705070050e-04
2.700000000000000000e+01 -9.872379296109895855e-03 -1.832484464440761046e-02 6.640341786419010279e-05 1.060430633607228922e-04
2.800000000000000000e+01 -8.377266467249712412e-03 -1.811588281803745010e-02 6.973545896681141061e-05 9.958559506620504086e-05
2.900000000000000000e+01 -1.647027903105698857e-03 -1.784607066774772030e-02 7.190996861984632390e-05 9.380614668042778928e-05
3.000000000000000000e+01 1.908630863786793747e-03 -1.610657899895828749e-02 7.203328697129361777e-05 8.860624712860625993e-05
3.100000000000000000e+01 3.891084607044174859e-03 -1.155196839555349200e-02 7.009648674173784503e-05 8.384170054837981683e-05
3.200000000000000000e+01 1.187669199196576689e-03 -3.827360755965033765e-03 6.667654487048283558e-05 7.951659465672776517e-05
3.300000000000000000e+01 6.475655201906041665e-03 5.805401091975330961e-03 6.260152581612785441e-05 7.575786622461100177e-05
3.400000000000000000e+01 7.478492796067254429e-03 1.521368405535516478e-02 5.862847071445182070e-05 7.248683438141093841e-05
3.500000000000000000e+01 1.002595773592794559e-02 2.319180111857799265e-02 5.524684362448033801e-05 6.960369842551977456e-05
3.600000000000000000e+01 1.231773667029379717e-02 2.918112309817680675e-02 5.264778291477739393e-05 6.706377016645917683e-05
3.700000000000000000e+01 1.525037408219368819e-02 3.305541305565772026e-02 5.076106550919097141e-05 6.482079471036630023e-05
3.800000000000000000e+01 1.234642987471110641e-02 3.490401803592847740e-02 4.941840784260863008e-05 6.280909172474656024e-05
3.900000000000000000e+01 1.093195099290595468e-02 3.507204350054806546e-02 4.844903049851299290e-05 6.101716030273553822e-05
4.000000000000000000e+01 7.827143353002429318e-03 3.404080257008514077e-02 4.772690795589391085e-05 5.944644498559794319e-05
4.100000000000000000e+01 5.888321351452134936e-03 3.229398814185811817e-02 4.715962498755984052e-05 5.803166437364220832e-05
4.200000000000000000e+01 9.498552684034457932e-03 3.002945723376285181e-02 4.662764545797842619e-05 5.669115478276835198e-05
4.300000000000000000e+01 7.609242022429064251e-03 2.720451219818942334e-02 4.599718879687541813e-05 5.531992836235667850e-05
4.400000000000000000e+01 4.408491325925220465e-03 2.368152262035841393e-02 4.515545615395366379e-05 5.377402832365948883e-05
4.500000000000000000e+01 1.532043070318180175e-03 1.970827985441873931e-02 4.401997030120578336e-05 5.195401082660228723e-05
4.600000000000000000e+01 1.228320574369620635e-03 1.558943037746114355e-02 4.260549601211967909e-05 4.984998281206660340e-05
4.700000000000000000e+01 -2.783588927886028463e-03 1.173118868154700636e-02 4.105615472611703827e-05 4.757663416475392640e-05
