# freqs 	 pli 	 dpli 	 meanpower(thalamus)	 meanpower(scalp)	pli
8.000000000000000000e+00 8.420092842949757073e-02 2.234909457108512909e-01 1.253345982451546442e-04 2.624548115976029438e-04
9.000000000000000000e+00 5.694916801716463917e-02 1.121992233414104145e-01 1.184377141004514238e-04 2.582725730211065675e-04
1.000000000000000000e+01 4.332342358217609185e-02 8.583938252149238279e-02 1.119171670189630376e-04 2.539138652585098401e-04
1.100000000000000000e+01 6.787999983005215711e-03 -6.188014717758253693e-05 1.082547339972417542e-04 2.776098159404474818e-04
1.200000000000000000e+01 -6.434322790951244042e-02 -1.257477338226318520e-01 1.136971405579307383e-04 3.148672750259423202e-04
1.300000000000000000e+01 -9.936996312219840977e-02 -1.914812386057457572e-01 1.242646088335746623e-04 3.375079595120448160e-04
1.400000000000000000e+01 -9.384184842987526587e-02 -1.904614236702177055e-01 1.332429856205192241e-04 3.438360764710999390e-04
1.500000000000000000e+01 -7.605687592405123432e-02 -1.956991169475825743e-01 1.416056940744362682e-04 3.412484830365351916e-04
1.600000000000000000e+01 -5.922528261259644988e-02 -2.083367792893762449e-01 1.444701735568297465e-04 3.322114860931873570e-04
1.700000000000000000e+01 -5.114026123111814481e-02 -1.794443232420840084e-01 1.383235554585466817e-04 3.163163892266958755e-04
1.800000000000000000e+01 -4.835552075176194342e-02 -1.368821819119714900e-01 1.296681830591785124e-04 2.978126546663756899e-04
1.900000000000000000e+01 -6.107118663007116838e-02 -1.352646139438929695e-01 1.289316232961374299e-04 2.806768230028209438e-04
2.000000000000000000e+01 -7.612055479655645274e-02 -1.698268741073230836e-01 1.379265361078350937e-04 2.649449538300674770e-04
2.100000000000000000e+01 -9.786556503480708935e-02 -2.008590371439009925e-01 1.480172183890959402e-04 2.497852167471082525e-04
2.200000000000000000e+01 -1.012584154442908724e-01 -2.044171781125922738e-01 1.523505891325820365e-04 2.343462146946995140e-04
2.300000000000000000e+01 -8.704472325216473794e-02 -1.791577340226642168e-01 1.522811854175679515e-04 2.185049109726456868e-04
2.400000000000000000e+01 -6.521016213839575526e-02 -1.379374761660160931e-01 1.499696681919393743e-04 2.033402973566334718e-04
2.500000000000000000e+01 -4.575348789352643580e-02 -9.637167896521318944e-02 1.439548918425871508e-04 1.894396752236809098e-04
2.600000000000000000e+01 -3.089508180317206143e-02 -6.264882573471439176e-02 1.328904539515411351e-04 1.773170355665962955e-04
2.700000000000000000e+01 -1.763961629216682231e-02 -3.773054237417207413e-02 1.187049634262318527e-04 1.674208969235786140e-04
2.800000000000000000e+01 -5.473674858438246256e-03 -1.906183406115765158e-02 1.046751498747611848e-04 1.597225841387475448e-04
2.900000000000000000e+01 4.139106158429387700e-03 -2.947135287688178000e-03 9.302807440732680780e-05 1.536983749045134850e-04
3.000000000000000000e+01 9.707956695687880791e-03 1.342066678079350747e-02 8.430403865803000850e-05 1.487003073570553437e-04
3.100000000000000000e+01 1.204966291449315226e-02 3.058021451850902531e-02 7.798752482535283807e-05 1.441096137982767573e-04
3.200000000000000000e+01 1.829214205723535963e-02 4.736857766260042790e-02 7.327245007881503689e-05 1.396229653740092467e-04
3.300000000000000000e+01 2.517331160616175997e-02 6.200686763085353631e-02 6.954287613677605012e-05 1.350926599191625422e-04
3.400000000000000000e+01 2.671026735197858104e-02 7.301857529442914996e-02 6.643403460676277597e-05 1.305503425645538739e-04
3.500000000000000000e+01 3.111170192142592023e-02 7.948793215617916408e-02 6.377785751264239205e-05 1.261181789074561387e-04
3.600000000000000000e+01 3.350652119440095111e-02 8.152029492828548329e-02 6.147839573691288100e-05 1.218818575973224693e-04
3.700000000000000000e+01 3.588917400920689504e-02 8.002190934451625104e-02 5.949191378170017892e-05 1.179185630917817848e-04
3.800000000000000000e+01 3.647597228678309961e-02 7.611990754386971370e-02 5.777081853232277710e-05 1.143178927811091286e-04
3.900000000000000000e+01 3.524634265425721086e-02 7.070006987934947251e-02 5.628747743562932578e-05 1.111155012732085794e-04
4.000000000000000000e+01 3.247128582530608293e-02 6.427459444483051010e-02 5.500650481963179756e-05 1.082763292309925980e-04
4.100000000000000000e+01 2.723664400748209216e-02 5.728366913334632243e-02 5.387819864034697730e-05 1.056923400225211565e-04
4.200000000000000000e+01 2.448955897231759257e-02 5.021457074951306276e-02 5.283951726202053598e-05 1.032137546337010843e-04
4.300000000000000000e+01 2.161461356863655578e-02 4.359435500035518246e-02 5.177071096835106009e-05 1.005677012708465831e-04
4.400000000000000000e+01 1.722501129678839435e-02 3.781200492938459334e-02 5.052138552167229085e-05 9.746185025834123994e-05
4.500000000000000000e+01 1.470250973305591707e-02 3.314504705972922544e-02 4.897320685822464150e-05 9.369791517586089637e-05
4.600000000000000000e+01 1.274330513765421606e-02 2.972101490826160181e-02 4.710569718728939003e-05 8.925745509216978925e-05
4.700000000000000000e+01 1.206785840048056092e-02 2.757350839903095069e-02 4.503133207165873443e-05 8.434312513221551807e-05
