# freqs 	 pli 	 dpli 	 meanpower(thalamus)	 meanpower(scalp)	pli
8.000000000000000000e+00 2.755236378554469512e-02 8.891837112907216567e-02 6.582264536939420440e-05 3.121765856278366441e-04
9.000000000000000000e+00 -9.549521534482028132e-03 -1.922259028586127683e-02 6.558905206032061169e-05 2.329971134631834615e-04
1.000000000000000000e+01 -1.714042431618264042e-02 -2.797292145943242742e-02 6.299673413636770931e-05 1.921331262140798894e-04
1.100000000000000000e+01 -1.225227777384319851e-02 -2.236894348883894379e-02 5.950042578270267748e-05 1.637235592801503266e-04
1.200000000000000000e+01 -1.240124715755913480e-02 -2.256208549469400707e-02 5.697401961528645979e-05 1.457622472496049499e-04
1.300000000000000000e+01 -1.294329376191631457e-02 -7.594633104855165288e-03 5.618217320754180001e-05 1.350557718541327734e-04
1.400000000000000000e+01 -5.653321121723581082e-03 1.610902887464908196e-04 5.627415273276369583e-05 1.265836267085897996e-04
1.500000000000000000e+01 -5.573615686444771330e-03 -7.202773731054199803e-03 5.584784397582947223e-05 1.177178493521053286e-04
1.600000000000000000e+01 -1.288921541087750464e-02 -1.919068961040245117e-02 5.475103697865547377e-05 1.082366039587699842e-04
1.700000000000000000e+01 -1.112587627035664141e-02 -2.757434611452933698e-02 5.358423133493158520e-05 9.924329702642806911e-05
1.800000000000000000e+01 -8.371689054613006692e-03 -2.981494288958719263e-02 5.276085040270448942e-05 9.189249281318917625e-05
1.900000000000000000e+01 -1.327998012610838961e-02 -2.713488655947120590e-02 5.235218859904448597e-05 8.629568189503076972e-05
2.000000000000000000e+01 -1.350305713262135721e-02 -2.177909831403964866e-02 5.230126627575901681e-05 8.217263911842483505e-05
2.100000000000000000e+01 -1.319385242962880372e-02 -1.937145895589400743e-02 5.250094118375460547e-05 7.917308059361745517e-05
2.200000000000000000e+01 -1.523369909403344581e-02 -2.326545311565326318e-02 5.282289322334976706e-05 7.689609320586163871e-05
2.300000000000000000e+01 -1.659718128150966185e-02 -2.949189200708904335e-02 5.321063570848663866e-05 7.516870354472322141e-05
2.400000000000000000e+01 -1.950948044172607504e-02 -3.294205917853502974e-02 5.359849872195695847e-05 7.385348858064189927e-05
2.500000000000000000e+01 -2.254545071825225094e-02 -3.460235823830402901e-02 5.394893469632891384e-05 7.272092519035065002e-05
2.600000000000000000e+01 -2.265923924536629094e-02 -3.772110397742903243e-02 5.415867038639819389e-05 7.150482755951673489e-05
2.700000000000000000e+01 -2.103744547364062509e-02 -4.171581527657856198e-02 5.414492287493450810e-05 7.000255758078841007e-05
2.800000000000000000e+01 -2.097966135841246998e-02 -4.441942755825125516e-02 5.393503961636136374e-05 6.819507676232813603e-05
2.900000000000000000e+01 -2.296173914179177461e-02 -4.425062713887438492e-02 5.358263314993444838e-05 6.625777433093793750e-05
3.000000000000000000e+01 -1.995046313575136662e-02 -4.140372208385766778e-02 5.311781634295166532e-05 6.429022241828583853e-05
3.100000000000000000e+01 -1.824065786748066409e-02 -3.687020788152169104e-02 5.254369093363094869e-05 6.248676972874416056e-05
3.200000000000000000e+01 -1.638141713890323148e-02 -3.180340744417216314e-02 5.186575615592984835e-05 6.094696652382779179e-05
3.300000000000000000e+01 -1.467408254496309350e-02 -2.702660402435541273e-02 5.108188561197055919e-05 5.972394417284357767e-05
3.400000000000000000e+01 -1.533488052907348506e-02 -2.286952175779803295e-02 5.018088642717968205e-05 5.886959442800621567e-05
3.500000000000000000e+01 -1.573105941303719335e-02 -1.906786809389920609e-02 4.915691533156419431e-05 5.824949390659994914e-05
3.600000000000000000e+01 -1.326444060268189631e-02 -1.527865632915326524e-02 4.802515223094187721e-05 5.777933192300115274e-05
3.700000000000000000e+01 -1.067653413722166947e-02 -1.167946557555345384e-02 4.682259360497944759e-05 5.739408682028854090e-05
3.800000000000000000e+01 -8.067817711488019239e-03 -8.891359114695544449e-03 4.559756780675950033e-05 5.707796814513416627e-05
3.900000000000000000e+01 -5.830839839642227261e-03 -7.202686892592889169e-03 4.438907748835858251e-05 5.677928697032869141e-05
4.000000000000000000e+01 -4.680758357622313848e-03 -6.613408362147997661e-03 4.321556132838938144e-05 5.654718962747546436e-05
4.100000000000000000e+01 -5.534197528479158253e-03 -6.893201417988764970e-03 4.207182181349085256e-05 5.636550336595864264e-05
4.200000000000000000e+01 -7.455311877544507602e-03 -7.908622350315828997e-03 4.092642564105660147e-05 5.617646766367778819e-05
4.300000000000000000e+01 -8.129558239959647908e-03 -9.618189880849196613e-03 3.972389620507603793e-05 5.581612664509088742e-05
4.400000000000000000e+01 -9.231394196344208658e-03 -1.229748086521843808e-02 3.839787498993249711e-05 5.523015695156978085e-05
4.500000000000000000e+01 -1.030538566852721820e-02 -1.563759937270607636e-02 3.690155233806351534e-05 5.428069539794022218e-05
4.600000000000000000e+01 -1.206754747146066703e-02 -1.914437854883024523e-02 3.525347137954400959e-05 5.298553226566733401e-05
4.700000000000000000e+01 -1.138684110338144227e-02 -2.224566359922318035e-02 3.355985836712535895e-05 5.151320064371859219e-05
