# freqs 	 pli 	 dpli 	 meanpower(thalamus)	 meanpower(scalp)	pli
8.000000000000000000e+00 5.016237624267044955e-03 -3.689612023694116560e-02 7.274858597331094567e-05 1.500034475036678909e-04
9.000000000000000000e+00 1.813393045027921271e-02 5.888255461915734013e-02 6.526600944893598609e-05 1.329653989097888530e-04
1.000000000000000000e+01 1.400865511504520433e-02 9.994433047663910108e-02 6.187634872104585666e-05 1.231579950018392086e-04
1.100000000000000000e+01 -4.568835446270943200e-03 4.146946802406636934e-02 6.089713562565036889e-05 1.224269967711459791e-04
1.200000000000000000e+01 -2.879340307356799758e-02 -5.248580420738445385e-02 5.969495171737489284e-05 1.233649008820084981e-04
1.300000000000000000e+01 -3.557121014512041463e-02 -6.656849949843045289e-02 5.779456846629819319e-05 1.182929178562433737e-04
1.400000000000000000e+01 -2.596886126259304386e-02 -4.214322037868605680e-02 5.655931620507834135e-05 1.099898139979895708e-04
1.500000000000000000e+01 -1.502837505041031314e-02 -2.828877384009887905e-02 5.585473153955442801e-05 1.013205227465306993e-04
1.600000000000000000e+01 -1.320353831308744737e-02 -3.087626244506673848e-02 5.516887382561464084e-05 9.287497195500692213e-05
1.700000000000000000e+01 -1.473626616393495202e-02 -4.067461515159778718e-02 5.440679121051855764e-05 8.523181220805867359e-05
1.800000000000000000e+01 -1.853974545750353142e-02 -4.552016994347060641e-02 5.361782682752426531e-05 7.912612200617866632e-05
1.900000000000000000e+01 -1.426494166706241198e-02 -4.282110474440804782e-02 5.292429098750697504e-05 7.518226973310557454e-05
2.000000000000000000e+01 -1.029435174721603577e-02 -3.962587108647491752e-02 5.236706727560967950e-05 7.312770010555826353e-05
2.100000000000000000e+01 -8.127779164367601034e-03 -3.879405898841124800e-02 5.196890309401831049e-05 7.176773332972203961e-05
2.200000000000000000e+01 -1.066254486390191478e-02 -3.783821364543301508e-02 5.166906113151158527e-05 7.009499857650419686e-05
2.300000000000000000e+01 -1.067769764122425240e-02 -3.437574756657777592e-02 5.140893374201601891e-05 6.774406089215764294e-05
2.400000000000000000e+01 -7.635943008550486778e-03 -2.732064190274870880e-02 5.120347116316503332e-05 6.497296833014603484e-05
2.500000000000000000e+01 -1.773114083922260531e-03 -1.826464621752595455e-02 5.106591470356741273e-05 6.220479872312128242e-05
2.600000000000000000e+01 -1.424445103401315816e-03 -1.028229007229872725e-02 5.099193152068153418e-05 5.971650042261161535e-05
2.700000000000000000e+01 1.095299834912121743e-03 -4.785657176270889830e-03 5.093555351860530584e-05 5.759266359313125748e-05
2.800000000000000000e+01 1.678940179235997648e-03 -9.624871288111418090e-04 5.081332047217796576e-05 5.583248357287789760e-05
2.900000000000000000e+01 1.181550413814515602e-03 1.655002972407345436e-03 5.058138002042330118e-05 5.440275287784343425e-05
3.000000000000000000e+01 -1.221666831365454285e-03 2.550873853618701708e-03 5.022095043413151322e-05 5.327567336922953064e-05
3.100000000000000000e+01 -1.748703225572429711e-04 1.350204345024494683e-03 4.972117737245977854e-05 5.240486722788194270e-05
3.200000000000000000e+01 -1.601623756069517042e-03 -7.889543695404058936e-04 4.907666839282991638e-05 5.171675986115794715e-05
3.300000000000000000e+01 -6.602951330589020918e-04 -2.313497201228508979e-03 4.831120867877238093e-05 5.114223710503300796e-05
3.400000000000000000e+01 -1.719736665323122417e-04 -2.522562573225548953e-03 4.749527277926835568e-05 5.067517016083263417e-05
3.500000000000000000e+01 -3.868982618555339955e-04 -1.764316067590521652e-03 4.668905127380469368e-05 5.030740054635546727e-05
3.600000000000000000e+01 3.209467876655702594e-04 -9.188015398246823654e-04 4.594137549102574346e-05 5.004271467757739873e-05
3.700000000000000000e+01 8.351161806568689183e-04 -6.851144376758348245e-04 4.527660460908743031e-05 4.987037847566509643e-05
3.800000000000000000e+01 1.558955782296598484e-03 -1.212393135077892425e-03 4.470586184857334950e-05 4.978997999309532076e-05
3.900000000000000000e+01 1.097503113852235906e-03 -2.353611351862912315e-03 4.422988258517637647e-05 4.975462461340147231e-05
4.000000000000000000e+01 -4.194927487302236419e-04 -3.706860904553206833e-03 4.383739932190222578e-05 4.973701601488730753e-05
4.100000000000000000e+01 -1.935439348978930992e-03 -4.983815149752757016e-03 4.349180256778009760e-05 4.969706376795243448e-05
4.200000000000000000e+01 -2.689740666599886761e-03 -6.029750711254812379e-03 4.312828384341526808e-05 4.956669593786024338e-05
4.300000000000000000e+01 -2.370681773734244994e-03 -6.880135944085697536e-03 4.265130789896703282e-05 4.923952348344624137e-05
4.400000000000000000e+01 -2.281713274576041475e-03 -7.387897028008250273e-03 4.196253556609059673e-05 4.864910861165936074e-05
4.500000000000000000e+01 -2.943712331893527656e-03 -7.607613427890647442e-03 4.099811334328681248e-05 4.772134233158706107e-05
4.600000000000000000e+01 -3.283907691918190250e-03 -7.528181239768939187e-03 3.978620703875830437e-05 4.649148278345139934e-05
4.700000000000000000e+01 -2.699326800744816096e-03 -7.094819164847441725e-03 3.846676960728335906e-05 4.512219195567688466e-05
