# freqs 	 pli 	 dpli 	 meanpower(thalamus)	 meanpower(scalp)	pli
8.000000000000000000e+00 -1.346409234855449992e-02 -2.622383210450830032e-02 3.258290622626908259e-05 2.624313305251227695e-04
9.000000000000000000e+00 5.292232736516287034e-02 1.986899059487440278e-01 4.373282120623012023e-05 2.847889699617098670e-04
1.000000000000000000e+01 1.294130685187652174e-01 4.150503773729599666e-01 6.945244722596630095e-05 3.369260920632310952e-04
1.100000000000000000e+01 1.464043527686383905e-01 4.876517514176246793e-01 7.898723375835464060e-05 3.858988518838922825e-04
1.200000000000000000e+01 1.008011550239190923e-01 3.678328309689612996e-01 6.393858238078317571e-05 4.233495591144787297e-04
1.300000000000000000e+01 4.420747331292440574e-02 1.641625094905914406e-01 4.723338128748566110e-05 4.495738366109360050e-04
1.400000000000000000e+01 4.898356173963578329e-03 3.679827311050765104e-02 3.838475282887509607e-05 4.241848068120679231e-04
1.500000000000000000e+01 -7.246066170190059753e-03 -1.325067714847073981e-03 3.475143798582736135e-05 3.631263800637619488e-04
1.600000000000000000e+01 -4.976534022456439825e-03 -4.579058280118520827e-03 3.283858801892272433e-05 3.055348993012365526e-04
1.700000000000000000e+01 3.789897273465988974e-03 4.888963649057076824e-03 3.137682599281337129e-05 2.640339246414646294e-04
1.800000000000000000e+01 1.219807951883923949e-02 2.482384399555293691e-02 3.070261933049780063e-05 2.349460917914151636e-04
1.900000000000000000e+01 2.394715892198497412e-02 5.909619733576151196e-02 3.150416071396590719e-05 2.133751151170830711e-04
2.000000000000000000e+01 3.785103130797359133e-02 1.058355882681268623e-01 3.332499883232969344e-05 1.956658241741499114e-04
2.100000000000000000e+01 5.013842467017111393e-02 1.488723026002006233e-01 3.465908912835935062e-05 1.795100267105264713e-04
2.200000000000000000e+01 5.763128153424094263e-02 1.718520955076069667e-01 3.449006348434365357e-05 1.644666210446270684e-04
2.300000000000000000e+01 6.068498181167145122e-02 1.711128071917208948e-01 3.297425240483628929e-05 1.510510231638308534e-04
2.400000000000000000e+01 5.860770544897896117e-02 1.543181391980247841e-01 3.091344306069075649e-05 1.395997696234504081e-04
2.500000000000000000e+01 5.479451185644933220e-02 1.319245198008577313e-01 2.903542712150921110e-05 1.299823728764130991e-04
2.600000000000000000e+01 4.994446388148710003e-02 1.109802147484452439e-01 2.766119365380700822e-05 1.217868868996404961e-04
2.700000000000000000e+01 4.399097129974924997e-02 9.412245643039258980e-02 2.677725465010290928e-05 1.146657551887649983e-04
2.800000000000000000e+01 3.838505674662794076e-02 8.134645602192844271e-02 2.625011805580807408e-05 1.084327425727070406e-04
2.900000000000000000e+01 3.509361185064863164e-02 7.204433798520216981e-02 2.595101133940347563e-05 1.029663112030714401e-04
3.000000000000000000e+01 3.274231407920643461e-02 6.558535407391967442e-02 2.575742551214777875e-05 9.817475933237501207e-05
3.100000000000000000e+01 3.111220525803029893e-02 6.129563757175666983e-02 2.553635955070993220e-05 9.395753055702598798e-05
3.200000000000000000e+01 3.043552113702393744e-02 5.855080731303112518e-02 2.518099253090837230e-05 9.016912254029600877e-05
3.300000000000000000e+01 2.921655565262621171e-02 5.688410200756133933e-02 2.465637935237443304e-05 8.669373131045517774e-05
3.400000000000000000e+01 2.875819120897393430e-02 5.595668669713911580e-02 2.400583130180979031e-05 8.352188867233064468e-05
3.500000000000000000e+01 2.813580048237845563e-02 5.548709672328843573e-02 2.331594094897219787e-05 8.069155187505217138e-05
3.600000000000000000e+01 2.776321255510287578e-02 5.517438454147299137e-02 2.267564206949157751e-05 7.826439206909949816e-05
3.700000000000000000e+01 2.770243139235835025e-02 5.460620612391358514e-02 2.213852900158222795e-05 7.622456830360032634e-05
3.800000000000000000e+01 2.755197734178583061e-02 5.346844161899001746e-02 2.171805510265612234e-05 7.448825684053764380e-05
3.900000000000000000e+01 2.652146192492556634e-02 5.173714024711006249e-02 2.139913545676296291e-05 7.290723878571430381e-05
4.000000000000000000e+01 2.527592246431496770e-02 4.959647343622500260e-02 2.114894719609116845e-05 7.135980169352050767e-05
4.100000000000000000e+01 2.442125616312677480e-02 4.741740715579226967e-02 2.092681496720945588e-05 6.975740845323158119e-05
4.200000000000000000e+01 2.391002272976532755e-02 4.551020887807123716e-02 2.068511163125448841e-05 6.804541740666676967e-05
4.300000000000000000e+01 2.301954719570640032e-02 4.401568741616354585e-02 2.037233821638634898e-05 6.615315320516914743e-05
4.400000000000000000e+01 2.239680263369319899e-02 4.292925134483789595e-02 1.994394548006201846e-05 6.400873318113910659e-05
4.500000000000000000e+01 2.194504093304852632e-02 4.213466532555466826e-02 1.937894472272214333e-05 6.156222757412606577e-05
4.600000000000000000e+01 2.191927050351902273e-02 4.148210721570388948e-02 1.869778131553466756e-05 5.886475243935241996e-05
4.700000000000000000e+01 2.164482916660543516e-02 4.082775365020982483e-02 1.797658338813519605e-05 5.611034129183463365e-05
