# freqs 	 pli 	 dpli 	 meanpower(thalamus)	 meanpower(scalp)	pli
8.000000000000000000e+00 -4.053430329082880097e-03 -6.820289326008702017e-03 1.686547094210243209e-05 1.995965171747514475e-04
9.000000000000000000e+00 -1.020799511731771379e-02 -3.481242827735177292e-02 1.654456486051299446e-05 1.717253894731989039e-04
1.000000000000000000e+01 -1.452644130660444427e-02 -3.838366022402985717e-02 1.654710024283096914e-05 1.563919772659377167e-04
1.100000000000000000e+01 -2.870799304339248861e-02 -4.891630839715491869e-02 1.722714912116440442e-05 1.567570753214127255e-04
1.200000000000000000e+01 -4.228406166676471067e-02 -6.135930533922240998e-02 1.873365334811030196e-05 1.674758746919880208e-04
1.300000000000000000e+01 -5.310337335518786755e-02 -7.891313551179400532e-02 2.088115430840001039e-05 1.822070676548553632e-04
1.400000000000000000e+01 -6.123989527395035104e-02 -1.075497096919138390e-01 2.298786808322983996e-05 1.968216458988860979e-04
1.500000000000000000e+01 -4.682842398794832828e-02 -8.823294100617100344e-02 2.457054984471867233e-05 2.083471640813965573e-04
1.600000000000000000e+01 -9.730410394367809994e-04 6.774729179632170417e-03 2.563217331869357935e-05 2.168558689451677833e-04
1.700000000000000000e+01 5.459737635175897219e-02 1.189021809745733488e-01 2.630547907677094300e-05 2.215521377457888919e-04
1.800000000000000000e+01 9.128459033260340194e-02 1.852970081838344885e-01 2.649007716580547236e-05 2.202875243933783301e-04
1.900000000000000000e+01 9.941020181529720834e-02 1.951685854314739732e-01 2.613810017049019498e-05 2.127382467140664349e-04
2.000000000000000000e+01 8.719943124895500330e-02 1.726763904303106056e-01 2.551027037021297482e-05 2.004565273159362570e-04
2.100000000000000000e+01 7.068619778929864650e-02 1.395252535833934049e-01 2.474977473375668027e-05 1.848857525054004426e-04
2.200000000000000000e+01 5.947673940927272751e-02 1.071336140102430307e-01 2.389219536132726487e-05 1.665807992201080571e-04
2.300000000000000000e+01 4.578887962051082089e-02 7.981164897971348982e-02 2.312827165675279356e-05 1.470802516420789544e-04
2.400000000000000000e+01 3.473995576602124935e-02 6.018297378258178482e-02 2.263543232672078851e-05 1.290692411438166328e-04
2.500000000000000000e+01 2.351722917278405850e-02 4.662522246642592655e-02 2.245909592371329446e-05 1.145569984591717519e-04
2.600000000000000000e+01 1.604758072771721167e-02 3.314217057828190705e-02 2.252228964378975927e-05 1.040188138601063077e-04
2.700000000000000000e+01 8.890720039899817351e-03 1.586237828731065780e-02 2.269503526606460680e-05 9.673683061720479454e-05
2.800000000000000000e+01 4.850534439471969220e-04 -4.763991156103208023e-03 2.283347112358526289e-05 9.156339913089768881e-05
2.900000000000000000e+01 -6.739999376929318477e-03 -2.574945551558416659e-02 2.280525442019447902e-05 8.758822021176066689e-05
3.000000000000000000e+01 -1.742104596699433836e-02 -4.350837757956572266e-02 2.253694469831310604e-05 8.419098293656343351e-05
3.100000000000000000e+01 -2.493272814045348687e-02 -5.517988893718404203e-02 2.204101933644812724e-05 8.109939773425673423e-05
3.200000000000000000e+01 -2.629910229383719544e-02 -5.958168527193415109e-02 2.137849396458873965e-05 7.828770455236685132e-05
3.300000000000000000e+01 -2.286452409162048963e-02 -5.729354308068705659e-02 2.063420045699064962e-05 7.576225722197739833e-05
3.400000000000000000e+01 -1.538147256004551017e-02 -5.008283121729058956e-02 1.989191313301615056e-05 7.353152223219802186e-05
3.500000000000000000e+01 -9.449683748058932894e-03 -4.024595041624375730e-02 1.920973835859809048e-05 7.155961884153712066e-05
3.600000000000000000e+01 -5.536249348288713006e-03 -3.011302696753606623e-02 1.861369021089529353e-05 6.980973221982543042e-05
3.700000000000000000e+01 -4.593551178813140914e-03 -2.121568731234763777e-02 1.811496498445238444e-05 6.820089226485442696e-05
3.800000000000000000e+01 -2.945597690024170500e-03 -1.411383045466962395e-02 1.771328475057378545e-05 6.663469620611398524e-05
3.900000000000000000e+01 -8.879962371666297056e-04 -8.767475981531276663e-03 1.739545026447427719e-05 6.497604820627556933e-05
4.000000000000000000e+01 -8.169045870307443512e-04 -4.753326578172628256e-03 1.713978658420948589e-05 6.315548862417421749e-05
4.100000000000000000e+01 1.851078692462866865e-04 -1.660922366932693437e-03 1.692249650058462869e-05 6.115801371803723091e-05
4.200000000000000000e+01 2.686999058402039526e-03 8.411133235509570720e-04 1.671271450127726106e-05 5.900826335632366836e-05
4.300000000000000000e+01 4.725551888532093098e-03 2.978920506467287298e-03 1.647007409730129939e-05 5.670863501628872500e-05
4.400000000000000000e+01 6.342240564811268792e-03 4.996212085178578476e-03 1.615504206270970670e-05 5.425952728109521378e-05
4.500000000000000000e+01 7.263566095615458205e-03 6.987129374149669489e-03 1.574505238654507597e-05 5.163102587706835191e-05
4.600000000000000000e+01 7.189436139997205238e-03 8.991139415789274961e-03 1.525032519613340837e-05 4.885863587142743090e-05
4.700000000000000000e+01 5.913125653920145441e-03 1.096735499981104853e-02 1.472422934778727587e-05 4.608082078075403102e-05
