# freqs 	 pli 	 dpli 	 meanpower(thalamus)	 meanpower(scalp)	pli
8.000000000000000000e+00 5.055916860581890181e-03 -1.127913938775932778e-03 1.732804378203484582e-05 2.438123894753261927e-04
9.000000000000000000e+00 1.975002028196798376e-02 2.728226294472942126e-02 1.742802963874559989e-05 2.435969170142110430e-04
1.000000000000000000e+01 1.476966250851378774e-02 2.330177237118843947e-02 1.688869304582958560e-05 2.369580724013707097e-04
1.100000000000000000e+01 -1.115917413349274204e-02 -3.134859456644722986e-02 1.670975771300809584e-05 2.405587192005990418e-04
1.200000000000000000e+01 -3.551622594003136374e-02 -9.736862022735823241e-02 1.737993805452537431e-05 2.629072118711344016e-04
1.300000000000000000e+01 -6.070574134255197346e-02 -1.428058886496457458e-01 1.878600892833038138e-05 2.934304654265805371e-04
1.400000000000000000e+01 -7.053184441517054704e-02 -1.563345294105450145e-01 2.056357867903979550e-05 3.227400862077673955e-04
1.500000000000000000e+01 -6.948231903596750747e-02 -1.394831534481026647e-01 2.219383134868088131e-05 3.450926912796658565e-04
1.600000000000000000e+01 -5.369432202786002251e-02 -1.009624741992475733e-01 2.326419575343316345e-05 3.593943211469743243e-04
1.700000000000000000e+01 -3.284083754134742295e-02 -5.570586614689444077e-02 2.370295196414685574e-05 3.656433708627346963e-04
1.800000000000000000e+01 -1.191667851179330044e-02 -1.500545336348856756e-02 2.374438129121345150e-05 3.637109394774196863e-04
1.900000000000000000e+01 4.943369720015924028e-03 1.376317786500426757e-02 2.364143296414768789e-05 3.543635184685858894e-04
2.000000000000000000e+01 1.333260677739318140e-02 2.420131055578673626e-02 2.353147049401934691e-05 3.392940827443468774e-04
2.100000000000000000e+01 1.178160251138959773e-02 1.474178622406657931e-02 2.338513481791792826e-05 3.202727436006385015e-04
2.200000000000000000e+01 5.367327391966309966e-03 -3.634054466185377471e-03 2.307393945406035918e-05 2.978363872046763073e-04
2.300000000000000000e+01 1.996588801969665468e-04 -1.399868405540120528e-02 2.254550597342177236e-05 2.720763023290829943e-04
2.400000000000000000e+01 8.571767743835957340e-04 -8.691209439734875336e-03 2.196215540388733359e-05 2.441956603283906022e-04
2.500000000000000000e+01 6.695888541831431819e-03 6.708225727692990019e-03 2.160464088368905619e-05 2.169469814850203792e-04
2.600000000000000000e+01 1.225819307799849364e-02 2.075261112681566975e-02 2.165318342458242881e-05 1.930924412937115207e-04
2.700000000000000000e+01 1.310701848577240820e-02 2.537968375830943618e-02 2.207161992395958764e-05 1.742015314844553447e-04
2.800000000000000000e+01 1.076992854483948409e-02 2.006678189729233647e-02 2.264282081092361168e-05 1.601654888084420554e-04
2.900000000000000000e+01 5.994509118784875461e-03 9.273932636163618667e-03 2.310408069963714578e-05 1.500627484086274033e-04
3.000000000000000000e+01 1.547700779036472428e-03 -1.941424032203314205e-03 2.326450012165019827e-05 1.426712565275910292e-04
3.100000000000000000e+01 -4.912660664820098612e-04 -1.015293513509535513e-02 2.305390208743974149e-05 1.370985821154071681e-04
3.200000000000000000e+01 -1.179013341035423015e-03 -1.384137513555805561e-02 2.251399042690130291e-05 1.325817685520243186e-04
3.300000000000000000e+01 -3.275124022785837262e-04 -1.266310293309199156e-02 2.175181720156364355e-05 1.286905279175702167e-04
3.400000000000000000e+01 1.868204067064697591e-03 -7.289947233499790430e-03 2.088957299916100726e-05 1.253406695364871681e-04
3.500000000000000000e+01 5.341800173105222711e-03 1.247470148077388982e-03 2.003290333551066939e-05 1.223491290169016039e-04
3.600000000000000000e+01 9.623472954574566196e-03 1.142650827010177964e-02 1.925513958130618038e-05 1.197131651012993419e-04
3.700000000000000000e+01 1.407808630255845753e-02 2.176200674106085892e-02 1.859562676455510599e-05 1.173463016333591024e-04
3.800000000000000000e+01 1.821031302455656392e-02 3.099044309427984034e-02 1.806402796611234133e-05 1.151934403736500144e-04
3.900000000000000000e+01 2.125608645175160530e-02 3.845713061563180851e-02 1.764952198442945871e-05 1.130286499291158046e-04
4.000000000000000000e+01 2.368179178720471872e-02 4.386284719340204780e-02 1.732949720068553326e-05 1.108011932884548202e-04
4.100000000000000000e+01 2.528180470288377696e-02 4.732439630148073395e-02 1.707357977622983033e-05 1.084606267332308122e-04
4.200000000000000000e+01 2.675433284447807300e-02 4.916094923766765185e-02 1.684286360420441005e-05 1.059606421927699585e-04
4.300000000000000000e+01 2.733821200198710902e-02 4.972154325549810183e-02 1.659133157847433746e-05 1.031442650395709249e-04
4.400000000000000000e+01 2.696089237447949274e-02 4.938601442349119242e-02 1.627285191787712003e-05 1.000064433111597990e-04
4.500000000000000000e+01 2.645306627958309009e-02 4.845313903832032532e-02 1.585831836858738600e-05 9.637893821979101995e-05
4.600000000000000000e+01 2.566033107058167742e-02 4.709439535222920831e-02 1.535547287653574077e-05 9.232447274315602856e-05
4.700000000000000000e+01 2.517671502347601162e-02 4.540219670494717585e-02 1.481814225996105516e-05 8.812754194049948048e-05
