# freqs 	 pli 	 dpli 	 meanpower(thalamus)	 meanpower(scalp)	pli
8.000000000000000000e+00 1.362250228993098534e-02 3.870056991144745634e-02 2.235735958400563534e-04 2.277983112535085118e-04
9.000000000000000000e+00 3.060559627214760534e-02 6.207085486913025557e-02 2.161042974512768287e-04 2.338387193059191828e-04
1.000000000000000000e+01 5.636335732777194435e-02 1.103863680746532128e-01 2.153644079095756985e-04 2.604304564147950896e-04
1.100000000000000000e+01 4.498267360763622685e-02 5.553777147585506335e-02 2.403331112364741242e-04 2.988703454120967282e-04
1.200000000000000000e+01 2.297724723924791240e-02 1.443163916252348730e-02 2.460166402761804335e-04 3.327087692210253366e-04
1.300000000000000000e+01 -9.598188354845217998e-03 -4.082502446382611783e-02 2.302100312724256008e-04 3.691800568148742427e-04
1.400000000000000000e+01 -5.222504956737050730e-02 -1.271939208619360939e-01 2.192559954779241195e-04 3.758138046460515183e-04
1.500000000000000000e+01 -8.628627161977475701e-02 -1.949531412250772866e-01 2.117004398787295470e-04 3.461575396795205681e-04
1.600000000000000000e+01 -9.185103298563968011e-02 -2.082199954192563707e-01 1.992539827323957429e-04 3.080901500630042994e-04
1.700000000000000000e+01 -7.882455661540796465e-02 -1.638002248968151719e-01 1.822109097319845738e-04 2.771743166371778890e-04
1.800000000000000000e+01 -5.834272028223185663e-02 -1.039198356221294611e-01 1.659875780538981323e-04 2.534844812607902806e-04
1.900000000000000000e+01 -4.086159399549763732e-02 -6.904469917766378750e-02 1.535884506822154450e-04 2.339619870548809502e-04
2.000000000000000000e+01 -3.351135317340313280e-02 -6.365908827487287702e-02 1.445450397380687851e-04 2.172683641264506517e-04
2.100000000000000000e+01 -3.610178074351960004e-02 -7.325735750685946623e-02 1.374044481396239487e-04 2.025666517657320677e-04
2.200000000000000000e+01 -3.821307129913445455e-02 -8.533317916934553271e-02 1.311411781507351682e-04 1.892586594368965371e-04
2.300000000000000000e+01 -3.808916497908217125e-02 -9.358165079008246012e-02 1.249708184300836510e-04 1.771455595931365845e-04
2.400000000000000000e+01 -3.971598475537131689e-02 -9.606922054211659845e-02 1.186116062637624524e-04 1.663854898402089902e-04
2.500000000000000000e+01 -4.026811254691084474e-02 -9.267155175994033767e-02 1.123560247955058514e-04 1.570396783970004256e-04
2.600000000000000000e+01 -3.678239906608019028e-02 -8.404550330604401709e-02 1.066538753038361227e-04 1.489978076438538371e-04
2.700000000000000000e+01 -3.166422261633528024e-02 -7.163129832466860747e-02 1.016607986996921712e-04 1.419820631202872599e-04
2.800000000000000000e+01 -2.745498317667031257e-02 -5.778012289615955949e-02 9.724120709425016829e-05 1.355535917484867537e-04
2.900000000000000000e+01 -2.346890796469569551e-02 -4.487163670693877088e-02 9.314212643950957543e-05 1.294236832459446686e-04
3.000000000000000000e+01 -2.050672846598765309e-02 -3.444622625188951265e-02 8.916450391867297264e-05 1.234429956661526630e-04
3.100000000000000000e+01 -1.883504464988890875e-02 -2.664486367641377695e-02 8.522476079732624332e-05 1.176093126543087115e-04
3.200000000000000000e+01 -1.764709803029977653e-02 -2.058412814105929634e-02 8.133252391766260378e-05 1.119911673216335643e-04
3.300000000000000000e+01 -1.509373974647787789e-02 -1.530248745227336636e-02 7.756354664085043980e-05 1.066653440988945292e-04
3.400000000000000000e+01 -1.374035582851124843e-02 -1.037751716160975439e-02 7.400634405204807760e-05 1.016866588249870531e-04
3.500000000000000000e+01 -1.085076647676470017e-02 -6.098113323999502199e-03 7.072680401664772052e-05 9.708788149571287690e-05
3.600000000000000000e+01 -9.242825052463571334e-03 -2.886063321677680496e-03 6.776352232252588336e-05 9.291444032268547041e-05
3.700000000000000000e+01 -8.029047340229196472e-03 -1.008093428245060994e-03 6.512674543866703769e-05 8.918566170521462298e-05
3.800000000000000000e+01 -6.765141965409242689e-03 -4.610603893712860888e-04 6.279938210396291093e-05 8.588006179207659371e-05
3.900000000000000000e+01 -6.650718612109887858e-03 -1.258583013355338504e-03 6.074973903587513059e-05 8.294452812812872411e-05
4.000000000000000000e+01 -6.440178189137864620e-03 -3.311892041824477349e-03 5.892657213791401558e-05 8.033294273231663871e-05
4.100000000000000000e+01 -6.848287909599357418e-03 -6.562772858395322408e-03 5.726794288224642697e-05 7.795851138376951950e-05
4.200000000000000000e+01 -8.031476227095542958e-03 -1.084583705841675634e-02 5.568823738814755015e-05 7.569077552526163287e-05
4.300000000000000000e+01 -9.407069555302165903e-03 -1.588086966192670327e-02 5.407380581278970665e-05 7.335598478209064989e-05
4.400000000000000000e+01 -1.077924506630776290e-02 -2.118981454588864805e-02 5.231036308863097828e-05 7.079412877781696926e-05
4.500000000000000000e+01 -1.261729536658119481e-02 -2.641420962987679408e-02 5.031595986805095707e-05 6.788741098620221953e-05
4.600000000000000000e+01 -1.394996607997622644e-02 -3.125498618866964090e-02 4.810106883741568614e-05 6.463136531700888743e-05
4.700000000000000000e+01 -1.549296965557249439e-02 -3.551344838920560132e-02 4.579648948593298738e-05 6.116765714923024725e-05
