# freqs 	 pli 	 dpli 	 meanpower(thalamus)	 meanpower(scalp)	pli
8.000000000000000000e+00 -3.394858440329225069e-03 -1.958679884284068341e-03 4.455996691811897500e-05 2.692231833102807126e-04
9.000000000000000000e+00 -1.722837699887137461e-02 -3.515161394384144766e-02 4.236979530076012392e-05 2.392407479059580782e-04
1.000000000000000000e+01 -1.784096794800231131e-02 -4.604959365861586995e-02 4.096842115521997656e-05 2.107685074357674353e-04
1.100000000000000000e+01 -2.582086470969898254e-02 -7.145918556621796980e-02 4.062456519597178043e-05 1.957105224287886602e-04
1.200000000000000000e+01 -3.191644839822280200e-02 -8.327742416172224937e-02 3.952544634656840103e-05 1.927284221128154336e-04
1.300000000000000000e+01 -3.704385287164847079e-02 -8.184878180429928929e-02 3.762490053124521337e-05 1.947934215061957678e-04
1.400000000000000000e+01 -4.376235064762799831e-02 -9.842540870361314587e-02 3.570088210216453310e-05 1.844934491493149191e-04
1.500000000000000000e+01 -5.016778894465998700e-02 -1.169293291628308029e-01 3.416324866700643127e-05 1.605843826596705715e-04
1.600000000000000000e+01 -5.184340826189323681e-02 -1.189638508114945065e-01 3.312419410006177135e-05 1.352044462238616144e-04
1.700000000000000000e+01 -4.799159302545787792e-02 -1.090565547647206895e-01 3.251628121088127350e-05 1.160880477829713905e-04
1.800000000000000000e+01 -4.466404689465280214e-02 -9.733310646618272000e-02 3.214251598040195789e-05 1.034550422986202996e-04
1.900000000000000000e+01 -4.089263688853612966e-02 -8.935736098366416080e-02 3.188376764303418713e-05 9.497358888492385691e-05
2.000000000000000000e+01 -3.876129354866676008e-02 -8.703801816484750542e-02 3.169713221899582098e-05 8.879023709421009127e-05
2.100000000000000000e+01 -3.713625167315953712e-02 -8.885029268780564315e-02 3.157796104469101162e-05 8.389244640813363276e-05
2.200000000000000000e+01 -3.727374037266930479e-02 -9.217808879072814099e-02 3.149816416808236280e-05 7.980436992877131463e-05
2.300000000000000000e+01 -3.868202178082743442e-02 -9.582495782854856536e-02 3.140966753542736266e-05 7.630901761202073263e-05
2.400000000000000000e+01 -3.849251265765161328e-02 -9.992092039492489475e-02 3.127638791010352401e-05 7.327591626244341918e-05
2.500000000000000000e+01 -3.912374092329962139e-02 -1.048244357949807276e-01 3.109062273525813085e-05 7.060114011124603447e-05
2.600000000000000000e+01 -3.882681931525736735e-02 -1.104109189755654308e-01 3.087202957124884981e-05 6.814620360666942837e-05
2.700000000000000000e+01 -3.736548418474364142e-02 -1.158605653394757240e-01 3.065611371836604896e-05 6.576245162229686322e-05
2.800000000000000000e+01 -3.608935080268227402e-02 -1.202229400110899488e-01 3.047371431706510749e-05 6.335773986467683149e-05
2.900000000000000000e+01 -3.476691552332642626e-02 -1.226265269992376783e-01 3.033560458345972198e-05 6.094397887898773047e-05
3.000000000000000000e+01 -3.332342820688402596e-02 -1.225824630506855834e-01 3.023290665668570054e-05 5.859726776380116416e-05
3.100000000000000000e+01 -3.149238898060412184e-02 -1.198311554210761687e-01 3.014779728159564055e-05 5.639626542611600251e-05
3.200000000000000000e+01 -2.936196838101439582e-02 -1.143732413036042117e-01 3.006731239239124044e-05 5.437728595177604294e-05
3.300000000000000000e+01 -2.729812983991625544e-02 -1.063899053601173039e-01 2.998450401431995417e-05 5.254175796381320489e-05
3.400000000000000000e+01 -2.478601957788067675e-02 -9.634775022522812371e-02 2.989874787081773486e-05 5.088216377090007853e-05
3.500000000000000000e+01 -2.259010670511301180e-02 -8.510778283560203883e-02 2.980961963121563570e-05 4.937526793118572252e-05
3.600000000000000000e+01 -2.038415803482420893e-02 -7.381606080359179312e-02 2.971679575873052091e-05 4.799708503508571801e-05
3.700000000000000000e+01 -1.902222512038427224e-02 -6.348838948619055234e-02 2.962387093754378854e-05 4.672364168758429381e-05
3.800000000000000000e+01 -1.812719414586129452e-02 -5.473663906741550039e-02 2.953260592631297746e-05 4.554185123107842587e-05
3.900000000000000000e+01 -1.729459074147928627e-02 -4.767822577376846366e-02 2.944328885427090848e-05 4.443465957659057156e-05
4.000000000000000000e+01 -1.669131250488573720e-02 -4.211265506405297010e-02 2.935383061756850529e-05 4.339207206296703768e-05
4.100000000000000000e+01 -1.622724687028713822e-02 -3.775219798896269768e-02 2.925113828651655409e-05 4.239597087691474150e-05
4.200000000000000000e+01 -1.566651084863123627e-02 -3.436645665613125011e-02 2.910290318127197303e-05 4.141031408415524125e-05
4.300000000000000000e+01 -1.499099083226938453e-02 -3.180331795413850887e-02 2.885308802096507556e-05 4.037054361613524894e-05
4.400000000000000000e+01 -1.416549696982866667e-02 -2.999096686252347016e-02 2.844107757909497059e-05 3.920547877981211688e-05
4.500000000000000000e+01 -1.369590327793177020e-02 -2.886442275489793999e-02 2.783021416037140581e-05 3.785546317299347155e-05
4.600000000000000000e+01 -1.319798576471971005e-02 -2.836784295896134858e-02 2.704555146230312873e-05 3.632778981927215861e-05
4.700000000000000000e+01 -1.270442994255355403e-02 -2.843171257961528767e-02 2.619174130944936974e-05 3.472283265464603532e-05
