# freqs 	 pli 	 dpli 	 meanpower(thalamus)	 meanpower(scalp)	pli
8.000000000000000000e+00 2.227239599366911266e-02 2.666998130720567989e-02 3.489322685678451677e-05 2.455860021979779139e-04
9.000000000000000000e+00 1.270675494929321935e-02 6.543147692234670652e-03 3.395686904050323373e-05 2.183411378497112081e-04
1.000000000000000000e+01 1.076327000672968291e-02 -9.683161138026634418e-03 3.557825086288041302e-05 1.866381489621395096e-04
1.100000000000000000e+01 -9.586431691215785422e-03 -1.022793511334055133e-01 3.948745045584037662e-05 1.689387946164534076e-04
1.200000000000000000e+01 -4.477335822969465834e-02 -1.893971434132570852e-01 4.435320392214162435e-05 1.704006692164313430e-04
1.300000000000000000e+01 -9.232684395746351691e-02 -2.602773791037258366e-01 4.904637086760996927e-05 1.847678441369210228e-04
1.400000000000000000e+01 -1.331114859885288715e-01 -3.113936611080085348e-01 5.218467264489545164e-05 2.032272490667539266e-04
1.500000000000000000e+01 -1.425981530641054484e-01 -3.141500412040492685e-01 5.279922145911380407e-05 2.177213499226462903e-04
1.600000000000000000e+01 -1.107782327553880897e-01 -2.471003933358856264e-01 5.157804729461388339e-05 2.250092334989696984e-04
1.700000000000000000e+01 -4.203947522168109685e-02 -1.127296566811821221e-01 5.034637834075106436e-05 2.263750731099540582e-04
1.800000000000000000e+01 3.399845719760891810e-02 3.553382534866826592e-02 5.033390029521750712e-05 2.234185663714946199e-04
1.900000000000000000e+01 8.333297916498436098e-02 1.341334237646382155e-01 5.147478116569730196e-05 2.162391781196081075e-04
2.000000000000000000e+01 9.788512086340662999e-02 1.635803740456863165e-01 5.348483022030402879e-05 2.044694146208846737e-04
2.100000000000000000e+01 8.243261699893091043e-02 1.344358443446337370e-01 5.707147452039728274e-05 1.889379217559115313e-04
2.200000000000000000e+01 5.482044462296887383e-02 7.697734828733195089e-02 6.214513997221901857e-05 1.716536825047782432e-04
2.300000000000000000e+01 2.939971920744908693e-02 2.482538867046196404e-02 6.610492279518545556e-05 1.543094622842560576e-04
2.400000000000000000e+01 1.147244024401925487e-02 -7.044648496577795085e-03 6.637317071298335074e-05 1.381576843929337899e-04
2.500000000000000000e+01 6.097474121345232607e-05 -2.020884712914658085e-02 6.302737903683076274e-05 1.242642456108426600e-04
2.600000000000000000e+01 -2.641048228990651101e-03 -2.149267114058152350e-02 5.795292306884620943e-05 1.132204565416473587e-04
2.700000000000000000e+01 -1.199259522933669503e-03 -1.664251394561967745e-02 5.296796351795670060e-05 1.050227615126898053e-04
2.800000000000000000e+01 3.010117438681225981e-03 -7.665098675706021915e-03 4.885222473910446169e-05 9.900067428441037827e-05
2.900000000000000000e+01 9.026969113675689660e-03 4.469518324756291752e-03 4.567700895443472440e-05 9.443797481477426157e-05
3.000000000000000000e+01 1.463782416714726024e-02 1.787320722460008018e-02 4.319541068744960609e-05 9.071513851643143989e-05
3.100000000000000000e+01 1.960631071963141181e-02 3.008721829750461013e-02 4.120438582265765690e-05 8.755917244213504071e-05
3.200000000000000000e+01 2.336937301405253228e-02 3.909068722088922948e-02 3.954752281774061052e-05 8.477732376435156948e-05
3.300000000000000000e+01 2.545624268436615795e-02 4.413003325244899827e-02 3.815161857458939239e-05 8.227260938690781158e-05
3.400000000000000000e+01 2.527346567229682428e-02 4.559091597034427290e-02 3.700856900579722756e-05 8.013238962695405708e-05
3.500000000000000000e+01 2.401222297621809568e-02 4.432977421622898151e-02 3.607339814097398423e-05 7.835528353602150243e-05
3.600000000000000000e+01 2.184898964017407616e-02 4.135343543439026076e-02 3.533387843409826356e-05 7.700139783018547838e-05
3.700000000000000000e+01 1.913378867713674825e-02 3.760566338004487502e-02 3.475671934477342188e-05 7.595273716391289973e-05
3.800000000000000000e+01 1.664061117870694814e-02 3.383742638273627007e-02 3.431161049754986978e-05 7.501508457632664070e-05
3.900000000000000000e+01 1.420952767648689385e-02 3.064803217915696223e-02 3.394503781013137649e-05 7.384055850698421583e-05
4.000000000000000000e+01 1.192169709061957454e-02 2.814416600318198070e-02 3.362937201432343929e-05 7.230857897223491398e-05
4.100000000000000000e+01 1.161894197997150220e-02 2.620819208240291950e-02 3.332606339736582021e-05 7.039998660819280917e-05
4.200000000000000000e+01 1.089492899135300653e-02 2.462420911908366414e-02 3.298087217662980659e-05 6.818060728893647886e-05
4.300000000000000000e+01 1.016098701816243663e-02 2.323693392633867372e-02 3.251481601208242310e-05 6.567375461853759905e-05
4.400000000000000000e+01 9.604945095692951976e-03 2.201747916794414769e-02 3.187024808049748802e-05 6.300227616395203528e-05
4.500000000000000000e+01 9.840303617813983897e-03 2.099511879654496205e-02 3.099495412019803221e-05 6.012809767396564027e-05
4.600000000000000000e+01 9.037580948473875747e-03 2.016835653205780593e-02 2.991145892299186510e-05 5.710361921760344030e-05
4.700000000000000000e+01 8.860729932960404592e-03 1.947965837288381102e-02 2.872558512250690424e-05 5.408327771327646493e-05
