# freqs 	 pli 	 dpli 	 meanpower(thalamus)	 meanpower(scalp)	pli
8.000000000000000000e+00 9.362976020423668944e-02 3.137368219994919327e-01 1.828065493776764459e-04 2.771201006953707188e-04
9.000000000000000000e+00 6.225290043120522421e-02 1.672259600788492118e-01 1.607047290265095824e-04 2.735840759843762363e-04
1.000000000000000000e+01 3.224030801355785847e-02 7.171804967860047342e-02 1.417060256829413302e-04 2.682135903888849715e-04
1.100000000000000000e+01 3.172724677672581622e-02 6.595187013201986304e-02 1.357009023093019471e-04 2.893300356180154506e-04
1.200000000000000000e+01 3.130770323374840181e-02 4.447535597978164584e-02 1.408670045125350718e-04 3.222266355216499550e-04
1.300000000000000000e+01 -2.964962746392530487e-03 -1.364012873606980716e-02 1.508520457334635776e-04 3.446491346364729635e-04
1.400000000000000000e+01 -1.910424005180213700e-02 -7.490608821038327592e-02 1.626993629428226959e-04 3.543441480726152934e-04
1.500000000000000000e+01 -3.341430309632473228e-02 -1.733708204372461092e-01 1.807348984616215020e-04 3.556264376334441861e-04
1.600000000000000000e+01 -4.662215337083819300e-02 -2.586003732265580446e-01 1.942571229239221334e-04 3.491809580721786537e-04
1.700000000000000000e+01 -5.929991377100374966e-02 -2.624082676996193908e-01 1.919380495264322490e-04 3.328528541513920487e-04
1.800000000000000000e+01 -6.425517749651489530e-02 -2.138989494922343415e-01 1.804546919461167006e-04 3.118707948353973227e-04
1.900000000000000000e+01 -8.320482560425228324e-02 -1.978161778259354964e-01 1.740471521527410992e-04 2.928429015932764085e-04
2.000000000000000000e+01 -1.167815446025233100e-01 -2.565350517889359860e-01 1.818089410790998386e-04 2.768693331751010149e-04
2.100000000000000000e+01 -1.696114453780783460e-01 -3.386728808433785987e-01 1.995148487487391790e-04 2.622268184463468345e-04
2.200000000000000000e+01 -2.060375243896979125e-01 -3.841232173405740302e-01 2.134885661816506486e-04 2.471198383407365831e-04
2.300000000000000000e+01 -2.041405394645167681e-01 -3.792735965358049466e-01 2.138445173735498530e-04 2.308785492554848247e-04
2.400000000000000000e+01 -1.813526892998542084e-01 -3.361595208048513972e-01 1.999556896220553760e-04 2.145124027670013188e-04
2.500000000000000000e+01 -1.433669578230900854e-01 -2.725794373002134452e-01 1.773877592715399694e-04 1.994658109024090927e-04
2.600000000000000000e+01 -9.798790499989935843e-02 -2.057736964985182604e-01 1.532839524347787391e-04 1.866346659670150979e-04
2.700000000000000000e+01 -6.552833385989602355e-02 -1.481185525434843553e-01 1.329499725131839602e-04 1.764628627428283284e-04
2.800000000000000000e+01 -4.400032142160182486e-02 -1.043656345762530857e-01 1.183949902279814723e-04 1.688335195602914246e-04
2.900000000000000000e+01 -3.112114104159617242e-02 -7.242343979099015450e-02 1.090884026068207082e-04 1.630782878920855367e-04
3.000000000000000000e+01 -2.460480114654245778e-02 -4.826543098632959938e-02 1.033944283058482055e-04 1.583149017104115545e-04
3.100000000000000000e+01 -1.444908737330198242e-02 -2.949840434015282148e-02 9.970766588709734654e-05 1.538971979244842638e-04
3.200000000000000000e+01 -7.935576738715484357e-03 -1.566259561956629548e-02 9.678855373174560523e-05 1.494385331393842311e-04
3.300000000000000000e+01 -5.169060014874993225e-03 -6.742670169234583899e-03 9.396943843998515819e-05 1.448701602932760894e-04
3.400000000000000000e+01 -3.784349257707324450e-03 -2.337966258006114652e-03 9.096906806809654494e-05 1.402652813264408888e-04
3.500000000000000000e+01 -2.405693665482867144e-03 -1.697462404032294443e-03 8.775482550888088487e-05 1.357177434787583371e-04
3.600000000000000000e+01 -6.677252787424602792e-03 -4.006424605237000024e-03 8.445695181703811527e-05 1.313325337426236481e-04
3.700000000000000000e+01 -9.515109125426439093e-03 -8.411891732503904220e-03 8.126464829521460329e-05 1.272597559834889262e-04
3.800000000000000000e+01 -1.071121925338095089e-02 -1.398255088260198439e-02 7.829545893088055695e-05 1.235682113237436129e-04
3.900000000000000000e+01 -1.171344822473396712e-02 -1.981601779722617224e-02 7.562425168019894554e-05 1.202731583876708363e-04
4.000000000000000000e+01 -1.317660874051230016e-02 -2.503104108944745679e-02 7.328976226356514383e-05 1.173361001527271110e-04
4.100000000000000000e+01 -1.348186558021596121e-02 -2.905172662242716183e-02 7.124140819691240608e-05 1.147043062551535934e-04
4.200000000000000000e+01 -1.381531731656471078e-02 -3.169177422865334520e-02 6.936037797211224050e-05 1.121833821139812915e-04
4.300000000000000000e+01 -1.486905209436906877e-02 -3.311777660069426671e-02 6.749532856755980053e-05 1.094959949484661661e-04
4.400000000000000000e+01 -1.441605579674044499e-02 -3.376456361735983430e-02 6.543835078779295712e-05 1.063141657332151687e-04
4.500000000000000000e+01 -1.467483168192864305e-02 -3.410262861470678142e-02 6.302796495724912016e-05 1.023946894340540452e-04
4.600000000000000000e+01 -1.408859344466536351e-02 -3.443865736279292517e-02 6.024548402488972502e-05 9.770357048476346982e-05
4.700000000000000000e+01 -1.590257716716329470e-02 -3.490721552281422779e-02 5.722346434857299076e-05 9.245095306631018206e-05
