# freqs 	 pli 	 dpli 	 meanpower(thalamus)	 meanpower(scalp)	pli
8.000000000000000000e+00 -2.681228683471374372e-02 -8.413300650699509498e-02 1.726825603571909712e-04 1.772323017393546258e-04
9.000000000000000000e+00 -7.236687904977664315e-03 -2.678615044741100570e-02 1.822948743841650888e-04 1.796627836712449511e-04
1.000000000000000000e+01 4.081228424632720592e-02 7.584760765749963551e-02 1.906227927448291915e-04 1.907776401184569314e-04
1.100000000000000000e+01 7.713145787775012308e-02 1.272496886351890955e-01 2.167341338028319620e-04 2.091259652441841970e-04
1.200000000000000000e+01 8.271774941965955030e-02 1.211529035112495489e-01 2.173711732685168875e-04 2.349401790963791085e-04
1.300000000000000000e+01 6.520826347374628074e-02 9.146142269606861996e-02 1.956933652816688295e-04 2.698845587912183409e-04
1.400000000000000000e+01 4.903123586067454492e-02 8.087359797046832222e-02 1.801622155850896706e-04 2.818688232683403869e-04
1.500000000000000000e+01 3.985355164452780707e-02 1.022332871069662613e-01 1.701381330827524629e-04 2.620247765266384252e-04
1.600000000000000000e+01 2.635543725751694072e-02 1.072219351341902743e-01 1.578730566713405239e-04 2.331292536073416939e-04
1.700000000000000000e+01 1.084494299535924793e-02 7.913185691606892946e-02 1.435363608799358683e-04 2.104603725362927359e-04
1.800000000000000000e+01 -4.578090893043454228e-03 4.302271843740584911e-02 1.305489082714712150e-04 1.950692527117153493e-04
1.900000000000000000e+01 -1.468815184901115997e-02 1.731193682887546825e-02 1.203583898480068516e-04 1.838805242279685243e-04
2.000000000000000000e+01 -1.872037397059787139e-02 4.397705968143003283e-03 1.124872585033303229e-04 1.746538707649920223e-04
2.100000000000000000e+01 -1.988798184123676677e-02 8.790643382571207030e-04 1.062591259562220558e-04 1.661975735613056360e-04
2.200000000000000000e+01 -1.712182006293501077e-02 1.876760369076752987e-03 1.010713040238241908e-04 1.581214324405637176e-04
2.300000000000000000e+01 -1.460125928558296537e-02 3.563104439491644997e-03 9.609879581105209407e-05 1.504403999739841933e-04
2.400000000000000000e+01 -1.028822014862746347e-02 4.861974155270628629e-03 9.089176513959859236e-05 1.432899181631334983e-04
2.500000000000000000e+01 -4.147442166798086076e-03 6.783015335830783199e-03 8.561412992173416195e-05 1.368546716662702109e-04
2.600000000000000000e+01 1.629690219736178083e-03 1.059885424398356903e-02 8.063215248690297021e-05 1.311791703668280793e-04
2.700000000000000000e+01 8.544056057734675941e-03 1.660501235915894103e-02 7.624106004937279983e-05 1.261155544032357436e-04
2.800000000000000000e+01 1.384268858957231861e-02 2.386693216951387558e-02 7.245667355221516767e-05 1.213863987215016497e-04
2.900000000000000000e+01 1.878055174437904748e-02 3.081445466442916947e-02 6.912960439239029700e-05 1.167696310996502472e-04
3.000000000000000000e+01 2.287795072931713899e-02 3.617007735825605169e-02 6.612370554073503776e-05 1.121930932778171665e-04
3.100000000000000000e+01 2.525967217794660921e-02 3.939974911763943766e-02 6.337796792052019599e-05 1.076141466677569495e-04
3.200000000000000000e+01 2.671121263226807277e-02 4.070019656000604252e-02 6.086772877148764733e-05 1.030097927369849181e-04
3.300000000000000000e+01 2.628228147469906587e-02 4.068410654467825155e-02 5.856105106927656493e-05 9.842193765516156164e-05
3.400000000000000000e+01 2.533584979188726466e-02 3.994927013147472200e-02 5.643185018476955207e-05 9.390689418049945217e-05
3.500000000000000000e+01 2.451996233960159269e-02 3.915694337016116522e-02 5.445893244638608759e-05 8.952005481449385588e-05
3.600000000000000000e+01 2.454355568618851388e-02 3.888035263175732698e-02 5.262297980596436172e-05 8.534553076043697442e-05
3.700000000000000000e+01 2.375108864782389528e-02 3.954217621444674341e-02 5.092500374801589959e-05 8.145949029177639673e-05
3.800000000000000000e+01 2.286475781314375663e-02 4.123276357207115994e-02 4.937580290775594094e-05 7.793122677631415427e-05
3.900000000000000000e+01 2.254260628222946872e-02 4.378114890528179981e-02 4.798342088232381616e-05 7.477550658183350341e-05
4.000000000000000000e+01 2.239259943129624439e-02 4.694763251958950639e-02 4.673532712962210256e-05 7.197718895039904744e-05
4.100000000000000000e+01 2.270017629860945213e-02 5.041961546027286245e-02 4.559793660380241973e-05 6.947685568954653295e-05
4.200000000000000000e+01 2.278758702748239981e-02 5.392981638279466250e-02 4.451080044407828732e-05 6.716848880631275944e-05
4.300000000000000000e+01 2.319177389240290044e-02 5.722060859422967161e-02 4.338330522238073014e-05 6.489651778162651755e-05
4.400000000000000000e+01 2.328400676924605173e-02 6.011663804955971746e-02 4.211490267101059449e-05 6.250266312575350567e-05
4.500000000000000000e+01 2.285245874891239301e-02 6.249078302276409036e-02 4.063799532393235419e-05 5.986341036924437659e-05
4.600000000000000000e+01 2.268547142910082998e-02 6.431944484414207908e-02 3.896448806699682641e-05 5.695880898511353706e-05
4.700000000000000000e+01 2.186688979337143499e-02 6.565098330375886138e-02 3.720842028662001404e-05 5.390971628855910071e-05
