# freqs 	 pli 	 dpli 	 meanpower(thalamus)	 meanpower(scalp)	pli
8.000000000000000000e+00 -3.576872745182003294e-02 -7.937491124624376782e-02 4.060867622934167542e+01 2.600886905925403880e+02
9.000000000000000000e+00 -3.803929529439989410e-02 -1.016476311481827044e-01 4.090850946283290313e+01 2.347907107903745896e+02
1.000000000000000000e+01 -4.864278616873656674e-02 -1.526397462007460792e-01 4.432251393945950468e+01 2.118337152866095607e+02
1.100000000000000000e+01 -6.469770313977640797e-02 -1.908983917153622423e-01 4.779970001277437319e+01 1.963409856285351509e+02
1.200000000000000000e+01 -7.019934610599115610e-02 -2.087869209436310769e-01 4.935540004721567442e+01 1.838313204795156537e+02
1.300000000000000000e+01 -7.027768697417545452e-02 -1.999737446215669734e-01 4.861771605201809621e+01 1.706270259299655834e+02
1.400000000000000000e+01 -5.354815576630331253e-02 -1.564594114027509086e-01 4.653777599021564271e+01 1.560650987537973151e+02
1.500000000000000000e+01 -4.038391848165215348e-02 -1.153329591444666874e-01 4.400188196995586054e+01 1.431002765308094808e+02
1.600000000000000000e+01 -2.820259957748032231e-02 -8.949784098089480500e-02 4.153221677908341292e+01 1.330226225897221184e+02
1.700000000000000000e+01 -1.508784576536030889e-02 -7.629641170668326200e-02 3.952456146861822361e+01 1.256599560555597179e+02
1.800000000000000000e+01 -2.185299554434816036e-02 -7.218816130180828738e-02 3.794924581714744960e+01 1.204561459807181478e+02
1.900000000000000000e+01 -2.397643027556722525e-02 -6.780793277630890736e-02 3.666436454929051081e+01 1.161326073791806266e+02
2.000000000000000000e+01 -1.857123810031732422e-02 -5.865083803801358214e-02 3.571159851842335087e+01 1.119048451569897651e+02
2.100000000000000000e+01 -1.671261988781516661e-02 -4.889068356359291267e-02 3.507310198704782067e+01 1.077507587501360007e+02
2.200000000000000000e+01 -2.082556670636078605e-02 -4.339154588368225596e-02 3.462523019783137102e+01 1.038825512093995513e+02
2.300000000000000000e+01 -2.758073031985557033e-02 -4.215257507004290666e-02 3.431835334479703903e+01 1.006525855498776991e+02
2.400000000000000000e+01 -2.896042263515058793e-02 -4.246475229782232380e-02 3.408124514296408591e+01 9.794222077785921954e+01
2.500000000000000000e+01 -2.635017398450565165e-02 -4.139291745150047719e-02 3.387995065451492849e+01 9.541643256568202958e+01
2.600000000000000000e+01 -2.435390473316124613e-02 -3.821248760372687042e-02 3.366070937826372500e+01 9.287179764812843530e+01
2.700000000000000000e+01 -2.073392332388484735e-02 -3.295136565706907605e-02 3.338805717780573445e+01 9.028072337232420352e+01
2.800000000000000000e+01 -1.642459357835758180e-02 -2.519289145806355087e-02 3.305134331107729651e+01 8.766268770780602893e+01
2.900000000000000000e+01 -1.305801084453687803e-02 -1.452335467333672539e-02 3.268961612099608516e+01 8.510906030189836713e+01
3.000000000000000000e+01 -7.570437103628845261e-03 -1.790208894033082539e-03 3.237182225854740381e+01 8.272192009697552351e+01
3.100000000000000000e+01 -9.946745675074389077e-04 1.069641187504474095e-02 3.213649518470477062e+01 8.059714966588998664e+01
3.200000000000000000e+01 5.520270671336142791e-03 2.098936627590953716e-02 3.200770322945319180e+01 7.878459336204254271e+01
3.300000000000000000e+01 7.284573109603471180e-03 2.857644542507934218e-02 3.197853771445503668e+01 7.729767801201869304e+01
3.400000000000000000e+01 1.183623748742121742e-02 3.400842523586412175e-02 3.201839951518857674e+01 7.611187758533826297e+01
3.500000000000000000e+01 1.401103090687271305e-02 3.822825775448729368e-02 3.206752852087868177e+01 7.513475331416346137e+01
3.600000000000000000e+01 1.317151987057181735e-02 4.183738395422659934e-02 3.207062534292569467e+01 7.432011979118314571e+01
3.700000000000000000e+01 1.333590213704708913e-02 4.502324586585611244e-02 3.199266940889334521e+01 7.364339829464536535e+01
3.800000000000000000e+01 1.477758496635205553e-02 4.769424598674197602e-02 3.182204059407459340e+01 7.305891364817746592e+01
3.900000000000000000e+01 1.409729098433493318e-02 5.011035960595942168e-02 3.155835056819585915e+01 7.253781308096765201e+01
4.000000000000000000e+01 1.408992932824818314e-02 5.267306635379464391e-02 3.120945138596787416e+01 7.206733254385643761e+01
4.100000000000000000e+01 1.628090670597403741e-02 5.561890494218952458e-02 3.079022214709553751e+01 7.164156565138009114e+01
4.200000000000000000e+01 1.772981041757186807e-02 5.888018486310490907e-02 3.030000207687747604e+01 7.121133428946016863e+01
4.300000000000000000e+01 1.796027363807337074e-02 6.205559289612473661e-02 2.971117363827137581e+01 7.064385321187175748e+01
4.400000000000000000e+01 1.714452407853864213e-02 6.473035468853895191e-02 2.897979186476000990e+01 6.978161328183452383e+01
4.500000000000000000e+01 1.800506157902245080e-02 6.673642781738800545e-02 2.807835707480257881e+01 6.846982522860173503e+01
4.600000000000000000e+01 1.655364324886245825e-02 6.830885383200806238e-02 2.703501586134440515e+01 6.668840894397703778e+01
4.700000000000000000e+01 1.516092507625879833e-02 6.997919886233205933e-02 2.594574218702025092e+01 6.461089365849967692e+01
