# freqs 	 pli 	 dpli 	 meanpower(thalamus)	 meanpower(scalp)	pli
8.000000000000000000e+00 -2.260984283278674734e-02 -7.093512910111531011e-02 3.710372759974295466e-05 2.058708556252126956e-04
9.000000000000000000e+00 -2.416278016866878209e-02 -7.705905534967960602e-02 3.817495565214054908e-05 1.970030965223013659e-04
1.000000000000000000e+01 -2.238278530097154162e-02 -7.197577998079282557e-02 3.899355473530190149e-05 1.876512279678155736e-04
1.100000000000000000e+01 -3.072856658406970982e-03 -3.574962281021072663e-02 3.873012302028317291e-05 1.856322172457784421e-04
1.200000000000000000e+01 2.284481910288455389e-02 1.654645156298438502e-02 3.810384195809513291e-05 1.865947940874816387e-04
1.300000000000000000e+01 3.928303965439342710e-02 4.594256006541850429e-02 3.779273884344025241e-05 1.857281693929145930e-04
1.400000000000000000e+01 3.756509863031787938e-02 3.919886868612732639e-02 3.754300912344183918e-05 1.777805920665198028e-04
1.500000000000000000e+01 2.299369355061809186e-02 1.816888649799732955e-02 3.704409582950020510e-05 1.622808158165133007e-04
1.600000000000000000e+01 1.396966208230199583e-02 5.040082944783339652e-03 3.633919600368117981e-05 1.439861972002422468e-04
1.700000000000000000e+01 7.493959668288035711e-03 5.705978392524160316e-03 3.569958932183037441e-05 1.276532573876713763e-04
1.800000000000000000e+01 1.153800204873758548e-02 1.620512044767282236e-02 3.517027879580088875e-05 1.152734018253932774e-04
1.900000000000000000e+01 1.823294144442677567e-02 2.787447421496904928e-02 3.477557999764238020e-05 1.065620665641605155e-04
2.000000000000000000e+01 2.011653222815160125e-02 3.512457281569615619e-02 3.449468830288220469e-05 1.002332376295854026e-04
2.100000000000000000e+01 2.273129935563606915e-02 3.772157713799779294e-02 3.427953377951097687e-05 9.515706359700279676e-05
2.200000000000000000e+01 2.539783582159246475e-02 3.859799001433483756e-02 3.412304582880578910e-05 9.081173399086269946e-05
2.300000000000000000e+01 2.565939438334144743e-02 3.936281113560888972e-02 3.402682947813467955e-05 8.706619978983385646e-05
2.400000000000000000e+01 2.162231558702771769e-02 3.913819824604819475e-02 3.397612216424886525e-05 8.386578886528702880e-05
2.500000000000000000e+01 1.987376961068488407e-02 3.646962025794484724e-02 3.395991476230015362e-05 8.122027500666222978e-05
2.600000000000000000e+01 1.573573410653179849e-02 3.082386375136404733e-02 3.397531973466963418e-05 7.919789133957767509e-05
2.700000000000000000e+01 1.372308765082641720e-02 2.336311478657902493e-02 3.408681215795042799e-05 7.782273853300577528e-05
2.800000000000000000e+01 1.051899295333977649e-02 1.656782529236625057e-02 3.435024789077413906e-05 7.697542548787426398e-05
2.900000000000000000e+01 9.845208741860339910e-03 1.288311645052370343e-02 3.481663366272611139e-05 7.638890330206879269e-05
3.000000000000000000e+01 9.420530866171802561e-03 1.313860706253963499e-02 3.543578513906125744e-05 7.583847098329290842e-05
3.100000000000000000e+01 9.345911229470262385e-03 1.638323138038822943e-02 3.604953225726099773e-05 7.528400162383511944e-05
3.200000000000000000e+01 9.347564012827795296e-03 2.054015585220913404e-02 3.644336884486542709e-05 7.476432190337280420e-05
3.300000000000000000e+01 9.197443412352379263e-03 2.387101401793077435e-02 3.647061300078628882e-05 7.432370617968425447e-05
3.400000000000000000e+01 1.061336816408637446e-02 2.568570239860911569e-02 3.611195767708915414e-05 7.401783067167469444e-05
3.500000000000000000e+01 1.107599552681480005e-02 2.591084368136131397e-02 3.543609360777665176e-05 7.384364080912098071e-05
3.600000000000000000e+01 1.049143458704182227e-02 2.499800731017251532e-02 3.457121276937259404e-05 7.380952601639500349e-05
3.700000000000000000e+01 9.027541987075610522e-03 2.351571006208964462e-02 3.365341095514707328e-05 7.388877144758407159e-05
3.800000000000000000e+01 8.883295159197718630e-03 2.198131324820329011e-02 3.278633783661542730e-05 7.406561094650978931e-05
3.900000000000000000e+01 8.406024595414510886e-03 2.075684898170928466e-02 3.202003715665151630e-05 7.430363511960894681e-05
4.000000000000000000e+01 9.445203101953292268e-03 1.992576573277813137e-02 3.137511217465119724e-05 7.459982987935487363e-05
4.100000000000000000e+01 9.887923610601961205e-03 1.940480172929301417e-02 3.083423024500194122e-05 7.493022387911431933e-05
4.200000000000000000e+01 1.049269823667620116e-02 1.905090325532567824e-02 3.034903673668971663e-05 7.522871841293335545e-05
4.300000000000000000e+01 1.135520707416234551e-02 1.869273009975374114e-02 2.984056264819330079e-05 7.533992999939717226e-05
4.400000000000000000e+01 1.207372308428811963e-02 1.828874691064987998e-02 2.923400750889624354e-05 7.509656002982800012e-05
4.500000000000000000e+01 1.260045368582504884e-02 1.784192312097485772e-02 2.847651049190676577e-05 7.433568681709812071e-05
4.600000000000000000e+01 1.210462744315885832e-02 1.741862122773464930e-02 2.758607772222515015e-05 7.305817428771180331e-05
4.700000000000000000e+01 1.187431362976014600e-02 1.713472387490262705e-02 2.666443303443278578e-05 7.148891074174378382e-05
