# freqs 	 pli 	 dpli 	 meanpower(thalamus)	 meanpower(scalp)	pli
8.000000000000000000e+00 5.696092815909391260e-02 1.263056999115446666e-01 1.095238661484258108e-04 2.371009097532421578e-04
9.000000000000000000e+00 1.058638564931913967e-01 2.360360440007673311e-01 1.080590431744612426e-04 2.408839111784808157e-04
1.000000000000000000e+01 7.901687570183624221e-02 1.598404445714687316e-01 1.010058697025769227e-04 1.918229668941351179e-04
1.100000000000000000e+01 4.864884128964738069e-02 9.764495426517881549e-02 9.222118190327992476e-05 1.517751666199805246e-04
1.200000000000000000e+01 3.105975611305805337e-02 6.577537279194109465e-02 8.420428539295808136e-05 1.240514409040183684e-04
1.300000000000000000e+01 2.180953777451357864e-02 4.407389157506574895e-02 7.877902692220904940e-05 1.043174019597660474e-04
1.400000000000000000e+01 1.815221533606277415e-02 3.629982114454292225e-02 7.612445826786220723e-05 9.199914305824286205e-05
1.500000000000000000e+01 1.768989756258686555e-02 3.544476838856486234e-02 7.492224924112421153e-05 8.525485885333338940e-05
1.600000000000000000e+01 1.698683709779248707e-02 3.809898066149339929e-02 7.412911561083525779e-05 8.223659151314146351e-05
1.700000000000000000e+01 1.800020044766645344e-02 4.191677849217968072e-02 7.332348751292922548e-05 8.064390386731892931e-05
1.800000000000000000e+01 1.753597734623962845e-02 3.981346903593270536e-02 7.256979389100819263e-05 7.776613713572615584e-05
1.900000000000000000e+01 1.329388088169356809e-02 2.948163552265297208e-02 7.207322206758715077e-05 7.318050719163810849e-05
2.000000000000000000e+01 8.819916300678524307e-03 1.821948924512548085e-02 7.196327885390836360e-05 6.847841084299965302e-05
2.100000000000000000e+01 4.129040134590738348e-03 1.273385571938555859e-02 7.227505840718568555e-05 6.492676369720060678e-05
2.200000000000000000e+01 3.705698010311347153e-03 1.328811856531214239e-02 7.291807913792126849e-05 6.269836684779387043e-05
2.300000000000000000e+01 5.549252993035838633e-03 1.748034092100358289e-02 7.376079882034428906e-05 6.131428777562742728e-05
2.400000000000000000e+01 8.406194492923426548e-03 2.288751599554643412e-02 7.466885376884762259e-05 6.012684401306103330e-05
2.500000000000000000e+01 1.172007753085054643e-02 2.690400914900276108e-02 7.549183038749471351e-05 5.873571459556697720e-05
2.600000000000000000e+01 1.314593878739669583e-02 2.784439136826334996e-02 7.609699707966505991e-05 5.709267603636274910e-05
2.700000000000000000e+01 1.183635131011616728e-02 2.591156120781094863e-02 7.645314091197319233e-05 5.537149818880014523e-05
2.800000000000000000e+01 1.026928016115261771e-02 2.203668025308052475e-02 7.665779491549610646e-05 5.373001775816092437e-05
2.900000000000000000e+01 8.721333790841521993e-03 1.724783709539983237e-02 7.691700856977873909e-05 5.227611911347616143e-05
3.000000000000000000e+01 5.849768320028340615e-03 1.192005471764700890e-02 7.756610548109860984e-05 5.102966769156143899e-05
3.100000000000000000e+01 2.751083308105862525e-03 5.827719882925300882e-03 7.912539881575578226e-05 5.000057941848981373e-05
3.200000000000000000e+01 -1.524418665027041288e-03 -1.380372677510933793e-03 8.216083491474785187e-05 4.915433457667860184e-05
3.300000000000000000e+01 -4.311542571338420823e-03 -9.662659752602302185e-03 8.688287318056069270e-05 4.844374975594516446e-05
3.400000000000000000e+01 -6.959532502967424698e-03 -1.822216822893786212e-02 9.275535108569167608e-05 4.785060794990256240e-05
3.500000000000000000e+01 -8.966835367169667323e-03 -2.581471638624425677e-02 9.848811991004842599e-05 4.732355481593071350e-05
3.600000000000000000e+01 -9.904076571208611166e-03 -3.112957536374180365e-02 1.025819728680997051e-04 4.684874191644391225e-05
3.700000000000000000e+01 -1.058496698592081321e-02 -3.332300024007514572e-02 1.039372732297485775e-04 4.641387602845277921e-05
3.800000000000000000e+01 -1.037681849802644940e-02 -3.215856522274951335e-02 1.022226581123154420e-04 4.602339914282992220e-05
3.900000000000000000e+01 -9.765189776629401922e-03 -2.804671623619542711e-02 9.785368878135562709e-05 4.565555415744101367e-05
4.000000000000000000e+01 -7.472635781517953692e-03 -2.175916477185120892e-02 9.173550044919325029e-05 4.532182075510479864e-05
4.100000000000000000e+01 -4.001525579769361560e-03 -1.430868006408825971e-02 8.487898173083614729e-05 4.500479807567473768e-05
4.200000000000000000e+01 -1.137899660530560528e-03 -6.739399618852405169e-03 7.810984073522080171e-05 4.465202236073639625e-05
4.300000000000000000e+01 7.744369297139096827e-04 7.034632203943906820e-05 7.190864908373789265e-05 4.416466082386643157e-05
4.400000000000000000e+01 2.367153976143367405e-03 5.803747996665335925e-03 6.641770009406991319e-05 4.347144083692705948e-05
4.500000000000000000e+01 3.555278571883600195e-03 1.035828486014954940e-02 6.156193330128308821e-05 4.249033086215124952e-05
4.600000000000000000e+01 4.814931704527259174e-03 1.397153077213301661e-02 5.723058615020365009e-05 4.123876071119352086e-05
4.700000000000000000e+01 5.254796481218854641e-03 1.692176443322423313e-02 5.340358376651242143e-05 3.984796122365636155e-05
