# freqs 	 pli 	 dpli 	 meanpower(thalamus)	 meanpower(scalp)	pli
8.000000000000000000e+00 1.132543090145497894e-01 2.442733687702363377e-01 1.977061243233406787e-04 5.353010830845196955e-04
9.000000000000000000e+00 5.870701062452473445e-02 1.182196461112917513e-01 1.903109570043023415e-04 4.180619970172276285e-04
1.000000000000000000e+01 2.587370614115261109e-03 -6.531558687629582423e-03 1.896894020029641129e-04 3.215177632076714372e-04
1.100000000000000000e+01 -3.592886227825853318e-02 -7.190484258489769631e-02 1.883627754433710784e-04 2.761892053953027434e-04
1.200000000000000000e+01 -4.931702513934384247e-02 -1.198471118898150056e-01 1.837794486012441137e-04 2.731594596985112227e-04
1.300000000000000000e+01 -5.848910388062398408e-02 -1.482879857539918245e-01 1.724890847317894912e-04 2.780776351834389959e-04
1.400000000000000000e+01 -4.118139338769676722e-02 -1.139235138761272859e-01 1.572897452147282689e-04 2.511807996543087432e-04
1.500000000000000000e+01 -1.779693449366259728e-02 -4.490733751546810426e-02 1.446951119442726140e-04 2.048321372743888572e-04
1.600000000000000000e+01 2.058636510047848547e-03 -3.030504829763575395e-03 1.368407827478334800e-04 1.656074143470969860e-04
1.700000000000000000e+01 6.161922407500982843e-03 -2.834059637927313288e-03 1.312693687045318237e-04 1.406827756158324574e-04
1.800000000000000000e+01 -2.545928601065018324e-03 -2.042370841182722038e-02 1.259029625666404370e-04 1.253832878821052143e-04
1.900000000000000000e+01 -6.982451202533262492e-03 -3.623487008766542589e-02 1.203101800762802407e-04 1.149892523344062925e-04
2.000000000000000000e+01 -8.568180838988343970e-03 -4.550577903521424439e-02 1.145553974729859788e-04 1.074949366026821412e-04
2.100000000000000000e+01 -9.394222746899674736e-03 -5.019795702911902802e-02 1.087855350546446429e-04 1.018783150452191226e-04
2.200000000000000000e+01 -1.080361718988258855e-02 -5.112177287051688362e-02 1.030785880278988799e-04 9.732089584083046876e-05
2.300000000000000000e+01 -1.299434715447604638e-02 -5.048340053457725518e-02 9.773297168799183361e-05 9.330443110315679394e-05
2.400000000000000000e+01 -1.594562596611849570e-02 -5.068017516697391478e-02 9.289703754614172105e-05 8.968606445212017649e-05
2.500000000000000000e+01 -1.671996138056650733e-02 -5.065020319901764739e-02 8.856527191077628760e-05 8.637243508866381989e-05
2.600000000000000000e+01 -1.649373869380815413e-02 -4.730935876994975253e-02 8.466417718627605564e-05 8.301925155493648052e-05
2.700000000000000000e+01 -1.306463624208634156e-02 -3.950359651645413139e-02 8.111214490536162742e-05 7.940183675249981598e-05
2.800000000000000000e+01 -9.122497473912546603e-03 -2.849820640475289601e-02 7.784609030237473555e-05 7.557910980514100238e-05
2.900000000000000000e+01 -4.526151116721282772e-03 -1.660254935197555057e-02 7.483281195115383153e-05 7.184512765310169941e-05
3.000000000000000000e+01 -3.534090140810443992e-05 -6.077297811660686312e-03 7.203724240536906744e-05 6.850978857023396395e-05
3.100000000000000000e+01 1.755981359346964719e-03 1.675062875559933748e-03 6.949839261850910611e-05 6.575790681298815789e-05
3.200000000000000000e+01 8.682856106732397307e-04 6.674534661073143471e-03 6.719041331231757007e-05 6.363721978060884695e-05
3.300000000000000000e+01 1.888665419228912961e-03 9.747713821413955815e-03 6.506688022665461631e-05 6.206204969128749198e-05
3.400000000000000000e+01 2.576804512119324191e-03 1.188120677642295724e-02 6.312732622686799573e-05 6.089009205512189532e-05
3.500000000000000000e+01 3.676544343561013312e-03 1.333906128784957852e-02 6.135206167790298348e-05 5.998510854818053095e-05
3.600000000000000000e+01 5.055168588738988625e-03 1.412770186116388271e-02 5.972304171950450300e-05 5.926769744894423350e-05
3.700000000000000000e+01 5.270920485918756740e-03 1.414067543002513888e-02 5.821944558676768488e-05 5.869266208307854734e-05
3.800000000000000000e+01 4.594239391883209872e-03 1.351431234445253128e-02 5.683284398335312876e-05 5.824511855820230672e-05
3.900000000000000000e+01 3.927165922760236967e-03 1.240434257217370127e-02 5.554422851271238282e-05 5.791329054509615335e-05
4.000000000000000000e+01 4.473837483511333875e-03 1.114029995331713811e-02 5.435517810535064176e-05 5.768165942413272214e-05
4.100000000000000000e+01 5.009865425950646781e-03 9.882371153848804393e-03 5.324873462128633768e-05 5.748440864691263476e-05
4.200000000000000000e+01 3.982066900812300005e-03 8.727294061526459298e-03 5.218389491932963909e-05 5.722248972979204702e-05
4.300000000000000000e+01 3.996983802482321872e-03 7.774873080436380500e-03 5.106946514707354305e-05 5.675028120826710492e-05
4.400000000000000000e+01 3.891603850733635437e-03 7.142489037135265478e-03 4.980893193016448924e-05 5.592102508329012238e-05
4.500000000000000000e+01 4.224632606317071937e-03 6.965783159797716423e-03 4.830825107060588032e-05 5.464246000886208013e-05
4.600000000000000000e+01 4.555657451642725238e-03 7.383286072255316503e-03 4.656439690769536660e-05 5.294538630303762905e-05
4.700000000000000000e+01 4.630015186627476839e-03 8.507041861984591252e-03 4.469683520419630388e-05 5.101410370522317054e-05
