# freqs 	 pli 	 dpli 	 meanpower(thalamus)	 meanpower(scalp)	pli
8.000000000000000000e+00 -2.247515960408250080e-02 -6.218596582873521517e-02 1.241104129841188292e-04 1.127454139149926455e-04
9.000000000000000000e+00 -2.518292420572550844e-03 1.211146767366230552e-02 1.034449951285506831e-04 1.026125971687221860e-04
1.000000000000000000e+01 6.935029262072099805e-03 2.959688709652260816e-02 9.209746976542883658e-05 9.635825591715298981e-05
1.100000000000000000e+01 2.192155354209451845e-02 4.026989558859705998e-02 8.784710105577251576e-05 9.142123427783286922e-05
1.200000000000000000e+01 6.332787812285832658e-03 1.267024092482133164e-02 8.964889632247937897e-05 8.863849542325094046e-05
1.300000000000000000e+01 9.110605312051609297e-03 -1.284465834776916775e-02 9.593981796025618592e-05 9.030012341301663548e-05
1.400000000000000000e+01 9.847124478325777058e-03 -3.308891201039760449e-02 1.002842055055818755e-04 9.409998715335563500e-05
1.500000000000000000e+01 1.832784567015326160e-02 -1.432682466443593178e-02 9.900749144650809101e-05 9.514657487363862849e-05
1.600000000000000000e+01 2.868919808878712951e-02 2.264922810860288752e-02 9.532505017622275474e-05 9.303466286577486062e-05
1.700000000000000000e+01 3.384510650053462744e-02 4.658426206765784588e-02 9.290539325707185075e-05 9.068430224696404378e-05
1.800000000000000000e+01 3.466194475810274733e-02 5.282881771837760060e-02 9.208493506919080004e-05 9.032471506837832750e-05
1.900000000000000000e+01 3.687775322949286144e-02 4.861035511852664082e-02 9.157124243040926515e-05 9.194201765547036940e-05
2.000000000000000000e+01 3.279185735388560202e-02 4.362752139007897850e-02 9.040094342790943184e-05 9.416944105814352515e-05
2.100000000000000000e+01 2.802544021231245450e-02 4.361649475426826461e-02 8.832863986717719997e-05 9.541666925145813498e-05
2.200000000000000000e+01 2.525209208865800137e-02 4.437244451656265770e-02 8.559802681255704662e-05 9.501239286253174946e-05
2.300000000000000000e+01 1.818497854182324694e-02 3.895809863859761579e-02 8.254696029273322271e-05 9.290410465114884789e-05
2.400000000000000000e+01 1.108466857281223406e-02 2.809945134165155525e-02 7.979866583936085802e-05 8.946097014338064233e-05
2.500000000000000000e+01 1.156904836666149475e-02 2.107352883163596258e-02 7.840864514942781627e-05 8.543945863087061944e-05
2.600000000000000000e+01 1.583161781404992044e-02 2.591952190396533406e-02 7.900614091524627751e-05 8.181134628112781576e-05
2.700000000000000000e+01 1.890033106685501049e-02 3.965038373421445744e-02 8.084930401266112615e-05 7.921009100950003471e-05
2.800000000000000000e+01 2.473015772393800243e-02 5.210302902423306903e-02 8.229626746889003963e-05 7.730775685169733239e-05
2.900000000000000000e+01 2.895174789903681017e-02 5.653792029327243257e-02 8.193423961917892858e-05 7.508526658972442056e-05
3.000000000000000000e+01 2.938346604569137474e-02 5.244342278114118294e-02 7.930100777346464364e-05 7.183765616890028531e-05
3.100000000000000000e+01 2.598120239436996909e-02 4.264736196144020691e-02 7.487260826437098420e-05 6.768056550966953101e-05
3.200000000000000000e+01 2.215751100212379199e-02 3.072957373353478461e-02 6.961893158271316169e-05 6.328299091379956348e-05
3.300000000000000000e+01 1.450674630582604596e-02 1.995933677827141720e-02 6.448701268029440373e-05 5.931292306522206091e-05
3.400000000000000000e+01 9.349860250334183706e-03 1.251511089842414354e-02 6.012258364206605067e-05 5.609838345681655576e-05
3.500000000000000000e+01 5.540808950817879656e-03 8.687241363462544844e-03 5.674610230060803649e-05 5.363854029159231953e-05
3.600000000000000000e+01 6.084291113291686280e-03 7.699567051786312261e-03 5.425633045673085097e-05 5.174490978074844952e-05
3.700000000000000000e+01 7.429889522884544975e-03 8.481135503991014610e-03 5.242467527400381292e-05 5.023328159717176035e-05
3.800000000000000000e+01 8.516957480727654212e-03 1.011540668775705830e-02 5.103112045913587745e-05 4.897949212466083972e-05
3.900000000000000000e+01 7.017518326080523193e-03 1.201016511410513132e-02 4.992015615420307634e-05 4.789909471836257827e-05
4.000000000000000000e+01 5.128652801117391212e-03 1.339854303449156299e-02 4.900076969596705586e-05 4.693708496361817366e-05
4.100000000000000000e+01 5.643308025714867393e-03 1.372021372452791356e-02 4.819154565709815932e-05 4.602814236732492002e-05
4.200000000000000000e+01 6.155188290602433415e-03 1.272770116613580575e-02 4.739299552262226062e-05 4.510247659598403509e-05
4.300000000000000000e+01 4.441913439635535032e-03 1.064958169740855796e-02 4.649969158995788539e-05 4.407493997721348883e-05
4.400000000000000000e+01 2.841597302299441082e-03 7.867907930048399778e-03 4.540967717560303224e-05 4.285091616127389112e-05
4.500000000000000000e+01 -1.549891991901814284e-04 5.056563253892864228e-03 4.406736606243819813e-05 4.136943592285814383e-05
4.600000000000000000e+01 -1.321816262697667185e-03 2.792252021013104293e-03 4.249638770454860852e-05 3.965173852520875134e-05
4.700000000000000000e+01 -8.446191227577660955e-04 1.516594030282750064e-03 4.083808010528761480e-05 3.782171262192430254e-05
