# freqs 	 pli 	 dpli 	 meanpower(thalamus)	 meanpower(scalp)	pli
8.000000000000000000e+00 2.741751907762405086e-02 6.265765678757777291e-02 5.942289408057240327e-05 2.689882563492321048e-04
9.000000000000000000e+00 1.015337004505529467e-02 7.377854399696290484e-03 5.580442562562718027e-05 2.237598144059455376e-04
1.000000000000000000e+01 -1.945204646492056447e-02 -6.713396562265519507e-02 5.648572046451261924e-05 2.128171501288635701e-04
1.100000000000000000e+01 -6.319315652609160117e-02 -1.642735554719390589e-01 6.191949651036063199e-05 2.245455455930239243e-04
1.200000000000000000e+01 -9.202255080591811853e-02 -2.171964207711369887e-01 6.981070356348870252e-05 2.447787733432160370e-04
1.300000000000000000e+01 -9.657394162116947345e-02 -2.067962033528070176e-01 7.607530336335443534e-05 2.616754537421298109e-04
1.400000000000000000e+01 -7.296200285592685519e-02 -1.579291530704873825e-01 7.793236638036931980e-05 2.692000520984985678e-04
1.500000000000000000e+01 -3.474915617150530628e-02 -9.158243778243500832e-02 7.566130458415116047e-05 2.673958913825228313e-04
1.600000000000000000e+01 -6.079295984237167647e-03 -2.664518655809735778e-02 7.058186080028739425e-05 2.587861964914787939e-04
1.700000000000000000e+01 1.574017443280214743e-02 2.397602786695253452e-02 6.454432236632735506e-05 2.473017481923661448e-04
1.800000000000000000e+01 3.471825602151326629e-02 6.168176386285240814e-02 5.926188006976524649e-05 2.365764949954876661e-04
1.900000000000000000e+01 4.710485615829227563e-02 8.671883237527949762e-02 5.542504763823318713e-05 2.277523947294219568e-04
2.000000000000000000e+01 4.371915240365542576e-02 8.741049260318484171e-02 5.258573140257394161e-05 2.198758553931229158e-04
2.100000000000000000e+01 2.686534919865485663e-02 5.859212867852638812e-02 5.010167943279077049e-05 2.119567477906829063e-04
2.200000000000000000e+01 6.446553645300376334e-03 1.402565064054814813e-02 4.756528497771434877e-05 2.029968291180486240e-04
2.300000000000000000e+01 -1.108107577997257537e-02 -2.374644727266074853e-02 4.481743589155567350e-05 1.915766926140087588e-04
2.400000000000000000e+01 -1.954505644696408889e-02 -4.399347713999970239e-02 4.203918224900000516e-05 1.776663935349390817e-04
2.500000000000000000e+01 -2.311766109530203131e-02 -5.055682807906733411e-02 3.961712131162956871e-05 1.631535767210869309e-04
2.600000000000000000e+01 -2.341977691805881626e-02 -5.124469617963079565e-02 3.779984640920277150e-05 1.503499037007202470e-04
2.700000000000000000e+01 -2.366344219859717324e-02 -5.056034982449507387e-02 3.656864963687842999e-05 1.404403920359065087e-04
2.800000000000000000e+01 -2.387738338228705126e-02 -4.935589555370360759e-02 3.576455691482597395e-05 1.333137693368233352e-04
2.900000000000000000e+01 -2.110761203366696981e-02 -4.710068530098789064e-02 3.521078954065583964e-05 1.283284652140046704e-04
3.000000000000000000e+01 -2.057822653328376244e-02 -4.324854306547306487e-02 3.477282895692941091e-05 1.248667440874055758e-04
3.100000000000000000e+01 -2.130087350630599161e-02 -3.786702379252278317e-02 3.437134435511694471e-05 1.224348424145805712e-04
3.200000000000000000e+01 -2.092034240468776049e-02 -3.196420942440252044e-02 3.398286525856878803e-05 1.206309147257735763e-04
3.300000000000000000e+01 -1.931724354261715043e-02 -2.695933330186142327e-02 3.360721794259889628e-05 1.191767610507988228e-04
3.400000000000000000e+01 -1.837626509219175003e-02 -2.383635472285416945e-02 3.325674617462509380e-05 1.179854708100714603e-04
3.500000000000000000e+01 -1.679080655458608379e-02 -2.323243817223275692e-02 3.293343733681708142e-05 1.169604356481203529e-04
3.600000000000000000e+01 -1.677918538839015886e-02 -2.475557169185724563e-02 3.264381490372622347e-05 1.161001447057933851e-04
3.700000000000000000e+01 -1.852993349785675078e-02 -2.740673949192044823e-02 3.237852100218023489e-05 1.153905939977888404e-04
3.800000000000000000e+01 -1.844559181581780991e-02 -2.990594312851442213e-02 3.212381959242271491e-05 1.148352598351992220e-04
3.900000000000000000e+01 -1.860756550907219017e-02 -3.129250006187586641e-02 3.186539923899968255e-05 1.143082110657739391e-04
4.000000000000000000e+01 -1.750462185766803527e-02 -3.100607225751863399e-02 3.159296078079673717e-05 1.137769351101305943e-04
4.100000000000000000e+01 -1.632963602106587281e-02 -2.905336698587168698e-02 3.129328056341034743e-05 1.131565511357019891e-04
4.200000000000000000e+01 -1.402732010971938746e-02 -2.577414911479990189e-02 3.093280945246983614e-05 1.123023915266471864e-04
4.300000000000000000e+01 -1.075379201370651669e-02 -2.162980670235544606e-02 3.046636572311365115e-05 1.109897137003235080e-04
4.400000000000000000e+01 -9.042661668377935044e-03 -1.719388606206630893e-02 2.984026364846984223e-05 1.090727047706408967e-04
4.500000000000000000e+01 -7.189516467866982966e-03 -1.288145544188392874e-02 2.902477938923811367e-05 1.064036795395788000e-04
4.600000000000000000e+01 -5.212605228169203513e-03 -9.022227316174535189e-03 2.804938016305900394e-05 1.030874699458829327e-04
4.700000000000000000e+01 -3.930686941914949759e-03 -5.823361069459360995e-03 2.702078568616206078e-05 9.951204343171713112e-05
