# freqs 	 pli 	 dpli 	 meanpower(thalamus)	 meanpower(scalp)	pli
8.000000000000000000e+00 -3.301435744412824225e-02 -5.267354085148230614e-02 7.639667308549098052e-05 2.503088518332368989e-04
9.000000000000000000e+00 -3.633142562423818250e-02 -6.320376751205242227e-02 7.904974421895360223e-05 2.271161323872991199e-04
1.000000000000000000e+01 -4.620037695640918235e-02 -1.057422711219034306e-01 9.046512167044347744e-05 2.176061803592056147e-04
1.100000000000000000e+01 -5.353931249266998676e-02 -1.208276874398394318e-01 9.693699135063409199e-05 2.373011099928345124e-04
1.200000000000000000e+01 -6.131233335220416525e-02 -1.263813175437688840e-01 8.552385509015321288e-05 2.778800257232106599e-04
1.300000000000000000e+01 -7.777001783053798245e-02 -1.671843105487876568e-01 6.849299745663278672e-05 3.016384347635660376e-04
1.400000000000000000e+01 -8.700989737436412574e-02 -2.083075961244683638e-01 5.651697159975668279e-05 2.824750373422292116e-04
1.500000000000000000e+01 -8.031232046336410357e-02 -2.042281584087819735e-01 5.027325741548862838e-05 2.355247919579090321e-04
1.600000000000000000e+01 -6.410995598094687553e-02 -1.691857989742237833e-01 4.741576382151250834e-05 1.881844187496279491e-04
1.700000000000000000e+01 -4.830658781011996916e-02 -1.266688288562461684e-01 4.619810680442423264e-05 1.539053736064913364e-04
1.800000000000000000e+01 -3.970509344023401277e-02 -9.323703787542522714e-02 4.594003439585777514e-05 1.326247311551294382e-04
1.900000000000000000e+01 -3.511255494821734907e-02 -7.414707725978295083e-02 4.652548581214966322e-05 1.197933369154584191e-04
2.000000000000000000e+01 -3.168046067091825901e-02 -6.454749106844576145e-02 4.767065394040464392e-05 1.116868474287249313e-04
2.100000000000000000e+01 -2.848802287854088067e-02 -5.821501871013116253e-02 4.863704890284638083e-05 1.061741903543127061e-04
2.200000000000000000e+01 -2.547627191565559474e-02 -5.204044362036544524e-02 4.872787970948015056e-05 1.021653050598684339e-04
2.300000000000000000e+01 -2.273214991351468067e-02 -4.612855968607183083e-02 4.778035744997490621e-05 9.900060150554141443e-05
2.400000000000000000e+01 -2.061647937264069266e-02 -4.148699790192372089e-02 4.607902188706684946e-05 9.627451728264908154e-05
2.500000000000000000e+01 -1.895249724694952898e-02 -3.857218588036556012e-02 4.408496955405863420e-05 9.374468557860776187e-05
2.600000000000000000e+01 -1.843565775275376323e-02 -3.713821090945423897e-02 4.219920764620356990e-05 9.128061927125793757e-05
2.700000000000000000e+01 -1.838135684800237465e-02 -3.664589420497091354e-02 4.065010332250311280e-05 8.885151708868946005e-05
2.800000000000000000e+01 -1.832464087050682949e-02 -3.633126836066636473e-02 3.951453259616405177e-05 8.643614211773452925e-05
2.900000000000000000e+01 -1.744251433606245835e-02 -3.548988478748284214e-02 3.876416690881955311e-05 8.403949443681309271e-05
3.000000000000000000e+01 -1.654809734754220801e-02 -3.387618025488800533e-02 3.830134328242756068e-05 8.170395863477435876e-05
3.100000000000000000e+01 -1.621262231542548726e-02 -3.173249479901592979e-02 3.801056000661549216e-05 7.951659528671613621e-05
3.200000000000000000e+01 -1.555527986476812514e-02 -2.957869190842442667e-02 3.779418830454191273e-05 7.756858786415142797e-05
3.300000000000000000e+01 -1.476656757399136613e-02 -2.784158515920332616e-02 3.758806976609671503e-05 7.591754208705563502e-05
3.400000000000000000e+01 -1.403939200892927695e-02 -2.666909654685346506e-02 3.736291496275004771e-05 7.459476257880329707e-05
3.500000000000000000e+01 -1.344810533541961409e-02 -2.601849029440989752e-02 3.711228298138454065e-05 7.358095962879343142e-05
3.600000000000000000e+01 -1.351946343711742278e-02 -2.572964532994725245e-02 3.684518939293950659e-05 7.283604165065756474e-05
3.700000000000000000e+01 -1.407621640522615375e-02 -2.565207139548897688e-02 3.657239297499313089e-05 7.230195164936522472e-05
3.800000000000000000e+01 -1.433415486852390210e-02 -2.565258495315541135e-02 3.630154231828246181e-05 7.191913219658100710e-05
3.900000000000000000e+01 -1.444333580142270236e-02 -2.562521836429700398e-02 3.604087547752086920e-05 7.162257711354954866e-05
4.000000000000000000e+01 -1.432457331326314476e-02 -2.549568069315308674e-02 3.579106525072544664e-05 7.137708667256906941e-05
4.100000000000000000e+01 -1.402522260517504761e-02 -2.520523782068557692e-02 3.553850149857947096e-05 7.113708042578561282e-05
4.200000000000000000e+01 -1.367347187411049186e-02 -2.474063645932786729e-02 3.524650908493421627e-05 7.082053815654356873e-05
4.300000000000000000e+01 -1.348574074053563755e-02 -2.414916404803890693e-02 3.484860440285266576e-05 7.028817284554347616e-05
4.400000000000000000e+01 -1.293493780990255179e-02 -2.347261810037651678e-02 3.426701096757141728e-05 6.939877233707610451e-05
4.500000000000000000e+01 -1.242575387816183437e-02 -2.277511531224023222e-02 3.345390365471153130e-05 6.805268412900015941e-05
4.600000000000000000e+01 -1.205733241215907990e-02 -2.208295168701306793e-02 3.243339914678836094e-05 6.630533597280487091e-05
4.700000000000000000e+01 -1.166505517758543303e-02 -2.137498543281256963e-02 3.132322478934191018e-05 6.440610681911626220e-05
