# freqs 	 pli 	 dpli 	 meanpower(thalamus)	 meanpower(scalp)	pli
8.000000000000000000e+00 3.661645444633188778e-02 1.152165691480019905e-01 1.036134324662496455e-04 4.106384097415211021e-04
9.000000000000000000e+00 1.013906426297620476e-02 4.940496486122143704e-02 1.033947747540740259e-04 2.820096460645907179e-04
1.000000000000000000e+01 2.495375760867055148e-02 6.184318603688458010e-02 1.000621160806701464e-04 2.078642366558033124e-04
1.100000000000000000e+01 3.470022398932969682e-02 6.422053435042950065e-02 9.575073485065262830e-05 1.692462506342088204e-04
1.200000000000000000e+01 5.613086866537276426e-02 1.246926240160890209e-01 9.205392748037737884e-05 1.597762049272698790e-04
1.300000000000000000e+01 8.018477450516557636e-02 2.392982171908658862e-01 9.045783252705826970e-05 1.677664379540395087e-04
1.400000000000000000e+01 7.980522193124502117e-02 2.722005299641523379e-01 8.673127973162969898e-05 1.705363244395196784e-04
1.500000000000000000e+01 5.451032898426461798e-02 2.073115760307230326e-01 7.778622564863781302e-05 1.557977568076954504e-04
1.600000000000000000e+01 2.341439355385136964e-02 1.036860003884881448e-01 6.760763938190358772e-05 1.316580533024864401e-04
1.700000000000000000e+01 2.075271599601778011e-03 2.099328235193892445e-02 6.022745280676648593e-05 1.097073907466072831e-04
1.800000000000000000e+01 -9.144656807016792940e-03 -2.104853340805854997e-02 5.604148737008423921e-05 9.442608859554548482e-05
1.900000000000000000e+01 -1.379300303527528429e-02 -3.456786524932216331e-02 5.364160163296076645e-05 8.475596677163479053e-05
2.000000000000000000e+01 -1.572143775488025336e-02 -3.426148326416729450e-02 5.195491320025549055e-05 7.850532784721658656e-05
2.100000000000000000e+01 -1.471576080643525325e-02 -2.909443501304379703e-02 5.066010442901471082e-05 7.418908532261109527e-05
2.200000000000000000e+01 -1.070327162992676558e-02 -2.267281899510826398e-02 4.977807488997428460e-05 7.106286581007262174e-05
2.300000000000000000e+01 -6.056446025458445299e-03 -1.532210998178518482e-02 4.933689758679395674e-05 6.881862586582809381e-05
2.400000000000000000e+01 -2.937803501023451141e-03 -7.186604864470957574e-03 4.915567193753125007e-05 6.726141150677531584e-05
2.500000000000000000e+01 1.484231623928011605e-03 1.018934756377660360e-03 4.888865980778173137e-05 6.621561068536816180e-05
2.600000000000000000e+01 4.717178701675464082e-03 8.567391103933875984e-03 4.825733554212974848e-05 6.545599026066042101e-05
2.700000000000000000e+01 7.453024498634496474e-03 1.453621187437681081e-02 4.718902489699953329e-05 6.474035180243846541e-05
2.800000000000000000e+01 9.592246461717565675e-03 1.782480427014562080e-02 4.578840081541086637e-05 6.390684643727079987e-05
2.900000000000000000e+01 1.015967031307375527e-02 1.768985671883498839e-02 4.423509834181562668e-05 6.294826816822359698e-05
3.000000000000000000e+01 9.788034180506718224e-03 1.453840889806719966e-02 4.268717876718248724e-05 6.191182277425008194e-05
3.100000000000000000e+01 6.768598881138737297e-03 9.791290282206252527e-03 4.125172711883304803e-05 6.089594530004021586e-05
3.200000000000000000e+01 4.901654269349854133e-03 4.920341436899268450e-03 3.997994114045737366e-05 5.996370655262612073e-05
3.300000000000000000e+01 2.824559402834680034e-03 7.527360243458220681e-04 3.887364047321252282e-05 5.912140689209794867e-05
3.400000000000000000e+01 9.622465763266814087e-04 -2.577464705273478304e-03 3.791405400021820678e-05 5.835494977307003028e-05
3.500000000000000000e+01 -1.661955441121897806e-03 -5.282238576467855086e-03 3.706942418498421671e-05 5.763921913958743216e-05
3.600000000000000000e+01 -3.375983409767063532e-03 -7.670118155039542043e-03 3.630004656171017738e-05 5.696891008383877565e-05
3.700000000000000000e+01 -5.487940490763603546e-03 -9.892017503699113146e-03 3.557819361823901286e-05 5.636733484577674780e-05
3.800000000000000000e+01 -6.529234859238956107e-03 -1.182900592565635546e-02 3.488964252725139967e-05 5.585761327721426047e-05
3.900000000000000000e+01 -6.992960894243483404e-03 -1.314506744350303451e-02 3.422707280580507516e-05 5.543799875792505545e-05
4.000000000000000000e+01 -6.505591351900806910e-03 -1.352447789575172282e-02 3.358389709167794755e-05 5.509867819557301064e-05
4.100000000000000000e+01 -6.488271539399353624e-03 -1.290223483881034437e-02 3.294721559334932016e-05 5.480576767836171730e-05
4.200000000000000000e+01 -6.484683116249887087e-03 -1.155215560141174824e-02 3.229020979299248499e-05 5.448020045422913673e-05
4.300000000000000000e+01 -5.295733030922220030e-03 -9.969612745425423736e-03 3.156688179702550335e-05 5.400184446010285113e-05
4.400000000000000000e+01 -4.985073692751760058e-03 -8.560112128354347913e-03 3.071844714919217095e-05 5.324519552343898805e-05
4.500000000000000000e+01 -5.040452799090712824e-03 -7.615856455591954628e-03 2.970292239036192357e-05 5.212512728772141250e-05
4.600000000000000000e+01 -4.592361382600249758e-03 -7.206779841600899177e-03 2.853441153316617191e-05 5.067348560431101539e-05
4.700000000000000000e+01 -4.073075376770447092e-03 -7.250775210096801170e-03 2.730203793462984040e-05 4.907419784604948471e-05
