# freqs 	 pli 	 dpli 	 meanpower(thalamus)	 meanpower(scalp)	pli
8.000000000000000000e+00 -2.585543863373983287e-02 -6.294486338807719905e-02 6.519470903841622289e-05 4.846000102803368187e-04
9.000000000000000000e+00 6.174127026811939561e-04 1.217810244419928120e-02 7.083332815746298599e-05 4.359348918845632912e-04
1.000000000000000000e+01 4.501630747585853853e-02 9.671014806773622907e-02 7.742779752975750146e-05 3.281730235980770145e-04
1.100000000000000000e+01 5.234658449273525693e-02 1.033265824582841746e-01 7.833456609782345637e-05 2.810880911285827373e-04
1.200000000000000000e+01 3.561991006934402820e-02 6.665225268592035734e-02 7.386781902295280029e-05 2.586477273784396850e-04
1.300000000000000000e+01 1.426360950215552290e-03 5.349961666621069409e-03 6.825800962332845658e-05 2.396127187947959508e-04
1.400000000000000000e+01 -3.076867302022639333e-02 -5.128473869804017066e-02 6.361162621156930483e-05 2.184821570249860176e-04
1.500000000000000000e+01 -4.143128766817912034e-02 -7.180459226593044475e-02 6.013993894957800904e-05 1.971168693962854063e-04
1.600000000000000000e+01 -3.467177374763953657e-02 -6.163240168434609006e-02 5.768116511282093647e-05 1.780577274600270512e-04
1.700000000000000000e+01 -2.044777943498963385e-02 -4.000729013202668910e-02 5.602161583413979812e-05 1.614777204897697191e-04
1.800000000000000000e+01 -8.107573567042418092e-03 -1.736735710860970797e-02 5.495291322387725478e-05 1.474689012524589657e-04
1.900000000000000000e+01 1.587862010061922430e-03 1.353829419726211222e-03 5.432153512596484522e-05 1.366734389271386104e-04
2.000000000000000000e+01 9.325475726383175568e-03 1.336086449522765757e-02 5.402913574120302099e-05 1.287158877717268764e-04
2.100000000000000000e+01 1.142590063723639311e-02 1.768905945097102791e-02 5.400356399111110815e-05 1.225348022247972418e-04
2.200000000000000000e+01 1.042109387604582028e-02 1.671375947847581617e-02 5.419064080033227218e-05 1.172825452743908993e-04
2.300000000000000000e+01 1.098441173129941287e-02 1.475248015585295044e-02 5.454958747247474902e-05 1.127342054993119794e-04
2.400000000000000000e+01 1.062550166081995331e-02 1.461426521401575432e-02 5.505298523330807151e-05 1.089855314549086871e-04
2.500000000000000000e+01 1.073757510141219902e-02 1.652879364835278114e-02 5.562940557585629791e-05 1.059804519119333829e-04
2.600000000000000000e+01 9.685963726987139449e-03 1.946221395511299815e-02 5.617851829206007744e-05 1.036259238206699849e-04
2.700000000000000000e+01 9.957503494385188531e-03 2.227640169511325985e-02 5.664489456618062083e-05 1.019503936043878367e-04
2.800000000000000000e+01 9.752099113592687524e-03 2.430611096998444229e-02 5.702626648876122620e-05 1.007993004311694932e-04
2.900000000000000000e+01 1.007316178521836664e-02 2.506350191335613570e-02 5.735145000012647007e-05 1.000992343331082206e-04
3.000000000000000000e+01 9.344523287935380812e-03 2.434081977853565226e-02 5.761469614235678697e-05 9.971758610547683591e-05
3.100000000000000000e+01 8.569272391033664824e-03 2.214758254442404650e-02 5.778588380920475937e-05 9.966222701052529563e-05
3.200000000000000000e+01 8.932334615834959524e-03 1.928488305605223149e-02 5.782282766187256677e-05 9.988916065709342834e-05
3.300000000000000000e+01 8.496988903123236375e-03 1.685348407442979063e-02 5.768334866408269580e-05 1.003069682892268057e-04
3.400000000000000000e+01 8.583648301382706264e-03 1.518921514643269827e-02 5.736899577641745582e-05 1.009379254205101196e-04
3.500000000000000000e+01 8.120937077023037201e-03 1.443527711762375085e-02 5.690035165186840523e-05 1.016637268122780113e-04
3.600000000000000000e+01 8.371500560588605519e-03 1.400352330935517205e-02 5.631769090323156788e-05 1.024644667085549137e-04
3.700000000000000000e+01 7.732708901408401510e-03 1.350099676986985832e-02 5.566683683596637254e-05 1.032675348810396869e-04
3.800000000000000000e+01 7.558778146105130102e-03 1.282281008592049340e-02 5.498927365717123548e-05 1.040914918398130754e-04
3.900000000000000000e+01 8.411363900196953264e-03 1.227594874166502981e-02 5.431109975949656422e-05 1.048304651533986387e-04
4.000000000000000000e+01 8.203194298940346893e-03 1.189351728695339436e-02 5.364365314532886560e-05 1.055098707742394394e-04
4.100000000000000000e+01 7.667657730395092096e-03 1.163201389412951356e-02 5.296741347102236323e-05 1.060899268487790616e-04
4.200000000000000000e+01 7.012051964313663691e-03 1.138388355256730010e-02 5.223065171796422888e-05 1.064551990765822689e-04
4.300000000000000000e+01 6.128589068016208376e-03 1.108860689564019480e-02 5.134015996964537231e-05 1.063344755470755699e-04
4.400000000000000000e+01 5.959542286670321994e-03 1.071325777562997031e-02 5.019316889262333514e-05 1.056019161046021381e-04
4.500000000000000000e+01 5.796023709017737724e-03 1.034767589841639919e-02 4.872353212573002958e-05 1.040601124903762565e-04
4.600000000000000000e+01 5.467695683334442697e-03 1.008493391180523800e-02 4.696459905231174331e-05 1.017941428351821262e-04
4.700000000000000000e+01 5.626752495583910336e-03 1.002207357005800714e-02 4.507698839599859857e-05 9.917768098732451668e-05
