# freqs 	 pli 	 dpli 	 meanpower(thalamus)	 meanpower(scalp)	pli
8.000000000000000000e+00 4.042724014153481482e-02 7.645854580100895637e-02 2.699414385497214022e-05 2.411348858096213992e-04
9.000000000000000000e+00 5.875552655962672927e-02 1.137227578857119281e-01 2.752181807197257645e-05 2.348286121843199965e-04
1.000000000000000000e+01 6.137158320866847871e-02 1.103404918929615924e-01 2.774803892533063654e-05 2.179446423012022414e-04
1.100000000000000000e+01 3.994827629901095967e-02 5.558145264684137554e-02 2.787754945248028688e-05 2.093588551265254541e-04
1.200000000000000000e+01 1.709053597479403414e-02 2.177774416407480401e-02 2.905228365279955428e-05 2.198205138677502646e-04
1.300000000000000000e+01 -7.962656144457968405e-03 -1.868549780640774496e-02 3.127926392379251896e-05 2.413833343561075687e-04
1.400000000000000000e+01 -2.610511702289676494e-02 -5.722163627750286030e-02 3.353009000380930234e-05 2.636938852530006355e-04
1.500000000000000000e+01 -3.170575128250893715e-02 -7.031232078934185337e-02 3.490940775465888220e-05 2.804532886607053713e-04
1.600000000000000000e+01 -2.515617943229129377e-02 -5.602299504867185725e-02 3.530070225153650776e-05 2.903095292494055736e-04
1.700000000000000000e+01 -9.515939037871023326e-03 -2.522469868754184316e-02 3.523192909803644365e-05 2.940138003204537131e-04
1.800000000000000000e+01 4.176783838696495818e-03 -1.648789973181015054e-04 3.538965932488120691e-05 2.924781025417309529e-04
1.900000000000000000e+01 8.296082792039919523e-03 5.194745898063002180e-03 3.598031681921743101e-05 2.864687333175824479e-04
2.000000000000000000e+01 6.512108327217662647e-03 7.301260276320782616e-04 3.666455171981800460e-05 2.766357822954793283e-04
2.100000000000000000e+01 8.758780985542417505e-03 7.647837834144969454e-03 3.707865392532664136e-05 2.638306024662655691e-04
2.200000000000000000e+01 1.871138344864876207e-02 3.558170045308871321e-02 3.706674944073956325e-05 2.479432130427937277e-04
2.300000000000000000e+01 3.123255885493801329e-02 7.179326294510812723e-02 3.637617912463442856e-05 2.284122258229840589e-04
2.400000000000000000e+01 3.850640052152055903e-02 9.670544478406030431e-02 3.483670114810762152e-05 2.062226754377918976e-04
2.500000000000000000e+01 3.987001285996058519e-02 1.017986283551882698e-01 3.274808107449368180e-05 1.843803572449688975e-04
2.600000000000000000e+01 3.849260226602872759e-02 9.206088297241535323e-02 3.070749435303687523e-05 1.657718914092360264e-04
2.700000000000000000e+01 3.511305235888095150e-02 7.848621732528705819e-02 2.913837926077407983e-05 1.519118595148456524e-04
2.800000000000000000e+01 3.343252048319250019e-02 6.814661694209814269e-02 2.808825785901522011e-05 1.424294774026648596e-04
2.900000000000000000e+01 3.268380092924531855e-02 6.172548379682198105e-02 2.736159384074209107e-05 1.362929736603778978e-04
3.000000000000000000e+01 3.167375009220747828e-02 5.708037956281519082e-02 2.673549376057381008e-05 1.323022382510797754e-04
3.100000000000000000e+01 2.975558711074967680e-02 5.233848143958936411e-02 2.608510718225984465e-05 1.297577142066916832e-04
3.200000000000000000e+01 2.755568161276347391e-02 4.664334395915915171e-02 2.538731047629553435e-05 1.280875918306682761e-04
3.300000000000000000e+01 2.422139163847791474e-02 3.995625186928541961e-02 2.467410603819653864e-05 1.269188830800279733e-04
3.400000000000000000e+01 2.033098426256418900e-02 3.262117890148858584e-02 2.398958102394540070e-05 1.262106144368893611e-04
3.500000000000000000e+01 1.663946566457059212e-02 2.543552261512290608e-02 2.336007913928817755e-05 1.256791829970544273e-04
3.600000000000000000e+01 1.377044311282677944e-02 1.903272559411272810e-02 2.279873044488835274e-05 1.253122644278092208e-04
3.700000000000000000e+01 1.035507863255522194e-02 1.389482889678849906e-02 2.230443514143208819e-05 1.250240463387186976e-04
3.800000000000000000e+01 8.324275090142132377e-03 1.013038745433289707e-02 2.186895018564580692e-05 1.247957710767305423e-04
3.900000000000000000e+01 6.333674669093943520e-03 7.697142375879002102e-03 2.147903771382967428e-05 1.243374369789999401e-04
4.000000000000000000e+01 4.909632508281301308e-03 6.393815598290146333e-03 2.112017160516908816e-05 1.236504601428499537e-04
4.100000000000000000e+01 4.890401438711921775e-03 6.088137073634814801e-03 2.077455920498065911e-05 1.226880007889029345e-04
4.200000000000000000e+01 4.956997114258844886e-03 6.643013624427608274e-03 2.041552472224609201e-05 1.213858619534283147e-04
4.300000000000000000e+01 5.923983084743003266e-03 7.897399836805053461e-03 2.000567684906237543e-05 1.195054393931327744e-04
4.400000000000000000e+01 6.382612958430055987e-03 9.572525326234669618e-03 1.950761054875599040e-05 1.170612603297261831e-04
4.500000000000000000e+01 6.741780589350963165e-03 1.147702772672130195e-02 1.889827647491022411e-05 1.138399334480689410e-04
4.600000000000000000e+01 7.326025958791573811e-03 1.347804807163039721e-02 1.819209678944186655e-05 1.099454603124161596e-04
4.700000000000000000e+01 8.301693794631293671e-03 1.554102410448600195e-02 1.745169842601325451e-05 1.057808906012665153e-04
