# freqs 	 pli 	 dpli 	 meanpower(thalamus)	 meanpower(scalp)	pli
8.000000000000000000e+00 -3.401900144648757618e-02 -6.792203320622124119e-02 4.455996691811897500e-05 3.615960504331946200e-04
9.000000000000000000e+00 -3.925886018362351876e-02 -7.599443012489903726e-02 4.236979530076012392e-05 3.280841364199521830e-04
1.000000000000000000e+01 -4.959031045613712663e-02 -1.013194549111413045e-01 4.096842115521997656e-05 2.976407864815378847e-04
1.100000000000000000e+01 -7.293053616720079901e-02 -1.867338409829168433e-01 4.062456519597178043e-05 2.851713092287304287e-04
1.200000000000000000e+01 -8.766750700140081565e-02 -2.425362961239102277e-01 3.952544634656840103e-05 2.825378250549599214e-04
1.300000000000000000e+01 -7.731762365303358753e-02 -1.983123429851846309e-01 3.762490053124521337e-05 2.744367826424809606e-04
1.400000000000000000e+01 -5.905328601196024180e-02 -1.418973796954350608e-01 3.570088210216453310e-05 2.511926250970564363e-04
1.500000000000000000e+01 -4.540036800289711655e-02 -1.112491908630987153e-01 3.416324866700643127e-05 2.180604379866793235e-04
1.600000000000000000e+01 -3.671706221496806588e-02 -8.641741096215808937e-02 3.312419410006177135e-05 1.875862632222644630e-04
1.700000000000000000e+01 -2.859277209713226645e-02 -6.346803541713005870e-02 3.251628121088127350e-05 1.653420657401541958e-04
1.800000000000000000e+01 -2.295582217234396968e-02 -4.528128533994786598e-02 3.214251598040195789e-05 1.499468822570095049e-04
1.900000000000000000e+01 -1.846339655096434357e-02 -3.244128370132557532e-02 3.188376764303418713e-05 1.387713030072741010e-04
2.000000000000000000e+01 -1.681308673816925281e-02 -2.583158019916792850e-02 3.169713221899582098e-05 1.301251522335743844e-04
2.100000000000000000e+01 -1.777059149195204038e-02 -2.606104796739986892e-02 3.157796104469101162e-05 1.230739574129531089e-04
2.200000000000000000e+01 -2.111148808136762214e-02 -3.219253956930036298e-02 3.149816416808236280e-05 1.170433710261801406e-04
2.300000000000000000e+01 -2.496743106835988893e-02 -4.066438626535327089e-02 3.140966753542736266e-05 1.115901088286672631e-04
2.400000000000000000e+01 -2.676836767603818848e-02 -4.624180408454742902e-02 3.127638791010352401e-05 1.064920022856638283e-04
2.500000000000000000e+01 -2.734828074561337918e-02 -4.549732150390727037e-02 3.109062273525813085e-05 1.017007315465219460e-04
2.600000000000000000e+01 -2.624036171134942405e-02 -3.880417596492444221e-02 3.087202957124884981e-05 9.718155065135146485e-05
2.700000000000000000e+01 -2.343574372153648180e-02 -2.917990853301670115e-02 3.065611371836604896e-05 9.290072578249552646e-05
2.800000000000000000e+01 -2.041355871641837086e-02 -1.967195373535621239e-02 3.047371431706510749e-05 8.885949053563928658e-05
2.900000000000000000e+01 -1.774963178259725272e-02 -1.197437392797307334e-02 3.033560458345972198e-05 8.507629958423717511e-05
3.000000000000000000e+01 -1.505101748977434248e-02 -6.639835474501893688e-03 3.023290665668570054e-05 8.156079928140389196e-05
3.100000000000000000e+01 -1.292468982810287409e-02 -3.737543250412133592e-03 3.014779728159564055e-05 7.833123738057830776e-05
3.200000000000000000e+01 -1.204101065891054027e-02 -3.189427782166838563e-03 3.006731239239124044e-05 7.537968303593829960e-05
3.300000000000000000e+01 -1.188432952705072328e-02 -4.703128585016100663e-03 2.998450401431995417e-05 7.268050878125660206e-05
3.400000000000000000e+01 -1.168064540616141865e-02 -7.714989294491784479e-03 2.989874787081773486e-05 7.021442816101307544e-05
3.500000000000000000e+01 -1.228964820230806637e-02 -1.159640059329287813e-02 2.980961963121563570e-05 6.794456207677726457e-05
3.600000000000000000e+01 -1.306207531205610430e-02 -1.573125325897282989e-02 2.971679575873052091e-05 6.584885021935024283e-05
3.700000000000000000e+01 -1.342991245259786935e-02 -1.962647334833493226e-02 2.962387093754378854e-05 6.390395631792048414e-05
3.800000000000000000e+01 -1.410708641870586991e-02 -2.289356577404770554e-02 2.953260592631297746e-05 6.209872447988614482e-05
3.900000000000000000e+01 -1.442067121620878301e-02 -2.532010349924698062e-02 2.944328885427090848e-05 6.040854715375341852e-05
4.000000000000000000e+01 -1.412275505089598780e-02 -2.683511865683824160e-02 2.935383061756850529e-05 5.882390717878940736e-05
4.100000000000000000e+01 -1.379064336015487120e-02 -2.756264813417760862e-02 2.925113828651655409e-05 5.731564712248626912e-05
4.200000000000000000e+01 -1.340019146276750020e-02 -2.774643958053798695e-02 2.910290318127197303e-05 5.582460657688091351e-05
4.300000000000000000e+01 -1.328663132961297767e-02 -2.766621383930302144e-02 2.885308802096507556e-05 5.425645717225845491e-05
4.400000000000000000e+01 -1.363794877852634799e-02 -2.745247175915197999e-02 2.844107757909497059e-05 5.251243199318420685e-05
4.500000000000000000e+01 -1.374777390550463614e-02 -2.722820196967554521e-02 2.783021416037140581e-05 5.051492160366984838e-05
4.600000000000000000e+01 -1.370670642029482578e-02 -2.701829535472197868e-02 2.704555146230312873e-05 4.827673949993582488e-05
4.700000000000000000e+01 -1.354972437059785359e-02 -2.680494042690159673e-02 2.619174130944936974e-05 4.593110748586394363e-05
