# freqs 	 pli 	 dpli 	 meanpower(thalamus)	 meanpower(scalp)	pli
8.000000000000000000e+00 -4.115869492225526088e-02 -1.106812355940960391e-01 1.100238003075798912e-04 1.181592732151037713e-04
9.000000000000000000e+00 -3.573482455021668308e-02 -9.801060978094941478e-02 1.017520115454175600e-04 1.081774513783302931e-04
1.000000000000000000e+01 -1.457398968665322373e-03 -2.860821240761353759e-02 9.724563266318446333e-05 1.013069703631904844e-04
1.100000000000000000e+01 2.271191104252277479e-02 2.847776712028931428e-02 9.782269672198664907e-05 9.662350705978940614e-05
1.200000000000000000e+01 2.895341550031334948e-02 8.056601344223118799e-02 1.020578963966128233e-04 9.637174930133230127e-05
1.300000000000000000e+01 3.687242700284183716e-02 9.397981378242044326e-02 1.058804257478515609e-04 1.015275715016140777e-04
1.400000000000000000e+01 2.808783590070579317e-02 8.474975916914430363e-02 1.057045435847780231e-04 1.086548931446854142e-04
1.500000000000000000e+01 1.754711130279192760e-02 6.168302755565577972e-02 1.008634451567408147e-04 1.103538463464994129e-04
1.600000000000000000e+01 1.271431300585819553e-02 4.344581366424558194e-02 9.454419309350737828e-05 1.069341070742681833e-04
1.700000000000000000e+01 7.992414140516193935e-03 3.418789894339273328e-02 8.982800507241307862e-05 1.034207192506437671e-04
1.800000000000000000e+01 1.504538483856260669e-02 3.505996826598181682e-02 8.740864919053043512e-05 1.020617737330096260e-04
1.900000000000000000e+01 2.010252988285848516e-02 4.975043731737184560e-02 8.650992151273465794e-05 1.021751436620754440e-04
2.000000000000000000e+01 3.308777890880201106e-02 7.013380703391160209e-02 8.613045451460893680e-05 1.028220928814818560e-04
2.100000000000000000e+01 4.275865002031963014e-02 8.510348642370001160e-02 8.578454136554171405e-05 1.030920062128506091e-04
2.200000000000000000e+01 4.745993251045520916e-02 9.120180055740353953e-02 8.605786171716326197e-05 1.022439513303017834e-04
2.300000000000000000e+01 4.566566755563947200e-02 8.408282729561085411e-02 8.877192566449697915e-05 1.002893196109735664e-04
2.400000000000000000e+01 3.231771896015303569e-02 5.635924162924044190e-02 9.632826489645952080e-05 9.782056109936249739e-05
2.500000000000000000e+01 1.590819078513098020e-02 1.567440779400509909e-02 1.080375942115383004e-04 9.550323150586517479e-05
2.600000000000000000e+01 -2.580462715848636499e-04 -1.794232372571488016e-02 1.191167522057469115e-04 9.391449447652431084e-05
2.700000000000000000e+01 -8.688524976270834560e-03 -3.014060878383420169e-02 1.244148367187713274e-04 9.318404311459870448e-05
2.800000000000000000e+01 -5.930617193845718997e-03 -2.037544883297166820e-02 1.220937003038113987e-04 9.242765715360929464e-05
2.900000000000000000e+01 3.831426641594513818e-03 4.223724843180736051e-03 1.138468882949756559e-04 9.023322960008726230e-05
3.000000000000000000e+01 1.692753677750901201e-02 3.602969394212611476e-02 1.030153585489153729e-04 8.604878941447301297e-05
3.100000000000000000e+01 2.931671174879454250e-02 6.846478441754393074e-02 9.263550500281764969e-05 8.048203968928529834e-05
3.200000000000000000e+01 3.883379867744305575e-02 9.568549553303508370e-02 8.429387118102926735e-05 7.464588741205669461e-05
3.300000000000000000e+01 4.463258309032418214e-02 1.132239142871841880e-01 7.814282284890421940e-05 6.943969935122220737e-05
3.400000000000000000e+01 4.546346415265478669e-02 1.191792472185276008e-01 7.365095902230287006e-05 6.528286349774951630e-05
3.500000000000000000e+01 4.089078717995705409e-02 1.145784468940871936e-01 7.022126806056448592e-05 6.215008756112982123e-05
3.600000000000000000e+01 3.738041157444489671e-02 1.025290090531152248e-01 6.745610078936716729e-05 5.979650838644170368e-05
3.700000000000000000e+01 3.074802262009882284e-02 8.685682398143561300e-02 6.514489057090578294e-05 5.794070068144994490e-05
3.800000000000000000e+01 2.600783591987548826e-02 7.067187360830833043e-02 6.319288607465615353e-05 5.640513280067674558e-05
3.900000000000000000e+01 2.227317853982768367e-02 5.599284565345980652e-02 6.154931694998650956e-05 5.506986033524606902e-05
4.000000000000000000e+01 1.797685840261498483e-02 4.392325088996768684e-02 6.013589972527917638e-05 5.387649448359976828e-05
4.100000000000000000e+01 1.516145038481344666e-02 3.450506635047106974e-02 5.885854312915902271e-05 5.275945472418164955e-05
4.200000000000000000e+01 1.329123796276858449e-02 2.725348057528942380e-02 5.762496879814039339e-05 5.164020558557407074e-05
4.300000000000000000e+01 1.068764242078091425e-02 2.155670714649137940e-02 5.631774630239040679e-05 5.041014999066129623e-05
4.400000000000000000e+01 7.545351254568542949e-03 1.681619883629964507e-02 5.480780061579567736e-05 4.897630843288060162e-05
4.500000000000000000e+01 4.226166122911681651e-03 1.281240634965691641e-02 5.303460250555008402e-05 4.726764300071161493e-05
4.600000000000000000e+01 2.478917480763483030e-03 9.513952381392274532e-03 5.103563867535139029e-05 4.530752456062228677e-05
4.700000000000000000e+01 2.110453718253842668e-03 6.985631859045306202e-03 4.898515075414648390e-05 4.325635186100746017e-05
