# freqs 	 pli 	 dpli 	 meanpower(thalamus)	 meanpower(scalp)	pli
8.000000000000000000e+00 8.299659826231135188e-04 -2.916586017466811943e-03 3.373303582347019777e-05 1.754913973915810446e-04
9.000000000000000000e+00 -1.554262424320783202e-02 -3.169841374186183752e-02 3.234582345538781025e-05 1.648544704720494251e-04
1.000000000000000000e+01 -2.018093865860320565e-02 -4.190242211891555268e-02 3.133999420622095040e-05 1.510814225052227694e-04
1.100000000000000000e+01 -1.471412207304380153e-02 -2.246711022892455487e-02 3.096945249646686525e-05 1.397296544820609979e-04
1.200000000000000000e+01 -6.428578894981294700e-03 1.203867215883639222e-02 3.063419592965701177e-05 1.332683080086613807e-04
1.300000000000000000e+01 -7.380937740378201196e-03 4.582097614073315020e-03 3.036950837012290788e-05 1.291127916469784868e-04
1.400000000000000000e+01 -1.154001381157515778e-02 -1.834966635316693379e-02 3.011092549700474555e-05 1.258972577128284040e-04
1.500000000000000000e+01 -1.178335708814017870e-02 -2.718644151347580917e-02 2.992828032009181414e-05 1.233567390007239532e-04
1.600000000000000000e+01 -1.236335052284938743e-02 -2.948782855718843493e-02 2.989650686331210113e-05 1.214346010355018890e-04
1.700000000000000000e+01 -1.875338302036057628e-02 -3.122818502003443103e-02 2.997046338223678633e-05 1.203521921311950435e-04
1.800000000000000000e+01 -1.941790220072640849e-02 -3.423307742445216156e-02 3.006293549156303029e-05 1.200303913888927184e-04
1.900000000000000000e+01 -1.869298383444400330e-02 -3.659227570744776753e-02 3.013507420142160347e-05 1.200228833545739744e-04
2.000000000000000000e+01 -1.614980455415157209e-02 -3.732317008376866141e-02 3.022925712554130212e-05 1.198222358908316405e-04
2.100000000000000000e+01 -1.616914389143614406e-02 -3.632217371729154487e-02 3.036257183287549658e-05 1.191640089418794223e-04
2.200000000000000000e+01 -1.606974047650699261e-02 -3.382808605874949859e-02 3.049693764195716400e-05 1.177776106100119149e-04
2.300000000000000000e+01 -1.722920686953367808e-02 -3.124417626792500013e-02 3.061747466337258738e-05 1.154719072781806638e-04
2.400000000000000000e+01 -1.564048202908338223e-02 -3.042474087574121439e-02 3.075645908192709059e-05 1.122757539880532177e-04
2.500000000000000000e+01 -1.526973472450102350e-02 -3.267631293160408457e-02 3.092665685338745230e-05 1.084131743095909789e-04
2.600000000000000000e+01 -1.831069162556488855e-02 -3.851023585995914239e-02 3.113297035136397052e-05 1.041683797058665984e-04
2.700000000000000000e+01 -2.301369585216075236e-02 -4.821022581943536917e-02 3.136785846777779413e-05 9.977119314974971132e-05
2.800000000000000000e+01 -2.692961308207260721e-02 -6.162005567904926123e-02 3.160322178783135481e-05 9.541640440647005859e-05
2.900000000000000000e+01 -3.264929670641524007e-02 -7.751195461536362907e-02 3.181758164553517268e-05 9.126309890948785598e-05
3.000000000000000000e+01 -3.859175872619281106e-02 -9.264507834632781935e-02 3.197850294448520355e-05 8.736416037393093120e-05
3.100000000000000000e+01 -4.111204729415595532e-02 -1.027509215578817636e-01 3.206060781466187060e-05 8.372161486411977679e-05
3.200000000000000000e+01 -4.144315960177141767e-02 -1.047091922644345918e-01 3.205966519751314667e-05 8.033508283426770682e-05
3.300000000000000000e+01 -3.821497992223029522e-02 -9.808738526552523984e-02 3.199644800006261482e-05 7.722451454338491439e-05
3.400000000000000000e+01 -3.337727603720277991e-02 -8.507411259591177166e-02 3.190189612595057647e-05 7.441149165934308324e-05
3.500000000000000000e+01 -2.744110951866794365e-02 -6.918028822512735376e-02 3.179703043242498617e-05 7.189301964219441696e-05
3.600000000000000000e+01 -2.072734978878264245e-02 -5.357805502102795658e-02 3.169213687137873364e-05 6.966973930218258327e-05
3.700000000000000000e+01 -1.587149666936694264e-02 -4.011159983111881738e-02 3.158715495016734237e-05 6.771526298878568096e-05
3.800000000000000000e+01 -1.253962408500307844e-02 -2.934462846822008184e-02 3.148246242600069751e-05 6.600253000763097312e-05
3.900000000000000000e+01 -1.046138899922330161e-02 -2.115387082862160706e-02 3.137564435279531299e-05 6.449399866222410452e-05
4.000000000000000000e+01 -8.322434605910679351e-03 -1.510582717881457648e-02 3.126202275117589562e-05 6.315159899911706391e-05
4.100000000000000000e+01 -6.621764281563754552e-03 -1.074750331979412721e-02 3.112999373362485380e-05 6.193049434065068777e-05
4.200000000000000000e+01 -5.519259929437163835e-03 -7.668953124754239979e-03 3.094639504863067416e-05 6.076018179660023572e-05
4.300000000000000000e+01 -4.398163848789981949e-03 -5.525470245143116951e-03 3.065161553582146598e-05 5.952882777775519199e-05
4.400000000000000000e+01 -3.688684669532246285e-03 -4.000399964882481174e-03 3.018208337232022384e-05 5.810610599902532830e-05
4.500000000000000000e+01 -3.521396292591964967e-03 -2.899038595015091934e-03 2.950437845352688290e-05 5.638792234482719023e-05
4.600000000000000000e+01 -3.247495769107624792e-03 -2.090251531320350565e-03 2.864756619232567837e-05 5.437976172423742620e-05
4.700000000000000000e+01 -2.966300645958102385e-03 -1.510974030308557745e-03 2.772176334387806821e-05 5.223359898057046489e-05
