# freqs 	 pli 	 dpli 	 meanpower(thalamus)	 meanpower(scalp)	pli
8.000000000000000000e+00 2.329426100249212036e-03 3.419094605406874238e-02 1.580752186156553977e-04 8.002514245675061309e-04
9.000000000000000000e+00 6.542047368657284007e-03 1.398688761356577798e-02 1.636379609606594676e-04 6.265836436591919190e-04
1.000000000000000000e+01 -3.249709870006526474e-02 -1.052320713795681928e-01 1.721030773475969980e-04 5.125859732774861377e-04
1.100000000000000000e+01 -7.270738090463486902e-02 -1.998619536173174283e-01 1.671258316648109490e-04 4.770307444607337056e-04
1.200000000000000000e+01 -4.875708580217413129e-02 -1.468463749678407815e-01 1.539487337299673517e-04 4.621671950385861745e-04
1.300000000000000000e+01 -1.577084775001162719e-03 2.314628211456350518e-02 1.375988817628348191e-04 4.355577236393920514e-04
1.400000000000000000e+01 2.254964040454594115e-02 9.971247479199177310e-02 1.197097658869086779e-04 3.741349058924540202e-04
1.500000000000000000e+01 2.218230166138342174e-02 6.989001398353644756e-02 1.049410028899399797e-04 2.962224540477072666e-04
1.600000000000000000e+01 7.263147694519625150e-03 2.026761681450229419e-02 9.569975560044989104e-05 2.349456271041475489e-04
1.700000000000000000e+01 -1.050924522924090269e-02 -1.556881790023834783e-02 8.986587769965334799e-05 1.979974660495468228e-04
1.800000000000000000e+01 -1.897272336612506813e-02 -4.193131449033214025e-02 8.515427002370579265e-05 1.766858460628325253e-04
1.900000000000000000e+01 -2.161781367763559655e-02 -5.733166558691388248e-02 8.080094955285873151e-05 1.626561237567086663e-04
2.000000000000000000e+01 -1.966202931061276568e-02 -6.157998980986667537e-02 7.671377545389842286e-05 1.522260720229492255e-04
2.100000000000000000e+01 -1.757045861436083364e-02 -6.137619149944453095e-02 7.286495085826038697e-05 1.439994775359989046e-04
2.200000000000000000e+01 -1.772597693281152340e-02 -6.053415758670660507e-02 6.932973306951788954e-05 1.372146905569689797e-04
2.300000000000000000e+01 -1.839989372552816235e-02 -5.876916768818324366e-02 6.619882755396185926e-05 1.312568759678186040e-04
2.400000000000000000e+01 -1.503696766117630125e-02 -5.329078351620642612e-02 6.343984508667075415e-05 1.257498685593811066e-04
2.500000000000000000e+01 -1.090022534336160080e-02 -4.199301700799569492e-02 6.101124418310756076e-05 1.205388649506955841e-04
2.600000000000000000e+01 -3.724926109261497784e-03 -2.662763618041984193e-02 5.881981077923297718e-05 1.153738280317934898e-04
2.700000000000000000e+01 2.632372669241642583e-03 -1.147420405763514839e-02 5.682847899436263897e-05 1.101255886785856890e-04
2.800000000000000000e+01 8.527983218621568162e-03 3.829174957962173205e-04 5.505463010906215483e-05 1.048441730218646725e-04
2.900000000000000000e+01 1.419109306638339195e-02 8.669323424586872218e-03 5.349325788166692572e-05 9.978800989166795692e-05
3.000000000000000000e+01 1.770487080868072063e-02 1.452988256499412704e-02 5.213818700552503947e-05 9.523099264493893785e-05
3.100000000000000000e+01 1.985408457423706169e-02 1.878392653330710968e-02 5.095936912569348288e-05 9.132351176839413479e-05
3.200000000000000000e+01 2.074965177219263018e-02 2.148480239975524009e-02 4.992036857307263227e-05 8.809939168584286968e-05
3.300000000000000000e+01 2.089305724945207665e-02 2.257412346448222501e-02 4.898572392159100702e-05 8.548470179202722502e-05
3.400000000000000000e+01 2.016281455880764711e-02 2.241660280834836469e-02 4.812460317535694664e-05 8.333237352734195868e-05
3.500000000000000000e+01 1.859565379537749669e-02 2.173198159273951810e-02 4.732072850264011063e-05 8.147841621954404116e-05
3.600000000000000000e+01 1.729857793247288611e-02 2.113214644349456842e-02 4.657487894257579043e-05 7.980808740532048160e-05
3.700000000000000000e+01 1.648811201161828541e-02 2.091424108931777201e-02 4.588023040928305090e-05 7.828247010277892290e-05
3.800000000000000000e+01 1.544381783280361631e-02 2.102165180091298755e-02 4.522706519009414637e-05 7.692060640507880913e-05
3.900000000000000000e+01 1.597821428691946141e-02 2.127038480136486664e-02 4.461483361950524946e-05 7.574992191145553768e-05
4.000000000000000000e+01 1.656488193289575028e-02 2.138646927990509733e-02 4.403250954472783056e-05 7.476969948248955082e-05
4.100000000000000000e+01 1.546493213178625967e-02 2.117908049581254323e-02 4.345677374640642910e-05 7.393714719415533617e-05
4.200000000000000000e+01 1.367502622026144261e-02 2.055330641147933707e-02 4.284174603847226286e-05 7.315831198992921874e-05
4.300000000000000000e+01 1.360810480231469319e-02 1.952580411885900327e-02 4.211162421931069168e-05 7.226042079993218767e-05
4.400000000000000000e+01 1.319718511037206062e-02 1.815392556870904645e-02 4.118435101076933704e-05 7.105187463531047426e-05
4.500000000000000000e+01 1.295611397556445388e-02 1.654525159172335128e-02 4.000805954103468722e-05 6.941187067990092915e-05
4.600000000000000000e+01 1.156456158581707638e-02 1.476522564533205503e-02 3.860435271859238930e-05 6.737636926916767976e-05
4.700000000000000000e+01 1.010617869712221624e-02 1.280604360180629189e-02 3.710196706579731054e-05 6.516919402071924886e-05
