# freqs 	 pli 	 dpli 	 meanpower(thalamus)	 meanpower(scalp)	pli
8.000000000000000000e+00 -1.205268698415631022e-02 -3.204945676936681725e-02 1.997814831503505215e-05 2.462734171144627393e-04
9.000000000000000000e+00 2.804738300097860387e-03 1.163069291447487753e-02 1.989229535194389611e-05 2.445262895366315508e-04
1.000000000000000000e+01 2.165014562316168109e-02 9.248327519918020378e-02 2.002218106769782508e-05 2.384733947307081945e-04
1.100000000000000000e+01 2.168841653646829543e-02 1.528588607965124246e-01 2.068123233839889373e-05 2.434015332895512411e-04
1.200000000000000000e+01 1.132332094347992570e-02 9.515808374878667597e-02 2.142449126304582765e-05 2.673188878519201892e-04
1.300000000000000000e+01 -1.471471777000499075e-02 -8.540906668618997860e-03 2.256306409404576900e-05 2.991867989565541322e-04
1.400000000000000000e+01 -4.588975757038503411e-02 -9.352596469800575352e-02 2.416217930267024549e-05 3.292754711513908722e-04
1.500000000000000000e+01 -6.501318792255518508e-02 -1.360111826895737952e-01 2.578249022237531559e-05 3.508516572254938683e-04
1.600000000000000000e+01 -6.515957395019085496e-02 -1.362343723244995586e-01 2.713731955470944661e-05 3.626661927933317415e-04
1.700000000000000000e+01 -5.227874375712211752e-02 -1.079074043033768776e-01 2.824079621458015904e-05 3.654649530331703080e-04
1.800000000000000000e+01 -2.985345897255122991e-02 -6.381824986200880512e-02 2.929589995759973481e-05 3.595798946687624761e-04
1.900000000000000000e+01 -7.086207681848521837e-03 -1.911392106195710511e-02 3.066836031361479226e-05 3.463894519124446469e-04
2.000000000000000000e+01 1.064675636927032466e-02 9.161783085803327717e-03 3.286219627010007147e-05 3.281197701388049765e-04
2.100000000000000000e+01 1.874179007224924254e-02 1.832326493340870333e-02 3.602424991787017081e-05 3.070256851490419346e-04
2.200000000000000000e+01 2.324349636912366804e-02 2.148344576826413665e-02 3.919548415483710500e-05 2.842770098186831276e-04
2.300000000000000000e+01 2.747547701446524659e-02 2.882974752612533359e-02 4.090077037482266816e-05 2.600419687567209195e-04
2.400000000000000000e+01 3.085589918135443754e-02 4.009249688232903452e-02 4.062897098658465911e-05 2.349908885926289739e-04
2.500000000000000000e+01 3.371909036254931713e-02 5.099520862831653095e-02 3.912862964586168993e-05 2.108604998057917487e-04
2.600000000000000000e+01 3.649069930816297574e-02 6.008346742299258691e-02 3.751150183901068904e-05 1.896687335540428270e-04
2.700000000000000000e+01 4.006444391096117968e-02 6.955191204952224093e-02 3.642221861256193625e-05 1.726792325631680146e-04
2.800000000000000000e+01 4.509240565776946597e-02 8.193163904294011035e-02 3.585855681309639824e-05 1.596535449229719776e-04
2.900000000000000000e+01 5.161806732865100583e-02 9.641047584346204569e-02 3.547269459310923445e-05 1.499099460924099717e-04
3.000000000000000000e+01 5.832279209387698782e-02 1.102398953638313861e-01 3.490954328100797721e-05 1.424470759627402756e-04
3.100000000000000000e+01 6.226674935394540394e-02 1.202775677824327732e-01 3.399942259130552013e-05 1.366338019700168074e-04
3.200000000000000000e+01 6.344590900115178178e-02 1.247494702946965184e-01 3.276149466272585385e-05 1.318288856507989404e-04
3.300000000000000000e+01 6.139266238654992464e-02 1.232021790913719606e-01 3.132538235908698777e-05 1.276198427048099446e-04
3.400000000000000000e+01 5.892186948167141974e-02 1.163538595662229613e-01 2.984834242863929676e-05 1.239676320827308019e-04
3.500000000000000000e+01 5.429438442695259243e-02 1.059657171281071647e-01 2.846460296135814693e-05 1.206927022754302484e-04
3.600000000000000000e+01 4.864043446901397671e-02 9.402586383853331342e-02 2.726672291650636379e-05 1.178194609768330855e-04
3.700000000000000000e+01 4.288957010922535285e-02 8.232616037644821527e-02 2.629818231003227581e-05 1.152702642460631132e-04
3.800000000000000000e+01 3.722751568123149751e-02 7.191401153872403751e-02 2.556043468915083374e-05 1.129856559549637980e-04
3.900000000000000000e+01 3.275924612145149351e-02 6.309394727016034987e-02 2.502221284173962345e-05 1.106909980331475255e-04
4.000000000000000000e+01 2.934246293769723901e-02 5.567731350111104760e-02 2.463416234843692816e-05 1.083444605142352030e-04
4.100000000000000000e+01 2.675596064351893136e-02 4.943140480499121081e-02 2.433582229797042097e-05 1.058836180397538038e-04
4.200000000000000000e+01 2.477552049797605502e-02 4.418678761374458114e-02 2.405938650343056998e-05 1.032581221585389874e-04
4.300000000000000000e+01 2.227300671266388768e-02 3.988939489466576671e-02 2.372917745624903205e-05 1.003109111135947878e-04
4.400000000000000000e+01 2.033448948506600198e-02 3.639329659358588043e-02 2.327487203604886821e-05 9.707627027633193128e-05
4.500000000000000000e+01 1.914458932137806310e-02 3.363791649053739924e-02 2.265577064077145834e-05 9.338629223785329119e-05
4.600000000000000000e+01 1.823610353021156566e-02 3.142997950591173983e-02 2.188503112061044724e-05 8.929588580837211954e-05
4.700000000000000000e+01 1.756910110402628775e-02 2.953330140364758202e-02 2.104247929945503382e-05 8.506480670146675965e-05
