# freqs 	 pli 	 dpli 	 meanpower(thalamus)	 meanpower(scalp)	pli
8.000000000000000000e+00 3.787558466401502039e-02 8.486019475691186642e-02 2.903911390330040751e-05 1.693001606969616734e-04
9.000000000000000000e+00 3.683194862225573629e-02 8.158092919898697615e-02 2.706012242227763933e-05 1.554595844642027739e-04
1.000000000000000000e+01 2.570710560943870529e-02 5.889990973176668226e-02 2.676037270515772943e-05 1.398913847438682271e-04
1.100000000000000000e+01 1.986559013087774855e-02 4.902994979099761091e-02 2.719659550998118635e-05 1.281588202770449257e-04
1.200000000000000000e+01 2.439334084752188200e-02 5.595000315080323611e-02 2.835823181413283617e-05 1.241567457701080711e-04
1.300000000000000000e+01 2.163938003809974184e-02 4.440937150637259273e-02 2.966994277663124161e-05 1.242115649819099370e-04
1.400000000000000000e+01 1.187233872345995998e-02 1.971116543456714540e-02 3.052444971834428466e-05 1.241395146578219732e-04
1.500000000000000000e+01 4.173717233156848394e-03 4.596069832382238159e-03 3.078994387589095223e-05 1.230192516887086750e-04
1.600000000000000000e+01 1.025716329462120430e-03 -3.468304449225742287e-03 3.073144707777270560e-05 1.222800637948359519e-04
1.700000000000000000e+01 -3.837545366436522984e-04 -1.091249119983912601e-02 3.050507004640862853e-05 1.229816334002117634e-04
1.800000000000000000e+01 -6.566397572264164734e-03 -1.853277326319651211e-02 3.008147215142296187e-05 1.249459337769115918e-04
1.900000000000000000e+01 -1.190512303013999129e-02 -2.353889812549487051e-02 2.947352024681906807e-05 1.273657273794449765e-04
2.000000000000000000e+01 -1.036996192698182509e-02 -2.370244832440454238e-02 2.876811316159938052e-05 1.291034819343442525e-04
2.100000000000000000e+01 -5.751499344984272247e-03 -1.809398871966873962e-02 2.807709390411333215e-05 1.292851901641726097e-04
2.200000000000000000e+01 3.618837784733806655e-04 -7.382665637065129009e-03 2.746844737094519896e-05 1.276017828250680609e-04
2.300000000000000000e+01 6.209134484889120877e-03 5.104517201658759391e-03 2.695299271762367614e-05 1.242014522044547617e-04
2.400000000000000000e+01 1.042041093453295077e-02 1.583585573570090235e-02 2.652797664348555151e-05 1.194572618150971274e-04
2.500000000000000000e+01 1.237231559379363931e-02 2.328382798847566590e-02 2.617359461290933386e-05 1.139113340337221514e-04
2.600000000000000000e+01 1.354182643221781002e-02 2.730419680617946626e-02 2.587538771445440242e-05 1.081211864878838549e-04
2.700000000000000000e+01 1.484966216614757618e-02 2.879107328639995619e-02 2.563121826196323696e-05 1.025724872815110192e-04
2.800000000000000000e+01 1.620568860520449697e-02 2.979886430381245913e-02 2.543320235555940093e-05 9.758371519006205693e-05
2.900000000000000000e+01 1.760124672775700491e-02 3.265787803680259005e-02 2.527945705739774077e-05 9.333175613276248664e-05
3.000000000000000000e+01 1.942224469868982645e-02 3.843078972162101981e-02 2.518280764274541704e-05 8.990066795705979738e-05
3.100000000000000000e+01 2.237724756353108579e-02 4.648716151214683789e-02 2.514547906078352233e-05 8.720844575217862656e-05
3.200000000000000000e+01 2.606350630142632852e-02 5.480033512398269774e-02 2.515912782972388819e-05 8.502498211303148904e-05
3.300000000000000000e+01 2.936642492028719229e-02 6.097212126257395282e-02 2.519933800787803159e-05 8.311199185249427198e-05
3.400000000000000000e+01 3.004704493822914213e-02 6.353394226564512692e-02 2.524163293265446287e-05 8.132004638062255561e-05
3.500000000000000000e+01 2.877119963080915221e-02 6.246172428068749727e-02 2.527476065855983038e-05 7.959037736279498548e-05
3.600000000000000000e+01 2.583676579772576504e-02 5.883578442296752420e-02 2.529720489258278427e-05 7.795646584091415305e-05
3.700000000000000000e+01 2.359381340112929118e-02 5.403201076283685456e-02 2.530754561383100171e-05 7.648714222543870301e-05
3.800000000000000000e+01 2.253675065598803248e-02 4.912364229932560805e-02 2.530800920244243656e-05 7.524766630357686737e-05
3.900000000000000000e+01 2.117905838850243569e-02 4.476562757264610642e-02 2.530185696367780911e-05 7.423655732643546178e-05
4.000000000000000000e+01 2.008988606729684642e-02 4.124417093259587913e-02 2.528592062111505309e-05 7.342340947847782293e-05
4.100000000000000000e+01 1.918777095383912210e-02 3.863399849981016126e-02 2.524906647436201716e-05 7.273704423092353501e-05
4.200000000000000000e+01 1.842517874429075442e-02 3.685825967179074542e-02 2.516527784186092158e-05 7.205997909367391620e-05
4.300000000000000000e+01 1.786590578463058410e-02 3.575188025044934159e-02 2.498967111193359434e-05 7.122507566441505119e-05
4.400000000000000000e+01 1.757106055610984860e-02 3.511056814796299080e-02 2.466965539820075156e-05 7.006020365807532496e-05
4.500000000000000000e+01 1.793773851977118958e-02 3.477452717303115837e-02 2.417288251031704329e-05 6.844393938578174918e-05
4.600000000000000000e+01 1.769694877317377554e-02 3.461021273985098734e-02 2.351927015303551430e-05 6.639964326684935929e-05
4.700000000000000000e+01 1.745472769529636536e-02 3.452237872124364060e-02 2.279854911714431038e-05 6.414101244439805922e-05
