# freqs 	 pli 	 dpli 	 meanpower(thalamus)	 meanpower(scalp)	pli
8.000000000000000000e+00 -7.283295514562056205e-02 -1.791636015432724049e-01 8.823098572734851491e-05 2.243792514607181616e-04
9.000000000000000000e+00 -2.799338800682134309e-02 -1.319534872866933717e-01 8.313795907435751612e-05 2.153283816573415904e-04
1.000000000000000000e+01 -2.322203576181933876e-02 -5.794745705490971649e-02 7.965181870263205572e-05 2.025755153687139906e-04
1.100000000000000000e+01 -2.128946761926711270e-02 -4.879495640150877805e-02 8.210915636278266240e-05 2.150715677818766105e-04
1.200000000000000000e+01 -1.519005512172714664e-02 -2.856567775441939613e-02 8.864409619921439338e-05 2.404077871656090258e-04
1.300000000000000000e+01 5.069849994274591015e-03 2.254573512418515599e-02 9.559051793688631631e-05 2.606526229951579006e-04
1.400000000000000000e+01 1.149848666552452658e-02 4.171975527434303166e-02 1.017114807397910905e-04 2.725276843849901956e-04
1.500000000000000000e+01 1.574147953949618303e-02 3.333221111897655131e-02 1.093958177048118941e-04 2.770237288195156371e-04
1.600000000000000000e+01 1.895512200671179218e-02 3.565538826552122620e-02 1.150313170794600498e-04 2.740389647401028487e-04
1.700000000000000000e+01 2.203736301175401868e-02 4.932619237499747539e-02 1.139659134100001942e-04 2.640503949814435969e-04
1.800000000000000000e+01 3.076497813436908715e-02 6.598945291996023699e-02 1.090671862765718359e-04 2.495977437321629890e-04
1.900000000000000000e+01 4.952190868491269937e-02 1.057707460345835293e-01 1.067505193738131961e-04 2.347687531621105313e-04
2.000000000000000000e+01 9.238571790126162697e-02 1.876235101441263153e-01 1.097935530284241591e-04 2.217275812296351002e-04
2.100000000000000000e+01 1.425746853069819187e-01 2.786884752277036248e-01 1.160084113637753505e-04 2.094874703458175324e-04
2.200000000000000000e+01 1.732284242327604695e-01 3.282222168820624897e-01 1.201410101443466398e-04 1.961595699621268964e-04
2.300000000000000000e+01 1.729084159637267470e-01 3.214646191908854811e-01 1.185893101231200544e-04 1.818302609757556398e-04
2.400000000000000000e+01 1.477778247334093908e-01 2.741714929587521499e-01 1.117601061246110663e-04 1.677248158498568381e-04
2.500000000000000000e+01 1.082811871043290464e-01 2.126401565043013753e-01 1.022881375684797406e-04 1.554110298791049614e-04
2.600000000000000000e+01 7.260272045687921061e-02 1.605781587380832598e-01 9.299136168000127428e-05 1.454706694989768752e-04
2.700000000000000000e+01 5.281916792453360265e-02 1.284299521273795097e-01 8.551071370044723799e-05 1.378035368400448929e-04
2.800000000000000000e+01 4.577256567682633226e-02 1.147613000708142955e-01 8.011174651936533270e-05 1.318725315832129142e-04
2.900000000000000000e+01 4.381163621559777677e-02 1.132868209161843054e-01 7.631055876478255078e-05 1.271745370494841473e-04
3.000000000000000000e+01 4.662262771366540437e-02 1.172038653653303258e-01 7.350241821216856541e-05 1.233045016331389145e-04
3.100000000000000000e+01 4.900668196430675583e-02 1.207868674196821007e-01 7.112033681357825873e-05 1.198329562038011982e-04
3.200000000000000000e+01 5.207042529927948665e-02 1.197878678129165597e-01 6.879921332293440698e-05 1.163845774229177644e-04
3.300000000000000000e+01 4.963648491846835847e-02 1.129897667124267341e-01 6.637293824639882152e-05 1.128417559927628292e-04
3.400000000000000000e+01 4.650394115439129145e-02 1.014959995009661331e-01 6.385138821708412631e-05 1.092126699993611238e-04
3.500000000000000000e+01 4.231236663623685890e-02 8.850867216575331042e-02 6.131558099195747054e-05 1.055160169110322778e-04
3.600000000000000000e+01 3.848156546569245218e-02 7.694135376212889177e-02 5.888768820253383372e-05 1.019189212581087894e-04
3.700000000000000000e+01 3.630140436702732065e-02 6.856681016353088909e-02 5.665790712145190477e-05 9.853278162977447926e-05
3.800000000000000000e+01 3.515018614187059159e-02 6.372834098130909786e-02 5.467035173175058087e-05 9.540774056584851626e-05
3.900000000000000000e+01 3.573825315691164795e-02 6.148792407930424309e-02 5.295007407304286502e-05 9.258118609202884450e-05
4.000000000000000000e+01 3.403376261066214103e-02 6.055756963893988570e-02 5.147484297093441152e-05 9.005247160571319231e-05
4.100000000000000000e+01 2.942392926408039441e-02 5.969808909548450504e-02 5.018976277397158627e-05 8.775019637634638237e-05
4.200000000000000000e+01 2.561581033851758477e-02 5.800800024567516477e-02 4.901110059159186175e-05 8.552275259959780723e-05
4.300000000000000000e+01 2.280530699021911245e-02 5.521165332861886765e-02 4.781866704574953678e-05 8.313829718529123038e-05
4.400000000000000000e+01 2.032688354634015412e-02 5.151382849296093358e-02 4.648000116140617853e-05 8.038364421944370656e-05
4.500000000000000000e+01 1.824639190513551584e-02 4.728575909573084352e-02 4.489079565763131859e-05 7.710288909832685737e-05
4.600000000000000000e+01 1.481892937491975128e-02 4.283059279302086492e-02 4.304672610364900957e-05 7.328495002226628416e-05
4.700000000000000000e+01 1.235618632503913614e-02 3.836354808240517028e-02 4.106708669721493009e-05 6.908225873662381469e-05
