# freqs 	 pli 	 dpli 	 meanpower(thalamus)	 meanpower(scalp)	pli
8.000000000000000000e+00 -1.218117988506333127e-01 -2.347230386786297307e-01 1.409440604424317105e-04 4.366272632690731330e-04
9.000000000000000000e+00 -4.316951884343289692e-02 -6.930573151922064801e-02 1.071867723319502657e-04 2.886721420968764375e-04
1.000000000000000000e+01 -4.957231091439904570e-03 3.022939099244784794e-03 8.902826498870093316e-05 2.165282378061944525e-04
1.100000000000000000e+01 2.148495796188701346e-02 3.954769183790098064e-02 8.060856905491698256e-05 1.950917956615547285e-04
1.200000000000000000e+01 2.332194657675309979e-02 3.230078543944977371e-02 7.739869709235845316e-05 1.904428256971413605e-04
1.300000000000000000e+01 2.172655463164115466e-02 3.681276427889357272e-02 7.692317533738218176e-05 1.916706752714581483e-04
1.400000000000000000e+01 2.211893656428778540e-02 4.296359228262511265e-02 7.774607980560508769e-05 1.921600312557126210e-04
1.500000000000000000e+01 2.009716820031222373e-02 3.974712850836726458e-02 7.969044602941636774e-05 1.886502874235609494e-04
1.600000000000000000e+01 1.642019090247093596e-02 2.896625706043793116e-02 8.410208089484295046e-05 1.823718349041967147e-04
1.700000000000000000e+01 1.123160456768551065e-02 5.780945431023438302e-03 9.141142052488941574e-05 1.750981018205385149e-04
1.800000000000000000e+01 3.250285872691361343e-03 -2.203152550383948027e-02 9.842822223749896581e-05 1.683807805123224276e-04
1.900000000000000000e+01 -4.386804821066091209e-03 -3.411110579802603682e-02 1.006468113503462543e-04 1.628493085228676393e-04
2.000000000000000000e+01 -4.872880735878157461e-03 -2.509427330694346744e-02 9.698566125576883084e-05 1.581666949705328666e-04
2.100000000000000000e+01 3.647011175511928258e-03 -6.106693065958204887e-03 9.001167738883629650e-05 1.527625250387409711e-04
2.200000000000000000e+01 8.663904318265715915e-03 1.106294613682755161e-02 8.294287429821443967e-05 1.458373529042047262e-04
2.300000000000000000e+01 1.404159656413722299e-02 2.348213910082034075e-02 7.730077707746430113e-05 1.375107125541946067e-04
2.400000000000000000e+01 1.959759851952561430e-02 3.333011638067118892e-02 7.309823387564801176e-05 1.284155230887634356e-04
2.500000000000000000e+01 2.528234767636774669e-02 4.214912973812318109e-02 6.983147951964685236e-05 1.191534212966862061e-04
2.600000000000000000e+01 2.419387592220556549e-02 4.959656643623214928e-02 6.711061489248985716e-05 1.100653600589640189e-04
2.700000000000000000e+01 2.312491020022180988e-02 5.533688195248982755e-02 6.474340040935974857e-05 1.014927428302542814e-04
2.800000000000000000e+01 2.401339481979664417e-02 5.850414573963353543e-02 6.264812344640256899e-05 9.367340965873511205e-05
2.900000000000000000e+01 2.546477666031592146e-02 5.822426959257809981e-02 6.079150300545539074e-05 8.687410462346925296e-05
3.000000000000000000e+01 2.563544705832036461e-02 5.408540296450214946e-02 5.914464850779331859e-05 8.112814203743256951e-05
3.100000000000000000e+01 2.040287199545162342e-02 4.727348380269721234e-02 5.769675354174593992e-05 7.641662334723582964e-05
3.200000000000000000e+01 1.744928070822574645e-02 3.979632052463109859e-02 5.643233269003860171e-05 7.258337742853721475e-05
3.300000000000000000e+01 1.538305802236230625e-02 3.328645781461882919e-02 5.532496122806796770e-05 6.946989914291135245e-05
3.400000000000000000e+01 1.412908806991048510e-02 2.819231539360317340e-02 5.434850791034195389e-05 6.694716243005041569e-05
3.500000000000000000e+01 1.505369657775761962e-02 2.427099677286966364e-02 5.347264364712059961e-05 6.485667746808494412e-05
3.600000000000000000e+01 1.569292312858378696e-02 2.113625620941170583e-02 5.266642761352962129e-05 6.306664231639519001e-05
3.700000000000000000e+01 1.311583177864518619e-02 1.873432011709189396e-02 5.190554401487355298e-05 6.149454739572883348e-05
3.800000000000000000e+01 1.004138206112579167e-02 1.715875179117344954e-02 5.117611048482837772e-05 6.011696794902419489e-05
3.900000000000000000e+01 9.780360226233580576e-03 1.655774883652999865e-02 5.046718579245977577e-05 5.886536927656628183e-05
4.000000000000000000e+01 1.057788021843444545e-02 1.659694876985759113e-02 4.977437699491749003e-05 5.772493653494748509e-05
4.100000000000000000e+01 1.076450011030123492e-02 1.687424914606629883e-02 4.907581337477589140e-05 5.663029336926639156e-05
4.200000000000000000e+01 1.066424473053714621e-02 1.703660952887633626e-02 4.832403993423582282e-05 5.549844385545709790e-05
4.300000000000000000e+01 1.180334525436168604e-02 1.698723002940920324e-02 4.744522899897994568e-05 5.420707677400146750e-05
4.400000000000000000e+01 1.087415360761450657e-02 1.683748912181334823e-02 4.635135604274739240e-05 5.267923919913407343e-05
4.500000000000000000e+01 1.023511160983722398e-02 1.670143976069768041e-02 4.499328075632212247e-05 5.083628742822267430e-05
4.600000000000000000e+01 1.095811475826586126e-02 1.669903028582777824e-02 4.340945087464050377e-05 4.871434614835017162e-05
4.700000000000000000e+01 1.035419239790851681e-02 1.679137490158860366e-02 4.175433663548585152e-05 4.646933949247179188e-05
