# freqs 	 pli 	 dpli 	 meanpower(thalamus)	 meanpower(scalp)	pli
8.000000000000000000e+00 -1.409026548786703262e-02 -3.431835331523763050e-02 3.855440604248821054e-05 2.462734171144627393e-04
9.000000000000000000e+00 1.935349671663695939e-02 2.187883284720211832e-02 4.015740891979060882e-05 2.445262895366315508e-04
1.000000000000000000e+01 4.408203137036154073e-02 1.141090076454425728e-01 4.096386120197262364e-05 2.384733947307081945e-04
1.100000000000000000e+01 5.601828320701512931e-02 2.086045942011537924e-01 4.187520884519561459e-05 2.434015332895512411e-04
1.200000000000000000e+01 4.566826691353835510e-02 1.679124327835037900e-01 4.330997364023991917e-05 2.673188878519201892e-04
1.300000000000000000e+01 2.074374842864956658e-02 6.985558103602033941e-02 4.528636648499006692e-05 2.991867989565541322e-04
1.400000000000000000e+01 6.054307171213797571e-04 7.972326490466037641e-03 4.692135259490895190e-05 3.292754711513908722e-04
1.500000000000000000e+01 -1.097381867555460681e-02 -1.146618119661764468e-02 4.757486534997569934e-05 3.508516572254938683e-04
1.600000000000000000e+01 -1.133494495555235383e-02 -1.307949289863198986e-02 4.765751558933804360e-05 3.626661927933317415e-04
1.700000000000000000e+01 -8.736867999016037153e-03 -1.671525923848542552e-02 4.816054200372961718e-05 3.654649530331703080e-04
1.800000000000000000e+01 -1.067140868660562854e-02 -2.388538043190096063e-02 4.976475864444279186e-05 3.595798946687624761e-04
1.900000000000000000e+01 -9.152064087518514690e-03 -2.212382082110018328e-02 5.223247840527091458e-05 3.463894519124446469e-04
2.000000000000000000e+01 -2.354653828708435325e-04 -1.325191177268855930e-03 5.463024731943454170e-05 3.281197701388049765e-04
2.100000000000000000e+01 1.403405512891197672e-02 3.881655521992023739e-02 5.644299866177764226e-05 3.070256851490419346e-04
2.200000000000000000e+01 2.781206399732192441e-02 8.727989962269304403e-02 5.755810283868647350e-05 2.842770098186831276e-04
2.300000000000000000e+01 3.530455230413385992e-02 1.204046766264206397e-01 5.742490729419639486e-05 2.600419687567209195e-04
2.400000000000000000e+01 3.151726314902292270e-02 1.190632135312065243e-01 5.548807131435246206e-05 2.349908885926289739e-04
2.500000000000000000e+01 1.938103189719641781e-02 8.493545452518601324e-02 5.212394823525504133e-05 2.108604998057917487e-04
2.600000000000000000e+01 5.088497238926252032e-03 3.772220895418185865e-02 4.839322785623966340e-05 1.896687335540428270e-04
2.700000000000000000e+01 -3.688648161218673061e-03 3.327147743011428017e-04 4.514678785353531823e-05 1.726792325631680146e-04
2.800000000000000000e+01 -7.927613496665526435e-03 -1.594589209932819815e-02 4.264012764551460601e-05 1.596535449229719776e-04
2.900000000000000000e+01 -6.706688266079570415e-03 -1.498047430486607046e-02 4.067485230403137132e-05 1.499099460924099717e-04
3.000000000000000000e+01 -2.698198458583020692e-03 -7.015372729311430446e-03 3.900760429680372605e-05 1.424470759627402756e-04
3.100000000000000000e+01 5.351659994950805485e-04 -5.236895146515735617e-04 3.749329550589755160e-05 1.366338019700168074e-04
3.200000000000000000e+01 1.626467722085655088e-03 1.096442740211352922e-03 3.611321121253410733e-05 1.318288856507989404e-04
3.300000000000000000e+01 -7.671275455713519190e-04 -1.974234057461943682e-03 3.489194967108192154e-05 1.276198427048099446e-04
3.400000000000000000e+01 -3.759998838610397343e-03 -8.023757525333507015e-03 3.384206617226843538e-05 1.239676320827308019e-04
3.500000000000000000e+01 -8.384236292978443361e-03 -1.512479183179176075e-02 3.298556094421812153e-05 1.206927022754302484e-04
3.600000000000000000e+01 -1.235075434360170636e-02 -2.198701517192067773e-02 3.230334441898770006e-05 1.178194609768330855e-04
3.700000000000000000e+01 -1.476562648270103063e-02 -2.783220972919565189e-02 3.177067826739612153e-05 1.152702642460631132e-04
3.800000000000000000e+01 -1.607918581671092390e-02 -3.225387598988709720e-02 3.134728722427796821e-05 1.129856559549637980e-04
3.900000000000000000e+01 -1.750627972975791341e-02 -3.497846549344427181e-02 3.100490456683303495e-05 1.106909980331475255e-04
4.000000000000000000e+01 -1.811815785038914384e-02 -3.600448725111780185e-02 3.069642233214389887e-05 1.083444605142352030e-04
4.100000000000000000e+01 -1.780575844065924659e-02 -3.549186317310220468e-02 3.038274166892524419e-05 1.058836180397538038e-04
4.200000000000000000e+01 -1.739091723274656387e-02 -3.385032629157627010e-02 3.001699139137195560e-05 1.032581221585389874e-04
4.300000000000000000e+01 -1.722215529938658091e-02 -3.160191475332743694e-02 2.954589850105200513e-05 1.003109111135947878e-04
4.400000000000000000e+01 -1.718858220807863157e-02 -2.922224866557970868e-02 2.890076691673718905e-05 9.707627027633193128e-05
4.500000000000000000e+01 -1.625196413315774940e-02 -2.696737960091091096e-02 2.805722029774381849e-05 9.338629223785329119e-05
4.600000000000000000e+01 -1.573235302890121923e-02 -2.487217839164929112e-02 2.704304258025433348e-05 8.929588580837211954e-05
4.700000000000000000e+01 -1.502672397425007869e-02 -2.275653309584613551e-02 2.596134210767456042e-05 8.506480670146675965e-05
