# freqs 	 pli 	 dpli 	 meanpower(thalamus)	 meanpower(scalp)	pli
8.000000000000000000e+00 -3.800845870671307192e-02 -9.206400684425833369e-02 4.854437837682789772e-05 2.251819999320925283e-04
9.000000000000000000e+00 -1.162981207709153607e-02 -3.552638187547051823e-02 4.808478062670426447e-05 1.769963416117057038e-04
1.000000000000000000e+01 -2.867435884287912636e-03 -1.983128418364577331e-02 5.087060591105067501e-05 1.578169429259830840e-04
1.100000000000000000e+01 -2.097824876834137112e-02 -4.132749547591876849e-02 5.675057070513151288e-05 1.545854391392884617e-04
1.200000000000000000e+01 -2.645652210234274507e-02 -5.442396776553248133e-02 6.330593594042005989e-05 1.594342229873834326e-04
1.300000000000000000e+01 -2.049123806450508026e-02 -4.206860400250476278e-02 6.709759042656570965e-05 1.659122944508113827e-04
1.400000000000000000e+01 -4.282121535229200214e-03 -9.274460556349345061e-03 6.674338711922345819e-05 1.688894246542972969e-04
1.500000000000000000e+01 1.613360463031892136e-02 3.074964623764047528e-02 6.335350584471736535e-05 1.681426897061486425e-04
1.600000000000000000e+01 3.388701338028958510e-02 6.824295730499536916e-02 5.879263231056766354e-05 1.640788852604116443e-04
1.700000000000000000e+01 4.380656056643347784e-02 9.402196290521233624e-02 5.459023495957089411e-05 1.576712311675817016e-04
1.800000000000000000e+01 4.297850627086932662e-02 9.671166262481345477e-02 5.126826870637720139e-05 1.502858834504291064e-04
1.900000000000000000e+01 3.083248193051211714e-02 7.006368847225986907e-02 4.883641358363652698e-05 1.428102892615543216e-04
2.000000000000000000e+01 9.775697728028134165e-03 2.146503600506769957e-02 4.705447642124174551e-05 1.361742644693911307e-04
2.100000000000000000e+01 -1.550566833099589238e-02 -3.158153109754261584e-02 4.549524773845732957e-05 1.308199215663564117e-04
2.200000000000000000e+01 -3.494777861738012498e-02 -7.418605362374013079e-02 4.394837034046672833e-05 1.264892808636356543e-04
2.300000000000000000e+01 -4.454126747227705324e-02 -9.478288730013646746e-02 4.239697580657874763e-05 1.221282943337371454e-04
2.400000000000000000e+01 -3.971407009969056545e-02 -8.897024054394812864e-02 4.097973279011706053e-05 1.170217327633115253e-04
2.500000000000000000e+01 -3.076886091908583032e-02 -6.481015968779142711e-02 3.984960503052963472e-05 1.114498696238203112e-04
2.600000000000000000e+01 -1.958589018480529423e-02 -3.722576109860328830e-02 3.902854430210017683e-05 1.062649599857259198e-04
2.700000000000000000e+01 -8.800979398566388667e-03 -1.702266886935286869e-02 3.845008619510149119e-05 1.019676884016571927e-04
2.800000000000000000e+01 -3.727561731907145896e-03 -6.986198776762389540e-03 3.804139088531190166e-05 9.857518869468831686e-05
2.900000000000000000e+01 -3.527734927597017244e-03 -4.849869288649565763e-03 3.773199883410874756e-05 9.592828696647091109e-05
3.000000000000000000e+01 -2.391119233029516400e-03 -6.717420757898513901e-03 3.747531933627689337e-05 9.381785697554163644e-05
3.100000000000000000e+01 -2.037041476970508948e-03 -9.442057325340147411e-03 3.723582498847625419e-05 9.212481607257984740e-05
3.200000000000000000e+01 -4.495103049205601692e-03 -1.149083542368069602e-02 3.702206643030227088e-05 9.075279166664250712e-05
3.300000000000000000e+01 -7.059391439728077665e-03 -1.285572016195667654e-02 3.683149444553112241e-05 8.964972136915937498e-05
3.400000000000000000e+01 -8.229865035180255681e-03 -1.406915236261436532e-02 3.665358735106506526e-05 8.879258137527337562e-05
3.500000000000000000e+01 -6.874738417666295676e-03 -1.547290498803944626e-02 3.648291643438999115e-05 8.811447208572304260e-05
3.600000000000000000e+01 -6.104023265410874789e-03 -1.686269952462744054e-02 3.631910664632003941e-05 8.755689783196884610e-05
3.700000000000000000e+01 -6.734458830374682667e-03 -1.775525175584693333e-02 3.617347030739791929e-05 8.706648293241258903e-05
3.800000000000000000e+01 -7.199789166432284462e-03 -1.778292269427280900e-02 3.603674718048357334e-05 8.657308626088313361e-05
3.900000000000000000e+01 -6.738376776091670878e-03 -1.696025860854675008e-02 3.589417621383419972e-05 8.601041061441147551e-05
4.000000000000000000e+01 -6.923095993653312179e-03 -1.547995714616182995e-02 3.572559231381634257e-05 8.538163156206173682e-05
4.100000000000000000e+01 -5.904735517331578115e-03 -1.370217992728805546e-02 3.550922539394770253e-05 8.466680472111086581e-05
4.200000000000000000e+01 -6.076734201176938258e-03 -1.195616732912045850e-02 3.520771145676525625e-05 8.378892099513224139e-05
4.300000000000000000e+01 -5.582913814625313498e-03 -1.045758830134207659e-02 3.476350907500791649e-05 8.260142750469480228e-05
4.400000000000000000e+01 -3.958874421530543357e-03 -9.229244906593020437e-03 3.411540282291228900e-05 8.097524516068765237e-05
4.500000000000000000e+01 -2.696972296990695662e-03 -8.180163627090125331e-03 3.323273081149710284e-05 7.880030856518110125e-05
4.600000000000000000e+01 -2.773679186175201372e-03 -7.096022964587366151e-03 3.215121045333195758e-05 7.614243615127647580e-05
4.700000000000000000e+01 -2.787571656416984543e-03 -5.729139373755621351e-03 3.099441416556038991e-05 7.327471072544582543e-05
