# freqs 	 pli 	 dpli 	 meanpower(thalamus)	 meanpower(scalp)	pli
8.000000000000000000e+00 -4.242896550919715570e-02 -8.362722689388148167e-02 2.903911390330040751e-05 2.075341936632952753e-04
9.000000000000000000e+00 -1.447549002197505950e-02 -2.806618217546881858e-02 2.706012242227763933e-05 1.881542674168142797e-04
1.000000000000000000e+01 1.944308310498026873e-03 3.637477899604713710e-03 2.676037270515772943e-05 1.670360819071585641e-04
1.100000000000000000e+01 -5.850474252363073186e-04 -2.363782997897732798e-04 2.719659550998118635e-05 1.511807937888590516e-04
1.200000000000000000e+01 -5.990370293293477248e-03 -5.788316598457697408e-03 2.835823181413283617e-05 1.427682984563138208e-04
1.300000000000000000e+01 -9.607863641116804951e-03 -7.232318820510291388e-03 2.966994277663124161e-05 1.393462756443801954e-04
1.400000000000000000e+01 -9.048794766716725460e-03 -6.037537106697075592e-03 3.052444971834428466e-05 1.367583125743140145e-04
1.500000000000000000e+01 -1.056271654986765986e-02 -6.596393142933564165e-03 3.078994387589095223e-05 1.333504557473882491e-04
1.600000000000000000e+01 -7.771745767738858640e-03 -4.378226057809288425e-03 3.073144707777270560e-05 1.297742071504149664e-04
1.700000000000000000e+01 5.501935307561454502e-04 1.261785458083890992e-03 3.050507004640862853e-05 1.265384691992734421e-04
1.800000000000000000e+01 3.076817985941397889e-03 5.850482747424675702e-03 3.008147215142296187e-05 1.240055120212563155e-04
1.900000000000000000e+01 3.980362840961499532e-03 7.145718845512045482e-03 2.947352024681906807e-05 1.219313834136579144e-04
2.000000000000000000e+01 1.976208132257197946e-03 7.640741365059598375e-03 2.876811316159938052e-05 1.195915034600081539e-04
2.100000000000000000e+01 3.619202511541315566e-03 1.064497024862716065e-02 2.807709390411333215e-05 1.164294442612061304e-04
2.200000000000000000e+01 5.941757593067955624e-03 1.594307990677823819e-02 2.746844737094519896e-05 1.123849800187214890e-04
2.300000000000000000e+01 9.689982648411277558e-03 2.097993414406066834e-02 2.695299271762367614e-05 1.077195724880875650e-04
2.400000000000000000e+01 1.077840832761481522e-02 2.418134778417829409e-02 2.652797664348555151e-05 1.027992855785178270e-04
2.500000000000000000e+01 1.204848145568527748e-02 2.526584887093562964e-02 2.617359461290933386e-05 9.797164211506546568e-05
2.600000000000000000e+01 1.253880884855360263e-02 2.435261483725867718e-02 2.587538771445440242e-05 9.346696272737752996e-05
2.700000000000000000e+01 1.193421291672512076e-02 2.219636030457296932e-02 2.563121826196323696e-05 8.947565575064100928e-05
2.800000000000000000e+01 1.115809543097905435e-02 1.992927463911340485e-02 2.543320235555940093e-05 8.602358871258866050e-05
2.900000000000000000e+01 1.068022369385197498e-02 1.825025125280118135e-02 2.527945705739774077e-05 8.305990668276408407e-05
3.000000000000000000e+01 1.086509782616387927e-02 1.733458590056762699e-02 2.518280764274541704e-05 8.047889602286625269e-05
3.100000000000000000e+01 1.053769516291541350e-02 1.740846270136344603e-02 2.514547906078352233e-05 7.817211091338349498e-05
3.200000000000000000e+01 1.182379229314441463e-02 1.873902722685361413e-02 2.515912782972388819e-05 7.605828946277243220e-05
3.300000000000000000e+01 1.297810675846679251e-02 2.131188736197775491e-02 2.519933800787803159e-05 7.412004119854726110e-05
3.400000000000000000e+01 1.351265304389802704e-02 2.475127027061654189e-02 2.524163293265446287e-05 7.239824810921156840e-05
3.500000000000000000e+01 1.489751833800263998e-02 2.832570435807758163e-02 2.527476065855983038e-05 7.093385089089953525e-05
3.600000000000000000e+01 1.529113229694585574e-02 3.136054424345525310e-02 2.529720489258278427e-05 6.973918381080453988e-05
3.700000000000000000e+01 1.567872232479771213e-02 3.339705473080407244e-02 2.530754561383100171e-05 6.878282183447987047e-05
3.800000000000000000e+01 1.534087889609370842e-02 3.433805257219006701e-02 2.530800920244243656e-05 6.803309799810987519e-05
3.900000000000000000e+01 1.437594742071228969e-02 3.432250137240649285e-02 2.530185696367780911e-05 6.742126304770952702e-05
4.000000000000000000e+01 1.442127116186474496e-02 3.369656192658705696e-02 2.528592062111505309e-05 6.690481194548980083e-05
4.100000000000000000e+01 1.498000121507013331e-02 3.271217860366303770e-02 2.524906647436201716e-05 6.642834059996730587e-05
4.200000000000000000e+01 1.448270334123883708e-02 3.152814938737676792e-02 2.516527784186092158e-05 6.590769424860230938e-05
4.300000000000000000e+01 1.361767998923526547e-02 3.016970092680384963e-02 2.498967111193359434e-05 6.521327390506123037e-05
4.400000000000000000e+01 1.377381394071870539e-02 2.882213557367831885e-02 2.466965539820075156e-05 6.421602946427345182e-05
4.500000000000000000e+01 1.403764672943902045e-02 2.751080157652315006e-02 2.417288251031704329e-05 6.281230801971721621e-05
4.600000000000000000e+01 1.394787489016243408e-02 2.635680473777214303e-02 2.351927015303551430e-05 6.103696174046255361e-05
4.700000000000000000e+01 1.335876132464894166e-02 2.554624386902383526e-02 2.279854911714431038e-05 5.910794088866865503e-05
