# freqs 	 pli 	 dpli 	 meanpower(thalamus)	 meanpower(scalp)	pli
8.000000000000000000e+00 2.644925908907169373e-02 3.588459102138426976e-02 3.300514472835831250e-05 8.604034810639319439e-05
9.000000000000000000e+00 9.191449396962194859e-03 8.605736810967034092e-03 3.361898241635040744e-05 8.127887476072249311e-05
1.000000000000000000e+01 3.561654236539397479e-03 1.360299948429828524e-03 3.866229338991024323e-05 7.986471793756410079e-05
1.100000000000000000e+01 -4.315683075001811031e-03 -5.681694822028277025e-02 4.277113833238381101e-05 8.059192401072686146e-05
1.200000000000000000e+01 -6.269635719680379492e-03 -8.316131627297967954e-02 4.068077552137632809e-05 8.069557702700294697e-05
1.300000000000000000e+01 8.964002634037697122e-04 -2.944152797410844180e-02 3.674160642268761170e-05 7.939796411681285953e-05
1.400000000000000000e+01 1.908514033799690521e-02 4.133168555700113267e-02 3.477144650806433069e-05 7.743540860115451826e-05
1.500000000000000000e+01 1.776157310882668303e-02 5.561886469596077215e-02 3.386938554371997996e-05 7.455649197000869947e-05
1.600000000000000000e+01 -2.878721578869391107e-03 1.584385494308108641e-02 3.285085927659960709e-05 7.104119139223821213e-05
1.700000000000000000e+01 -1.629800090257371367e-02 -2.666893617282932796e-02 3.195851678244155487e-05 6.728204239018893110e-05
1.800000000000000000e+01 -2.771838486093446477e-02 -4.452278702559414603e-02 3.150276938585026137e-05 6.409253468529339142e-05
1.900000000000000000e+01 -2.640046080052899091e-02 -4.484760328740153984e-02 3.148856891179019612e-05 6.174852620470995155e-05
2.000000000000000000e+01 -2.356677424881176153e-02 -3.891911115660926651e-02 3.186892386269824429e-05 5.981098404379231150e-05
2.100000000000000000e+01 -1.981959648076272659e-02 -2.872003201578931381e-02 3.264740751749488178e-05 5.782102959098072185e-05
2.200000000000000000e+01 -8.786992256188723427e-03 -1.276283550245229347e-02 3.390817872150802604e-05 5.574905127581348109e-05
2.300000000000000000e+01 2.617190492050746643e-03 1.410452874669587166e-02 3.623335797545698607e-05 5.386175869307921184e-05
2.400000000000000000e+01 1.769395930415176843e-02 5.810111621847569019e-02 4.037003536633337132e-05 5.237124093457544259e-05
2.500000000000000000e+01 3.422574102709061150e-02 1.127451193458309797e-01 4.605359843746233936e-05 5.130420449193194153e-05
2.600000000000000000e+01 4.597037527802753931e-02 1.595066106989648236e-01 5.171180221127010250e-05 5.041910276249896960e-05
2.700000000000000000e+01 5.206111638319307899e-02 1.849961929112374781e-01 5.548050052093448351e-05 4.938818237218909593e-05
2.800000000000000000e+01 5.296483492848693547e-02 1.870388183629157763e-01 5.638354278602824665e-05 4.803903348722494775e-05
2.900000000000000000e+01 4.809612170231142292e-02 1.702676380110768328e-01 5.456237155918770447e-05 4.641953868088534311e-05
3.000000000000000000e+01 3.849108412467515394e-02 1.408709742098800954e-01 5.091819716835949573e-05 4.472220029827220016e-05
3.100000000000000000e+01 2.827331415128016626e-02 1.060592752714936832e-01 4.654893098973991933e-05 4.310874456195365115e-05
3.200000000000000000e+01 1.951036157345565486e-02 7.290593179831518500e-02 4.236567801347405779e-05 4.168943523075231038e-05
3.300000000000000000e+01 1.255841196855107290e-02 4.616135442983080456e-02 3.890359399350450575e-05 4.047950055965701395e-05
3.400000000000000000e+01 9.705731843142988147e-03 2.734306758980428048e-02 3.633394079060070253e-05 3.947354375549012412e-05
3.500000000000000000e+01 6.741781760293923814e-03 1.505559467845450985e-02 3.459681688031642009e-05 3.865041729743794874e-05
3.600000000000000000e+01 3.643844122248089071e-03 7.017395388215240393e-03 3.352985671754674812e-05 3.797207560031286327e-05
3.700000000000000000e+01 3.174188199862919280e-03 1.534884553421108451e-03 3.293706258869787590e-05 3.739361191399465984e-05
3.800000000000000000e+01 3.104348237357950182e-04 -2.317785085758414850e-03 3.265505758955921148e-05 3.687716152486702174e-05
3.900000000000000000e+01 -1.129055420024954390e-03 -5.175013163490206625e-03 3.255888203853941128e-05 3.639733469354775589e-05
4.000000000000000000e+01 -2.196993343669090531e-03 -7.419601116922600569e-03 3.256190782896563611e-05 3.593485764739490776e-05
4.100000000000000000e+01 -3.865047502680597595e-03 -9.332597862551911608e-03 3.260033967732679978e-05 3.546097681191874156e-05
4.200000000000000000e+01 -6.404871451160382839e-03 -1.102050653216019027e-02 3.260600309531378583e-05 3.494299779566860419e-05
4.300000000000000000e+01 -8.011033334737722653e-03 -1.245936452422141162e-02 3.249581732602513758e-05 3.432596386968435158e-05
4.400000000000000000e+01 -7.778651912420306985e-03 -1.356866394926171775e-02 3.219298189274544817e-05 3.354791702778343041e-05
4.500000000000000000e+01 -7.166261567257535374e-03 -1.427199180025702334e-02 3.165259307078745481e-05 3.256752496107104798e-05
4.600000000000000000e+01 -6.149822503724885689e-03 -1.450176450153700843e-02 3.091222296723141388e-05 3.139750646050900646e-05
4.700000000000000000e+01 -5.243488196348386476e-03 -1.418539641859488561e-02 3.009593635234856493e-05 3.013222061847937251e-05
