# freqs 	 pli 	 dpli 	 meanpower(thalamus)	 meanpower(scalp)	pli
8.000000000000000000e+00 -8.069496200777055706e-02 -1.650458748336010306e-01 5.070035501765460289e-05 2.611858402228570434e-04
9.000000000000000000e+00 -4.261989000909130465e-02 -7.753289675632193956e-02 4.581964387710948309e-05 2.463199269661330276e-04
1.000000000000000000e+01 -1.208442204780492760e-02 -1.706278101343242787e-02 4.543362287900768040e-05 2.218257435478893135e-04
1.100000000000000000e+01 -6.648978094784732847e-03 -6.086124866164348843e-04 4.769916359492142158e-05 2.054528052736858247e-04
1.200000000000000000e+01 -9.817246991070571055e-03 -1.147051752755740180e-02 5.201006972547283038e-05 1.986896832864220122e-04
1.300000000000000000e+01 -1.697213495666794261e-02 -3.486506849131808250e-02 5.790082578269645951e-05 1.980318621365170860e-04
1.400000000000000000e+01 -2.551378415465372501e-02 -5.560740423312318659e-02 6.376983719342911648e-05 1.989632914025064533e-04
1.500000000000000000e+01 -3.330338941548882659e-02 -6.712606514950604508e-02 6.762153184571748586e-05 1.977890991681459170e-04
1.600000000000000000e+01 -3.520230358594959169e-02 -7.057793976324405749e-02 6.810180423688211835e-05 1.939328023424392183e-04
1.700000000000000000e+01 -3.334412258242783200e-02 -6.685474521329376474e-02 6.522735929272490275e-05 1.888366816003296230e-04
1.800000000000000000e+01 -3.102538706295345991e-02 -5.846070791276013201e-02 6.016174098501455311e-05 1.839938296319931755e-04
1.900000000000000000e+01 -2.692624717550271690e-02 -5.078983893672636002e-02 5.441184328063458268e-05 1.805276274531451744e-04
2.000000000000000000e+01 -2.420153878461666491e-02 -4.585746594425560430e-02 4.912726141946657164e-05 1.788293479752724082e-04
2.100000000000000000e+01 -2.293328810929664424e-02 -4.232662584718949184e-02 4.489812628499198114e-05 1.788630941426576435e-04
2.200000000000000000e+01 -2.190100674538121919e-02 -3.896242743054983276e-02 4.183638324099242528e-05 1.801279601891091903e-04
2.300000000000000000e+01 -2.236470312535999982e-02 -3.535565109180938831e-02 3.975659212753726595e-05 1.820717227794941726e-04
2.400000000000000000e+01 -2.147745134198210393e-02 -3.162913489226686775e-02 3.837161599742856463e-05 1.841636151788619445e-04
2.500000000000000000e+01 -1.994762131722646950e-02 -2.843880694778151003e-02 3.740958466965187937e-05 1.861062832984675943e-04
2.600000000000000000e+01 -1.809585961226798170e-02 -2.598637170748593211e-02 3.667180859270912833e-05 1.877241351888121648e-04
2.700000000000000000e+01 -1.656062551691631773e-02 -2.364517743848780149e-02 3.603439767498698982e-05 1.892082271017742436e-04
2.800000000000000000e+01 -1.468130313143567629e-02 -2.073303014370246264e-02 3.541813367259274850e-05 1.903503528442320142e-04
2.900000000000000000e+01 -1.247095543516995100e-02 -1.707395568963588489e-02 3.477993610167698184e-05 1.912660583919485518e-04
3.000000000000000000e+01 -1.100190196145348250e-02 -1.306957761624689789e-02 3.410592530945755457e-05 1.918902787025177233e-04
3.100000000000000000e+01 -1.068014335450995569e-02 -9.250609515523203902e-03 3.340223759001613208e-05 1.925278320785278868e-04
3.200000000000000000e+01 -9.876992722810808839e-03 -6.090692840571088409e-03 3.268706910881081059e-05 1.931251901209374310e-04
3.300000000000000000e+01 -9.509522095474743850e-03 -3.692391813963555140e-03 3.198075593537485231e-05 1.936502150174040189e-04
3.400000000000000000e+01 -8.969362967911611792e-03 -1.882056004602074588e-03 3.129972716619442542e-05 1.944397276344105962e-04
3.500000000000000000e+01 -7.973198923616496570e-03 -3.731866631453407924e-04 3.065846308075255357e-05 1.952566093014391254e-04
3.600000000000000000e+01 -6.256417745308344783e-03 1.042724563118460797e-03 3.007287029297621723e-05 1.962560210319466507e-04
3.700000000000000000e+01 -5.287756796136992496e-03 2.435538355037570202e-03 2.956046871446644489e-05 1.974239804633496254e-04
3.800000000000000000e+01 -4.306816713020860873e-03 3.700502226771686543e-03 2.913226023895951693e-05 1.989014740258650542e-04
3.900000000000000000e+01 -3.854653088068009902e-03 4.681525020513886345e-03 2.878793606901043840e-05 2.003409935436007404e-04
4.000000000000000000e+01 -4.014886526340577522e-03 5.236544307271702101e-03 2.851582447932056065e-05 2.018280621159429023e-04
4.100000000000000000e+01 -4.179310543568689508e-03 5.358515968848169553e-03 2.828927601857126313e-05 2.032211254205903202e-04
4.200000000000000000e+01 -4.173818106230809885e-03 5.196356867334585294e-03 2.806238634675131680e-05 2.042121983972747397e-04
4.300000000000000000e+01 -4.235983421287540900e-03 4.974623203226386306e-03 2.776897725554055502e-05 2.041698013830387079e-04
4.400000000000000000e+01 -4.240613158111337239e-03 4.718226270028522823e-03 2.734068882965309612e-05 2.029420095172172376e-04
4.500000000000000000e+01 -4.338898694746655925e-03 4.534495560595255478e-03 2.673545838097757119e-05 2.000702428438960615e-04
4.600000000000000000e+01 -4.702450163789667972e-03 4.423179061070343400e-03 2.597144169612488539e-05 1.957426599628875861e-04
4.700000000000000000e+01 -4.728662895027147678e-03 4.381090892865063813e-03 2.514433257409646495e-05 1.907326487062212435e-04
