# freqs 	 pli 	 dpli 	 meanpower(thalamus)	 meanpower(scalp)	pli
8.000000000000000000e+00 3.120871708700563400e-03 3.336817734389559836e-02 1.580752186156553977e-04 8.445862775273972568e-04
9.000000000000000000e+00 3.972737658395881361e-02 9.338414966359440128e-02 1.636379609606594676e-04 6.417332579075431037e-04
1.000000000000000000e+01 7.555117644784953290e-02 1.766069518632319146e-01 1.721030773475969980e-04 4.845426420220654722e-04
1.100000000000000000e+01 9.465607646336623993e-02 2.232745921176213788e-01 1.671258316648109490e-04 4.130057162066692552e-04
1.200000000000000000e+01 1.010952419217273496e-01 2.454899851425014212e-01 1.539487337299673517e-04 4.105898409153609942e-04
1.300000000000000000e+01 9.818487267048793543e-02 2.788012760604072771e-01 1.375988817628348191e-04 4.255050757592963645e-04
1.400000000000000000e+01 8.202146723286640739e-02 2.552887926325733692e-01 1.197097658869086779e-04 3.866214084488525096e-04
1.500000000000000000e+01 5.937923590506331839e-02 1.809999849786543824e-01 1.049410028899399797e-04 3.142200651506710826e-04
1.600000000000000000e+01 3.547854971413891279e-02 1.182789697942515372e-01 9.569975560044989104e-05 2.535222707318540930e-04
1.700000000000000000e+01 1.890109469192145092e-02 7.959202402996279346e-02 8.986587769965334799e-05 2.157434942906906645e-04
1.800000000000000000e+01 7.474307946443606993e-03 4.928212933798565426e-02 8.515427002370579265e-05 1.925094419225645921e-04
1.900000000000000000e+01 5.186946307137499032e-03 2.434529569050531209e-02 8.080094955285873151e-05 1.763049556757983289e-04
2.000000000000000000e+01 3.296148899894820600e-03 6.436678761503901967e-03 7.671377545389842286e-05 1.639388157800865777e-04
2.100000000000000000e+01 1.032529754197115263e-03 -6.079762114291431194e-03 7.286495085826038697e-05 1.538572765136001852e-04
2.200000000000000000e+01 1.485608902619715540e-03 -1.535745847512817036e-02 6.932973306951788954e-05 1.451081586443590094e-04
2.300000000000000000e+01 2.363593788347184178e-03 -2.223394492951418985e-02 6.619882755396185926e-05 1.375171436984691173e-04
2.400000000000000000e+01 1.354205127743306637e-03 -2.621299347204124330e-02 6.343984508667075415e-05 1.311043641317221676e-04
2.500000000000000000e+01 2.871383194022660273e-03 -2.656477735353380068e-02 6.101124418310756076e-05 1.256195869966456990e-04
2.600000000000000000e+01 4.880277869695680629e-03 -2.398167751446273963e-02 5.881981077923297718e-05 1.206620974395349472e-04
2.700000000000000000e+01 6.915746067759681072e-03 -2.016470216360477866e-02 5.682847899436263897e-05 1.159895997472139046e-04
2.800000000000000000e+01 9.304482086508726602e-03 -1.642525850925977832e-02 5.505463010906215483e-05 1.115316424327022506e-04
2.900000000000000000e+01 1.117530292936749423e-02 -1.295111731969829198e-02 5.349325788166692572e-05 1.073487100802362852e-04
3.000000000000000000e+01 1.345531922554974585e-02 -9.484031100701775449e-03 5.213818700552503947e-05 1.035144553623348738e-04
3.100000000000000000e+01 1.563797491712930893e-02 -6.093876342901133510e-03 5.095936912569348288e-05 1.000810816295976459e-04
3.200000000000000000e+01 1.607979873670377369e-02 -3.208409411826223037e-03 4.992036857307263227e-05 9.705359701255475663e-05
3.300000000000000000e+01 1.587006026021250960e-02 -1.122320258441773626e-03 4.898572392159100702e-05 9.437978011383300089e-05
3.400000000000000000e+01 1.628033084926377994e-02 3.213738398777274928e-04 4.812460317535694664e-05 9.199585672091254427e-05
3.500000000000000000e+01 1.679509455889111047e-02 1.655193554251421567e-03 4.732072850264011063e-05 8.984475484040447223e-05
3.600000000000000000e+01 1.578268837248021986e-02 3.351033626545155391e-03 4.657487894257579043e-05 8.790695432390335730e-05
3.700000000000000000e+01 1.561629057414785048e-02 5.487481224879726602e-03 4.588023040928305090e-05 8.621012966191253036e-05
3.800000000000000000e+01 1.600962433485396061e-02 7.732621146167748330e-03 4.522706519009414637e-05 8.476564850008012561e-05
3.900000000000000000e+01 1.675659684845048902e-02 9.629047913707633813e-03 4.461483361950524946e-05 8.358300927981463088e-05
4.000000000000000000e+01 1.636241851550447948e-02 1.088896429304095879e-02 4.403250954472783056e-05 8.263822801801594452e-05
4.100000000000000000e+01 1.673422744512280055e-02 1.155960366450566566e-02 4.345677374640642910e-05 8.184644581423474667e-05
4.200000000000000000e+01 1.613593483316040633e-02 1.191111443968008790e-02 4.284174603847226286e-05 8.107155352316221177e-05
4.300000000000000000e+01 1.599646834869995413e-02 1.222104330488251421e-02 4.211162421931069168e-05 8.013116325968729959e-05
4.400000000000000000e+01 1.481506058176035139e-02 1.263284364743976797e-02 4.118435101076933704e-05 7.881632848628671365e-05
4.500000000000000000e+01 1.481799302821609939e-02 1.312002223391475937e-02 4.000805954103468722e-05 7.699026138175839350e-05
4.600000000000000000e+01 1.448184961009107291e-02 1.352431724410691621e-02 3.860435271859238930e-05 7.470820394841649480e-05
4.700000000000000000e+01 1.467484847479528197e-02 1.362485292191337183e-02 3.710196706579731054e-05 7.223165623243866271e-05
