# freqs 	 pli 	 dpli 	 meanpower(thalamus)	 meanpower(scalp)	pli
8.000000000000000000e+00 4.528645165448738630e-02 8.717818272659008660e-02 1.141602491029277295e-04 2.200384775759093572e-04
9.000000000000000000e+00 5.194450428050863960e-02 1.078505575106257497e-01 1.049169108329113959e-04 2.173705614523899655e-04
1.000000000000000000e+01 7.610062631175666670e-02 1.538282872178958482e-01 9.915026981344645805e-05 1.935922805267488564e-04
1.100000000000000000e+01 7.862579707681327523e-02 1.536467783203867565e-01 9.544349107586383907e-05 1.773292062635016628e-04
1.200000000000000000e+01 5.620645382827579861e-02 1.018212123039589218e-01 9.268681514693179267e-05 1.656494642735728735e-04
1.300000000000000000e+01 2.395851498370791047e-02 3.758075688419456467e-02 9.052650040008529398e-05 1.526704216402741685e-04
1.400000000000000000e+01 -6.320532404940376603e-03 -1.576488240474324329e-02 8.885541956970203603e-05 1.382339781882330806e-04
1.500000000000000000e+01 -1.798782425857558404e-02 -4.646173304205842430e-02 8.766141273123991820e-05 1.254651243356939003e-04
1.600000000000000000e+01 -2.127863667897851585e-02 -5.326303009142847877e-02 8.667401206397517546e-05 1.156770917519757381e-04
1.700000000000000000e+01 -2.032219127740586204e-02 -4.868676876906249951e-02 8.561173711911813510e-05 1.082170862447239386e-04
1.800000000000000000e+01 -1.628049342000104094e-02 -4.188546159490678933e-02 8.459019703206827479e-05 1.023596217123114209e-04
1.900000000000000000e+01 -1.271281283744686401e-02 -3.638430284704557982e-02 8.378993782438559363e-05 9.810095871056121451e-05
2.000000000000000000e+01 -1.076021794515580679e-02 -3.266789460337712891e-02 8.316277959066604411e-05 9.539587255076559897e-05
2.100000000000000000e+01 -9.679133959167184401e-03 -2.887209446705046173e-02 8.249732445751634840e-05 9.377955947036071627e-05
2.200000000000000000e+01 -7.284849521227733209e-03 -2.360498614464493980e-02 8.166874483836881657e-05 9.268075535861277628e-05
2.300000000000000000e+01 -5.101672878444023056e-03 -1.758103637385835527e-02 8.069138547048967870e-05 9.186824756362616971e-05
2.400000000000000000e+01 -3.165810173240296045e-03 -1.202023460332143738e-02 7.961127060448617329e-05 9.128647248519053251e-05
2.500000000000000000e+01 -1.366433324254398085e-03 -8.207301167428196487e-03 7.847873670110443373e-05 9.093313799500045490e-05
2.600000000000000000e+01 -4.538982027416550041e-04 -7.197459111180659098e-03 7.736675101954270208e-05 9.073893854015890425e-05
2.700000000000000000e+01 -7.153409780608269543e-04 -8.516905895942230090e-03 7.634884416648928288e-05 9.069589738232300348e-05
2.800000000000000000e+01 -7.764442123358170555e-04 -1.046738495891085322e-02 7.548111131416582946e-05 9.075466981284505987e-05
2.900000000000000000e+01 -1.666247861776744407e-03 -1.135321170441167676e-02 7.480744559244265426e-05 9.092331847450815514e-05
3.000000000000000000e+01 -1.666720854285879457e-03 -1.070708793223547166e-02 7.431788061271795949e-05 9.117700220641233757e-05
3.100000000000000000e+01 -2.585083908358887846e-03 -9.040003111020470175e-03 7.392779408949444930e-05 9.159216741538702756e-05
3.200000000000000000e+01 -2.398295501929307520e-03 -7.257002809946108690e-03 7.350527193569445720e-05 9.216204512816760386e-05
3.300000000000000000e+01 -2.103269432640888885e-03 -5.895095720559280147e-03 7.292998083042629711e-05 9.280527814218376753e-05
3.400000000000000000e+01 -2.567565820071515421e-03 -4.840520804151228311e-03 7.214574910491520522e-05 9.352510016859829310e-05
3.500000000000000000e+01 -1.700668160963946397e-03 -4.097994873467889800e-03 7.115878277570371108e-05 9.422706012878476808e-05
3.600000000000000000e+01 -5.932970099030178673e-04 -3.501535666106717591e-03 7.002327839963954053e-05 9.491290638296331472e-05
3.700000000000000000e+01 2.017531685224263106e-04 -3.077106471185056275e-03 6.881376713332540310e-05 9.555244553834811355e-05
3.800000000000000000e+01 -1.080016405647977768e-04 -2.906761677597512715e-03 6.760078355170765125e-05 9.616466058085312981e-05
3.900000000000000000e+01 -4.201506546502697514e-04 -3.124105595565022497e-03 6.643673008532888864e-05 9.668299599770623293e-05
4.000000000000000000e+01 -2.582887818185818432e-04 -3.599570520939897409e-03 6.534421830197544446e-05 9.712761986875099421e-05
4.100000000000000000e+01 -7.981620534656591387e-04 -4.087334790255354837e-03 6.430361112149559602e-05 9.745086839054317317e-05
4.200000000000000000e+01 -6.686084288490840716e-04 -4.346704618678162366e-03 6.324453308602645942e-05 9.754863813285856152e-05
4.300000000000000000e+01 -1.058684798351335618e-03 -4.303268252412536035e-03 6.204880207764553845e-05 9.718954235974708658e-05
4.400000000000000000e+01 -7.223905418672669316e-04 -3.826040495425937424e-03 6.058537188648917005e-05 9.624158799492353242e-05
4.500000000000000000e+01 -1.289967154947973442e-03 -3.072086925192755221e-03 5.877131027901746218e-05 9.453994341476895115e-05
4.600000000000000000e+01 -7.660985803542002398e-04 -2.182758458736840101e-03 5.663822049327676272e-05 9.217622303633688310e-05
4.700000000000000000e+01 -4.625924043544553605e-04 -1.307906787372078517e-03 5.437127756546395856e-05 8.951328380102586057e-05
