# freqs 	 pli 	 dpli 	 meanpower(thalamus)	 meanpower(scalp)	pli
8.000000000000000000e+00 8.668949560370588919e-03 9.449349613721061067e-03 4.745743866821920443e-05 2.697513283123165011e-04
9.000000000000000000e+00 -2.026018482180300118e-02 -5.495844000164684662e-02 4.382973678516521691e-05 2.524616050680629216e-04
1.000000000000000000e+01 -2.743020969828766434e-02 -6.792475529843176874e-02 4.186695259246097560e-05 2.436620420590537351e-04
1.100000000000000000e+01 -2.018304596616484620e-02 -3.198938867827204324e-02 4.163967349696480106e-05 2.497200970402196516e-04
1.200000000000000000e+01 -1.582103869830116943e-02 -7.090705628004602412e-03 4.179445688771797331e-05 2.549346260209634299e-04
1.300000000000000000e+01 -1.590770280947020193e-02 -2.781881888601253280e-03 4.092745151970405453e-05 2.509591912387471491e-04
1.400000000000000000e+01 -1.923442019768033945e-02 -2.201947318698412384e-02 3.900791755293869274e-05 2.311807321230867026e-04
1.500000000000000000e+01 -2.579056214785987317e-02 -4.768088406964886977e-02 3.686061356084200833e-05 1.999888213179256812e-04
1.600000000000000000e+01 -3.122029573865285276e-02 -6.150991180123231705e-02 3.512399122067317035e-05 1.705902101906921133e-04
1.700000000000000000e+01 -3.190281167196333534e-02 -6.546807094496426283e-02 3.385532689563802071e-05 1.496284025179198042e-04
1.800000000000000000e+01 -3.137522811681172502e-02 -6.559070699983593489e-02 3.284509190884678633e-05 1.360069938123989778e-04
1.900000000000000000e+01 -2.660860108624365367e-02 -6.394155629088854598e-02 3.198760266861487317e-05 1.268228458805897342e-04
2.000000000000000000e+01 -2.242158476051136010e-02 -6.213630335646912195e-02 3.129776756771530174e-05 1.201237251727377243e-04
2.100000000000000000e+01 -1.993195669087757110e-02 -6.137827740087536260e-02 3.080275967492440107e-05 1.149093339273687416e-04
2.200000000000000000e+01 -1.976671470912183884e-02 -6.172302894897493258e-02 3.049575636493146688e-05 1.104964295114223939e-04
2.300000000000000000e+01 -2.021096788207444803e-02 -6.176351722482766732e-02 3.030845369177925279e-05 1.063597428125417986e-04
2.400000000000000000e+01 -1.907543629667290616e-02 -5.825880976354512464e-02 3.015538549788201748e-05 1.022121698614803534e-04
2.500000000000000000e+01 -1.615522375297438057e-02 -4.841398461730007236e-02 2.998465866786842256e-05 9.804237578409381849e-05
2.600000000000000000e+01 -1.192436620905376783e-02 -3.286046820376891525e-02 2.979226650290063829e-05 9.392713129133274240e-05
2.700000000000000000e+01 -6.235244327667618762e-03 -1.526692598824998942e-02 2.960771312189915082e-05 8.990998460834474901e-05
2.800000000000000000e+01 -2.095051663899695320e-03 7.487761310647851522e-04 2.945463407432046365e-05 8.603070104119956622e-05
2.900000000000000000e+01 4.456086635660305804e-04 1.331907546910529594e-02 2.933562095415370637e-05 8.233691643832535205e-05
3.000000000000000000e+01 3.135516121936283204e-03 2.213641162440734000e-02 2.923752494436121198e-05 7.885472916515879553e-05
3.100000000000000000e+01 3.603218041368764796e-03 2.748760129497230392e-02 2.914866444897268256e-05 7.560994306875621241e-05
3.200000000000000000e+01 4.159925352902689791e-03 2.982924860122619301e-02 2.906030525135235886e-05 7.261178175415313807e-05
3.300000000000000000e+01 4.600976261086371817e-03 2.965476297519218513e-02 2.897009599028918202e-05 6.985846778042311496e-05
3.400000000000000000e+01 4.400346860885680743e-03 2.760297715338372662e-02 2.887635648825366002e-05 6.733405835669060350e-05
3.500000000000000000e+01 3.933072434551580614e-03 2.431092964187759817e-02 2.877875473269569375e-05 6.500609949427884422e-05
3.600000000000000000e+01 3.230413331266882970e-03 2.036404443386910859e-02 2.867979241297990642e-05 6.285172346209592031e-05
3.700000000000000000e+01 2.804708899336061725e-03 1.614534570922282475e-02 2.858056382936864523e-05 6.085093268034932949e-05
3.800000000000000000e+01 2.237069712828059984e-03 1.183911549800706862e-02 2.848192333594520200e-05 5.898655848671068849e-05
3.900000000000000000e+01 1.517707882489914995e-03 7.503171281955490525e-03 2.838520192431577592e-05 5.723982863776362222e-05
4.000000000000000000e+01 9.232996373294222398e-04 3.242645990587412173e-03 2.828755504707596032e-05 5.559439161990531751e-05
4.100000000000000000e+01 3.195779936979029675e-04 -7.630529732805898689e-04 2.817592041041228483e-05 5.402462827046706042e-05
4.200000000000000000e+01 1.664520103566763571e-04 -4.303575268261937425e-03 2.802024637443077101e-05 5.248212896634958619e-05
4.300000000000000000e+01 -6.789115083001917377e-05 -7.233286125013980300e-03 2.776943807990371406e-05 5.088573270121737793e-05
4.400000000000000000e+01 -7.448058561078375840e-04 -9.496525188803815049e-03 2.736602329682684480e-05 4.914332730554674740e-05
4.500000000000000000e+01 -1.270493174498353193e-03 -1.115141383537692973e-02 2.677620695009684591e-05 4.718420384134565924e-05
4.600000000000000000e+01 -1.943872531156621208e-03 -1.228569539774938824e-02 2.602570480516929062e-05 4.501869115723047577e-05
4.700000000000000000e+01 -2.292503960350995764e-03 -1.295892306771614065e-02 2.521676263521252628e-05 4.276681466675523561e-05
