# freqs 	 pli 	 dpli 	 meanpower(thalamus)	 meanpower(scalp)	pli
8.000000000000000000e+00 1.338107180570221807e-02 -5.737889430344157368e-03 8.721281118221878574e-05 3.544461480041801067e-04
9.000000000000000000e+00 2.879189840688419801e-03 -6.117807802341149875e-02 8.623280933017298552e-05 4.404853578043809131e-04
1.000000000000000000e+01 3.144679081128481588e-03 3.030629514302856341e-03 8.783967953242084931e-05 3.887099818430856703e-04
1.100000000000000000e+01 8.035104012856167030e-03 6.113014882051438087e-02 9.496696770423680961e-05 3.639918248657186221e-04
1.200000000000000000e+01 5.538767508301710614e-04 2.438618939760568358e-02 1.036000232072850630e-04 3.872440499691774717e-04
1.300000000000000000e+01 1.364290902603443149e-02 2.409321200756413608e-02 1.080863581706132667e-04 3.997751808393923975e-04
1.400000000000000000e+01 2.024336450673517099e-02 3.849035095804191620e-02 1.090928137593581482e-04 3.956251118671219374e-04
1.500000000000000000e+01 2.498479284475184012e-02 3.236097249336936793e-02 1.093327244900669273e-04 3.837780669191471821e-04
1.600000000000000000e+01 1.372059827468503738e-02 1.754221114799714432e-02 1.098664165920597529e-04 3.688867318193754627e-04
1.700000000000000000e+01 1.931015785776780957e-02 1.030023222405096472e-02 1.106445134863814596e-04 3.501680824461818114e-04
1.800000000000000000e+01 1.275745164514295767e-02 1.065898255161194103e-02 1.120101821825748460e-04 3.265637430499154716e-04
1.900000000000000000e+01 2.502604851353062120e-03 1.113011746475132610e-02 1.146918185056803918e-04 3.002723912611855880e-04
2.000000000000000000e+01 4.473790659538959963e-03 1.678129772597900318e-02 1.199016710236619043e-04 2.745380251603708093e-04
2.100000000000000000e+01 1.295477876148845055e-02 3.980593319115963841e-02 1.298197668411268512e-04 2.519686150014366962e-04
2.200000000000000000e+01 3.397059705970596755e-02 7.398451626190974406e-02 1.435673989586658164e-04 2.325172153406709777e-04
2.300000000000000000e+01 4.430621826561737669e-02 9.815472339348198239e-02 1.538019714549033502e-04 2.152690952946456843e-04
2.400000000000000000e+01 4.449660978211184004e-02 9.980832185141859381e-02 1.537083203362628184e-04 1.999775637079999834e-04
2.500000000000000000e+01 3.327556243643028239e-02 8.415853181419555296e-02 1.439875770935720284e-04 1.866995914768863451e-04
2.600000000000000000e+01 3.077486849104556915e-02 6.335493289965633823e-02 1.306498689784029224e-04 1.754841547112525192e-04
2.700000000000000000e+01 2.637934849647600652e-02 4.560234371647193391e-02 1.189968968985782307e-04 1.660322079100977604e-04
2.800000000000000000e+01 1.587666712046456249e-02 3.230129005935786918e-02 1.107561523917630487e-04 1.580276387480312843e-04
2.900000000000000000e+01 1.122454233543501018e-02 2.131193856938538855e-02 1.051411677050263137e-04 1.511541210933773738e-04
3.000000000000000000e+01 5.363365061707910629e-03 1.324004764650841583e-02 1.009371148967689241e-04 1.450491814428582287e-04
3.100000000000000000e+01 2.796094787613299937e-03 1.013159714070640399e-02 9.736156138397797821e-05 1.393674461248678648e-04
3.200000000000000000e+01 4.574250847363126905e-03 1.298376872032385929e-02 9.402194897707653984e-05 1.339663420476272125e-04
3.300000000000000000e+01 8.633567458734238073e-03 2.045859497362787632e-02 9.074931864899009619e-05 1.287860420350416359e-04
3.400000000000000000e+01 1.455414911181304900e-02 2.932982645334540270e-02 8.747169283281083329e-05 1.239422721787700144e-04
3.500000000000000000e+01 1.660910199106054377e-02 3.703349937313760165e-02 8.414509464317860394e-05 1.193212135212121772e-04
3.600000000000000000e+01 1.921281622774160050e-02 4.218784743002916560e-02 8.079047437358741245e-05 1.149280017184216778e-04
3.700000000000000000e+01 1.984673095068234527e-02 4.480376760728809610e-02 7.746512708143648369e-05 1.107841077121705242e-04
3.800000000000000000e+01 1.999518298906997199e-02 4.565473689803006135e-02 7.424906344732531526e-05 1.069838166585996474e-04
3.900000000000000000e+01 2.401557222190416063e-02 4.514603182813180932e-02 7.120199788461712602e-05 1.035218505610261254e-04
4.000000000000000000e+01 2.449440565515790744e-02 4.381624033178468242e-02 6.838755054804476947e-05 1.004147057337216023e-04
4.100000000000000000e+01 2.568585383667320796e-02 4.208391616719665829e-02 6.582873850792098872e-05 9.757357194110920131e-05
4.200000000000000000e+01 2.486784542471746212e-02 4.036577240371248820e-02 6.349160148392702925e-05 9.484655722091691601e-05
4.300000000000000000e+01 2.355997083485234997e-02 3.858184696196886171e-02 6.126559786008866943e-05 9.200433074084739748e-05
4.400000000000000000e+01 2.309912721466151828e-02 3.735929052580703319e-02 5.900977406328417025e-05 8.895670609458009666e-05
4.500000000000000000e+01 2.381114577798365897e-02 3.608888736068770892e-02 5.658746754671940425e-05 8.547126442531186930e-05
4.600000000000000000e+01 2.592548095994777133e-02 3.441812068444882744e-02 5.395513164522413490e-05 8.153542757008731151e-05
4.700000000000000000e+01 2.662436697546648190e-02 3.209706461432621644e-02 5.120668522584020477e-05 7.734463593988024743e-05
