# freqs 	 pli 	 dpli 	 meanpower(thalamus)	 meanpower(scalp)	pli
8.000000000000000000e+00 -9.980354927597601122e-02 -1.983221686749213619e-01 2.329318771795437599e-04 7.446346510267023956e-05
9.000000000000000000e+00 -5.851283105782068006e-02 -9.728233315894417588e-02 2.153398701265022016e-04 6.993850344061008928e-05
1.000000000000000000e+01 -1.334716852139112946e-02 -4.798229562604960224e-03 2.000074839941016981e-04 6.135897965183509471e-05
1.100000000000000000e+01 1.071233447412319427e-02 4.207854136382589011e-02 1.944922949416349924e-04 5.434808559036804029e-05
1.200000000000000000e+01 2.285504615480167187e-02 5.366733034311423761e-02 2.001749099586196427e-04 5.018165239524944904e-05
1.300000000000000000e+01 1.980737801209719179e-02 3.442773976131435071e-02 1.950669795269085647e-04 4.738227966882785174e-05
1.400000000000000000e+01 1.588680803963897145e-02 1.420233494581779263e-02 1.762188931674847549e-04 4.493253906885689785e-05
1.500000000000000000e+01 1.436003611656680966e-02 1.745100729049507693e-02 1.550145991039953125e-04 4.233011917234019841e-05
1.600000000000000000e+01 1.327943849057213431e-02 3.231935617335657263e-02 1.387101205050447772e-04 3.969018677287478915e-05
1.700000000000000000e+01 1.246632116985504739e-02 4.133041801470389159e-02 1.274870581621558312e-04 3.732960723331941473e-05
1.800000000000000000e+01 1.005679061366997543e-02 4.079564089575756641e-02 1.191869099694526881e-04 3.544375467410275685e-05
1.900000000000000000e+01 5.736466455075078276e-03 3.490220755635180944e-02 1.120131128047789453e-04 3.403719063048493492e-05
2.000000000000000000e+01 2.376398075549010676e-03 2.747944222529460565e-02 1.052373633351501021e-04 3.301302789851691529e-05
2.100000000000000000e+01 5.641977156073373903e-04 2.088096592058079695e-02 9.900537796460924121e-05 3.225946947901065735e-05
2.200000000000000000e+01 -1.648990640074262607e-03 1.676347025493503742e-02 9.373064703185375341e-05 3.170438765272930019e-05
2.300000000000000000e+01 -2.147148829145354137e-03 1.571205497652808022e-02 8.937930350782366334e-05 3.130123811892611771e-05
2.400000000000000000e+01 -1.414561712872874390e-03 1.664733947031901001e-02 8.550276985324591278e-05 3.101792660221245755e-05
2.500000000000000000e+01 -4.533684281003827802e-04 1.775565701179894137e-02 8.168892998050890982e-05 3.083133625566695016e-05
2.600000000000000000e+01 2.081431726179309787e-04 1.796781883730168283e-02 7.782946940016193145e-05 3.071849751564094166e-05
2.700000000000000000e+01 5.829218074014923690e-04 1.733565322266966691e-02 7.404347649487260719e-05 3.066562809606257901e-05
2.800000000000000000e+01 6.626147339918330879e-04 1.637912984959300974e-02 7.053334782415083973e-05 3.065052215026241924e-05
2.900000000000000000e+01 5.563410340868982533e-04 1.552995664950959989e-02 6.745953463660624605e-05 3.065128264140918040e-05
3.000000000000000000e+01 1.350916334364818134e-03 1.489487729834535097e-02 6.487942972018687017e-05 3.065923752093582068e-05
3.100000000000000000e+01 2.011330888504926293e-03 1.431286765039092509e-02 6.275605633892818570e-05 3.068006387291343249e-05
3.200000000000000000e+01 2.545472653609680714e-03 1.348713624639108315e-02 6.100935715096652098e-05 3.071368595151448435e-05
3.300000000000000000e+01 2.354219338616471945e-03 1.226751889056078813e-02 5.955215731214001434e-05 3.075974241049467478e-05
3.400000000000000000e+01 2.369371048536811179e-03 1.072446009811373578e-02 5.830261446476467228e-05 3.082183048740510492e-05
3.500000000000000000e+01 2.066145265299551559e-03 9.099677836284460544e-03 5.719216424365917734e-05 3.089479022976796690e-05
3.600000000000000000e+01 1.486555514111160409e-03 7.639454034528885343e-03 5.616630906672584971e-05 3.097843801956740164e-05
3.700000000000000000e+01 9.284085970103645715e-04 6.481656865293269031e-03 5.519045765083890214e-05 3.106457634184744916e-05
3.800000000000000000e+01 4.735325103195685097e-05 5.597007009113398601e-03 5.425699232968951991e-05 3.114878569838900690e-05
3.900000000000000000e+01 -9.367877473017074280e-05 4.915431621942372223e-03 5.337092523338950260e-05 3.122410053550639072e-05
4.000000000000000000e+01 3.809474078276229875e-04 4.326776899513816790e-03 5.253515120549925020e-05 3.128779156457441285e-05
4.100000000000000000e+01 7.996925245463342791e-04 3.775147932974245134e-03 5.173834157139525091e-05 3.132301769490696626e-05
4.200000000000000000e+01 1.122239895498442896e-03 3.245062340950691238e-03 5.093199001523680700e-05 3.129290573612246012e-05
4.300000000000000000e+01 1.059338600383859545e-03 2.747011125230616399e-03 5.002871151964003002e-05 3.113737556948672802e-05
4.400000000000000000e+01 1.267571724567785000e-03 2.288354481764161806e-03 4.892276497852170712e-05 3.079412311590469531e-05
4.500000000000000000e+01 1.324151290396040521e-03 1.885827368285034273e-03 4.754052213777382906e-05 3.022028370034459069e-05
4.600000000000000000e+01 1.132603722558129687e-03 1.550104930522240923e-03 4.589985689563863568e-05 2.944297992811310773e-05
4.700000000000000000e+01 1.023833267231886827e-03 1.294127235253916342e-03 4.414506406136227195e-05 2.857725538809195170e-05
