# freqs 	 pli 	 dpli 	 meanpower(thalamus)	 meanpower(scalp)	pli
8.000000000000000000e+00 1.491019862411196171e-03 -1.340935337023763975e-02 1.389357320853724909e-04 1.448890344191765625e-04
9.000000000000000000e+00 -5.500581858387682162e-03 -3.795868810763063789e-02 1.369997905493464791e-04 1.327378056256087180e-04
1.000000000000000000e+01 -1.605304953263406512e-02 -5.707823507195410040e-02 1.387466466961642599e-04 1.261868707989423138e-04
1.100000000000000000e+01 -1.228722705788494809e-02 -4.195820843670111655e-02 1.467069242983926806e-04 1.260530781639751779e-04
1.200000000000000000e+01 -2.255275230039078746e-02 -5.040470788821541787e-02 1.551731354358482323e-04 1.370780709156202502e-04
1.300000000000000000e+01 -3.357894338505895693e-02 -6.901959799018886343e-02 1.611086672847012390e-04 1.653932416176085232e-04
1.400000000000000000e+01 -4.012191989650483459e-02 -6.521381346426162462e-02 1.596467234030227557e-04 1.780579803115523048e-04
1.500000000000000000e+01 -4.111824488931612592e-02 -5.293733099078718612e-02 1.483272247370303275e-04 1.584676594922007577e-04
1.600000000000000000e+01 -3.837112884114771139e-02 -4.165011247696684404e-02 1.341159572553768527e-04 1.279878063130586994e-04
1.700000000000000000e+01 -3.522792097468419731e-02 -3.338943519818773908e-02 1.226409930964203704e-04 1.056714256321052836e-04
1.800000000000000000e+01 -2.946715589895993262e-02 -2.865750599180326777e-02 1.143922942221477289e-04 9.409781673028808611e-05
1.900000000000000000e+01 -2.474097367051868515e-02 -2.590193557114161757e-02 1.079330206602854109e-04 8.866411234534693681e-05
2.000000000000000000e+01 -2.343685441421636609e-02 -2.327160704971612676e-02 1.023306181895487364e-04 8.579595896984713583e-05
2.100000000000000000e+01 -2.195326542840023848e-02 -1.989984570037933720e-02 9.727865901642121298e-05 8.388748558739378620e-05
2.200000000000000000e+01 -1.779733913567330822e-02 -1.587145010220252644e-02 9.269684745213228080e-05 8.201592842396934334e-05
2.300000000000000000e+01 -1.323458607857074844e-02 -1.123829801764907564e-02 8.845411120818882044e-05 7.981741797119103568e-05
2.400000000000000000e+01 -8.620967401892682541e-03 -6.494007037267960844e-03 8.453984410977618852e-05 7.739629830424786918e-05
2.500000000000000000e+01 -3.662983121548361518e-03 -2.367313854631369376e-03 8.092391031512880298e-05 7.519784021565534358e-05
2.600000000000000000e+01 -1.046889090046242230e-03 5.290144922648006053e-04 7.755924625440419105e-05 7.370574599960316904e-05
2.700000000000000000e+01 1.473352508393384341e-04 1.450278590104607914e-03 7.438571817704886383e-05 7.302489748980573749e-05
2.800000000000000000e+01 1.105932842989269110e-03 -1.800619426017482515e-04 7.136155720332083353e-05 7.248238749264159940e-05
2.900000000000000000e+01 2.481255731161335389e-03 -4.111451682378985256e-03 6.846824248274558896e-05 7.112147040386748232e-05
3.000000000000000000e+01 6.848058226887589412e-04 -9.265620201151377258e-03 6.573139675761344213e-05 6.852497971935632491e-05
3.100000000000000000e+01 -1.969386543777857431e-03 -1.434343982443452188e-02 6.318975093042647755e-05 6.500354716735135940e-05
3.200000000000000000e+01 -4.368645843413375592e-03 -1.865373674108519036e-02 6.086741630768646277e-05 6.120936346664977918e-05
3.300000000000000000e+01 -5.262183854216913488e-03 -2.208440935674020611e-02 5.875084689360338027e-05 5.770855794302538267e-05
3.400000000000000000e+01 -5.253933008527223759e-03 -2.475150994372460680e-02 5.681285466229819917e-05 5.477962756441451616e-05
3.500000000000000000e+01 -6.369829956596956624e-03 -2.688355275552949120e-02 5.504033050979229952e-05 5.242587142554732961e-05
3.600000000000000000e+01 -7.144664275914531029e-03 -2.854821473230376508e-02 5.341127560555151082e-05 5.051919436797312768e-05
3.700000000000000000e+01 -6.952639977944957694e-03 -2.973464732077189809e-02 5.191789525389957545e-05 4.890958590398429410e-05
3.800000000000000000e+01 -7.304165646053779534e-03 -3.042109996196405014e-02 5.055493984495385349e-05 4.749325748351966131e-05
3.900000000000000000e+01 -8.089092765549150965e-03 -3.041271652929947861e-02 4.931323947155667308e-05 4.621833749075630594e-05
4.000000000000000000e+01 -8.620334368455414079e-03 -2.967218955894387195e-02 4.817561467702094436e-05 4.505196892778822219e-05
4.100000000000000000e+01 -8.822512685569144225e-03 -2.817960660135586728e-02 4.711578530990763008e-05 4.395798089538597913e-05
4.200000000000000000e+01 -8.222986341018994130e-03 -2.604374672838985147e-02 4.608503661154594492e-05 4.287837683493285154e-05
4.300000000000000000e+01 -8.585470382121054844e-03 -2.354365942527027883e-02 4.500521745095530010e-05 4.173562615714083253e-05
4.400000000000000000e+01 -8.525476821458710663e-03 -2.086256144227659551e-02 4.377806505499877535e-05 4.045306536048460996e-05
4.500000000000000000e+01 -8.343410399279296147e-03 -1.831946260588974973e-02 4.233640744836604443e-05 3.897585837075912723e-05
4.600000000000000000e+01 -8.141863345409929009e-03 -1.608882031447512323e-02 4.068938400379449753e-05 3.732005707972466991e-05
4.700000000000000000e+01 -7.233912629508947034e-03 -1.421245736407669193e-02 3.895359599871429370e-05 3.559862551309230509e-05
