# freqs 	 pli 	 dpli 	 meanpower(thalamus)	 meanpower(scalp)	pli
8.000000000000000000e+00 -4.668877586088390763e-02 -1.023771183193153828e-01 2.595472158734688067e-05 8.604034810639319439e-05
9.000000000000000000e+00 -4.121437797136497105e-02 -8.488878446665125421e-02 2.569000441293751047e-05 8.127887476072249311e-05
1.000000000000000000e+01 -1.958697040664253777e-02 -3.323609482374158958e-02 2.654928008305811147e-05 7.986471793756410079e-05
1.100000000000000000e+01 -1.261397028533765494e-02 -7.874999511142882075e-03 2.712267085534606569e-05 8.059192401072686146e-05
1.200000000000000000e+01 -2.212948218109933585e-02 -5.264298355569060200e-02 2.693554872733292896e-05 8.069557702700294697e-05
1.300000000000000000e+01 -2.756866001454864878e-02 -7.339701800307571466e-02 2.681290998704112036e-05 7.939796411681285953e-05
1.400000000000000000e+01 -2.345363477306254205e-02 -5.313271154591085732e-02 2.699482321749017047e-05 7.743540860115451826e-05
1.500000000000000000e+01 -1.696897767655008646e-02 -3.765310675355319076e-02 2.697461715176871470e-05 7.455649197000869947e-05
1.600000000000000000e+01 -1.424166763840397330e-02 -3.201998642293028829e-02 2.686169009258386562e-05 7.104119139223821213e-05
1.700000000000000000e+01 -1.235039950618977388e-02 -2.966454597610022545e-02 2.682099005048525973e-05 6.728204239018893110e-05
1.800000000000000000e+01 -1.338376067130536522e-02 -2.747976407848820232e-02 2.685970732842999034e-05 6.409253468529339142e-05
1.900000000000000000e+01 -1.337026964248521320e-02 -2.557546616244213075e-02 2.706664018726325906e-05 6.174852620470995155e-05
2.000000000000000000e+01 -1.656929183054121554e-02 -2.737214629167791444e-02 2.749608454398650581e-05 5.981098404379231150e-05
2.100000000000000000e+01 -1.841544398367984947e-02 -3.114459101633733351e-02 2.815908039090566256e-05 5.782102959098072185e-05
2.200000000000000000e+01 -1.664211609634792116e-02 -3.130371071033656583e-02 2.909712981116199535e-05 5.574905127581348109e-05
2.300000000000000000e+01 -9.434843370975025054e-03 -1.866942968688746832e-02 3.068944872643855170e-05 5.386175869307921184e-05
2.400000000000000000e+01 6.246920878904325611e-03 2.030048308094177176e-02 3.377495811659457254e-05 5.237124093457544259e-05
2.500000000000000000e+01 3.124108453212909656e-02 8.802698864206136287e-02 3.876648668114005778e-05 5.130420449193194153e-05
2.600000000000000000e+01 5.797398191498931430e-02 1.627953935793985396e-01 4.451021752476354764e-05 5.041910276249896960e-05
2.700000000000000000e+01 7.791454611026921162e-02 2.183145677131859974e-01 4.895533529313911367e-05 4.938818237218909593e-05
2.800000000000000000e+01 8.643261278316251295e-02 2.412225055390933015e-01 5.063772120835812677e-05 4.803903348722494775e-05
2.900000000000000000e+01 8.148292813292594416e-02 2.315018602873560594e-01 4.942070160206269976e-05 4.641953868088534311e-05
3.000000000000000000e+01 6.926669824484163462e-02 1.975715581772359009e-01 4.618885321111602216e-05 4.472220029827220016e-05
3.100000000000000000e+01 5.515513586432838761e-02 1.514615195338022691e-01 4.217606334345467862e-05 4.310874456195365115e-05
3.200000000000000000e+01 4.005303290489620888e-02 1.041973017785167155e-01 3.838754874795900264e-05 4.168943523075231038e-05
3.300000000000000000e+01 2.350199511306497180e-02 6.297294278615273022e-02 3.538255035581388121e-05 4.047950055965701395e-05
3.400000000000000000e+01 1.039091169908920066e-02 3.114311499836339842e-02 3.330823955971927062e-05 3.947354375549012412e-05
3.500000000000000000e+01 1.691386603019146570e-03 8.861719226898564714e-03 3.203570221036914452e-05 3.865041729743794874e-05
3.600000000000000000e+01 -5.149408199145847666e-03 -5.178079840726771549e-03 3.132670738258701347e-05 3.797207560031286327e-05
3.700000000000000000e+01 -8.459981862292150975e-03 -1.288446673270961067e-02 3.097581104402320849e-05 3.739361191399465984e-05
3.800000000000000000e+01 -1.042572048793228255e-02 -1.627394278152208967e-02 3.085943450878145050e-05 3.687716152486702174e-05
3.900000000000000000e+01 -8.928670820877693606e-03 -1.723499078808109555e-02 3.088731741135062551e-05 3.639733469354775589e-05
4.000000000000000000e+01 -8.546569427069017691e-03 -1.722029474597466803e-02 3.099736620150411292e-05 3.593485764739490776e-05
4.100000000000000000e+01 -9.096101169400863662e-03 -1.704927851711677059e-02 3.113140814957130045e-05 3.546097681191874156e-05
4.200000000000000000e+01 -8.109503557272993921e-03 -1.695421664986953084e-02 3.122369488374617495e-05 3.494299779566860419e-05
4.300000000000000000e+01 -7.832079932253835364e-03 -1.679865740407245761e-02 3.119430036247911053e-05 3.432596386968435158e-05
4.400000000000000000e+01 -7.811356134650209587e-03 -1.636086759266059537e-02 3.096602438577942818e-05 3.354791702778343041e-05
4.500000000000000000e+01 -6.653589522073460535e-03 -1.549429087930316064e-02 3.049719449620850938e-05 3.256752496107104798e-05
4.600000000000000000e+01 -6.466792298070065011e-03 -1.421526854172991579e-02 2.981428207359307280e-05 3.139750646050900646e-05
4.700000000000000000e+01 -6.973500697350069714e-03 -1.265699853755326842e-02 2.903759997140437907e-05 3.013222061847937251e-05
