# freqs 	 pli 	 dpli 	 meanpower(thalamus)	 meanpower(scalp)	pli
8.000000000000000000e+00 -5.128682393137850432e-02 -1.175424278568807102e-01 1.839578634758381475e-05 2.413709132037524191e-04
9.000000000000000000e+00 -6.800486708448257034e-02 -1.440356899677052438e-01 1.833733267248179711e-05 2.393256027103957009e-04
1.000000000000000000e+01 -6.101099791873111633e-02 -1.232985638729606342e-01 1.804596440090504552e-05 2.325503297435466371e-04
1.100000000000000000e+01 -4.624211949256701315e-02 -7.476743954815635862e-02 1.812468305779603916e-05 2.356970220063962069e-04
1.200000000000000000e+01 -4.086755519798177666e-02 -6.531227280073380326e-02 1.865473170044904487e-05 2.575457974890978997e-04
1.300000000000000000e+01 -5.128933911062329154e-02 -8.690405864187995821e-02 1.959497735596338872e-05 2.894410462924983541e-04
1.400000000000000000e+01 -5.798030944669584075e-02 -1.036252189258618506e-01 2.091376507698647610e-05 3.196678265736246916e-04
1.500000000000000000e+01 -5.065743798798569980e-02 -8.926772942597033245e-02 2.241840384562935291e-05 3.386967787326300677e-04
1.600000000000000000e+01 -2.893662228913739323e-02 -4.613392256551014647e-02 2.383494179035423557e-05 3.446869351919694098e-04
1.700000000000000000e+01 -7.721062941426285776e-03 1.193218476365467918e-03 2.505247679375337762e-05 3.406594430491520454e-04
1.800000000000000000e+01 8.677373670685979354e-03 2.962002826766367558e-02 2.617245744739416936e-05 3.296278628474802940e-04
1.900000000000000000e+01 1.230621869357945500e-02 3.155659563545047674e-02 2.732324138938821688e-05 3.137557525121375981e-04
2.000000000000000000e+01 6.761711722286810333e-03 1.536715849074452196e-02 2.854830688914688887e-05 2.946914406019725784e-04
2.100000000000000000e+01 1.136423275105759718e-04 -3.768411680452641113e-04 2.967209047892987661e-05 2.741846985011963528e-04
2.200000000000000000e+01 -1.422228232386974238e-03 -2.335142332441957329e-03 3.026970402162975897e-05 2.528934595456085632e-04
2.300000000000000000e+01 1.235482401821306466e-03 5.359295271811582821e-03 3.003923946486439914e-05 2.302587293791789923e-04
2.400000000000000000e+01 2.719352230221465123e-03 8.652469084492481893e-03 2.915856663217042546e-05 2.062401288921907343e-04
2.500000000000000000e+01 -2.908947213990436317e-03 -1.531270954830346890e-03 2.819445783785177236e-05 1.827201913590375420e-04
2.600000000000000000e+01 -1.497616271494482502e-02 -2.387380661068677287e-02 2.768508435946344558e-05 1.622979719645916514e-04
2.700000000000000000e+01 -2.737044161160957778e-02 -5.101862073432730793e-02 2.782244747937614337e-05 1.465990370907956281e-04
2.800000000000000000e+01 -4.010448548589504170e-02 -7.705377559654916220e-02 2.842865860739450190e-05 1.354302696224330457e-04
2.900000000000000000e+01 -4.991075829858364343e-02 -9.937759179916605401e-02 2.915277848785396866e-05 1.277892546164404320e-04
3.000000000000000000e+01 -5.816394744879964385e-02 -1.171459763194979686e-01 2.967780387365440730e-05 1.224831510586851455e-04
3.100000000000000000e+01 -6.417812062902228387e-02 -1.298232396927780918e-01 2.983000941798828799e-05 1.186035989427866323e-04
3.200000000000000000e+01 -6.739922461817146604e-02 -1.370039526962091303e-01 2.957278458547212631e-05 1.154986358811501009e-04
3.300000000000000000e+01 -6.815272615446099636e-02 -1.387457701380104824e-01 2.895980951646426671e-05 1.127856527667829404e-04
3.400000000000000000e+01 -6.784408330445713953e-02 -1.359115176824950977e-01 2.809358629568908480e-05 1.103481303566914188e-04
3.500000000000000000e+01 -6.489018882754266082e-02 -1.294861967231280830e-01 2.709435621853355065e-05 1.080959192176332318e-04
3.600000000000000000e+01 -5.991000336529722636e-02 -1.208802039900210290e-01 2.607541842359050124e-05 1.060596204521731684e-04
3.700000000000000000e+01 -5.458372596081094430e-02 -1.114422702993836944e-01 2.512328647606409599e-05 1.041987648245869442e-04
3.800000000000000000e+01 -5.001333077906502250e-02 -1.022163305683521095e-01 2.428858679130706119e-05 1.024488714652856418e-04
3.900000000000000000e+01 -4.711851635782494246e-02 -9.369655405241801571e-02 2.358776988718845494e-05 1.006126499228622914e-04
4.000000000000000000e+01 -4.406515300082813197e-02 -8.600254574019740306e-02 2.301049302166165825e-05 9.862938461960566231e-05
4.100000000000000000e+01 -4.217003487181358173e-02 -7.908571261337489500e-02 2.252516657114532703e-05 9.646704899823381149e-05
4.200000000000000000e+01 -3.917896464070981521e-02 -7.282392720653023399e-02 2.208207474479900338e-05 9.410642035762717536e-05
4.300000000000000000e+01 -3.641747398684146153e-02 -6.717715465852762413e-02 2.161980597559025772e-05 9.145707178874808456e-05
4.400000000000000000e+01 -3.419536327774375800e-02 -6.205935138154903413e-02 2.107696682924414605e-05 8.850521832839550391e-05
4.500000000000000000e+01 -3.195646836752353420e-02 -5.742164364639487650e-02 2.041713140243037736e-05 8.514632260310070109e-05
4.600000000000000000e+01 -2.939444374604641835e-02 -5.315073499039021931e-02 1.964973858967875397e-05 8.144117177911391816e-05
4.700000000000000000e+01 -2.753123452477956173e-02 -4.905442979356128969e-02 1.884244511873500583e-05 7.763744615176063893e-05
