# freqs 	 pli 	 dpli 	 meanpower(thalamus)	 meanpower(scalp)	pli
8.000000000000000000e+00 2.722500843532407039e-02 2.411396173783336011e-02 7.078092655725601984e-05 1.069486623210184981e-04
9.000000000000000000e+00 1.967917343263770463e-02 -8.465210065856692417e-03 6.424980998463310461e-05 1.087383403584460726e-04
1.000000000000000000e+01 1.019297736506094045e-02 -2.965292163010897070e-02 5.960429278286305185e-05 1.031529692995176214e-04
1.100000000000000000e+01 -1.357105553077694263e-03 -2.981179681161091541e-02 5.619632442969257875e-05 9.300374055636285921e-05
1.200000000000000000e+01 -5.362159939697115282e-03 -2.400059958893204989e-02 5.332680188447141235e-05 8.312044263494894781e-05
1.300000000000000000e+01 -3.694386927612452586e-03 -1.316397006568236286e-02 5.113530944660438552e-05 7.465852952398579199e-05
1.400000000000000000e+01 -7.365238921512481420e-03 -1.419693960309956551e-02 4.928352998524913002e-05 6.872871946708121796e-05
1.500000000000000000e+01 -1.666827997092256222e-02 -2.464466622765142459e-02 4.821042371563881597e-05 6.467605620686423830e-05
1.600000000000000000e+01 -1.832523040480505197e-02 -2.799623010047306432e-02 4.764140595675042726e-05 6.151764520840117937e-05
1.700000000000000000e+01 -1.422304855964270399e-02 -2.281368481731705158e-02 4.734674576744292104e-05 5.897774624061870454e-05
1.800000000000000000e+01 -9.119657982044815023e-03 -1.653557564998380663e-02 4.718670178235673973e-05 5.693331610414220244e-05
1.900000000000000000e+01 -2.593601566005266593e-03 -1.345934670957063886e-02 4.707697235688707997e-05 5.528510251298363997e-05
2.000000000000000000e+01 -6.935186753320232234e-04 -1.389672943306683589e-02 4.693332999585134998e-05 5.399946663337332875e-05
2.100000000000000000e+01 -2.275353739013332658e-03 -1.608076380181473752e-02 4.675267179256226873e-05 5.299394531620612436e-05
2.200000000000000000e+01 -6.595845855545586986e-03 -1.742044710268233348e-02 4.652100534106377692e-05 5.228023883029319632e-05
2.300000000000000000e+01 -8.288002903163615986e-03 -1.739630634548172683e-02 4.627828677315505421e-05 5.161354900819054139e-05
2.400000000000000000e+01 -7.783472284546893473e-03 -1.670690006491827237e-02 4.600113069444677650e-05 5.081800418758655714e-05
2.500000000000000000e+01 -6.130925286194841006e-03 -1.520880405611844954e-02 4.568442349806565474e-05 4.986401548902968467e-05
2.600000000000000000e+01 -5.009724871121853593e-03 -1.255998832131811904e-02 4.539030032886356205e-05 4.883672800348624811e-05
2.700000000000000000e+01 -3.823469172984844677e-03 -9.469236452333155973e-03 4.511375400501565727e-05 4.788575119599899991e-05
2.800000000000000000e+01 -2.584559638784436099e-03 -7.198469872819779868e-03 4.485142465188051477e-05 4.707159605784005897e-05
2.900000000000000000e+01 -1.487734445533542022e-03 -6.159365427876192789e-03 4.462032617191077270e-05 4.636547625514169518e-05
3.000000000000000000e+01 -2.245020393840720530e-04 -5.570835621144003963e-03 4.442414116530497733e-05 4.574786727410194129e-05
3.100000000000000000e+01 -1.867272744419400696e-04 -4.229721091159041775e-03 4.424107859555225891e-05 4.518696995769748474e-05
3.200000000000000000e+01 9.277627341092346087e-04 -1.495245482613167826e-03 4.407712223105678345e-05 4.468007281116605819e-05
3.300000000000000000e+01 3.234537430979722832e-03 2.293050450901017948e-03 4.392730904839181898e-05 4.422937799093666639e-05
3.400000000000000000e+01 5.769167330358111051e-03 6.147959425378098780e-03 4.378329232158080470e-05 4.381646052656852836e-05
3.500000000000000000e+01 7.170799606826442664e-03 8.949567285671214401e-03 4.363939143926239906e-05 4.344774644875264792e-05
3.600000000000000000e+01 7.528970990375355790e-03 1.011493605148757260e-02 4.348053880680840508e-05 4.312006309740140230e-05
3.700000000000000000e+01 3.910077636240295341e-03 9.547558053252767907e-03 4.331031167988028650e-05 4.282093235482829118e-05
3.800000000000000000e+01 1.096443716831164636e-03 7.376521372102872419e-03 4.312845898871780576e-05 4.251744841192910205e-05
3.900000000000000000e+01 -9.456157898999944991e-04 3.789411142784627779e-03 4.294150886689338025e-05 4.219877131084673333e-05
4.000000000000000000e+01 -2.547390408062749460e-03 -8.937948995497089740e-04 4.275081991680159695e-05 4.186404397472981355e-05
4.100000000000000000e+01 -4.723163841807909678e-03 -6.103464143372819978e-03 4.254097967436019944e-05 4.149403354873125671e-05
4.200000000000000000e+01 -5.678217994236105064e-03 -1.116857850266041521e-02 4.226838580412147449e-05 4.104394103533685320e-05
4.300000000000000000e+01 -7.030219493112418831e-03 -1.554312360523645714e-02 4.185150466676015326e-05 4.045633699182889893e-05
4.400000000000000000e+01 -8.387792796100381615e-03 -1.887956691943432422e-02 4.119241597130903501e-05 3.965314092715804681e-05
4.500000000000000000e+01 -9.048491745475048531e-03 -2.119385238885438533e-02 4.023784093867644265e-05 3.858212274675982964e-05
4.600000000000000000e+01 -1.009867145530043801e-02 -2.264598745749045461e-02 3.902736241435560339e-05 3.727097942625007119e-05
4.700000000000000000e+01 -1.155136475492756290e-02 -2.342567356521503899e-02 3.770994167625016141e-05 3.585530929487995843e-05
