# freqs 	 pli 	 dpli 	 meanpower(thalamus)	 meanpower(scalp)	pli
8.000000000000000000e+00 -4.427708580417460266e-02 -1.051127839668077185e-01 1.997814831503505215e-05 2.361783034994749831e-04
9.000000000000000000e+00 -5.265751952280042086e-02 -1.181336458869917116e-01 1.989229535194389611e-05 2.099798479475667933e-04
1.000000000000000000e+01 -3.844291819937314253e-02 -8.116309535802131159e-02 2.002218106769782508e-05 1.866036021091172870e-04
1.100000000000000000e+01 -3.130016581375037743e-02 -4.501958134617322499e-02 2.068123233839889373e-05 1.779346341265860469e-04
1.200000000000000000e+01 -3.028012204023683429e-02 -3.878012309933226431e-02 2.142449126304582765e-05 1.879675250231803787e-04
1.300000000000000000e+01 -3.209157347532830273e-02 -4.591947752140954769e-02 2.256306409404576900e-05 2.096511997622250067e-04
1.400000000000000000e+01 -3.768290052883871422e-02 -5.275289474375258192e-02 2.416217930267024549e-05 2.330811972798181597e-04
1.500000000000000000e+01 -2.820549487379558559e-02 -4.001864564331865382e-02 2.578249022237531559e-05 2.498173951832826875e-04
1.600000000000000000e+01 -7.046695701945321702e-03 -5.286201199664494928e-03 2.713731955470944661e-05 2.584777226111109887e-04
1.700000000000000000e+01 1.732506425034230010e-02 3.676031129366575528e-02 2.824079621458015904e-05 2.610026717422741973e-04
1.800000000000000000e+01 3.798650388988384502e-02 7.138272430598502361e-02 2.929589995759973481e-05 2.585204422363057198e-04
1.900000000000000000e+01 4.999016104048614739e-02 8.801114363254027018e-02 3.066836031361479226e-05 2.509211080027873558e-04
2.000000000000000000e+01 4.837441091130166571e-02 8.270427925645414124e-02 3.286219627010007147e-05 2.379286154046000173e-04
2.100000000000000000e+01 4.147121905293544436e-02 6.441864656734226646e-02 3.602424991787017081e-05 2.214278735988404632e-04
2.200000000000000000e+01 3.276607985358238884e-02 4.745410592553977319e-02 3.919548415483710500e-05 2.043169399444264781e-04
2.300000000000000000e+01 2.430448477769782747e-02 3.661485660543950527e-02 4.090077037482266816e-05 1.888303379875995978e-04
2.400000000000000000e+01 1.723441585405645349e-02 2.858258884589808327e-02 4.062897098658465911e-05 1.757507866271872056e-04
2.500000000000000000e+01 1.395192155194564972e-02 2.146153373186138538e-02 3.912862964586168993e-05 1.651737678384956518e-04
2.600000000000000000e+01 1.427799964635547043e-02 1.800877082388433956e-02 3.751150183901068904e-05 1.566902549286391987e-04
2.700000000000000000e+01 1.706819952203530305e-02 2.078731187469178357e-02 3.642221861256193625e-05 1.502675518075071478e-04
2.800000000000000000e+01 2.299986208564177778e-02 2.908416282743301121e-02 3.585855681309639824e-05 1.450360186299450244e-04
2.900000000000000000e+01 2.973891983531121164e-02 3.930498241953483268e-02 3.547269459310923445e-05 1.408242621960060690e-04
3.000000000000000000e+01 3.417005630375790498e-02 4.837539306815716311e-02 3.490954328100797721e-05 1.372126293715450875e-04
3.100000000000000000e+01 3.561648522205822925e-02 5.436285341448208325e-02 3.399942259130552013e-05 1.344242441719345287e-04
3.200000000000000000e+01 3.511594979680200679e-02 5.682289061298290839e-02 3.276149466272585385e-05 1.320944654079379366e-04
3.300000000000000000e+01 3.381103698787273765e-02 5.601466742714649588e-02 3.132538235908698777e-05 1.298918215237222665e-04
3.400000000000000000e+01 3.103791559618305704e-02 5.236711814321609593e-02 2.984834242863929676e-05 1.281622050365428356e-04
3.500000000000000000e+01 2.727924314318396631e-02 4.666084404649250422e-02 2.846460296135814693e-05 1.264972005642484964e-04
3.600000000000000000e+01 2.277519557089427785e-02 3.964745112481254247e-02 2.726672291650636379e-05 1.250918561201269110e-04
3.700000000000000000e+01 1.818704722965822779e-02 3.223968517114952220e-02 2.629818231003227581e-05 1.238754552314442722e-04
3.800000000000000000e+01 1.433019669268571945e-02 2.546794950576027408e-02 2.556043468915083374e-05 1.229012663275230721e-04
3.900000000000000000e+01 1.117653949303736363e-02 1.990165367215004921e-02 2.502221284173962345e-05 1.216200111460740991e-04
4.000000000000000000e+01 7.490248251191094532e-03 1.585708431874049279e-02 2.463416234843692816e-05 1.201378821828308466e-04
4.100000000000000000e+01 5.459511855410575064e-03 1.317520313986461286e-02 2.433582229797042097e-05 1.183987977814793062e-04
4.200000000000000000e+01 3.905349231821962468e-03 1.141460772282235255e-02 2.405938650343056998e-05 1.163565953431751847e-04
4.300000000000000000e+01 3.118220939772944466e-03 1.012736428631656922e-02 2.372917745624903205e-05 1.137040611248054880e-04
4.400000000000000000e+01 2.736983566614425208e-03 8.926124582627632462e-03 2.327487203604886821e-05 1.107224531462965971e-04
4.500000000000000000e+01 2.523949449900655950e-03 7.641131723239089936e-03 2.265577064077145834e-05 1.070987596292428327e-04
4.600000000000000000e+01 2.016843526653664623e-03 6.251562790158248298e-03 2.188503112061044724e-05 1.029005381978938244e-04
4.700000000000000000e+01 2.042577363797206617e-03 4.825417600966525923e-03 2.104247929945503382e-05 9.844680351098620739e-05
