# freqs 	 pli 	 dpli 	 meanpower(thalamus)	 meanpower(scalp)	pli
8.000000000000000000e+00 -8.858150769210590414e-02 -2.228406875502028650e-01 5.855836806489087974e-05 2.371009097532421578e-04
9.000000000000000000e+00 -8.624491681184756620e-02 -2.037339929440831754e-01 5.688625361366982314e-05 2.408839111784808157e-04
1.000000000000000000e+01 -5.157777517496343195e-02 -1.128458895649981780e-01 5.411707489535015229e-05 1.918229668941351179e-04
1.100000000000000000e+01 -1.874612434226106961e-02 -1.872285509600334075e-02 5.204034122937310276e-05 1.517751666199805246e-04
1.200000000000000000e+01 -4.572927110388542125e-03 1.525260136671706922e-02 5.074094524811080086e-05 1.240514409040183684e-04
1.300000000000000000e+01 -1.033331159522485505e-02 -5.598628779017742266e-03 4.985695988339828249e-05 1.043174019597660474e-04
1.400000000000000000e+01 -1.506467270243114047e-02 -2.406154282829504887e-02 4.922843078040814766e-05 9.199914305824286205e-05
1.500000000000000000e+01 -1.458899094169457261e-02 -3.051765160814338615e-02 4.882862304318677944e-05 8.525485885333338940e-05
1.600000000000000000e+01 -1.493208170167749718e-02 -3.122953962936395045e-02 4.858975635213069830e-05 8.223659151314146351e-05
1.700000000000000000e+01 -1.232356933488911420e-02 -2.533683181736636619e-02 4.840759606871723129e-05 8.064390386731892931e-05
1.800000000000000000e+01 -1.049731644535146363e-02 -1.596451997139303539e-02 4.830771009636262769e-05 7.776613713572615584e-05
1.900000000000000000e+01 -6.800730791377557725e-03 -8.986286255142294024e-03 4.834872679774218700e-05 7.318050719163810849e-05
2.000000000000000000e+01 -6.119619248484558204e-03 -7.995735426580871663e-03 4.853759726647064891e-05 6.847841084299965302e-05
2.100000000000000000e+01 -7.244707536517406427e-03 -1.388965104175517336e-02 4.879938884187234096e-05 6.492676369720060678e-05
2.200000000000000000e+01 -1.207419862814800189e-02 -2.464960682506910084e-02 4.899954338878086710e-05 6.269836684779387043e-05
2.300000000000000000e+01 -1.621351273804796933e-02 -3.601894635095448383e-02 4.905666392540939329e-05 6.131428777562742728e-05
2.400000000000000000e+01 -1.860346093477351428e-02 -4.371554115886291947e-02 4.895099347802784841e-05 6.012684401306103330e-05
2.500000000000000000e+01 -1.974785532495701088e-02 -4.531355875609861111e-02 4.868140934477008626e-05 5.873571459556697720e-05
2.600000000000000000e+01 -1.789197766862737210e-02 -4.144157315752725057e-02 4.827498548887199092e-05 5.709267603636274910e-05
2.700000000000000000e+01 -1.470352144096839786e-02 -3.466755341922560935e-02 4.778547078196719973e-05 5.537149818880014523e-05
2.800000000000000000e+01 -1.183646212605058909e-02 -2.740031245582943628e-02 4.727063163460952446e-05 5.373001775816092437e-05
2.900000000000000000e+01 -8.898669134237095074e-03 -2.071917895279363694e-02 4.677732739548409854e-05 5.227611911347616143e-05
3.000000000000000000e+01 -7.142414403554930499e-03 -1.490577801172815117e-02 4.631840033071360615e-05 5.102966769156143899e-05
3.100000000000000000e+01 -4.242168945665717762e-03 -1.012012628983877637e-02 4.590579480727177778e-05 5.000057941848981373e-05
3.200000000000000000e+01 -2.773428646396178861e-03 -6.412658020449162229e-03 4.553760224404960067e-05 4.915433457667860184e-05
3.300000000000000000e+01 -1.611206650188265000e-03 -3.822699590187320171e-03 4.520387154595176916e-05 4.844374975594516446e-05
3.400000000000000000e+01 -9.869587949956596003e-04 -2.506371381037724236e-03 4.489854897197303286e-05 4.785060794990256240e-05
3.500000000000000000e+01 -1.572209792443916452e-03 -2.315028761765980814e-03 4.461275430624332721e-05 4.732355481593071350e-05
3.600000000000000000e+01 -2.247896522665549391e-03 -3.096732467585743172e-03 4.434149239786267172e-05 4.684874191644391225e-05
3.700000000000000000e+01 -3.045541878719581607e-03 -4.598886643845051872e-03 4.407565227964672564e-05 4.641387602845277921e-05
3.800000000000000000e+01 -2.924491772502809533e-03 -6.601304281400243064e-03 4.381340875988459863e-05 4.602339914282992220e-05
3.900000000000000000e+01 -2.995433517533850881e-03 -8.863252535729509649e-03 4.355211251707419556e-05 4.565555415744101367e-05
4.000000000000000000e+01 -3.090836095101365602e-03 -1.122223202135262665e-02 4.328865116334673657e-05 4.532182075510479864e-05
4.100000000000000000e+01 -4.124324246021974019e-03 -1.352157057139681366e-02 4.300683442438439370e-05 4.500479807567473768e-05
4.200000000000000000e+01 -4.991512654405812557e-03 -1.565248753534576737e-02 4.266084466304903962e-05 4.465202236073639625e-05
4.300000000000000000e+01 -5.955859856267666994e-03 -1.758602285385910818e-02 4.217411499990874506e-05 4.416466082386643157e-05
4.400000000000000000e+01 -6.018733573076815238e-03 -1.936351072779608426e-02 4.146125099113442622e-05 4.347144083692705948e-05
4.500000000000000000e+01 -5.953341624498812053e-03 -2.110470511231059970e-02 4.046642038768004520e-05 4.249033086215124952e-05
4.600000000000000000e+01 -6.177259104280637125e-03 -2.295232314545810406e-02 3.921828910648420501e-05 4.123876071119352086e-05
4.700000000000000000e+01 -6.437428395314010940e-03 -2.496121772709599881e-02 3.785790381257687724e-05 3.984796122365636155e-05
