# freqs 	 pli 	 dpli 	 meanpower(thalamus)	 meanpower(scalp)	pli
8.000000000000000000e+00 1.298249200854264054e-02 3.314754264130231193e-02 1.277749435498174747e-04 3.544461480041801067e-04
9.000000000000000000e+00 -1.760552907170109121e-02 4.681686705517452279e-02 1.322585909158801719e-04 4.404853578043809131e-04
1.000000000000000000e+01 -9.199655491403234409e-02 -1.252846398666280225e-01 1.417367583359170917e-04 3.887099818430856703e-04
1.100000000000000000e+01 -1.423061626057104678e-01 -2.921181823350378348e-01 1.627505728849348290e-04 3.639918248657186221e-04
1.200000000000000000e+01 -1.602127181484533092e-01 -3.095221955957671023e-01 1.844421801699709499e-04 3.872440499691774717e-04
1.300000000000000000e+01 -1.484998799495277078e-01 -2.949686852882696941e-01 1.927351636175666562e-04 3.997751808393923975e-04
1.400000000000000000e+01 -1.284293028253586932e-01 -2.643072804324190228e-01 1.868220427686488735e-04 3.956251118671219374e-04
1.500000000000000000e+01 -1.020425561790709451e-01 -2.202333060931104536e-01 1.765697337678991531e-04 3.837780669191471821e-04
1.600000000000000000e+01 -8.247356042939751886e-02 -1.814712066490702935e-01 1.705413750512719867e-04 3.688867318193754627e-04
1.700000000000000000e+01 -6.565354944745790955e-02 -1.369879198315877844e-01 1.709739007896279926e-04 3.501680824461818114e-04
1.800000000000000000e+01 -4.482436412775569340e-02 -9.654978200769863406e-02 1.758781780523415870e-04 3.265637430499154716e-04
1.900000000000000000e+01 -3.157222618922864155e-02 -7.303823785845175998e-02 1.854594782818293577e-04 3.002723912611855880e-04
2.000000000000000000e+01 -2.640594503509558974e-02 -6.302001921541038054e-02 2.111608977579365447e-04 2.745380251603708093e-04
2.100000000000000000e+01 -2.383645629581035083e-02 -5.902370742178583013e-02 2.649935690365943630e-04 2.519686150014366962e-04
2.200000000000000000e+01 -2.629897427274256044e-02 -5.629818207902115290e-02 3.274670398124397089e-04 2.325172153406709777e-04
2.300000000000000000e+01 -2.939136009798714796e-02 -5.377733468606882977e-02 3.617288506386925309e-04 2.152690952946456843e-04
2.400000000000000000e+01 -2.743909702072106979e-02 -5.283760225270407035e-02 3.528361013656547830e-04 1.999775637079999834e-04
2.500000000000000000e+01 -2.063782747725094804e-02 -5.273639368764826418e-02 3.127353266333329231e-04 1.866995914768863451e-04
2.600000000000000000e+01 -2.084309022702221861e-02 -5.050584820802486025e-02 2.620968349161084373e-04 1.754841547112525192e-04
2.700000000000000000e+01 -1.972217054555644791e-02 -4.443047627913251224e-02 2.162524097270952176e-04 1.660322079100977604e-04
2.800000000000000000e+01 -1.982799304083228409e-02 -3.559812053025848688e-02 1.814979475479535124e-04 1.580276387480312843e-04
2.900000000000000000e+01 -2.110307147421867230e-02 -2.512203811733109901e-02 1.572065658933968790e-04 1.511541210933773738e-04
3.000000000000000000e+01 -1.741813337073136458e-02 -1.497978602792941066e-02 1.401664075606769112e-04 1.450491814428582287e-04
3.100000000000000000e+01 -1.390490971246408428e-02 -7.869400350259736499e-03 1.277685688742674088e-04 1.393674461248678648e-04
3.200000000000000000e+01 -1.323520187341878027e-02 -5.709143956446009922e-03 1.184271097889083888e-04 1.339663420476272125e-04
3.300000000000000000e+01 -1.294333232817610271e-02 -8.206470067993304127e-03 1.111821272545348790e-04 1.287860420350416359e-04
3.400000000000000000e+01 -1.842405856482873250e-02 -1.213167253834679556e-02 1.054226682313657437e-04 1.239422721787700144e-04
3.500000000000000000e+01 -2.066625112542419887e-02 -1.512710093398588265e-02 1.007036608319990544e-04 1.193212135212121772e-04
3.600000000000000000e+01 -1.668014999919330624e-02 -1.538756891753318042e-02 9.675564272858119071e-05 1.149280017184216778e-04
3.700000000000000000e+01 -1.297792831765550575e-02 -1.333339209649327638e-02 9.342377142978671182e-05 1.107841077121705242e-04
3.800000000000000000e+01 -9.648440814716451736e-03 -1.043835502240590164e-02 9.059207060481560300e-05 1.069838166585996474e-04
3.900000000000000000e+01 -7.106877919223372059e-03 -8.504042569610978028e-03 8.814991873600704357e-05 1.035218505610261254e-04
4.000000000000000000e+01 -7.039967817289978155e-03 -8.778684926748523548e-03 8.602878486239466389e-05 1.004147057337216023e-04
4.100000000000000000e+01 -6.726754135767256532e-03 -1.173157595862929503e-02 8.415402478797628547e-05 9.757357194110920131e-05
4.200000000000000000e+01 -8.863224792428332430e-03 -1.698888075063766101e-02 8.240213219189534391e-05 9.484655722091691601e-05
4.300000000000000000e+01 -9.742485848680539420e-03 -2.365803564011504170e-02 8.059454274998459843e-05 9.200433074084739748e-05
4.400000000000000000e+01 -1.304778883411253192e-02 -3.065151594078360797e-02 7.852206666238618720e-05 8.895670609458009666e-05
4.500000000000000000e+01 -1.670676896536069447e-02 -3.712621142133518820e-02 7.598476117046552088e-05 8.547126442531186930e-05
4.600000000000000000e+01 -1.944149876281371647e-02 -4.253068076633278322e-02 7.291685743167685221e-05 8.153542757008731151e-05
4.700000000000000000e+01 -2.335123202402978465e-02 -4.666589321385515576e-02 6.944790230212114998e-05 7.734463593988024743e-05
