# freqs 	 pli 	 dpli 	 meanpower(thalamus)	 meanpower(scalp)	pli
8.000000000000000000e+00 -8.906919944334953931e-02 -2.559362884706790631e-01 3.615585184054738861e-05 1.526740313098366361e-04
9.000000000000000000e+00 -8.711487425279028363e-02 -2.182791431481050648e-01 3.354574635036086601e-05 1.290281138341492994e-04
1.000000000000000000e+01 -7.574334144324268436e-02 -1.765204061153993198e-01 3.200948527595335078e-05 1.185235890445025364e-04
1.100000000000000000e+01 -6.830574162970534657e-02 -1.730398976720870785e-01 3.128605759391254754e-05 1.180347568609188969e-04
1.200000000000000000e+01 -6.950712257217815659e-02 -1.842604158826450234e-01 3.106386181754195613e-05 1.176150415679454880e-04
1.300000000000000000e+01 -6.387130143216393496e-02 -1.720789971434780741e-01 3.086400537529329039e-05 1.101024393146699665e-04
1.400000000000000000e+01 -5.942220676071890972e-02 -1.520222653028726889e-01 3.069698753019967579e-05 1.004494226580209139e-04
1.500000000000000000e+01 -5.324297934565772744e-02 -1.285146310071477171e-01 3.062219547185989583e-05 9.105022159143529568e-05
1.600000000000000000e+01 -3.821718771359525896e-02 -8.969718566460746501e-02 3.059287369821998110e-05 8.253631858232617991e-05
1.700000000000000000e+01 -2.645296343581426957e-02 -5.549232679673055113e-02 3.057855126775323179e-05 7.568141989783530219e-05
1.800000000000000000e+01 -2.308606833796312055e-02 -4.130054868695971770e-02 3.062793502735150128e-05 7.100934332253616916e-05
1.900000000000000000e+01 -1.827164869720707824e-02 -3.983293977552506554e-02 3.083525713658123881e-05 6.837900632933385716e-05
2.000000000000000000e+01 -2.107175110399790371e-02 -4.145318758455594083e-02 3.115906145970469374e-05 6.723690716861003874e-05
2.100000000000000000e+01 -2.302462916820336575e-02 -4.204191613185152138e-02 3.148051888445423314e-05 6.677501599209151827e-05
2.200000000000000000e+01 -2.204323082703693246e-02 -4.091633049578547593e-02 3.172933897507203852e-05 6.622516260288890055e-05
2.300000000000000000e+01 -1.909898735490318800e-02 -3.751952065043172302e-02 3.193370153271056554e-05 6.519570610587128469e-05
2.400000000000000000e+01 -1.614170888491068753e-02 -3.245211558386914413e-02 3.220951886708159345e-05 6.368138131213298061e-05
2.500000000000000000e+01 -1.170507050091019845e-02 -2.855454498671334412e-02 3.264633918271871458e-05 6.198098140402273171e-05
2.600000000000000000e+01 -1.100770473139347019e-02 -2.770883462032945610e-02 3.319169929536035479e-05 6.042151901513799267e-05
2.700000000000000000e+01 -1.054869123176086984e-02 -2.780105858583824946e-02 3.369522115436463921e-05 5.915858047664845670e-05
2.800000000000000000e+01 -1.089442035450819551e-02 -2.555080573900814916e-02 3.400822417126799153e-05 5.817207191458596501e-05
2.900000000000000000e+01 -6.585350135497210905e-03 -1.993712350826945187e-02 3.410027227734892377e-05 5.738386211567080637e-05
3.000000000000000000e+01 -7.603822470950540383e-03 -1.252564708218720582e-02 3.403294456177965153e-05 5.674134233135546027e-05
3.100000000000000000e+01 -5.228257057331387077e-03 -5.886800483791504446e-03 3.387224301568056699e-05 5.626407479868293556e-05
3.200000000000000000e+01 -3.409083516040258520e-03 -1.575592880628043802e-03 3.367234573994727030e-05 5.590257943260499988e-05
3.300000000000000000e+01 -2.978510549838894218e-03 2.349179044836219928e-04 3.347458051614020228e-05 5.561489944531378810e-05
3.400000000000000000e+01 -3.302613647096922303e-03 3.513305120634833707e-04 3.331011430030425210e-05 5.540202370743320197e-05
3.500000000000000000e+01 -3.052421458350398908e-03 -2.578714921205277713e-04 3.318967965247121495e-05 5.523630636556874210e-05
3.600000000000000000e+01 -2.762588503456194985e-03 -7.787696678988813943e-04 3.311766843263965089e-05 5.511453815990470214e-05
3.700000000000000000e+01 -3.383725665704237148e-03 -8.063617470479873947e-04 3.309344388102010523e-05 5.502716284237339528e-05
3.800000000000000000e+01 -1.847822943212383898e-03 -3.069552056748223656e-04 3.312015850149490975e-05 5.500233135468932582e-05
3.900000000000000000e+01 -7.395702150529008837e-04 3.684468160143104603e-04 3.319139417911603221e-05 5.500532398074928469e-05
4.000000000000000000e+01 9.092525388861629485e-04 9.848852598264529017e-04 3.329013656273222720e-05 5.502822277532007806e-05
4.100000000000000000e+01 2.451022200994481658e-03 1.392844552969901058e-03 3.338420578001933761e-05 5.502451529806375448e-05
4.200000000000000000e+01 2.251778777503926545e-03 1.646027861582115108e-03 3.341913389234627940e-05 5.491693817013629811e-05
4.300000000000000000e+01 2.419957008109277496e-03 1.901977570432312938e-03 3.331892487952716679e-05 5.457232600527420012e-05
4.400000000000000000e+01 3.018088338595504867e-03 2.375314142411200785e-03 3.300636599256337255e-05 5.390000650083741411e-05
4.500000000000000000e+01 3.018497180967659021e-03 3.193164999734373049e-03 3.243697167673484746e-05 5.280918222372486072e-05
4.600000000000000000e+01 2.597284291408518461e-03 4.390999442041530580e-03 3.164215565458943701e-05 5.134391887821258653e-05
4.700000000000000000e+01 2.016153551269679774e-03 5.905761690204293715e-03 3.075014979948359023e-05 4.970457592384359242e-05
