# freqs 	 pli 	 dpli 	 meanpower(thalamus)	 meanpower(scalp)	pli
8.000000000000000000e+00 -7.522506840180426257e-02 -1.428280669192572017e-01 8.937302754909624980e+01 2.886384082732053002e+02
9.000000000000000000e+00 -3.366791648482799632e-02 -3.986057108449807956e-02 8.178064170379073516e+01 2.855517223352135829e+02
1.000000000000000000e+01 -9.409205071695889155e-03 -8.862735011526784792e-03 7.682045070105543516e+01 2.375613047700057052e+02
1.100000000000000000e+01 1.194395900915379413e-03 8.460004488796472183e-03 7.534077187402415632e+01 1.897386338118986657e+02
1.200000000000000000e+01 1.179033394179368130e-02 4.493590022530878636e-02 7.734735896927762155e+01 1.615527068399857740e+02
1.300000000000000000e+01 5.168388118032237084e-03 4.838901458627413443e-02 8.223524365874118303e+01 1.490919653158053961e+02
1.400000000000000000e+01 -6.764904534311488523e-05 3.249819409311318491e-02 8.933419857228695093e+01 1.444287199335459775e+02
1.500000000000000000e+01 5.923250796700822197e-03 4.328342298701159940e-02 9.507888389418633324e+01 1.419211611925759655e+02
1.600000000000000000e+01 4.163644004957611777e-03 5.955721305337952076e-02 9.504213729684857981e+01 1.389276016486888636e+02
1.700000000000000000e+01 1.844806335439264360e-04 6.018531403970621418e-02 8.951110553466381248e+01 1.353144123092956761e+02
1.800000000000000000e+01 -2.790020881086778017e-03 4.880142244349060937e-02 8.222744089889334873e+01 1.318664951242371615e+02
1.900000000000000000e+01 -5.648975862981651941e-03 3.235089548474919668e-02 7.609831911422887174e+01 1.291356517291125670e+02
2.000000000000000000e+01 -9.494946478957346642e-03 1.289140344988005948e-02 7.203572888483951431e+01 1.270295406759808259e+02
2.100000000000000000e+01 -1.152478443970304973e-02 -5.129833346328873007e-03 6.973235900771507545e+01 1.252750022049378629e+02
2.200000000000000000e+01 -1.288905003085300677e-02 -1.620466956791739854e-02 6.893928042474560414e+01 1.239804830818663248e+02
2.300000000000000000e+01 -9.747584386838632417e-03 -2.049418254104465667e-02 7.055997070300050211e+01 1.234823749103515951e+02
2.400000000000000000e+01 -1.128083619098564638e-02 -2.362534392619184548e-02 7.507982525519085470e+01 1.236997078231513427e+02
2.500000000000000000e+01 -1.437653840758076201e-02 -3.093742727562728834e-02 8.046722923094296220e+01 1.236777674440749024e+02
2.600000000000000000e+01 -2.168894592530189180e-02 -4.224514391604074909e-02 8.354370535174589918e+01 1.225581119733759152e+02
2.700000000000000000e+01 -2.449542711329791983e-02 -5.268052195892214407e-02 8.274017676140164212e+01 1.200739419183198464e+02
2.800000000000000000e+01 -2.369429347177245959e-02 -5.778607172014577076e-02 7.878349382679351720e+01 1.161315968921300055e+02
2.900000000000000000e+01 -2.176515358443232087e-02 -5.610228824794745439e-02 7.367675482108388962e+01 1.106228791086362122e+02
3.000000000000000000e+01 -1.878196168098026850e-02 -4.977660313082100246e-02 6.921484670440464981e+01 1.038631248192673127e+02
3.100000000000000000e+01 -1.472967156913670105e-02 -4.248197151416056166e-02 6.628532954477677208e+01 9.667130102592987839e+01
3.200000000000000000e+01 -1.370813757091420698e-02 -3.679279059667765750e-02 6.498245105681743894e+01 8.997487904259148195e+01
3.300000000000000000e+01 -1.188354286894732596e-02 -3.279479165086173625e-02 6.488591381806223524e+01 8.441967331384010720e+01
3.400000000000000000e+01 -8.737069380865701909e-03 -2.886488011526363792e-02 6.538979532968207309e+01 8.015304196799236536e+01
3.500000000000000000e+01 -5.339441198126775728e-03 -2.357759489887835402e-02 6.587268423173213705e+01 7.698844289855671263e+01
3.600000000000000000e+01 -2.502164520492558206e-03 -1.646917584363540021e-02 6.590980302890663722e+01 7.461730061867527297e+01
3.700000000000000000e+01 -4.195813815920705842e-04 -8.101217072546814876e-03 6.530944775866986163e+01 7.274340624097179386e+01
3.800000000000000000e+01 1.196842198233666072e-03 4.995242148412745416e-04 6.408456376785986208e+01 7.118510749979147079e+01
3.900000000000000000e+01 3.405202133644666049e-03 8.250814894940018338e-03 6.239942477760948236e+01 6.983366889958422519e+01
4.000000000000000000e+01 4.544736072791901588e-03 1.447887475963596446e-02 6.049710752592583418e+01 6.862941381381354233e+01
4.100000000000000000e+01 5.543176311906201741e-03 1.887242292102181765e-02 5.857885361276210290e+01 6.751584300260869043e+01
4.200000000000000000e+01 6.515806021215603781e-03 2.144196802902723076e-02 5.675673614024867675e+01 6.640399956466045239e+01
4.300000000000000000e+01 8.511076764554353219e-03 2.234975848081388258e-02 5.501803501411981756e+01 6.516446468323724162e+01
4.400000000000000000e+01 1.025994574448133717e-02 2.181850875786496904e-02 5.326764531784610313e+01 6.366428864417544276e+01
4.500000000000000000e+01 1.125432838469648048e-02 2.020909536359517464e-02 5.139348226748123949e+01 6.180603430584384483e+01
4.600000000000000000e+01 1.032137463432150105e-02 1.782696726424487857e-02 4.937231461585668768e+01 5.960005809182601411e+01
4.700000000000000000e+01 8.196223665836926270e-03 1.490795420865694519e-02 4.731846133049656800e+01 5.721927212156901987e+01
