# freqs 	 pli 	 dpli 	 meanpower(thalamus)	 meanpower(scalp)	pli
8.000000000000000000e+00 2.451639352353765511e-02 7.292135775926783525e-02 1.316882339835550827e-04 1.448890344191765625e-04
9.000000000000000000e+00 7.683776530448107114e-03 3.891744499615690245e-02 1.276270666416310458e-04 1.327378056256087180e-04
1.000000000000000000e+01 -9.639601959558229127e-03 1.340931498228033203e-02 1.294989011273822667e-04 1.261868707989423138e-04
1.100000000000000000e+01 -2.318720983498971655e-02 -1.539057376466445096e-02 1.383381679874599098e-04 1.260530781639751779e-04
1.200000000000000000e+01 -5.098872277647321927e-02 -9.539025471319112492e-02 1.472524428783672317e-04 1.370780709156202502e-04
1.300000000000000000e+01 -9.493235128450608351e-02 -2.518601811444819982e-01 1.488451507009614641e-04 1.653932416176085232e-04
1.400000000000000000e+01 -1.127638441817775256e-01 -3.364587114522873956e-01 1.410017373536802572e-04 1.780579803115523048e-04
1.500000000000000000e+01 -9.358230699967924615e-02 -2.746678250362685203e-01 1.269788773744899308e-04 1.584676594922007577e-04
1.600000000000000000e+01 -4.642551179719465321e-02 -1.218282042724652542e-01 1.142741772662842631e-04 1.279878063130586994e-04
1.700000000000000000e+01 5.759239476471455371e-04 1.674948840251383464e-02 1.063070044158310063e-04 1.056714256321052836e-04
1.800000000000000000e+01 2.831784441099281097e-02 8.675451350410708085e-02 1.014608830684423523e-04 9.409781673028808611e-05
1.900000000000000000e+01 3.949147302012127880e-02 1.082058338203987641e-01 9.764690978299754760e-05 8.866411234534693681e-05
2.000000000000000000e+01 4.210752435801937837e-02 1.092514340600334033e-01 9.398593290859666221e-05 8.579595896984713583e-05
2.100000000000000000e+01 4.203731929640940751e-02 1.052132277541032723e-01 9.038352493526572514e-05 8.388748558739378620e-05
2.200000000000000000e+01 4.152046783625731180e-02 1.010111532055701228e-01 8.690994222912332807e-05 8.201592842396934334e-05
2.300000000000000000e+01 3.901184963893637725e-02 9.511181145281442928e-02 8.349365862375367491e-05 7.981741797119103568e-05
2.400000000000000000e+01 3.622686013921245368e-02 8.584325302837539362e-02 8.011407882286834315e-05 7.739629830424786918e-05
2.500000000000000000e+01 3.123445263035937169e-02 7.467223227552390041e-02 7.676392908842172671e-05 7.519784021565534358e-05
2.600000000000000000e+01 2.533196743199219239e-02 6.466558923025900185e-02 7.353267316346229622e-05 7.370574599960316904e-05
2.700000000000000000e+01 2.123212784055328317e-02 5.737997831995124420e-02 7.050647805377533654e-05 7.302489748980573749e-05
2.800000000000000000e+01 1.682434821023369789e-02 5.178634904684203955e-02 6.769121548874335807e-05 7.248238749264159940e-05
2.900000000000000000e+01 1.281337502888955579e-02 4.595286230681415451e-02 6.506964643059723915e-05 7.112147040386748232e-05
3.000000000000000000e+01 9.994838661952531664e-03 3.898537705684577276e-02 6.264933030759539212e-05 6.852497971935632491e-05
3.100000000000000000e+01 6.817549236924087992e-03 3.130458737427411348e-02 6.046013256986410380e-05 6.500354716735135940e-05
3.200000000000000000e+01 3.818433305223828834e-03 2.385097686325517510e-02 5.849528624218186171e-05 6.120936346664977918e-05
3.300000000000000000e+01 1.623954074092099362e-03 1.733432782112552875e-02 5.675679352161025400e-05 5.770855794302538267e-05
3.400000000000000000e+01 -4.330368062250706645e-05 1.211214919312517298e-02 5.522177966749158449e-05 5.477962756441451616e-05
3.500000000000000000e+01 -1.194244057293300217e-03 8.313083602429721317e-03 5.386492191784584085e-05 5.242587142554732961e-05
3.600000000000000000e+01 -1.756216462874210429e-03 5.889990790280854108e-03 5.263944814868560976e-05 5.051919436797312768e-05
3.700000000000000000e+01 -1.915241215649715134e-03 4.661996816028964735e-03 5.151109012467180624e-05 4.890958590398429410e-05
3.800000000000000000e+01 -1.824078306325094441e-03 4.374766936567470697e-03 5.045890548155349675e-05 4.749325748351966131e-05
3.900000000000000000e+01 7.080713764270293066e-07 4.740706807139906040e-03 4.947112231999042112e-05 4.621833749075630594e-05
4.000000000000000000e+01 2.856771113235618826e-04 5.492854001489623668e-03 4.853441387504174804e-05 4.505196892778822219e-05
4.100000000000000000e+01 1.351614734719126798e-03 6.399175144710394711e-03 4.762524552210467370e-05 4.395798089538597913e-05
4.200000000000000000e+01 2.650942333952912948e-03 7.277643466518931431e-03 4.670109681199712502e-05 4.287837683493285154e-05
4.300000000000000000e+01 3.854527041750990205e-03 8.032688500035866513e-03 4.568951703315213438e-05 4.173562615714083253e-05
4.400000000000000000e+01 3.596522735329262758e-03 8.587135108809568207e-03 4.450264145844706401e-05 4.045306536048460996e-05
4.500000000000000000e+01 4.797218916544051387e-03 9.001622869339068536e-03 4.308241353269754494e-05 3.897585837075912723e-05
4.600000000000000000e+01 4.731549147447845424e-03 9.346460722311039984e-03 4.144613540570978640e-05 3.732005707972466991e-05
4.700000000000000000e+01 4.723334995771421956e-03 9.683353119814393228e-03 3.972149702771067022e-05 3.559862551309230509e-05
