# freqs 	 pli 	 dpli 	 meanpower(thalamus)	 meanpower(scalp)	pli
8.000000000000000000e+00 -2.348600288005609979e-02 -6.120086094375985081e-02 7.337491050990845574e-05 2.996965274609370272e-04
9.000000000000000000e+00 -4.928025596028496463e-02 -1.235950684631312163e-01 7.063934585336965107e-05 3.123688494778216777e-04
1.000000000000000000e+01 -1.820396069400982350e-02 -3.519025530850456579e-02 6.568868206721939376e-05 2.546980339910604883e-04
1.100000000000000000e+01 4.040790718941738441e-03 2.093062956079609974e-02 6.205352899759076460e-05 2.012667209115748148e-04
1.200000000000000000e+01 1.006894645450883731e-02 3.613706934267514603e-02 5.916629338784171985e-05 1.669975179039370219e-04
1.300000000000000000e+01 1.294624849133001188e-02 3.450209524090499386e-02 5.682342827530379917e-05 1.430952893925995493e-04
1.400000000000000000e+01 1.142942122781241514e-02 2.278745643055993253e-02 5.518015313357522089e-05 1.283537081718261891e-04
1.500000000000000000e+01 2.915365233347275153e-03 9.018616270937815718e-03 5.404906071306413043e-05 1.205368074685195647e-04
1.600000000000000000e+01 1.553900735236318428e-03 1.390321598489559912e-03 5.325555525625170767e-05 1.153781996660418845e-04
1.700000000000000000e+01 3.318190227471962215e-03 2.320176723341759936e-03 5.271305245159796436e-05 1.106246852777720990e-04
1.800000000000000000e+01 4.129579940088016522e-03 5.488484087705577247e-03 5.235934818690111638e-05 1.050919565504838146e-04
1.900000000000000000e+01 3.918389714188227207e-03 5.534636412004608277e-03 5.219861527516267766e-05 9.863748134361523246e-05
2.000000000000000000e+01 1.202796868483219052e-03 1.779184301461551312e-03 5.219949265949541971e-05 9.260102462953798217e-05
2.100000000000000000e+01 -1.882248875722295238e-03 -4.575930271593696072e-03 5.222931212044139456e-05 8.813881718611547682e-05
2.200000000000000000e+01 -5.396174024155004495e-03 -1.211845481673321130e-02 5.213594787920338591e-05 8.533728642862841438e-05
2.300000000000000000e+01 -8.280676532467340020e-03 -1.926723188660056998e-02 5.186051246268434987e-05 8.357667365402717463e-05
2.400000000000000000e+01 -1.068865422782939653e-02 -2.419483991895233013e-02 5.144356250311433413e-05 8.198669457694596424e-05
2.500000000000000000e+01 -1.168586693634364286e-02 -2.546884019358662196e-02 5.100023517470314994e-05 7.993765983612065556e-05
2.600000000000000000e+01 -1.166748449520724033e-02 -2.322484621986703468e-02 5.059727000884735619e-05 7.728005445082559489e-05
2.700000000000000000e+01 -1.022579694644825364e-02 -1.897147663761952416e-02 5.025039753469328946e-05 7.429367371703355196e-05
2.800000000000000000e+01 -6.874238875287746325e-03 -1.446296979139199274e-02 4.996277522943468996e-05 7.128898498435597261e-05
2.900000000000000000e+01 -3.762989914663622190e-03 -1.039206307138035128e-02 4.973102216942885175e-05 6.856443031107692149e-05
3.000000000000000000e+01 -1.544532926606329362e-03 -6.666544469330196176e-03 4.955635552579022913e-05 6.624131943928137376e-05
3.100000000000000000e+01 -3.175236527021825061e-04 -2.748621706876136321e-03 4.944581175851895657e-05 6.436814131231234713e-05
3.200000000000000000e+01 1.575611315557328947e-03 1.563016649573560493e-03 4.940072087465536681e-05 6.288336277303056983e-05
3.300000000000000000e+01 3.358335587831791542e-03 6.219796735958975711e-03 4.940993714042009598e-05 6.170812727745784607e-05
3.400000000000000000e+01 4.402375371619850382e-03 1.100044442901646630e-02 4.944939719299210637e-05 6.081071707656685569e-05
3.500000000000000000e+01 5.592888915842143295e-03 1.523892445896830525e-02 4.946892992941023120e-05 6.007474354596770383e-05
3.600000000000000000e+01 7.381549305303753035e-03 1.813649217137330155e-02 4.941566423525960307e-05 5.945478825989282124e-05
3.700000000000000000e+01 8.087954904537645803e-03 1.907314964872001278e-02 4.925484402967956197e-05 5.889496431214730703e-05
3.800000000000000000e+01 7.477181915822131084e-03 1.796138007649021248e-02 4.897931356781443427e-05 5.839258646105070137e-05
3.900000000000000000e+01 6.493003931641978636e-03 1.539870910690927831e-02 4.860516191839603557e-05 5.788274162983553185e-05
4.000000000000000000e+01 4.900699942818724682e-03 1.220712456293582097e-02 4.815986436815105373e-05 5.738376609329970136e-05
4.100000000000000000e+01 3.933654324173157038e-03 9.179805516669624701e-03 4.765527908357184859e-05 5.688043416726128344e-05
4.200000000000000000e+01 2.884486046382820669e-03 6.832262658667769169e-03 4.706778301299756171e-05 5.632157683844162146e-05
4.300000000000000000e+01 2.303316110552843486e-03 5.293083540593128064e-03 4.633225069245965988e-05 5.558096332390457985e-05
4.400000000000000000e+01 1.871246392367369735e-03 4.612636822066435577e-03 4.536470252162132883e-05 5.460066261974956883e-05
4.500000000000000000e+01 2.155703515021482625e-03 4.645610425619997250e-03 4.411041739049234312e-05 5.327078797015154704e-05
4.600000000000000000e+01 2.120894328515234017e-03 5.301170429942068940e-03 4.260423412952079133e-05 5.161445370196669319e-05
4.700000000000000000e+01 2.222234257778976999e-03 6.506713728065200916e-03 4.099554840557152708e-05 4.979458628410578160e-05
