# freqs 	 pli 	 dpli 	 meanpower(thalamus)	 meanpower(scalp)	pli
8.000000000000000000e+00 8.834147377362497333e-02 1.971302557163083502e-01 2.414337483166786313e+01 4.079693633515575470e+02
9.000000000000000000e+00 8.747687098933112915e-02 1.446287095396280031e-01 2.539584890297986774e+01 3.520882504354045182e+02
1.000000000000000000e+01 2.232398397252432706e-02 -4.793418688517826071e-02 2.622157877429132355e+01 3.016146893393311075e+02
1.100000000000000000e+01 1.081390706635885525e-02 -6.685136184526495329e-02 2.638397361759443527e+01 2.682652588693777602e+02
1.200000000000000000e+01 1.522892674672668423e-02 -4.019935416576903009e-02 2.641241261802636231e+01 2.492899018233118511e+02
1.300000000000000000e+01 3.863707408565176388e-02 -1.967579017056989184e-03 2.621179371899923183e+01 2.361706913291669423e+02
1.400000000000000000e+01 3.880312332359778238e-02 3.829542457837196295e-02 2.579076146448998230e+01 2.300051489750259464e+02
1.500000000000000000e+01 3.517097999856620694e-02 4.259757511202517249e-02 2.534315654346209712e+01 2.264142173739016357e+02
1.600000000000000000e+01 1.119202654148483689e-02 5.223957952052928760e-02 2.499385290794755576e+01 2.162205735795946850e+02
1.700000000000000000e+01 1.195171507111270510e-04 5.400011583035459195e-02 2.476997719062214998e+01 2.000173229987074706e+02
1.800000000000000000e+01 2.961780158648398033e-03 2.367868377680144160e-02 2.463686335405783723e+01 1.848888010740006678e+02
1.900000000000000000e+01 1.532509671783351991e-02 -6.743906077752416517e-03 2.453507254557489503e+01 1.725505917547057493e+02
2.000000000000000000e+01 2.591587682049909403e-03 -1.239089366417110184e-02 2.445973783456679129e+01 1.619820856298881608e+02
2.100000000000000000e+01 8.204690427070735273e-03 -4.039169908041615430e-03 2.442801860309935691e+01 1.539420608884294666e+02
2.200000000000000000e+01 1.547188673323491442e-02 6.479208394746961870e-03 2.445663328123755420e+01 1.497380612375879423e+02
2.300000000000000000e+01 1.432997676219984438e-02 1.738444990902381776e-02 2.451108967597149757e+01 1.484113461566010699e+02
2.400000000000000000e+01 1.534170153417015355e-02 2.617533643409507976e-02 2.456853223925574525e+01 1.484729792008595268e+02
2.500000000000000000e+01 1.018000699056273960e-02 2.829481060686688323e-02 2.462975122029441621e+01 1.500598498026448340e+02
2.600000000000000000e+01 6.125063242085320575e-03 2.479390653792781438e-02 2.470456444678478647e+01 1.531140303256783852e+02
2.700000000000000000e+01 1.927188095664353427e-03 1.925514583482437064e-02 2.478835664771962755e+01 1.570994524485583952e+02
2.800000000000000000e+01 -2.054325496461994853e-03 1.548790579952735377e-02 2.487091100487922546e+01 1.608592338542270852e+02
2.900000000000000000e+01 -6.775746302977035847e-03 1.543251933865203221e-02 2.494125016146522000e+01 1.642736421418662758e+02
3.000000000000000000e+01 -9.483239515188396362e-03 1.876140818165577401e-02 2.500177556644601395e+01 1.670905658794693522e+02
3.100000000000000000e+01 9.987914623305800825e-06 2.319187332013726566e-02 2.505860478687591453e+01 1.698475115758279514e+02
3.200000000000000000e+01 1.132966168371361132e-02 2.575868738241417211e-02 2.512051435153096079e+01 1.723545646891255956e+02
3.300000000000000000e+01 1.657803581011855348e-02 2.465910809238932438e-02 2.519608969861727843e+01 1.743818879277604594e+02
3.400000000000000000e+01 1.527824458635425146e-02 2.001686291325688316e-02 2.528665434987101435e+01 1.759246009561943822e+02
3.500000000000000000e+01 1.266039838815695429e-02 1.281052204431021475e-02 2.539420797825896869e+01 1.766792206719555622e+02
3.600000000000000000e+01 1.152835787046661495e-02 4.848042659888020418e-03 2.551782588931872553e+01 1.770164864791992159e+02
3.700000000000000000e+01 8.266476718902302304e-03 -2.381279684847647810e-03 2.565138348265367796e+01 1.771800682452303022e+02
3.800000000000000000e+01 2.120265125326105968e-04 -7.811110957032283732e-03 2.578365928091905701e+01 1.777116278386119745e+02
3.900000000000000000e+01 3.491837145103200962e-03 -1.058766968753550516e-02 2.590019214708210527e+01 1.785879671106550290e+02
4.000000000000000000e+01 3.334783239089459186e-03 -1.166016760410805951e-02 2.597827001285318360e+01 1.798789772488984227e+02
4.100000000000000000e+01 7.285107300378178795e-03 -1.185030027104385861e-02 2.599418349508283654e+01 1.812952153717783972e+02
4.200000000000000000e+01 7.755527260099548577e-03 -1.198734440991467039e-02 2.591544970515365875e+01 1.824061315761877324e+02
4.300000000000000000e+01 1.131719305119004149e-02 -1.208527875758877435e-02 2.570062001297659293e+01 1.825586309627613275e+02
4.400000000000000000e+01 1.150845483107988849e-02 -1.253167490540168204e-02 2.530811805520513857e+01 1.816892213257304434e+02
4.500000000000000000e+01 6.927558035792383273e-03 -1.294407069620603923e-02 2.471807005063573826e+01 1.792597437507148754e+02
4.600000000000000000e+01 -5.894488653109342460e-04 -1.355757748852639069e-02 2.396195935873724281e+01 1.753545502261896445e+02
4.700000000000000000e+01 -2.053000042949791864e-03 -1.447082758304651072e-02 2.313944485308095267e+01 1.706558539859786379e+02
