# freqs 	 pli 	 dpli 	 meanpower(thalamus)	 meanpower(scalp)	pli
8.000000000000000000e+00 2.222457493814253282e-02 7.505708135933172875e-02 3.411449407745205267e-05 1.669412621821598662e-04
9.000000000000000000e+00 2.505119879454272003e-02 7.402880143428611226e-02 3.252694018289462486e-05 1.575957106051216591e-04
1.000000000000000000e+01 3.406071983308432694e-02 7.520300356424824972e-02 3.177610889726369928e-05 1.448769354197924604e-04
1.100000000000000000e+01 2.671534746315254102e-02 5.076178252161611670e-02 3.138355070131464256e-05 1.351625304025973900e-04
1.200000000000000000e+01 1.022976212905394623e-02 -3.163010480517770818e-04 3.132901245778425256e-05 1.303723863542969078e-04
1.300000000000000000e+01 -2.263558280397013050e-03 -4.117563868974193769e-02 3.144145166438115424e-05 1.263479505932875045e-04
1.400000000000000000e+01 -6.570187732821893348e-03 -4.294697471878802797e-02 3.126677753153897906e-05 1.228237858498237856e-04
1.500000000000000000e+01 -1.344032142503346359e-03 -2.305360540351597196e-02 3.093200221029397445e-05 1.206077828402769429e-04
1.600000000000000000e+01 3.184472135350772080e-03 -1.139637410894755315e-02 3.074665436283054306e-05 1.196188081987832667e-04
1.700000000000000000e+01 -4.008740988387077915e-04 -9.302464099108039355e-03 3.068241518695353820e-05 1.196581298028911582e-04
1.800000000000000000e+01 -3.614135797840259227e-03 -8.182912762861335385e-03 3.064142999413290412e-05 1.203859708460653310e-04
1.900000000000000000e+01 -3.496239806274377936e-03 -7.753767436723249529e-03 3.055550083278472392e-05 1.211479017965614950e-04
2.000000000000000000e+01 -3.524917600224329681e-03 -8.777913416488317827e-03 3.044359924464241563e-05 1.213786438257739462e-04
2.100000000000000000e+01 -3.753472927479116397e-03 -1.049895956322777386e-02 3.033304761145470165e-05 1.209865567267222688e-04
2.200000000000000000e+01 -3.627085114525384780e-03 -1.135984913785293392e-02 3.026114626538448546e-05 1.198835561925688662e-04
2.300000000000000000e+01 -3.289485770976098046e-03 -1.083614441442151168e-02 3.022688764207113476e-05 1.178538433823228396e-04
2.400000000000000000e+01 -3.066855052412961399e-03 -9.835650571187905603e-03 3.023710131269540752e-05 1.147807591844076362e-04
2.500000000000000000e+01 -2.488108037139832602e-03 -9.287938327762848903e-03 3.027401486030642462e-05 1.106969188811086793e-04
2.600000000000000000e+01 -1.640859654405122910e-03 -9.201588412113449397e-03 3.034275327824708922e-05 1.059500466297438897e-04
2.700000000000000000e+01 -2.744921871594371756e-03 -8.851279691935758781e-03 3.045912062226928103e-05 1.009120468924717566e-04
2.800000000000000000e+01 -1.936072003527137837e-03 -7.523439031030162635e-03 3.062465540412784401e-05 9.587170264590678091e-05
2.900000000000000000e+01 -3.912763268648124237e-04 -4.940868641017013944e-03 3.083007438087076050e-05 9.102920977410638233e-05
3.000000000000000000e+01 6.251628267083502843e-04 -1.079606723069951235e-03 3.103215347430603508e-05 8.651446596960132938e-05
3.100000000000000000e+01 2.618308255065735207e-03 3.848566342749539133e-03 3.116658892442609140e-05 8.235305306964506224e-05
3.200000000000000000e+01 4.723558138692507229e-03 9.257816583908626620e-03 3.119703558769464248e-05 7.853300493450229857e-05
3.300000000000000000e+01 5.797341979449580594e-03 1.412381254905313056e-02 3.112127790941860442e-05 7.505358340588554652e-05
3.400000000000000000e+01 6.544887809126538440e-03 1.740981144035361888e-02 3.096863587717013151e-05 7.191912079832498371e-05
3.500000000000000000e+01 7.684237207108641013e-03 1.862870469400802753e-02 3.077607373852360635e-05 6.912005944719071618e-05
3.600000000000000000e+01 7.417520784938644827e-03 1.792052450533753935e-02 3.056974749971786315e-05 6.664891367872952035e-05
3.700000000000000000e+01 5.864255309691018131e-03 1.584086275741848279e-02 3.037028554530416357e-05 6.447866823168664756e-05
3.800000000000000000e+01 4.918445533868637254e-03 1.305385830864912861e-02 3.018795631955626359e-05 6.256796037148230308e-05
3.900000000000000000e+01 3.875266672271375328e-03 1.013596331668277853e-02 3.002524955017182536e-05 6.088278631205138396e-05
4.000000000000000000e+01 2.513882472157749366e-03 7.508109279665452912e-03 2.987307581843069980e-05 5.938494615728678167e-05
4.100000000000000000e+01 2.143084378708226632e-03 5.391018846471961126e-03 2.970986921922781393e-05 5.802818738607674214e-05
4.200000000000000000e+01 2.018771483083656778e-03 3.807101744169209562e-03 2.949982791652665636e-05 5.673827738343501241e-05
4.300000000000000000e+01 1.534174720950359219e-03 2.642915946499770508e-03 2.919028109918584242e-05 5.540948864902853243e-05
4.400000000000000000e+01 7.637001742885165308e-04 1.757356895290269070e-03 2.872318115503729323e-05 5.392306096842986108e-05
4.500000000000000000e+01 1.724186489659346221e-04 1.028474043428888015e-03 2.806481988743624064e-05 5.219206647037810887e-05
4.600000000000000000e+01 3.848745448646723167e-04 4.039039428818686633e-04 2.724466022880149259e-05 5.022018189413316846e-05
4.700000000000000000e+01 3.685866214045348141e-05 -8.526431520775840209e-05 2.637101443227029865e-05 4.814743789730730074e-05
