# freqs 	 pli 	 dpli 	 meanpower(thalamus)	 meanpower(scalp)	pli
8.000000000000000000e+00 5.620939294943860104e-02 1.524499441443608883e-01 6.569379352828847113e-05 3.195464222432311359e-04
9.000000000000000000e+00 5.995095964922599746e-02 1.394083170555979190e-01 6.354136422537917986e-05 3.006188121317063407e-04
1.000000000000000000e+01 2.659857601777643882e-02 5.155350447378796719e-02 6.063662964690861391e-05 2.272552786002273253e-04
1.100000000000000000e+01 4.319559028839641338e-03 -3.492548180840746724e-03 5.857168975506520342e-05 1.801068155139884787e-04
1.200000000000000000e+01 -5.735083510239041317e-03 -2.276874864136629179e-02 5.740742455397467307e-05 1.624996650402581644e-04
1.300000000000000000e+01 -9.194508617889519606e-03 -1.535418725730991474e-02 5.699212083028459266e-05 1.585398871891030201e-04
1.400000000000000000e+01 -1.025300302771152763e-02 -1.148617506070021693e-02 5.739668212936972351e-05 1.592256892978377288e-04
1.500000000000000000e+01 -7.440057384256812921e-03 -1.053663453916835017e-02 5.864547061787476730e-05 1.600972065372910087e-04
1.600000000000000000e+01 -4.880848203741118725e-03 -7.749025732637657669e-03 6.010627145548348840e-05 1.595235636003818969e-04
1.700000000000000000e+01 -3.590774844825461460e-03 -5.026257752625885346e-03 6.083388016613670927e-05 1.573367634648126093e-04
1.800000000000000000e+01 -7.622780140769480715e-04 -2.278752590431281765e-03 6.058809809970043119e-05 1.539171209927710292e-04
1.900000000000000000e+01 1.009632258767408867e-03 3.889726180114559911e-04 5.986259527646820456e-05 1.502518039115041605e-04
2.000000000000000000e+01 1.434206280888158372e-03 2.710342196296965794e-03 5.925315941116511879e-05 1.472375099936664247e-04
2.100000000000000000e+01 3.024481570945907177e-03 5.880007055744165823e-03 5.903506989559176912e-05 1.450229451640603479e-04
2.200000000000000000e+01 5.923934055156146634e-03 1.147589978252059814e-02 5.921019838035548855e-05 1.432855335440527103e-04
2.300000000000000000e+01 1.080748028849724991e-02 1.970065085502780561e-02 5.972296512028331503e-05 1.418150231708468025e-04
2.400000000000000000e+01 1.611149896147107477e-02 2.937407886806779958e-02 6.063067369401585737e-05 1.405227260558078906e-04
2.500000000000000000e+01 2.116760557721939981e-02 3.909327477769105469e-02 6.203653460648610131e-05 1.393447656001686697e-04
2.600000000000000000e+01 2.479982046412609886e-02 4.753831313485104570e-02 6.386767646242164499e-05 1.381928942375838646e-04
2.700000000000000000e+01 2.756591197014183342e-02 5.340958473095944181e-02 6.575596151936385415e-05 1.370365499396908934e-04
2.800000000000000000e+01 2.889065915971799486e-02 5.584044981100990540e-02 6.728276752577034051e-05 1.357722279558512036e-04
2.900000000000000000e+01 2.864416887688881266e-02 5.510384380091090661e-02 6.830930586479156937e-05 1.344986937889717875e-04
3.000000000000000000e+01 2.683249883480710862e-02 5.251833293774944844e-02 6.897573093416941496e-05 1.333099566898171768e-04
3.100000000000000000e+01 2.533649634515242055e-02 4.956032823535946874e-02 6.948608180367152147e-05 1.323895822617758317e-04
3.200000000000000000e+01 2.458125861076220289e-02 4.698389862178429383e-02 6.991803194935532879e-05 1.317455767662821747e-04
3.300000000000000000e+01 2.384946151696819283e-02 4.471645980894919936e-02 7.020427110462658913e-05 1.313146698894233346e-04
3.400000000000000000e+01 2.291341401025148022e-02 4.228882232968676769e-02 7.023436251248078692e-05 1.311020940272948133e-04
3.500000000000000000e+01 2.069402865478493087e-02 3.927247046913056455e-02 6.993648760484497194e-05 1.309567444332908608e-04
3.600000000000000000e+01 1.873107981414242132e-02 3.564558890065128161e-02 6.932726010809263915e-05 1.308643039540445367e-04
3.700000000000000000e+01 1.677346468964789616e-02 3.170824380539524062e-02 6.848756719004529369e-05 1.308083930456426078e-04
3.800000000000000000e+01 1.532683641515457731e-02 2.793996413077359797e-02 6.752987003298131145e-05 1.308330239356726298e-04
3.900000000000000000e+01 1.367336354157645990e-02 2.487019810935661365e-02 6.654569034418854638e-05 1.308550624294319649e-04
4.000000000000000000e+01 1.266962343411082159e-02 2.289344474706778154e-02 6.559376850595928933e-05 1.309152948496769575e-04
4.100000000000000000e+01 1.243003525961546354e-02 2.218911141216253421e-02 6.467797655562919931e-05 1.309586259881731106e-04
4.200000000000000000e+01 1.258703472991654776e-02 2.267620602293177884e-02 6.374026462467117095e-05 1.308250258806572587e-04
4.300000000000000000e+01 1.330790237527251958e-02 2.408636515193976479e-02 6.266462937027222891e-05 1.301987131583448674e-04
4.400000000000000000e+01 1.421771073747934815e-02 2.609510129394929795e-02 6.132174873355253895e-05 1.288457173895746286e-04
4.500000000000000000e+01 1.542267032980708559e-02 2.836599590107629146e-02 5.962075557568170781e-05 1.265080694600186312e-04
4.600000000000000000e+01 1.669897440870669880e-02 3.065055906776390990e-02 5.759587894494262581e-05 1.232431562596828043e-04
4.700000000000000000e+01 1.779824387044274051e-02 3.277042529498025436e-02 5.544560944590583919e-05 1.194667198618744260e-04
