# freqs 	 pli 	 dpli 	 meanpower(thalamus)	 meanpower(scalp)	pli
8.000000000000000000e+00 4.124369741999546479e-02 8.428235270190628792e-02 4.876191879588776370e-05 2.486668761903107158e-04
9.000000000000000000e+00 -5.385554196590041851e-03 -3.817763111619547345e-02 4.748844943009450262e-05 1.994063214738922194e-04
1.000000000000000000e+01 -4.282796989786000902e-02 -1.390862976567912301e-01 4.944091407709364682e-05 1.851552353964810061e-04
1.100000000000000000e+01 -6.785002228800406099e-02 -2.211694613323716418e-01 5.383562138005232046e-05 1.948857132695723678e-04
1.200000000000000000e+01 -8.556410396747302083e-02 -2.531782089835911131e-01 5.869740779939892184e-05 2.092652135862741651e-04
1.300000000000000000e+01 -8.002919589375945275e-02 -2.222880129596680465e-01 6.158266054974660859e-05 2.184410976628828175e-04
1.400000000000000000e+01 -5.192914895509190970e-02 -1.416842992093176046e-01 6.163096641638305382e-05 2.207342939280955852e-04
1.500000000000000000e+01 -1.404155109425846842e-02 -4.102258744493499781e-02 5.932344498837519616e-05 2.187419004838602734e-04
1.600000000000000000e+01 2.289526029722915509e-02 4.569077435124765940e-02 5.584784887214584324e-05 2.161847329567577491e-04
1.700000000000000000e+01 4.566807702787326756e-02 9.832631547548427442e-02 5.236767520554563133e-05 2.150141026340886719e-04
1.800000000000000000e+01 5.872420838061420678e-02 1.261241443640606086e-01 4.958239695072783591e-05 2.150644593149198111e-04
1.900000000000000000e+01 7.076698317492553791e-02 1.507476760976201591e-01 4.772967095573402304e-05 2.153735305251760492e-04
2.000000000000000000e+01 8.196462824313861806e-02 1.770558279108833677e-01 4.659241670683321435e-05 2.145856552048632578e-04
2.100000000000000000e+01 8.789856769970580408e-02 1.918971691024123349e-01 4.568623622966412189e-05 2.109888687430047053e-04
2.200000000000000000e+01 8.422395698710991030e-02 1.851238963549825534e-01 4.464282286077727560e-05 2.026879049041531075e-04
2.300000000000000000e+01 7.293401775544910981e-02 1.580606371501872276e-01 4.339366769340913694e-05 1.890024945590979292e-04
2.400000000000000000e+01 5.550206361654615173e-02 1.177520939235629643e-01 4.213076340881816704e-05 1.716655032624245084e-04
2.500000000000000000e+01 3.587980205662802402e-02 7.412306462547527119e-02 4.107473040196272114e-05 1.539304005022208905e-04
2.600000000000000000e+01 1.941744858273408703e-02 3.718439682225585519e-02 4.033551142572992359e-05 1.384673814847861442e-04
2.700000000000000000e+01 8.041171592477814808e-03 1.300319296737172635e-02 3.987812657027538552e-05 1.265202695535504347e-04
2.800000000000000000e+01 3.816901876731189098e-03 1.866762198228221923e-03 3.959506110594448536e-05 1.178212396012206278e-04
2.900000000000000000e+01 2.617272430441380370e-03 -1.415101969521035167e-04 3.937854903481870878e-05 1.116440468510245421e-04
3.000000000000000000e+01 2.590650878486775409e-03 2.382146153340871167e-03 3.914923549384306822e-05 1.071421430454129562e-04
3.100000000000000000e+01 3.812330753381329169e-03 6.214276828445159176e-03 3.888441506123217197e-05 1.037944397306542356e-04
3.200000000000000000e+01 5.716506555336727663e-03 9.851273947439705483e-03 3.858471711164850705e-05 1.011853210380855888e-04
3.300000000000000000e+01 7.439476801392829255e-03 1.261904012956697151e-02 3.826387916007200236e-05 9.904481484339556661e-05
3.400000000000000000e+01 7.430677590608333188e-03 1.399146466733293924e-02 3.793736262889272010e-05 9.731126828747673830e-05
3.500000000000000000e+01 7.003898073915210479e-03 1.369487055732978957e-02 3.761486788444296479e-05 9.581909547827143294e-05
3.600000000000000000e+01 5.531613789801135411e-03 1.157340459187860063e-02 3.731311480110778160e-05 9.451898801924652795e-05
3.700000000000000000e+01 3.649151327523724939e-03 7.893500309818330188e-03 3.704178372301372566e-05 9.332712932880636786e-05
3.800000000000000000e+01 1.316248695309907638e-03 3.357327731279959992e-03 3.679825708961371284e-05 9.222205634954629811e-05
3.900000000000000000e+01 -1.296664459730467560e-03 -1.126400396669702134e-03 3.657064467956438835e-05 9.106446203512633911e-05
4.000000000000000000e+01 -2.489230665507586367e-03 -4.631958130679182141e-03 3.634294045598975513e-05 8.986504407842861835e-05
4.100000000000000000e+01 -2.806755854706923046e-03 -6.542309186532239799e-03 3.609404941363117668e-05 8.858881524639517142e-05
4.200000000000000000e+01 -2.610604884833366175e-03 -6.713941610652971945e-03 3.578585825615545262e-05 8.717600120143641825e-05
4.300000000000000000e+01 -1.676781387675590432e-03 -5.510998162813156645e-03 3.536176921466511769e-05 8.547669230365031285e-05
4.400000000000000000e+01 -1.424543247028888350e-03 -3.418648493989542240e-03 3.476138761763285733e-05 8.345414238074653362e-05
4.500000000000000000e+01 -8.989172448064200894e-04 -1.103096435726925052e-03 3.395038289515153051e-05 8.098966938507465242e-05
4.600000000000000000e+01 -4.251198601828015135e-04 9.950380959039164912e-04 3.295699206727009748e-05 7.814232612513678181e-05
4.700000000000000000e+01 -2.376389109301691631e-04 2.729625340342656248e-03 3.189167330453315693e-05 7.515194199359858860e-05
