# freqs 	 pli 	 dpli 	 meanpower(thalamus)	 meanpower(scalp)	pli
8.000000000000000000e+00 -3.529130423229939056e-02 -8.907883108358477520e-02 1.100238003075798912e-04 1.379132302112951011e-04
9.000000000000000000e+00 -2.209394377618272010e-02 -5.183745392330139229e-02 1.017520115454175600e-04 1.247590067453346809e-04
1.000000000000000000e+01 2.291415020445568274e-02 2.383802480471736845e-02 9.724563266318446333e-05 1.183212811322335894e-04
1.100000000000000000e+01 3.539756312021102858e-02 6.599353720714654092e-02 9.782269672198664907e-05 1.140731962704516771e-04
1.200000000000000000e+01 4.369572353696021816e-02 1.309142037041689799e-01 1.020578963966128233e-04 1.139302328909521305e-04
1.300000000000000000e+01 5.462647975263480726e-02 1.865717438117936722e-01 1.058804257478515609e-04 1.203326808573348662e-04
1.400000000000000000e+01 6.105901288702410973e-02 1.885492294046549056e-01 1.057045435847780231e-04 1.285815911260602994e-04
1.500000000000000000e+01 4.925523686639887017e-02 1.445641487857408369e-01 1.008634451567408147e-04 1.305709684068814510e-04
1.600000000000000000e+01 2.851969324272531428e-02 7.892691138035348719e-02 9.454419309350737828e-05 1.262716842657116221e-04
1.700000000000000000e+01 4.443654250748214733e-03 2.062275958941855308e-02 8.982800507241307862e-05 1.215552496999126403e-04
1.800000000000000000e+01 -4.915654660753512872e-03 -7.993155845592974165e-03 8.740864919053043512e-05 1.203667526153552700e-04
1.900000000000000000e+01 -5.303963360888386963e-03 -1.238867750648909270e-02 8.650992151273465794e-05 1.225113888185952200e-04
2.000000000000000000e+01 -6.576886199652180742e-03 -1.171250876731843443e-02 8.613045451460893680e-05 1.260389388385318478e-04
2.100000000000000000e+01 -8.692549783099736901e-03 -1.679217725175838338e-02 8.578454136554171405e-05 1.285590658533541963e-04
2.200000000000000000e+01 -1.218023345053875946e-02 -3.014329357030733417e-02 8.605786171716326197e-05 1.284620470642625122e-04
2.300000000000000000e+01 -2.725449009936041153e-02 -5.509101665255792396e-02 8.877192566449697915e-05 1.256230931592391931e-04
2.400000000000000000e+01 -4.478154108886252260e-02 -9.491337135022495652e-02 9.632826489645952080e-05 1.208138852937846883e-04
2.500000000000000000e+01 -6.207683458121947273e-02 -1.413659448117073614e-01 1.080375942115383004e-04 1.156647935248040484e-04
2.600000000000000000e+01 -7.657375822596133863e-02 -1.742811831855113069e-01 1.191167522057469115e-04 1.123506328376041040e-04
2.700000000000000000e+01 -8.041066175518096770e-02 -1.792990927176044691e-01 1.244148367187713274e-04 1.121130288695236358e-04
2.800000000000000000e+01 -7.331457698148301227e-02 -1.608111134769413253e-01 1.220937003038113987e-04 1.132276799355650234e-04
2.900000000000000000e+01 -6.032614195576914418e-02 -1.320879887099177530e-01 1.138468882949756559e-04 1.123389869470456761e-04
3.000000000000000000e+01 -4.613777330183440467e-02 -1.035979785249546703e-01 1.030153585489153729e-04 1.075661451661914791e-04
3.100000000000000000e+01 -3.443255321651182005e-02 -7.963968641481307398e-02 9.263550500281764969e-05 9.942950768181675158e-05
3.200000000000000000e+01 -2.617487141807494505e-02 -6.095333687680296042e-02 8.429387118102926735e-05 8.983680656487196437e-05
3.300000000000000000e+01 -2.033754470839489389e-02 -4.624424062753702824e-02 7.814282284890421940e-05 8.071396084207788308e-05
3.400000000000000000e+01 -1.165871442787940089e-02 -3.359631677592678223e-02 7.365095902230287006e-05 7.326146668655015160e-05
3.500000000000000000e+01 -6.371491803047603202e-03 -2.191143737127593943e-02 7.022126806056448592e-05 6.776681478661803230e-05
3.600000000000000000e+01 -3.617307642619400562e-03 -1.120048055991369404e-02 6.745610078936716729e-05 6.389460780698621436e-05
3.700000000000000000e+01 -1.117853720855956556e-03 -1.971616071052546913e-03 6.514489057090578294e-05 6.112687089615110420e-05
3.800000000000000000e+01 2.920276909858751570e-03 5.401219481744830297e-03 6.319288607465615353e-05 5.904382919000434167e-05
3.900000000000000000e+01 7.885972591551212302e-03 1.087223829359080379e-02 6.154931694998650956e-05 5.738080060003542042e-05
4.000000000000000000e+01 1.081755870461494420e-02 1.461601044703374208e-02 6.013589972527917638e-05 5.600486665999097267e-05
4.100000000000000000e+01 1.349339758425602102e-02 1.695570505117353563e-02 5.885854312915902271e-05 5.481184580309322055e-05
4.200000000000000000e+01 1.283150397517436418e-02 1.820759550372033977e-02 5.762496879814039339e-05 5.368389918225263696e-05
4.300000000000000000e+01 1.160945597753871086e-02 1.862592212180293194e-02 5.631774630239040679e-05 5.249631532540922321e-05
4.400000000000000000e+01 1.066433094954170879e-02 1.836383031770480456e-02 5.480780061579567736e-05 5.112369176763431004e-05
4.500000000000000000e+01 9.011522603834146855e-03 1.763221253471935340e-02 5.303460250555008402e-05 4.946383190806502242e-05
4.600000000000000000e+01 7.291416381952542727e-03 1.663913555007640044e-02 5.103563867535139029e-05 4.752392028381183529e-05
4.700000000000000000e+01 7.500840783199804428e-03 1.553939246263143746e-02 4.898515075414648390e-05 4.544492381604857569e-05
