# freqs 	 pli 	 dpli 	 meanpower(thalamus)	 meanpower(scalp)	pli
8.000000000000000000e+00 4.729848644843365158e-04 -3.636256745528446827e-02 8.721281118221878574e-05 3.591081417461503716e-04
9.000000000000000000e+00 -1.356101108313021060e-02 -8.638347281421374091e-02 8.623280933017298552e-05 4.506796103023486422e-04
1.000000000000000000e+01 -8.406121924533001277e-03 -2.718784682484111023e-02 8.783967953242084931e-05 3.936137347159290607e-04
1.100000000000000000e+01 -2.097475203355960230e-03 5.516140354140654928e-02 9.496696770423680961e-05 3.645117329176739054e-04
1.200000000000000000e+01 3.015923312543633897e-02 6.915895468749976016e-02 1.036000232072850630e-04 3.852411931409870701e-04
1.300000000000000000e+01 3.533699488996214916e-02 7.389873486172912620e-02 1.080863581706132667e-04 3.976055602149163796e-04
1.400000000000000000e+01 3.834681713342653203e-02 6.968086618467993210e-02 1.090928137593581482e-04 3.976024519672537627e-04
1.500000000000000000e+01 1.868164602749053035e-02 3.644058924920327847e-02 1.093327244900669273e-04 3.896928742597056137e-04
1.600000000000000000e+01 1.188853720598274759e-02 -8.513598752758205638e-04 1.098664165920597529e-04 3.788686798816516608e-04
1.700000000000000000e+01 1.637235209306337619e-02 -2.356047116199519193e-03 1.106445134863814596e-04 3.633228051154721366e-04
1.800000000000000000e+01 1.093005937800074420e-02 2.240226088813014604e-02 1.120101821825748460e-04 3.400975070310115569e-04
1.900000000000000000e+01 2.209011325017284574e-02 4.767726305199076337e-02 1.146918185056803918e-04 3.113290458711088322e-04
2.000000000000000000e+01 3.007152736230437814e-02 6.431755963480159655e-02 1.199016710236619043e-04 2.820576685921930026e-04
2.100000000000000000e+01 3.405930859651743609e-02 7.470242263636632518e-02 1.298197668411268512e-04 2.567638245677147479e-04
2.200000000000000000e+01 3.779177917791778918e-02 8.001317187811697595e-02 1.435673989586658164e-04 2.359519950569919137e-04
2.300000000000000000e+01 4.043354784421346326e-02 8.044942740211728782e-02 1.538019714549033502e-04 2.180849140880030789e-04
2.400000000000000000e+01 3.886846716440651994e-02 7.739026877077039013e-02 1.537083203362628184e-04 2.022786028798795267e-04
2.500000000000000000e+01 3.632927988695554972e-02 7.453467936739692490e-02 1.439875770935720284e-04 1.886415783428417418e-04
2.600000000000000000e+01 3.806607955552928496e-02 7.409672537125715219e-02 1.306498689784029224e-04 1.772033849135400780e-04
2.700000000000000000e+01 3.717496621955640457e-02 7.334779111229480786e-02 1.189968968985782307e-04 1.679694119589166500e-04
2.800000000000000000e+01 3.105385955111563887e-02 6.984168143155720931e-02 1.107561523917630487e-04 1.603942546187385378e-04
2.900000000000000000e+01 2.519671033846816385e-02 6.382383441789379885e-02 1.051411677050263137e-04 1.538716910482139366e-04
3.000000000000000000e+01 2.302157264613709231e-02 5.784605068300712610e-02 1.009371148967689241e-04 1.480067182027968277e-04
3.100000000000000000e+01 2.146002749493207754e-02 5.444683815679490779e-02 9.736156138397797821e-05 1.425185192590073808e-04
3.200000000000000000e+01 2.139374101237533424e-02 5.427929673095826385e-02 9.402194897707653984e-05 1.372529221730913135e-04
3.300000000000000000e+01 2.799298551639032434e-02 5.664198462115028337e-02 9.074931864899009619e-05 1.321172171385626734e-04
3.400000000000000000e+01 2.982051270192899103e-02 5.944593042820094791e-02 8.747169283281083329e-05 1.272059087493798636e-04
3.500000000000000000e+01 3.260407816482582821e-02 6.161755569823292034e-02 8.414509464317860394e-05 1.224972835132207428e-04
3.600000000000000000e+01 3.116694519679594211e-02 6.222939758814265143e-02 8.079047437358741245e-05 1.180400045161448380e-04
3.700000000000000000e+01 2.686120636089567998e-02 6.148385304161169129e-02 7.746512708143648369e-05 1.139237867347117741e-04
3.800000000000000000e+01 2.735374063836864059e-02 5.961942118038036920e-02 7.424906344732531526e-05 1.102328728819838946e-04
3.900000000000000000e+01 2.849487605198373907e-02 5.739696605260989626e-02 7.120199788461712602e-05 1.068729689607577835e-04
4.000000000000000000e+01 2.823921025317439534e-02 5.476828089587758991e-02 6.838755054804476947e-05 1.037829526074974585e-04
4.100000000000000000e+01 2.784498105628337855e-02 5.182707359960173066e-02 6.582873850792098872e-05 1.008805347826637462e-04
4.200000000000000000e+01 2.501822821728034996e-02 4.885541662024415338e-02 6.349160148392702925e-05 9.805429288282871425e-05
4.300000000000000000e+01 2.397466277798031287e-02 4.576397254483348387e-02 6.126559786008866943e-05 9.506647795165869307e-05
4.400000000000000000e+01 2.339938174861871598e-02 4.301241513440536013e-02 5.900977406328417025e-05 9.182527963762731303e-05
4.500000000000000000e+01 2.388835147667252648e-02 4.028484850128550426e-02 5.658746754671940425e-05 8.813205507642657627e-05
4.600000000000000000e+01 2.351813106229414668e-02 3.728887219895776067e-02 5.395513164522413490e-05 8.397569132090321447e-05
4.700000000000000000e+01 2.202631209750048613e-02 3.379814555952363048e-02 5.120668522584020477e-05 7.955691081482308075e-05
