# freqs 	 pli 	 dpli 	 meanpower(thalamus)	 meanpower(scalp)	pli
8.000000000000000000e+00 -2.379451003464541289e-02 -1.173241986046039825e-01 1.173943196084538192e-04 1.613550393133608783e-04
9.000000000000000000e+00 -6.877184856007584855e-03 -5.362244151284037419e-02 1.250090046010347313e-04 1.538095226542399597e-04
1.000000000000000000e+01 -5.306006606936274940e-03 -6.712160223474789890e-03 1.276161635114667558e-04 1.403038247856485668e-04
1.100000000000000000e+01 -8.223297238050968766e-03 -4.416533907894994691e-03 1.283393180815759361e-04 1.402406938557639135e-04
1.200000000000000000e+01 -1.861638241652654319e-02 -4.632027638439489836e-02 1.341349877920302463e-04 1.533118000791083488e-04
1.300000000000000000e+01 -3.473951070388716506e-02 -8.281497395421470731e-02 1.424575868123528007e-04 1.667923068730452023e-04
1.400000000000000000e+01 -4.905637835323835294e-02 -1.112653394083867459e-01 1.479939269979182776e-04 1.753481934996558894e-04
1.500000000000000000e+01 -5.969729748145372050e-02 -1.566084522082612784e-01 1.519569613073077296e-04 1.802759605926205881e-04
1.600000000000000000e+01 -6.891143480127341625e-02 -1.907582826023489220e-01 1.515354700846083431e-04 1.809947091617967996e-04
1.700000000000000000e+01 -7.675508388390767101e-02 -1.848500841303105657e-01 1.459370792261115743e-04 1.760056004666171769e-04
1.800000000000000000e+01 -8.166234441299274893e-02 -1.729107715061441453e-01 1.431398162742988315e-04 1.677657061089419101e-04
1.900000000000000000e+01 -1.007406843183969308e-01 -1.957227140212067784e-01 1.536455884158372919e-04 1.597619055690431642e-04
2.000000000000000000e+01 -1.233178201513556727e-01 -2.367173478093584915e-01 1.760152014159952524e-04 1.530291654187553279e-04
2.100000000000000000e+01 -1.406124428042826169e-01 -2.593218814765393399e-01 1.953738976914211583e-04 1.461557521912827565e-04
2.200000000000000000e+01 -1.321222246598151573e-01 -2.475849150169152080e-01 2.018271930130900390e-04 1.378974287057080838e-04
2.300000000000000000e+01 -1.070230683084411466e-01 -2.043444041271619827e-01 1.984709818095261647e-04 1.287063491783665297e-04
2.400000000000000000e+01 -7.631396058995724985e-02 -1.488911726770776878e-01 1.910603591863629751e-04 1.195916066710621693e-04
2.500000000000000000e+01 -5.125090131669392951e-02 -1.021700837057309130e-01 1.796915466344638202e-04 1.113373863017250051e-04
2.600000000000000000e+01 -3.844708653468677934e-02 -7.198399076782945050e-02 1.631812955015640634e-04 1.044401176226880478e-04
2.700000000000000000e+01 -2.985440531442316164e-02 -5.487950426362817741e-02 1.436870476964100354e-04 9.918119681000665778e-05
2.800000000000000000e+01 -2.410864923518499237e-02 -4.451936469493763399e-02 1.249992490746924714e-04 9.559099700128046839e-05
2.900000000000000000e+01 -2.372872817543334248e-02 -3.572080790435491759e-02 1.096344745709857679e-04 9.347167121324512749e-05
3.000000000000000000e+01 -2.183498970364401368e-02 -2.584065796468312803e-02 9.819790980210090729e-05 9.242772727786233795e-05
3.100000000000000000e+01 -1.216705582975629620e-02 -1.544113017434204163e-02 8.997250188424209055e-05 9.212371253805889568e-05
3.200000000000000000e+01 -6.092755210982610768e-03 -6.749461198823253003e-03 8.390225596028730510e-05 9.230821262194034281e-05
3.300000000000000000e+01 -6.014241388318820707e-03 -9.280846056099010134e-04 7.917991693345754274e-05 9.264171425041371971e-05
3.400000000000000000e+01 -3.827169974657739990e-03 2.709075801298004536e-03 7.536690597078845753e-05 9.269101638907821582e-05
3.500000000000000000e+01 -2.476297892773788624e-03 5.670917975016915441e-03 7.222200513441502927e-05 9.207818868107801294e-05
3.600000000000000000e+01 1.840664592953562004e-03 8.631085234542982404e-03 6.958560863133598205e-05 9.060231049318980456e-05
3.700000000000000000e+01 3.964921189866989909e-03 1.115675548370142697e-02 6.735637045716040105e-05 8.827217011818732999e-05
3.800000000000000000e+01 4.121698876153824867e-03 1.218707839662566510e-02 6.548253512857290409e-05 8.527639728599101243e-05
3.900000000000000000e+01 2.563505660203770336e-03 1.082567155645668133e-02 6.390111274218308564e-05 8.189020880308653264e-05
4.000000000000000000e+01 -6.410488674338814437e-05 6.726612882589287981e-03 6.255775497145406425e-05 7.838728314277281168e-05
4.100000000000000000e+01 -4.515367714772539065e-03 1.784970435571524685e-04 6.137227569883326437e-05 7.497253920779680693e-05
4.200000000000000000e+01 -5.986339224032268674e-03 -8.109130750316504224e-03 6.023640222578705765e-05 7.172624592030737642e-05
4.300000000000000000e+01 -8.855547879571233627e-03 -1.720405480530197775e-02 5.900639462759494898e-05 6.859714348535290627e-05
4.400000000000000000e+01 -1.373361274915931539e-02 -2.638218048591474407e-02 5.752863580477019683e-05 6.543795938412465122e-05
4.500000000000000000e+01 -1.921037025900590445e-02 -3.496813050019350472e-02 5.569203198426917747e-05 6.209490457977113337e-05
4.600000000000000000e+01 -2.334255085525336129e-02 -4.254626879623590180e-02 5.348679376047214156e-05 5.849675302800759518e-05
4.700000000000000000e+01 -2.595595723722654222e-02 -4.881079130552769957e-02 5.104663164759816392e-05 5.473180034802860262e-05
