# freqs 	 pli 	 dpli 	 meanpower(thalamus)	 meanpower(scalp)	pli
8.000000000000000000e+00 -1.408861469433539057e-02 -3.645398859998139757e-03 1.767335267534350500e-04 1.711354605490675719e-04
9.000000000000000000e+00 9.992482316982829321e-03 1.196680313290363409e-02 1.645121536476107339e-04 1.837755667908557941e-04
1.000000000000000000e+01 3.554750272322343418e-02 5.456611239977673944e-02 1.566756551189437666e-04 1.647768856042484324e-04
1.100000000000000000e+01 2.558498533226530314e-02 4.512083131454233675e-02 1.591389308609905500e-04 1.575406586661757863e-04
1.200000000000000000e+01 2.989242078102879313e-02 7.100762559870521518e-02 1.689014585055319370e-04 1.676158914011322161e-04
1.300000000000000000e+01 2.857941154404364942e-02 6.723495153246145106e-02 1.743277414186793803e-04 1.780510099910362169e-04
1.400000000000000000e+01 6.952657420349066426e-03 3.257136056386654432e-02 1.749775277220559568e-04 1.824753974386027027e-04
1.500000000000000000e+01 -1.025631914639810530e-02 8.834350152092732000e-03 1.756508230329025867e-04 1.809366110595765046e-04
1.600000000000000000e+01 -1.507684334724538819e-02 -5.714248264284298336e-03 1.775207312574932734e-04 1.768748478528555377e-04
1.700000000000000000e+01 -4.032215783836683859e-02 -2.487540980073791458e-02 1.798662898997942358e-04 1.712669530766104404e-04
1.800000000000000000e+01 -4.207904828523661295e-02 -4.343267389032701153e-02 1.825397485608216811e-04 1.629799555391263388e-04
1.900000000000000000e+01 -4.239075791777149188e-02 -4.859647293235318938e-02 1.871244221123003469e-04 1.522822200422853129e-04
2.000000000000000000e+01 -3.029263103193007012e-02 -3.382284670965030049e-02 1.975757816743240283e-04 1.411708797634368565e-04
2.100000000000000000e+01 -2.637179921642818919e-02 -4.707298505135868415e-03 2.218364191499485228e-04 1.310274025236022905e-04
2.200000000000000000e+01 -2.440469253777725889e-02 2.539331570806433250e-02 2.586350788278220974e-04 1.223228719074147426e-04
2.300000000000000000e+01 -1.784302681168004057e-02 4.461213380609212881e-02 2.873103690918530945e-04 1.149631299588269745e-04
2.400000000000000000e+01 -1.560427763723845444e-02 4.706026164891358166e-02 2.882796880436340665e-04 1.085804766115868472e-04
2.500000000000000000e+01 -1.510198995437291546e-02 3.516324972076537159e-02 2.615201495228867512e-04 1.030854672013654786e-04
2.600000000000000000e+01 -1.612248116097155307e-02 1.685740397172165103e-02 2.216831723444085181e-04 9.840853506674318812e-05
2.700000000000000000e+01 -1.513353327450845179e-02 5.420948215884232885e-04 1.842676999902322034e-04 9.456155314729099712e-05
2.800000000000000000e+01 -1.259291752125099237e-02 -9.629111356914169320e-03 1.569331316113917847e-04 9.124697169811805974e-05
2.900000000000000000e+01 -6.739235778699665183e-03 -1.264550316645856286e-02 1.394676900202326006e-04 8.860364074660477313e-05
3.000000000000000000e+01 -3.148468956662528462e-03 -1.069873259524331197e-02 1.284924340720129145e-04 8.657134922881810012e-05
3.100000000000000000e+01 -1.550504325648259085e-03 -7.030627155137060547e-03 1.212317884979329538e-04 8.502044415317843806e-05
3.200000000000000000e+01 -9.264406151565684252e-04 -4.348372017349536392e-03 1.160345577913529766e-04 8.363813235291111625e-05
3.300000000000000000e+01 3.372002079401282344e-04 -3.041799286369898693e-03 1.120032345775561150e-04 8.214782244375255825e-05
3.400000000000000000e+01 -5.321607125351856399e-04 -2.008006515397270549e-03 1.086256182466463938e-04 8.044495184136218945e-05
3.500000000000000000e+01 -7.223615163067286307e-04 -9.780575826491238849e-04 1.055592468378315976e-04 7.841162482879850191e-05
3.600000000000000000e+01 -1.156187697883734452e-03 -5.294307866315802998e-05 1.026223799617974797e-04 7.614952680666303621e-05
3.700000000000000000e+01 -1.124039109129334113e-03 6.497877956763891739e-05 9.974312048344414127e-05 7.382207686845767007e-05
3.800000000000000000e+01 1.307679667085587033e-03 -1.151217798603903011e-03 9.691114231690792712e-05 7.156647361469117906e-05
3.900000000000000000e+01 -3.696789338459547953e-04 -3.560308848618339104e-03 9.414697953428749282e-05 6.940516267370796329e-05
4.000000000000000000e+01 -4.243894788312683151e-03 -6.750660667099957213e-03 9.148520379380292798e-05 6.742711354605786765e-05
4.100000000000000000e+01 -7.043145308906044628e-03 -1.027031333478325113e-02 8.894624454865083217e-05 6.561831833625334789e-05
4.200000000000000000e+01 -9.441768102085095274e-03 -1.374389509966646161e-02 8.650700671051495992e-05 6.389972999061470165e-05
4.300000000000000000e+01 -1.252160482477107997e-02 -1.698623124184082608e-02 8.406012528118592944e-05 6.208465034500931497e-05
4.400000000000000000e+01 -1.422933969623273523e-02 -2.007355634011666681e-02 8.144200880928652222e-05 6.011799862428496337e-05
4.500000000000000000e+01 -1.505130084279956114e-02 -2.296909826675866406e-02 7.846986667728158757e-05 5.784515608663879147e-05
4.600000000000000000e+01 -1.525033547994778665e-02 -2.575538833054012017e-02 7.506441889939542125e-05 5.529151224971338025e-05
4.700000000000000000e+01 -1.516302822445389151e-02 -2.854714686835656268e-02 7.132106615825781735e-05 5.260145479412214171e-05
